dataset,graph_id,method,candidate_policy,source_policy,seed,step,attack_phase,gcc_before,gcc_after,delta_gcc,num_components_before,num_components_after,is_bridge_before_removal,remove_ratio_before,remove_ratio_after,edge_u,edge_v,selected_edge,degree_u,degree_v,degree_min,degree_max,degree_product,common_neighbors,edge_embeddedness,is_inter_community_edge,community_u,community_v,source_count,source_nodes,source_node_hash,source_strata_counts,source_degree_bins,source_community_counts,adaptive_k,candidate_config,candidate_count,candidate_fraction,candidate_inter_community_ratio,candidate_boundary_ratio,candidate_bridge_ratio,candidate_low_cn_ratio,candidate_degree_product_distribution,candidate_common_neighbor_distribution,candidate_mean_common_neighbors,candidate_mean_degree_product,candidate_backend,candidate_hash,sasb_candidate_count_reference,sasb_candidate_hash_reference,match_mode_counts,strict_match_count,degree_only_match_count,community_only_match_count,fallback_count,fallback_reason,matched_feature_difference,matched_feature_difference_detail,candidate_count_equal_to_sasb,source_budget,true_source_traversal_count,sampled_betweenness_score,p2_degree_product_fallback
realworld_completed,bio_celegans,SASB-candidate,sasb,SASB-structured,20260513,0,early,1.0,1.0,0.0,1,1,0,0.0,0.0004938271604938272,83,96,83--96,30,237,30,237,7110,16,0.5517241379310345,1,10,0,32,"[""96"", ""343"", ""53"", ""51"", ""60"", ""118"", ""142"", ""143"", ""147"", ""62"", ""363"", ""220"", ""144"", ""145"", ""52"", ""364"", ""440"", ""82"", ""83"", ""149"", ""121"", ""109"", ""154"", ""85"", ""398"", ""404"", ""155"", ""18"", ""131"", ""301"", ""0"", ""269""]",fb2b32759565cb7b8ebb0d2ee054acfa8911f622a66b79ecab8fc2127cdc59f2,"{""boundary"": 12, ""community_rep"": 4, ""degree_core"": 10, ""random_fill"": 6}","{""degree_3_4"": 3, ""degree_5_8"": 3, ""degree_9_plus"": 26}","{""0"": 4, ""1"": 8, ""10"": 4, ""2"": 1, ""3"": 1, ""4"": 3, ""5"": 1, ""6"": 7, ""7"": 1, ""8"": 1, ""9"": 1}",276,"{""backend"": ""evaluate_m19_theory_calibrated.candidate_features"", ""delta_mode"": ""none"", ""k_max"": 512, ""k_min"": 64, ""variant"": ""conservative""}",276,0.1362962962962963,1.0,1.0,0.0,0.6594202898550725,"{""dp_257_plus"": 0.9963768115942029, ""dp_65_256"": 0.0036231884057971015}","{""cn_0"": 0.6557971014492754, ""cn_1"": 0.0036231884057971015, ""cn_2_3"": 0.07608695652173914, ""cn_4_8"": 0.13405797101449277, ""cn_9_plus"": 0.13043478260869565}",3.0471014492753623,2773.764492753623,sasb_candidate_builder,11ac1ecfc9b0488c3a43741d799a7f0a422dbf0a1f4a2dbd2a938abe610bedb3,276,11ac1ecfc9b0488c3a43741d799a7f0a422dbf0a1f4a2dbd2a938abe610bedb3,"{""sasb_builder"": 276}",0,0,0,0,{},0.0,"{""common_neighbor_bin_l1"": 0.0, ""degree_product_bin_l1"": 0.0, ""is_boundary_edge_l1"": 0.0, ""is_bridge_edge_l1"": 0.0, ""is_inter_community_edge_l1"": 0.0, ""is_low_common_neighbor_edge_l1"": 0.0, ""mean_l1"": 0.0}",1,32,32,3907.9027796056284,0
realworld_completed,bio_celegans,SASB-candidate,sasb,SASB-structured,20260513,1,early,1.0,1.0,0.0,1,1,0,0.0004938271604938272,0.0009876543209876543,33,96,33--96,5,236,5,236,1180,3,0.75,1,1,0,32,"[""96"", ""343"", ""53"", ""51"", ""60"", ""118"", ""142"", ""143"", ""147"", ""62"", ""363"", ""220"", ""144"", ""145"", ""52"", ""364"", ""440"", ""82"", ""83"", ""149"", ""121"", ""109"", ""154"", ""85"", ""398"", ""404"", ""33"", ""292"", ""105"", ""170"", ""214"", ""442""]",8369f4641a70d0b5be316d1486b0bf9d28356e007590a325376cd6e9e4b9b323,"{""boundary"": 12, ""community_rep"": 4, ""degree_core"": 10, ""random_fill"": 6}","{""degree_3_4"": 3, ""degree_5_8"": 4, ""degree_9_plus"": 25}","{""0"": 3, ""1"": 8, ""10"": 5, ""2"": 1, ""3"": 2, ""4"": 3, ""5"": 1, ""6"": 6, ""7"": 1, ""8"": 1, ""9"": 1}",276,"{""backend"": ""evaluate_m19_theory_calibrated.candidate_features"", ""delta_mode"": ""none"", ""k_max"": 512, ""k_min"": 64, ""variant"": ""conservative""}",276,0.13636363636363635,1.0,1.0,0.0,0.6630434782608695,"{""dp_257_plus"": 0.9963768115942029, ""dp_65_256"": 0.0036231884057971015}","{""cn_0"": 0.6594202898550725, ""cn_1"": 0.0036231884057971015, ""cn_2_3"": 0.07608695652173914, ""cn_4_8"": 0.13405797101449277, ""cn_9_plus"": 0.12681159420289856}",2.9782608695652173,2746.608695652174,sasb_candidate_builder,cda6e8d0a7fc2c5f6c135bc0f16ca0436fe4843377a14be600e7eb601c0052ce,276,cda6e8d0a7fc2c5f6c135bc0f16ca0436fe4843377a14be600e7eb601c0052ce,"{""sasb_builder"": 276}",0,0,0,0,{},0.0,"{""common_neighbor_bin_l1"": 0.0, ""degree_product_bin_l1"": 0.0, ""is_boundary_edge_l1"": 0.0, ""is_bridge_edge_l1"": 0.0, ""is_inter_community_edge_l1"": 0.0, ""is_low_common_neighbor_edge_l1"": 0.0, ""mean_l1"": 0.0}",1,32,32,5271.798924564261,0
realworld_completed,bio_celegans,SASB-candidate,sasb,SASB-structured,20260513,2,early,1.0,1.0,0.0,1,1,0,0.0009876543209876543,0.0014814814814814814,51,96,51--96,104,235,104,235,24440,45,0.4368932038834951,1,10,0,32,"[""96"", ""343"", ""53"", ""51"", ""60"", ""118"", ""142"", ""143"", ""147"", ""62"", ""363"", ""220"", ""144"", ""145"", ""52"", ""364"", ""440"", ""82"", ""83"", ""149"", ""121"", ""109"", ""154"", ""85"", ""398"", ""404"", ""146"", ""241"", ""415"", ""223"", ""402"", ""406""]",ac5d91c825d7c15e53c336c32f2f33b5daee89de621ae13a2ea1398fe2f9c0ba,"{""boundary"": 12, ""community_rep"": 4, ""degree_core"": 10, ""random_fill"": 6}","{""degree_3_4"": 2, ""degree_5_8"": 4, ""degree_9_plus"": 26}","{""0"": 1, ""1"": 10, ""10"": 5, ""2"": 1, ""3"": 2, ""4"": 3, ""5"": 2, ""6"": 5, ""7"": 1, ""8"": 1, ""9"": 1}",276,"{""backend"": ""evaluate_m19_theory_calibrated.candidate_features"", ""delta_mode"": ""none"", ""k_max"": 512, ""k_min"": 64, ""variant"": ""conservative""}",276,0.13643104300543746,1.0,1.0,0.0,0.6666666666666666,"{""dp_257_plus"": 0.9963768115942029, ""dp_65_256"": 0.0036231884057971015}","{""cn_0"": 0.6630434782608695, ""cn_1"": 0.0036231884057971015, ""cn_2_3"": 0.07608695652173914, ""cn_4_8"": 0.13043478260869565, ""cn_9_plus"": 0.12681159420289856}",2.963768115942029,2740.8985507246375,sasb_candidate_builder,36dbb90986d625d79de8f737d624b6e36aba0933eaee33aa7d1288927ab5d1f7,276,36dbb90986d625d79de8f737d624b6e36aba0933eaee33aa7d1288927ab5d1f7,"{""sasb_builder"": 276}",0,0,0,0,{},0.0,"{""common_neighbor_bin_l1"": 0.0, ""degree_product_bin_l1"": 0.0, ""is_boundary_edge_l1"": 0.0, ""is_bridge_edge_l1"": 0.0, ""is_inter_community_edge_l1"": 0.0, ""is_low_common_neighbor_edge_l1"": 0.0, ""mean_l1"": 0.0}",1,32,32,3631.925285917754,0
realworld_completed,bio_celegans,SASB-candidate,sasb,SASB-structured,20260513,3,early,1.0,1.0,0.0,1,1,0,0.0014814814814814814,0.0019753086419753087,66,96,66--96,12,234,12,234,2808,5,0.45454545454545453,1,8,0,32,"[""96"", ""343"", ""53"", ""51"", ""60"", ""118"", ""142"", ""143"", ""147"", ""62"", ""363"", ""220"", ""144"", ""145"", ""52"", ""364"", ""440"", ""82"", ""83"", ""149"", ""121"", ""109"", ""154"", ""85"", ""398"", ""404"", ""87"", ""172"", ""362"", ""202"", ""276"", ""66""]",78f6ec841a13dc83fa2482687ee543be028063c67a27ec18d9f9ab02e452b412,"{""boundary"": 12, ""community_rep"": 4, ""degree_core"": 10, ""random_fill"": 6}","{""degree_3_4"": 3, ""degree_5_8"": 3, ""degree_9_plus"": 26}","{""0"": 2, ""1"": 9, ""10"": 4, ""2"": 1, ""3"": 2, ""4"": 2, ""5"": 2, ""6"": 6, ""7"": 1, ""8"": 2, ""9"": 1}",276,"{""backend"": ""evaluate_m19_theory_calibrated.candidate_features"", ""delta_mode"": ""none"", ""k_max"": 512, ""k_min"": 64, ""variant"": ""conservative""}",276,0.13649851632047477,1.0,1.0,0.0,0.6702898550724637,"{""dp_257_plus"": 0.9963768115942029, ""dp_65_256"": 0.0036231884057971015}","{""cn_0"": 0.6666666666666666, ""cn_1"": 0.0036231884057971015, ""cn_2_3"": 0.07608695652173914, ""cn_4_8"": 0.13043478260869565, ""cn_9_plus"": 0.12318840579710146}",2.7572463768115942,2675.054347826087,sasb_candidate_builder,ec4a5f0fcadf8c81139a943e4d79c0fd0a17ca7e1267f1e18938df81968f594e,276,ec4a5f0fcadf8c81139a943e4d79c0fd0a17ca7e1267f1e18938df81968f594e,"{""sasb_builder"": 276}",0,0,0,0,{},0.0,"{""common_neighbor_bin_l1"": 0.0, ""degree_product_bin_l1"": 0.0, ""is_boundary_edge_l1"": 0.0, ""is_bridge_edge_l1"": 0.0, ""is_inter_community_edge_l1"": 0.0, ""is_low_common_neighbor_edge_l1"": 0.0, ""mean_l1"": 0.0}",1,32,32,3439.3662213505067,0
realworld_completed,bio_celegans,SASB-candidate,sasb,SASB-structured,20260513,4,early,1.0,1.0,0.0,1,1,0,0.0019753086419753087,0.0024691358024691358,60,96,60--96,64,233,64,233,14912,30,0.47619047619047616,1,3,0,32,"[""96"", ""343"", ""53"", ""51"", ""60"", ""118"", ""142"", ""143"", ""147"", ""62"", ""363"", ""220"", ""144"", ""145"", ""52"", ""364"", ""440"", ""82"", ""83"", ""149"", ""121"", ""109"", ""154"", ""85"", ""398"", ""404"", ""27"", ""91"", ""61"", ""148"", ""295"", ""12""]",f7056468fb5e2f8c449316efd01f8093b2f167eac04ff2749c3b53068a7f84c2,"{""boundary"": 12, ""community_rep"": 4, ""degree_core"": 10, ""random_fill"": 6}","{""degree_2"": 1, ""degree_3_4"": 2, ""degree_5_8"": 2, ""degree_9_plus"": 27}","{""0"": 1, ""1"": 10, ""10"": 4, ""2"": 1, ""3"": 2, ""4"": 2, ""5"": 1, ""6"": 7, ""7"": 1, ""8"": 1, ""9"": 2}",275,"{""backend"": ""evaluate_m19_theory_calibrated.candidate_features"", ""delta_mode"": ""none"", ""k_max"": 512, ""k_min"": 64, ""variant"": ""conservative""}",275,0.13607125185551708,1.0,1.0,0.0,0.6727272727272727,"{""dp_257_plus"": 0.9963636363636363, ""dp_65_256"": 0.0036363636363636364}","{""cn_0"": 0.6690909090909091, ""cn_1"": 0.0036363636363636364, ""cn_2_3"": 0.08, ""cn_4_8"": 0.12363636363636364, ""cn_9_plus"": 0.12363636363636364}",2.7345454545454544,2662.316363636364,sasb_candidate_builder,137b02917d2e0618b51d083d99f98da35c8462b57bd763f803835c269f939027,275,137b02917d2e0618b51d083d99f98da35c8462b57bd763f803835c269f939027,"{""sasb_builder"": 275}",0,0,0,0,{},0.0,"{""common_neighbor_bin_l1"": 0.0, ""degree_product_bin_l1"": 0.0, ""is_boundary_edge_l1"": 0.0, ""is_bridge_edge_l1"": 0.0, ""is_inter_community_edge_l1"": 0.0, ""is_low_common_neighbor_edge_l1"": 0.0, ""mean_l1"": 0.0}",1,32,32,3856.7318829813585,0
realworld_completed,bio_celegans,SASB-candidate,sasb,SASB-structured,20260513,5,early,1.0,1.0,0.0,1,1,0,0.0024691358024691358,0.002962962962962963,88,96,88--96,3,232,3,232,696,1,0.5,1,8,0,32,"[""96"", ""343"", ""53"", ""51"", ""60"", ""118"", ""142"", ""143"", ""147"", ""62"", ""363"", ""220"", ""144"", ""145"", ""52"", ""364"", ""440"", ""82"", ""83"", ""149"", ""121"", ""109"", ""154"", ""85"", ""398"", ""404"", ""370"", ""38"", ""308"", ""88"", ""163"", ""126""]",cfb6e30e6475b1077b2f764661dbd69de9c640adacaf696ae0b0ed8cea8f3be6,"{""boundary"": 12, ""community_rep"": 4, ""degree_core"": 10, ""random_fill"": 6}","{""degree_0_1"": 1, ""degree_3_4"": 2, ""degree_5_8"": 3, ""degree_9_plus"": 26}","{""0"": 1, ""1"": 10, ""10"": 4, ""2"": 2, ""3"": 1, ""4"": 3, ""5"": 1, ""6"": 6, ""7"": 2, ""8"": 1, ""9"": 1}",275,"{""backend"": ""evaluate_m19_theory_calibrated.candidate_features"", ""delta_mode"": ""none"", ""k_max"": 512, ""k_min"": 64, ""variant"": ""conservative""}",275,0.13613861386138615,1.0,1.0,0.0,0.6763636363636364,"{""dp_257_plus"": 0.9963636363636363, ""dp_65_256"": 0.0036363636363636364}","{""cn_0"": 0.6727272727272727, ""cn_1"": 0.0036363636363636364, ""cn_2_3"": 0.08727272727272728, ""cn_4_8"": 0.11636363636363636, ""cn_9_plus"": 0.12}",2.596363636363636,2612.0836363636363,sasb_candidate_builder,59f540e3ba87daf06bc30b4e74d934d778b938d30ddf4e9dd7558583fcb93b70,275,59f540e3ba87daf06bc30b4e74d934d778b938d30ddf4e9dd7558583fcb93b70,"{""sasb_builder"": 275}",0,0,0,0,{},0.0,"{""common_neighbor_bin_l1"": 0.0, ""degree_product_bin_l1"": 0.0, ""is_boundary_edge_l1"": 0.0, ""is_bridge_edge_l1"": 0.0, ""is_inter_community_edge_l1"": 0.0, ""is_low_common_neighbor_edge_l1"": 0.0, ""mean_l1"": 0.0}",1,32,32,6454.700634567634,0
realworld_completed,bio_celegans,SASB-candidate,sasb,SASB-structured,20260513,6,early,1.0,1.0,0.0,1,1,0,0.002962962962962963,0.0034567901234567903,85,96,85--96,24,231,24,231,5544,15,0.6521739130434783,1,8,0,32,"[""96"", ""343"", ""53"", ""51"", ""60"", ""118"", ""142"", ""143"", ""147"", ""62"", ""363"", ""220"", ""144"", ""145"", ""52"", ""364"", ""440"", ""82"", ""83"", ""149"", ""121"", ""109"", ""154"", ""85"", ""398"", ""404"", ""186"", ""100"", ""342"", ""54"", ""13"", ""178""]",00c03c5f07fa03fd712c041bd73fd6193f85521d08aa070e4e472eaa96c73fc3,"{""boundary"": 12, ""community_rep"": 4, ""degree_core"": 10, ""random_fill"": 6}","{""degree_2"": 1, ""degree_3_4"": 3, ""degree_5_8"": 3, ""degree_9_plus"": 25}","{""0"": 3, ""1"": 8, ""10"": 4, ""2"": 2, ""3"": 1, ""4"": 4, ""5"": 1, ""6"": 5, ""7"": 2, ""8"": 1, ""9"": 1}",275,"{""backend"": ""evaluate_m19_theory_calibrated.candidate_features"", ""delta_mode"": ""none"", ""k_max"": 512, ""k_min"": 64, ""variant"": ""conservative""}",275,0.13620604259534422,1.0,1.0,0.0,0.6763636363636364,"{""dp_257_plus"": 0.9963636363636363, ""dp_65_256"": 0.0036363636363636364}","{""cn_0"": 0.6727272727272727, ""cn_1"": 0.0036363636363636364, ""cn_2_3"": 0.08727272727272728, ""cn_4_8"": 0.11636363636363636, ""cn_9_plus"": 0.12}",2.6,2593.581818181818,sasb_candidate_builder,9014f643b653e8c547603a27b2ad9de695f896ecf277b0eb34466e2c69292a51,275,9014f643b653e8c547603a27b2ad9de695f896ecf277b0eb34466e2c69292a51,"{""sasb_builder"": 275}",0,0,0,0,{},0.0,"{""common_neighbor_bin_l1"": 0.0, ""degree_product_bin_l1"": 0.0, ""is_boundary_edge_l1"": 0.0, ""is_bridge_edge_l1"": 0.0, ""is_inter_community_edge_l1"": 0.0, ""is_low_common_neighbor_edge_l1"": 0.0, ""mean_l1"": 0.0}",1,32,32,4253.901277077651,0
realworld_completed,bio_celegans,SASB-candidate,sasb,SASB-structured,20260513,7,early,1.0,1.0,0.0,1,1,0,0.0034567901234567903,0.003950617283950617,82,96,82--96,33,230,33,230,7590,16,0.5,1,4,0,32,"[""96"", ""343"", ""53"", ""51"", ""60"", ""118"", ""142"", ""143"", ""147"", ""62"", ""363"", ""220"", ""144"", ""145"", ""52"", ""364"", ""440"", ""82"", ""83"", ""149"", ""121"", ""109"", ""154"", ""85"", ""398"", ""404"", ""310"", ""119"", ""123"", ""46"", ""25"", ""81""]",d089a4e6cd16cf9c0450589b0fb72836e65fce4a00f5a2d3fecb12297664d66d,"{""boundary"": 12, ""community_rep"": 4, ""degree_core"": 10, ""random_fill"": 6}","{""degree_3_4"": 3, ""degree_5_8"": 4, ""degree_9_plus"": 25}","{""0"": 1, ""1"": 8, ""10"": 5, ""2"": 2, ""3"": 2, ""4"": 2, ""5"": 1, ""6"": 7, ""7"": 2, ""8"": 1, ""9"": 1}",275,"{""backend"": ""evaluate_m19_theory_calibrated.candidate_features"", ""delta_mode"": ""none"", ""k_max"": 512, ""k_min"": 64, ""variant"": ""conservative""}",275,0.13627353815659068,1.0,1.0,0.0,0.6763636363636364,"{""dp_257_plus"": 0.9963636363636363, ""dp_65_256"": 0.0036363636363636364}","{""cn_0"": 0.6763636363636364, ""cn_2_3"": 0.08727272727272728, ""cn_4_8"": 0.11636363636363636, ""cn_9_plus"": 0.12}",2.5636363636363635,2577.3418181818183,sasb_candidate_builder,7531c284f9687d2452463b61b11d5181deed80614ce7935034fba1b5b7613028,275,7531c284f9687d2452463b61b11d5181deed80614ce7935034fba1b5b7613028,"{""sasb_builder"": 275}",0,0,0,0,{},0.0,"{""common_neighbor_bin_l1"": 0.0, ""degree_product_bin_l1"": 0.0, ""is_boundary_edge_l1"": 0.0, ""is_bridge_edge_l1"": 0.0, ""is_inter_community_edge_l1"": 0.0, ""is_low_common_neighbor_edge_l1"": 0.0, ""mean_l1"": 0.0}",1,32,32,3628.4726839794753,0
realworld_completed,bio_celegans,SASB-candidate,sasb,SASB-structured,20260513,8,early,1.0,1.0,0.0,1,1,0,0.003950617283950617,0.0044444444444444444,53,96,53--96,123,229,123,229,28167,53,0.4344262295081967,1,5,0,32,"[""96"", ""343"", ""53"", ""51"", ""60"", ""118"", ""142"", ""143"", ""147"", ""62"", ""363"", ""220"", ""144"", ""145"", ""52"", ""364"", ""440"", ""82"", ""83"", ""149"", ""121"", ""109"", ""154"", ""85"", ""398"", ""404"", ""300"", ""25"", ""99"", ""289"", ""98"", ""179""]",be74634d9c32439a6a3c51d097a3bfe196890972e6069445c0b863b92d85f04f,"{""boundary"": 12, ""community_rep"": 4, ""degree_core"": 10, ""random_fill"": 6}","{""degree_3_4"": 3, ""degree_5_8"": 2, ""degree_9_plus"": 27}","{""0"": 1, ""1"": 9, ""10"": 5, ""2"": 1, ""3"": 1, ""4"": 3, ""5"": 2, ""6"": 7, ""7"": 1, ""8"": 1, ""9"": 1}",275,"{""backend"": ""evaluate_m19_theory_calibrated.candidate_features"", ""delta_mode"": ""none"", ""k_max"": 512, ""k_min"": 64, ""variant"": ""conservative""}",275,0.13634110064452157,1.0,1.0,0.0,0.6836363636363636,"{""dp_257_plus"": 0.9963636363636363, ""dp_65_256"": 0.0036363636363636364}","{""cn_0"": 0.68, ""cn_1"": 0.0036363636363636364, ""cn_2_3"": 0.08363636363636363, ""cn_4_8"": 0.11636363636363636, ""cn_9_plus"": 0.11636363636363636}",2.4945454545454546,2548.2,sasb_candidate_builder,541854ec4d082da21e04efb9eeeb30f32163ec4739ad78694d572f27c06c7075,275,541854ec4d082da21e04efb9eeeb30f32163ec4739ad78694d572f27c06c7075,"{""sasb_builder"": 275}",0,0,0,0,{},0.0,"{""common_neighbor_bin_l1"": 0.0, ""degree_product_bin_l1"": 0.0, ""is_boundary_edge_l1"": 0.0, ""is_bridge_edge_l1"": 0.0, ""is_inter_community_edge_l1"": 0.0, ""is_low_common_neighbor_edge_l1"": 0.0, ""mean_l1"": 0.0}",1,32,32,2734.799936988828,0
realworld_completed,bio_celegans,SASB-candidate,sasb,SASB-structured,20260513,9,early,1.0,1.0,0.0,1,1,0,0.0044444444444444444,0.0049382716049382715,55,96,55--96,10,228,10,228,2280,3,0.3333333333333333,1,6,0,32,"[""96"", ""343"", ""53"", ""51"", ""60"", ""118"", ""142"", ""143"", ""147"", ""62"", ""363"", ""220"", ""144"", ""145"", ""52"", ""364"", ""440"", ""82"", ""83"", ""149"", ""121"", ""109"", ""154"", ""85"", ""398"", ""404"", ""34"", ""282"", ""391"", ""424"", ""285"", ""29""]",e7f65d9194649786131d436bb6f932046eea6b9053b1ebd3633592ac038972b5,"{""boundary"": 12, ""community_rep"": 4, ""degree_core"": 10, ""random_fill"": 6}","{""degree_3_4"": 1, ""degree_5_8"": 4, ""degree_9_plus"": 27}","{""0"": 1, ""1"": 9, ""10"": 4, ""2"": 1, ""3"": 3, ""4"": 2, ""5"": 1, ""6"": 6, ""7"": 3, ""8"": 1, ""9"": 1}",275,"{""backend"": ""evaluate_m19_theory_calibrated.candidate_features"", ""delta_mode"": ""none"", ""k_max"": 512, ""k_min"": 64, ""variant"": ""conservative""}",275,0.13640873015873015,1.0,1.0,0.0,0.6836363636363636,"{""dp_257_plus"": 0.9963636363636363, ""dp_65_256"": 0.0036363636363636364}","{""cn_0"": 0.68, ""cn_1"": 0.0036363636363636364, ""cn_2_3"": 0.09090909090909091, ""cn_4_8"": 0.11636363636363636, ""cn_9_plus"": 0.10909090909090909}",2.272727272727273,2463.850909090909,sasb_candidate_builder,219cff4806d0573ada4b0663bd85d5055b052578b89204c52a55078c64d4b6d9,275,219cff4806d0573ada4b0663bd85d5055b052578b89204c52a55078c64d4b6d9,"{""sasb_builder"": 275}",0,0,0,0,{},0.0,"{""common_neighbor_bin_l1"": 0.0, ""degree_product_bin_l1"": 0.0, ""is_boundary_edge_l1"": 0.0, ""is_bridge_edge_l1"": 0.0, ""is_inter_community_edge_l1"": 0.0, ""is_low_common_neighbor_edge_l1"": 0.0, ""mean_l1"": 0.0}",1,32,32,5347.839356522237,0
realworld_completed,bio_celegans,SASB-candidate,sasb,SASB-structured,20260513,10,early,1.0,1.0,0.0,1,1,0,0.0049382716049382715,0.005432098765432099,343,375,343--375,109,8,8,109,872,4,0.5714285714285714,1,5,3,32,"[""96"", ""343"", ""53"", ""51"", ""60"", ""363"", ""118"", ""147"", ""142"", ""143"", ""62"", ""364"", ""144"", ""145"", ""52"", ""220"", ""440"", ""82"", ""83"", ""149"", ""121"", ""109"", ""85"", ""404"", ""418"", ""383"", ""321"", ""301"", ""261"", ""375"", ""436"", ""75""]",2e665710b23b0a6f0f3bb01085aff15f7b59c06ecf3786563286fe6ed8420aab,"{""boundary"": 12, ""community_rep"": 2, ""degree_core"": 10, ""random_fill"": 8}","{""degree_3_4"": 1, ""degree_5_8"": 5, ""degree_9_plus"": 26}","{""0"": 2, ""1"": 7, ""2"": 1, ""3"": 6, ""4"": 1, ""5"": 3, ""6"": 8, ""7"": 2, ""8"": 1, ""9"": 1}",275,"{""backend"": ""evaluate_m19_theory_calibrated.candidate_features"", ""delta_mode"": ""none"", ""k_max"": 512, ""k_min"": 64, ""variant"": ""conservative""}",275,0.13647642679900746,1.0,1.0,0.0,0.6836363636363636,"{""dp_257_plus"": 0.9927272727272727, ""dp_65_256"": 0.007272727272727273}","{""cn_0"": 0.6763636363636364, ""cn_1"": 0.007272727272727273, ""cn_2_3"": 0.08727272727272728, ""cn_4_8"": 0.12, ""cn_9_plus"": 0.10909090909090909}",2.3054545454545456,2417.1272727272726,sasb_candidate_builder,39bf6d592e57ab65f57dbaaa1d3576a1b90478e2fd485e5876ff9acc090bfb14,275,39bf6d592e57ab65f57dbaaa1d3576a1b90478e2fd485e5876ff9acc090bfb14,"{""sasb_builder"": 275}",0,0,0,0,{},0.0,"{""common_neighbor_bin_l1"": 0.0, ""degree_product_bin_l1"": 0.0, ""is_boundary_edge_l1"": 0.0, ""is_bridge_edge_l1"": 0.0, ""is_inter_community_edge_l1"": 0.0, ""is_low_common_neighbor_edge_l1"": 0.0, ""mean_l1"": 0.0}",1,32,32,3079.1095296561475,0
realworld_completed,bio_celegans,SASB-candidate,sasb,SASB-structured,20260513,11,early,1.0,1.0,0.0,1,1,0,0.005432098765432099,0.005925925925925926,62,96,62--96,57,227,57,227,12939,22,0.39285714285714285,1,3,0,32,"[""96"", ""343"", ""53"", ""51"", ""60"", ""363"", ""118"", ""147"", ""142"", ""143"", ""62"", ""364"", ""144"", ""145"", ""52"", ""220"", ""440"", ""82"", ""83"", ""149"", ""121"", ""109"", ""85"", ""404"", ""365"", ""380"", ""84"", ""398"", ""304"", ""235"", ""8"", ""78""]",b8c8d228307c759521e2b3b575114930402e8b8618bd1e439eb9aedf82e4116c,"{""boundary"": 12, ""community_rep"": 2, ""degree_core"": 10, ""random_fill"": 8}","{""degree_3_4"": 1, ""degree_5_8"": 7, ""degree_9_plus"": 24}","{""0"": 3, ""1"": 5, ""2"": 1, ""3"": 6, ""4"": 1, ""5"": 4, ""6"": 9, ""7"": 1, ""8"": 1, ""9"": 1}",275,"{""backend"": ""evaluate_m19_theory_calibrated.candidate_features"", ""delta_mode"": ""none"", ""k_max"": 512, ""k_min"": 64, ""variant"": ""conservative""}",275,0.1365441906653426,1.0,1.0,0.0,0.6836363636363636,"{""dp_257_plus"": 0.9927272727272727, ""dp_65_256"": 0.007272727272727273}","{""cn_0"": 0.6763636363636364, ""cn_1"": 0.007272727272727273, ""cn_2_3"": 0.08727272727272728, ""cn_4_8"": 0.12363636363636364, ""cn_9_plus"": 0.10545454545454545}",2.309090909090909,2415.9163636363637,sasb_candidate_builder,74a1a64bc2cfeb1f9448f9932ebb2d6d034dd05e32c0e42e04d4d8de694585a1,275,74a1a64bc2cfeb1f9448f9932ebb2d6d034dd05e32c0e42e04d4d8de694585a1,"{""sasb_builder"": 275}",0,0,0,0,{},0.0,"{""common_neighbor_bin_l1"": 0.0, ""degree_product_bin_l1"": 0.0, ""is_boundary_edge_l1"": 0.0, ""is_bridge_edge_l1"": 0.0, ""is_inter_community_edge_l1"": 0.0, ""is_low_common_neighbor_edge_l1"": 0.0, ""mean_l1"": 0.0}",1,32,32,2645.979735414949,0
realworld_completed,bio_celegans,SASB-candidate,sasb,SASB-structured,20260513,12,early,1.0,1.0,0.0,1,1,0,0.005925925925925926,0.006419753086419753,53,82,53--82,122,32,32,122,3904,6,0.1935483870967742,1,6,4,32,"[""96"", ""343"", ""53"", ""51"", ""60"", ""363"", ""118"", ""147"", ""142"", ""143"", ""62"", ""364"", ""144"", ""145"", ""52"", ""220"", ""440"", ""82"", ""83"", ""149"", ""121"", ""109"", ""85"", ""404"", ""86"", ""84"", ""248"", ""436"", ""106"", ""81"", ""359"", ""122""]",1c7035c93184381083607e8193c51cd38b1db4228d7974a678d1ad82b993fe37,"{""boundary"": 12, ""community_rep"": 2, ""degree_core"": 10, ""random_fill"": 8}","{""degree_2"": 1, ""degree_3_4"": 2, ""degree_5_8"": 5, ""degree_9_plus"": 24}","{""0"": 3, ""1"": 7, ""2"": 1, ""3"": 7, ""4"": 1, ""5"": 1, ""6"": 9, ""7"": 1, ""8"": 1, ""9"": 1}",275,"{""backend"": ""evaluate_m19_theory_calibrated.candidate_features"", ""delta_mode"": ""none"", ""k_max"": 512, ""k_min"": 64, ""variant"": ""conservative""}",275,0.1366120218579235,1.0,1.0,0.0,0.6836363636363636,"{""dp_257_plus"": 0.9927272727272727, ""dp_65_256"": 0.007272727272727273}","{""cn_0"": 0.6763636363636364, ""cn_1"": 0.007272727272727273, ""cn_2_3"": 0.09454545454545454, ""cn_4_8"": 0.12363636363636364, ""cn_9_plus"": 0.09818181818181818}",2.192727272727273,2349.7272727272725,sasb_candidate_builder,5f1bce5672d9d9eb029df3c308c93ed572e1e0864c577051b6929443bfa11f4d,275,5f1bce5672d9d9eb029df3c308c93ed572e1e0864c577051b6929443bfa11f4d,"{""sasb_builder"": 275}",0,0,0,0,{},0.0,"{""common_neighbor_bin_l1"": 0.0, ""degree_product_bin_l1"": 0.0, ""is_boundary_edge_l1"": 0.0, ""is_bridge_edge_l1"": 0.0, ""is_inter_community_edge_l1"": 0.0, ""is_low_common_neighbor_edge_l1"": 0.0, ""mean_l1"": 0.0}",1,32,32,2955.593896112784,0
realworld_completed,bio_celegans,SASB-candidate,sasb,SASB-structured,20260513,13,early,1.0,1.0,0.0,1,1,0,0.006419753086419753,0.006913580246913581,53,60,53--60,121,63,63,121,7623,17,0.27419354838709675,1,9,3,32,"[""96"", ""343"", ""53"", ""51"", ""60"", ""363"", ""118"", ""147"", ""142"", ""143"", ""62"", ""364"", ""144"", ""145"", ""52"", ""220"", ""440"", ""82"", ""83"", ""149"", ""121"", ""109"", ""85"", ""404"", ""351"", ""367"", ""344"", ""252"", ""179"", ""156"", ""423"", ""163""]",2885403fedd952bd89c39931034f6641facd88081b015514bd0a4d5ee3a9d0a0,"{""boundary"": 12, ""community_rep"": 2, ""degree_core"": 10, ""random_fill"": 8}","{""degree_2"": 1, ""degree_3_4"": 2, ""degree_5_8"": 4, ""degree_9_plus"": 25}","{""0"": 1, ""1"": 6, ""2"": 2, ""3"": 7, ""4"": 1, ""5"": 1, ""6"": 11, ""7"": 1, ""8"": 1, ""9"": 1}",275,"{""backend"": ""evaluate_m19_theory_calibrated.candidate_features"", ""delta_mode"": ""none"", ""k_max"": 512, ""k_min"": 64, ""variant"": ""conservative""}",275,0.13667992047713717,1.0,1.0,0.0,0.6836363636363636,"{""dp_257_plus"": 0.9927272727272727, ""dp_65_256"": 0.007272727272727273}","{""cn_0"": 0.6763636363636364, ""cn_1"": 0.007272727272727273, ""cn_2_3"": 0.09454545454545454, ""cn_4_8"": 0.12363636363636364, ""cn_9_plus"": 0.09818181818181818}",2.189090909090909,2339.5345454545454,sasb_candidate_builder,e2b8cdafb595d2a2469a2040cd2b1adc95d983a2f537a0d6037a07195f70bbdd,275,e2b8cdafb595d2a2469a2040cd2b1adc95d983a2f537a0d6037a07195f70bbdd,"{""sasb_builder"": 275}",0,0,0,0,{},0.0,"{""common_neighbor_bin_l1"": 0.0, ""degree_product_bin_l1"": 0.0, ""is_boundary_edge_l1"": 0.0, ""is_bridge_edge_l1"": 0.0, ""is_inter_community_edge_l1"": 0.0, ""is_low_common_neighbor_edge_l1"": 0.0, ""mean_l1"": 0.0}",1,32,32,3458.717694982768,0
realworld_completed,bio_celegans,SASB-candidate,sasb,SASB-structured,20260513,14,early,1.0,1.0,0.0,1,1,0,0.006913580246913581,0.007407407407407408,51,60,51--60,103,62,62,103,6386,15,0.2459016393442623,1,9,3,32,"[""96"", ""343"", ""53"", ""51"", ""60"", ""363"", ""118"", ""147"", ""142"", ""143"", ""62"", ""364"", ""144"", ""145"", ""52"", ""220"", ""440"", ""82"", ""83"", ""149"", ""121"", ""109"", ""85"", ""404"", ""55"", ""383"", ""113"", ""316"", ""256"", ""54"", ""29"", ""289""]",3107e7948711c43ad45f86224b62552aa16ece9732511f159e00d7e49482e164,"{""boundary"": 12, ""community_rep"": 2, ""degree_core"": 10, ""random_fill"": 8}","{""degree_2"": 1, ""degree_3_4"": 3, ""degree_5_8"": 3, ""degree_9_plus"": 25}","{""0"": 3, ""1"": 5, ""2"": 2, ""3"": 5, ""4"": 1, ""5"": 4, ""6"": 8, ""7"": 1, ""8"": 1, ""9"": 2}",275,"{""backend"": ""evaluate_m19_theory_calibrated.candidate_features"", ""delta_mode"": ""none"", ""k_max"": 512, ""k_min"": 64, ""variant"": ""conservative""}",275,0.13674788662357037,1.0,1.0,0.0,0.6909090909090909,"{""dp_257_plus"": 0.9927272727272727, ""dp_65_256"": 0.007272727272727273}","{""cn_0"": 0.6836363636363636, ""cn_1"": 0.007272727272727273, ""cn_2_3"": 0.08727272727272728, ""cn_4_8"": 0.12363636363636364, ""cn_9_plus"": 0.09818181818181818}",2.149090909090909,2330.010909090909,sasb_candidate_builder,1a9067f6642b2b90dd35598b71d7fd04ea4ee6f5ed133ffe441c5f84d7e6da61,275,1a9067f6642b2b90dd35598b71d7fd04ea4ee6f5ed133ffe441c5f84d7e6da61,"{""sasb_builder"": 275}",0,0,0,0,{},0.0,"{""common_neighbor_bin_l1"": 0.0, ""degree_product_bin_l1"": 0.0, ""is_boundary_edge_l1"": 0.0, ""is_bridge_edge_l1"": 0.0, ""is_inter_community_edge_l1"": 0.0, ""is_low_common_neighbor_edge_l1"": 0.0, ""mean_l1"": 0.0}",1,32,32,2923.10336261983,0
realworld_completed,bio_celegans,SASB-candidate,sasb,SASB-structured,20260513,15,early,1.0,1.0,0.0,1,1,0,0.007407407407407408,0.007901234567901235,69,96,69--96,5,226,5,226,1130,3,0.75,1,4,0,32,"[""96"", ""343"", ""53"", ""51"", ""60"", ""363"", ""118"", ""147"", ""142"", ""143"", ""62"", ""364"", ""144"", ""145"", ""52"", ""220"", ""440"", ""82"", ""83"", ""149"", ""121"", ""109"", ""85"", ""404"", ""355"", ""69"", ""418"", ""231"", ""406"", ""448"", ""242"", ""61""]",2a0331d31a6f2a798f79c50e29e59c748c3656332746fb0c9170dbdf0e03a860,"{""boundary"": 12, ""community_rep"": 2, ""degree_core"": 10, ""random_fill"": 8}","{""degree_3_4"": 2, ""degree_5_8"": 6, ""degree_9_plus"": 24}","{""0"": 3, ""1"": 5, ""2"": 2, ""3"": 7, ""4"": 1, ""5"": 1, ""6"": 10, ""7"": 1, ""8"": 1, ""9"": 1}",275,"{""backend"": ""evaluate_m19_theory_calibrated.candidate_features"", ""delta_mode"": ""none"", ""k_max"": 512, ""k_min"": 64, ""variant"": ""conservative""}",275,0.13681592039800994,1.0,1.0,0.0,0.6945454545454546,"{""dp_257_plus"": 0.9927272727272727, ""dp_65_256"": 0.007272727272727273}","{""cn_0"": 0.6872727272727273, ""cn_1"": 0.007272727272727273, ""cn_2_3"": 0.08727272727272728, ""cn_4_8"": 0.12363636363636364, ""cn_9_plus"": 0.09454545454545454}",2.090909090909091,2317.8727272727274,sasb_candidate_builder,ee38167c04550bd5b8d34bdda1db2ef3dcd9adf8058c2b170a6b77b8cb43b019,275,ee38167c04550bd5b8d34bdda1db2ef3dcd9adf8058c2b170a6b77b8cb43b019,"{""sasb_builder"": 275}",0,0,0,0,{},0.0,"{""common_neighbor_bin_l1"": 0.0, ""degree_product_bin_l1"": 0.0, ""is_boundary_edge_l1"": 0.0, ""is_bridge_edge_l1"": 0.0, ""is_inter_community_edge_l1"": 0.0, ""is_low_common_neighbor_edge_l1"": 0.0, ""mean_l1"": 0.0}",1,32,32,4067.298954680269,0
realworld_completed,bio_celegans,SASB-candidate,sasb,SASB-structured,20260513,16,early,1.0,1.0,0.0,1,1,0,0.007901234567901235,0.008395061728395062,52,96,52--96,38,225,38,225,8550,21,0.5675675675675675,1,6,0,32,"[""96"", ""343"", ""53"", ""51"", ""60"", ""363"", ""118"", ""147"", ""142"", ""143"", ""62"", ""364"", ""144"", ""145"", ""52"", ""220"", ""440"", ""82"", ""83"", ""149"", ""121"", ""109"", ""85"", ""404"", ""128"", ""312"", ""187"", ""291"", ""410"", ""157"", ""175"", ""280""]",32409ab773d7a725810c927e871981225a6ef21b942587b125099a95a66665c8,"{""boundary"": 12, ""community_rep"": 2, ""degree_core"": 10, ""random_fill"": 8}","{""degree_3_4"": 4, ""degree_5_8"": 5, ""degree_9_plus"": 23}","{""0"": 2, ""1"": 8, ""2"": 3, ""3"": 6, ""4"": 1, ""5"": 1, ""6"": 7, ""7"": 2, ""8"": 1, ""9"": 1}",275,"{""backend"": ""evaluate_m19_theory_calibrated.candidate_features"", ""delta_mode"": ""none"", ""k_max"": 512, ""k_min"": 64, ""variant"": ""conservative""}",275,0.1368840219014435,1.0,1.0,0.0,0.6981818181818182,"{""dp_257_plus"": 0.9927272727272727, ""dp_65_256"": 0.007272727272727273}","{""cn_0"": 0.6909090909090909, ""cn_1"": 0.007272727272727273, ""cn_2_3"": 0.08363636363636363, ""cn_4_8"": 0.12363636363636364, ""cn_9_plus"": 0.09454545454545454}",2.08,2308.9345454545455,sasb_candidate_builder,cab591384eebf8240267dfeb5e41f0b23e7a82d8f757bcc815d1c4053bf46b07,275,cab591384eebf8240267dfeb5e41f0b23e7a82d8f757bcc815d1c4053bf46b07,"{""sasb_builder"": 275}",0,0,0,0,{},0.0,"{""common_neighbor_bin_l1"": 0.0, ""degree_product_bin_l1"": 0.0, ""is_boundary_edge_l1"": 0.0, ""is_bridge_edge_l1"": 0.0, ""is_inter_community_edge_l1"": 0.0, ""is_low_common_neighbor_edge_l1"": 0.0, ""mean_l1"": 0.0}",1,32,32,2461.6886017051565,0
realworld_completed,bio_celegans,SASB-candidate,sasb,SASB-structured,20260513,17,early,1.0,1.0,0.0,1,1,0,0.008395061728395062,0.008888888888888889,149,363,149--363,28,63,28,63,1764,3,0.1111111111111111,1,1,5,32,"[""96"", ""343"", ""53"", ""51"", ""60"", ""363"", ""118"", ""147"", ""142"", ""143"", ""62"", ""364"", ""144"", ""145"", ""52"", ""220"", ""440"", ""82"", ""83"", ""149"", ""121"", ""109"", ""85"", ""404"", ""117"", ""234"", ""323"", ""294"", ""396"", ""377"", ""105"", ""289""]",1ad0622e376cb0ea49fb391369c8e5da0426435e5d6f27d9292e18ff0c984227,"{""boundary"": 12, ""community_rep"": 2, ""degree_core"": 10, ""random_fill"": 8}","{""degree_3_4"": 3, ""degree_5_8"": 5, ""degree_9_plus"": 24}","{""0"": 2, ""1"": 6, ""2"": 1, ""3"": 6, ""4"": 2, ""5"": 2, ""6"": 9, ""7"": 2, ""8"": 1, ""9"": 1}",275,"{""backend"": ""evaluate_m19_theory_calibrated.candidate_features"", ""delta_mode"": ""none"", ""k_max"": 512, ""k_min"": 64, ""variant"": ""conservative""}",275,0.13695219123505975,1.0,1.0,0.0,0.7018181818181818,"{""dp_257_plus"": 0.9927272727272727, ""dp_65_256"": 0.007272727272727273}","{""cn_0"": 0.6945454545454546, ""cn_1"": 0.007272727272727273, ""cn_2_3"": 0.08363636363636363, ""cn_4_8"": 0.12363636363636364, ""cn_9_plus"": 0.09090909090909091}",1.989090909090909,2290.847272727273,sasb_candidate_builder,ea47461870b99841956e2dc630c611f668255806dca04a26250bc01541e152cb,275,ea47461870b99841956e2dc630c611f668255806dca04a26250bc01541e152cb,"{""sasb_builder"": 275}",0,0,0,0,{},0.0,"{""common_neighbor_bin_l1"": 0.0, ""degree_product_bin_l1"": 0.0, ""is_boundary_edge_l1"": 0.0, ""is_bridge_edge_l1"": 0.0, ""is_inter_community_edge_l1"": 0.0, ""is_low_common_neighbor_edge_l1"": 0.0, ""mean_l1"": 0.0}",1,32,32,1487.8405416836224,0
realworld_completed,bio_celegans,SASB-candidate,sasb,SASB-structured,20260513,18,early,1.0,1.0,0.0,1,1,0,0.008888888888888889,0.009382716049382716,92,96,92--96,9,224,9,224,2016,0,0.0,1,2,0,32,"[""96"", ""343"", ""53"", ""51"", ""60"", ""363"", ""118"", ""147"", ""142"", ""143"", ""62"", ""364"", ""144"", ""145"", ""52"", ""220"", ""440"", ""82"", ""83"", ""149"", ""121"", ""109"", ""85"", ""404"", ""264"", ""385"", ""253"", ""13"", ""420"", ""55"", ""175"", ""269""]",36889d0767f4dbaf7b1ac12f096ac60735c68d117cd2df84a5f7e6de00368363,"{""boundary"": 12, ""community_rep"": 2, ""degree_core"": 10, ""random_fill"": 8}","{""degree_3_4"": 5, ""degree_5_8"": 3, ""degree_9_plus"": 24}","{""0"": 3, ""1"": 5, ""2"": 3, ""3"": 6, ""4"": 1, ""5"": 1, ""6"": 8, ""7"": 1, ""8"": 1, ""9"": 3}",274,"{""backend"": ""evaluate_m19_theory_calibrated.candidate_features"", ""delta_mode"": ""none"", ""k_max"": 512, ""k_min"": 64, ""variant"": ""conservative""}",274,0.13652217239661185,1.0,1.0,0.0,0.7043795620437956,"{""dp_257_plus"": 0.9927007299270073, ""dp_65_256"": 0.0072992700729927005}","{""cn_0"": 0.6970802919708029, ""cn_1"": 0.0072992700729927005, ""cn_2_3"": 0.08394160583941605, ""cn_4_8"": 0.12043795620437957, ""cn_9_plus"": 0.09124087591240876}",1.9781021897810218,2289.6642335766423,sasb_candidate_builder,0b69bf5be94aaef8908c93d9362af5dc58d4af01a158620e34f6e93b71f56bb6,274,0b69bf5be94aaef8908c93d9362af5dc58d4af01a158620e34f6e93b71f56bb6,"{""sasb_builder"": 274}",0,0,0,0,{},0.0,"{""common_neighbor_bin_l1"": 0.0, ""degree_product_bin_l1"": 0.0, ""is_boundary_edge_l1"": 0.0, ""is_bridge_edge_l1"": 0.0, ""is_inter_community_edge_l1"": 0.0, ""is_low_common_neighbor_edge_l1"": 0.0, ""mean_l1"": 0.0}",1,32,32,3624.7048714139196,0
realworld_completed,bio_celegans,SASB-candidate,sasb,SASB-structured,20260513,19,early,1.0,1.0,0.0,1,1,0,0.009382716049382716,0.009876543209876543,45,96,45--96,6,223,6,223,1338,3,0.6,1,1,0,32,"[""96"", ""343"", ""53"", ""51"", ""60"", ""363"", ""118"", ""147"", ""142"", ""143"", ""62"", ""364"", ""144"", ""145"", ""52"", ""220"", ""440"", ""82"", ""83"", ""149"", ""121"", ""109"", ""85"", ""404"", ""428"", ""103"", ""94"", ""383"", ""305"", ""256"", ""423"", ""45""]",4d2f5b47341449d2650e472284aa456a06fd0a7dc5c73689818fbbc6c9ddcc46,"{""boundary"": 12, ""community_rep"": 2, ""degree_core"": 10, ""random_fill"": 8}","{""degree_2"": 1, ""degree_3_4"": 1, ""degree_5_8"": 5, ""degree_9_plus"": 25}","{""0"": 2, ""1"": 7, ""2"": 1, ""3"": 6, ""4"": 2, ""5"": 2, ""6"": 9, ""7"": 1, ""8"": 1, ""9"": 1}",274,"{""backend"": ""evaluate_m19_theory_calibrated.candidate_features"", ""delta_mode"": ""none"", ""k_max"": 512, ""k_min"": 64, ""variant"": ""conservative""}",274,0.1365902293120638,1.0,1.0,0.0,0.7043795620437956,"{""dp_257_plus"": 0.9927007299270073, ""dp_65_256"": 0.0072992700729927005}","{""cn_0"": 0.6970802919708029, ""cn_1"": 0.0072992700729927005, ""cn_2_3"": 0.08394160583941605, ""cn_4_8"": 0.12043795620437957, ""cn_9_plus"": 0.09124087591240876}",1.9781021897810218,2277.8795620437954,sasb_candidate_builder,15b30924d1b9b7490336d58ac037fa90c335e687fcb513aa9ff135b5b5d98d31,274,15b30924d1b9b7490336d58ac037fa90c335e687fcb513aa9ff135b5b5d98d31,"{""sasb_builder"": 274}",0,0,0,0,{},0.0,"{""common_neighbor_bin_l1"": 0.0, ""degree_product_bin_l1"": 0.0, ""is_boundary_edge_l1"": 0.0, ""is_bridge_edge_l1"": 0.0, ""is_inter_community_edge_l1"": 0.0, ""is_low_common_neighbor_edge_l1"": 0.0, ""mean_l1"": 0.0}",1,32,32,4088.452937269999,0
realworld_completed,bio_celegans,SASB-candidate,sasb,SASB-structured,20260513,20,early,1.0,1.0,0.0,1,1,0,0.009876543209876543,0.01037037037037037,300,343,300--343,9,108,9,108,972,5,0.625,1,3,7,32,"[""96"", ""343"", ""53"", ""51"", ""147"", ""118"", ""60"", ""142"", ""143"", ""364"", ""62"", ""363"", ""144"", ""145"", ""52"", ""220"", ""440"", ""82"", ""83"", ""149"", ""121"", ""109"", ""85"", ""307"", ""134"", ""398"", ""404"", ""277"", ""293"", ""207"", ""282"", ""300""]",5adaf4e731e4445953ce618dbb0ed7f47b1a8e633bbc181896f83a3ebdd9c1ef,"{""boundary"": 12, ""community_rep"": 5, ""degree_core"": 10, ""random_fill"": 5}","{""degree_5_8"": 5, ""degree_9_plus"": 27}","{""0"": 1, ""1"": 5, ""2"": 2, ""3"": 9, ""4"": 2, ""5"": 9, ""6"": 1, ""7"": 1, ""8"": 1, ""9"": 1}",274,"{""backend"": ""evaluate_m19_theory_calibrated.candidate_features"", ""delta_mode"": ""none"", ""k_max"": 512, ""k_min"": 64, ""variant"": ""conservative""}",274,0.13665835411471322,1.0,1.0,0.0,0.6970802919708029,"{""dp_257_plus"": 0.9927007299270073, ""dp_65_256"": 0.0072992700729927005}","{""cn_0"": 0.6897810218978102, ""cn_1"": 0.0072992700729927005, ""cn_2_3"": 0.06934306569343066, ""cn_4_8"": 0.11313868613138686, ""cn_9_plus"": 0.12043795620437957}",2.2226277372262775,2310.0474452554745,sasb_candidate_builder,3c40e08f03343e512808d83419c331bd4e5b33c08bad75d43b4250a0d607fb18,274,3c40e08f03343e512808d83419c331bd4e5b33c08bad75d43b4250a0d607fb18,"{""sasb_builder"": 274}",0,0,0,0,{},0.0,"{""common_neighbor_bin_l1"": 0.0, ""degree_product_bin_l1"": 0.0, ""is_boundary_edge_l1"": 0.0, ""is_bridge_edge_l1"": 0.0, ""is_inter_community_edge_l1"": 0.0, ""is_low_common_neighbor_edge_l1"": 0.0, ""mean_l1"": 0.0}",1,32,32,2105.5429306708575,0
realworld_completed,bio_celegans,SASB-candidate,sasb,SASB-structured,20260513,21,early,1.0,1.0,0.0,1,1,0,0.01037037037037037,0.010864197530864197,343,398,343--398,107,23,23,107,2461,9,0.4090909090909091,1,7,8,32,"[""96"", ""343"", ""53"", ""51"", ""147"", ""118"", ""60"", ""142"", ""143"", ""364"", ""62"", ""363"", ""144"", ""145"", ""52"", ""220"", ""440"", ""82"", ""83"", ""149"", ""121"", ""109"", ""85"", ""307"", ""134"", ""398"", ""404"", ""422"", ""442"", ""441"", ""196"", ""416""]",73ab7e8631157315a5e3a14c1e6e077da64e104abf206b541a7b328992789765,"{""boundary"": 12, ""community_rep"": 5, ""degree_core"": 10, ""random_fill"": 5}","{""degree_3_4"": 2, ""degree_5_8"": 4, ""degree_9_plus"": 26}","{""0"": 2, ""1"": 5, ""2"": 1, ""3"": 9, ""4"": 1, ""5"": 8, ""6"": 1, ""7"": 3, ""8"": 1, ""9"": 1}",274,"{""backend"": ""evaluate_m19_theory_calibrated.candidate_features"", ""delta_mode"": ""none"", ""k_max"": 512, ""k_min"": 64, ""variant"": ""conservative""}",274,0.13672654690618763,1.0,1.0,0.0,0.6970802919708029,"{""dp_257_plus"": 0.9927007299270073, ""dp_65_256"": 0.0072992700729927005}","{""cn_0"": 0.6897810218978102, ""cn_1"": 0.0072992700729927005, ""cn_2_3"": 0.07664233576642336, ""cn_4_8"": 0.10583941605839416, ""cn_9_plus"": 0.12043795620437957}",2.2116788321167884,2307.131386861314,sasb_candidate_builder,0c40ce4c66ff99538b9ad83b5dc3885c1f69f6d5dceeffc90682d0387247beda,274,0c40ce4c66ff99538b9ad83b5dc3885c1f69f6d5dceeffc90682d0387247beda,"{""sasb_builder"": 274}",0,0,0,0,{},0.0,"{""common_neighbor_bin_l1"": 0.0, ""degree_product_bin_l1"": 0.0, ""is_boundary_edge_l1"": 0.0, ""is_bridge_edge_l1"": 0.0, ""is_inter_community_edge_l1"": 0.0, ""is_low_common_neighbor_edge_l1"": 0.0, ""mean_l1"": 0.0}",1,32,32,2125.740791247016,0
realworld_completed,bio_celegans,SASB-candidate,sasb,SASB-structured,20260513,22,early,1.0,1.0,0.0,1,1,0,0.010864197530864197,0.011358024691358024,51,62,51--62,102,56,56,102,5712,9,0.16363636363636364,1,5,3,32,"[""96"", ""343"", ""53"", ""51"", ""147"", ""118"", ""60"", ""142"", ""143"", ""364"", ""62"", ""363"", ""144"", ""145"", ""52"", ""220"", ""440"", ""82"", ""83"", ""149"", ""121"", ""109"", ""85"", ""307"", ""134"", ""398"", ""404"", ""385"", ""425"", ""173"", ""180"", ""437""]",659f69bfb2520404fd612ea9bbeefb6d0f60529822e9e7f84460f36f4813eea2,"{""boundary"": 12, ""community_rep"": 5, ""degree_core"": 10, ""random_fill"": 5}","{""degree_3_4"": 1, ""degree_5_8"": 5, ""degree_9_plus"": 26}","{""0"": 3, ""1"": 5, ""2"": 1, ""3"": 9, ""4"": 1, ""5"": 9, ""6"": 1, ""7"": 1, ""8"": 1, ""9"": 1}",274,"{""backend"": ""evaluate_m19_theory_calibrated.candidate_features"", ""delta_mode"": ""none"", ""k_max"": 512, ""k_min"": 64, ""variant"": ""conservative""}",274,0.1367948077883175,1.0,1.0,0.0,0.7007299270072993,"{""dp_257_plus"": 0.9927007299270073, ""dp_65_256"": 0.0072992700729927005}","{""cn_0"": 0.6934306569343066, ""cn_1"": 0.0072992700729927005, ""cn_2_3"": 0.07664233576642336, ""cn_4_8"": 0.10583941605839416, ""cn_9_plus"": 0.11678832116788321}",2.167883211678832,2299.029197080292,sasb_candidate_builder,0cea87c67b752345220e16d55689e682ba78f82c305b75a1d63cb814b01b0d57,274,0cea87c67b752345220e16d55689e682ba78f82c305b75a1d63cb814b01b0d57,"{""sasb_builder"": 274}",0,0,0,0,{},0.0,"{""common_neighbor_bin_l1"": 0.0, ""degree_product_bin_l1"": 0.0, ""is_boundary_edge_l1"": 0.0, ""is_bridge_edge_l1"": 0.0, ""is_inter_community_edge_l1"": 0.0, ""is_low_common_neighbor_edge_l1"": 0.0, ""mean_l1"": 0.0}",1,32,32,1476.2396042948403,0
realworld_completed,bio_celegans,SASB-candidate,sasb,SASB-structured,20260513,23,early,1.0,1.0,0.0,1,1,0,0.011358024691358024,0.011851851851851851,53,62,53--62,120,55,55,120,6600,13,0.24074074074074073,1,5,3,32,"[""96"", ""343"", ""53"", ""51"", ""147"", ""118"", ""60"", ""142"", ""143"", ""364"", ""62"", ""363"", ""144"", ""145"", ""52"", ""220"", ""440"", ""82"", ""83"", ""149"", ""121"", ""109"", ""85"", ""307"", ""134"", ""398"", ""404"", ""382"", ""193"", ""295"", ""246"", ""100""]",1b915a0a65f4aa812c15eade1e2243c8db2383738546b8a3028e247b22edc2be,"{""boundary"": 12, ""community_rep"": 5, ""degree_core"": 10, ""random_fill"": 5}","{""degree_3_4"": 1, ""degree_5_8"": 3, ""degree_9_plus"": 28}","{""0"": 2, ""1"": 6, ""2"": 1, ""3"": 7, ""4"": 1, ""5"": 10, ""6"": 1, ""7"": 1, ""8"": 1, ""9"": 2}",274,"{""backend"": ""evaluate_m19_theory_calibrated.candidate_features"", ""delta_mode"": ""none"", ""k_max"": 512, ""k_min"": 64, ""variant"": ""conservative""}",274,0.13686313686313686,1.0,1.0,0.0,0.7043795620437956,"{""dp_257_plus"": 0.9927007299270073, ""dp_65_256"": 0.0072992700729927005}","{""cn_0"": 0.6970802919708029, ""cn_1"": 0.0072992700729927005, ""cn_2_3"": 0.06934306569343066, ""cn_4_8"": 0.10948905109489052, ""cn_9_plus"": 0.11678832116788321}",2.1861313868613137,2289.9233576642337,sasb_candidate_builder,2912551f32fc930d20b048bdc70d8c939dab019d1d62389ea1d5d0ed1a2d1103,274,2912551f32fc930d20b048bdc70d8c939dab019d1d62389ea1d5d0ed1a2d1103,"{""sasb_builder"": 274}",0,0,0,0,{},0.0,"{""common_neighbor_bin_l1"": 0.0, ""degree_product_bin_l1"": 0.0, ""is_boundary_edge_l1"": 0.0, ""is_bridge_edge_l1"": 0.0, ""is_inter_community_edge_l1"": 0.0, ""is_low_common_neighbor_edge_l1"": 0.0, ""mean_l1"": 0.0}",1,32,32,1684.8088841089902,0
realworld_completed,bio_celegans,SASB-candidate,sasb,SASB-structured,20260513,24,early,1.0,1.0,0.0,1,1,0,0.011851851851851851,0.012345679012345678,144,343,144--343,59,106,59,106,6254,16,0.27586206896551724,1,1,7,32,"[""96"", ""343"", ""53"", ""51"", ""147"", ""118"", ""60"", ""142"", ""143"", ""364"", ""363"", ""62"", ""144"", ""145"", ""52"", ""220"", ""440"", ""82"", ""83"", ""149"", ""121"", ""109"", ""85"", ""307"", ""134"", ""398"", ""404"", ""178"", ""284"", ""367"", ""47"", ""323""]",7b7655a07d31a90a057f66f95c8b738338fa0d212016a3d015fd99233f7a9f79,"{""boundary"": 12, ""community_rep"": 5, ""degree_core"": 10, ""random_fill"": 5}","{""degree_3_4"": 2, ""degree_5_8"": 4, ""degree_9_plus"": 26}","{""0"": 3, ""1"": 5, ""2"": 2, ""3"": 8, ""4"": 1, ""5"": 9, ""6"": 1, ""7"": 1, ""8"": 1, ""9"": 1}",274,"{""backend"": ""evaluate_m19_theory_calibrated.candidate_features"", ""delta_mode"": ""none"", ""k_max"": 512, ""k_min"": 64, ""variant"": ""conservative""}",274,0.13693153423288357,1.0,1.0,0.0,0.708029197080292,"{""dp_257_plus"": 0.9927007299270073, ""dp_65_256"": 0.0072992700729927005}","{""cn_0"": 0.7007299270072993, ""cn_1"": 0.0072992700729927005, ""cn_2_3"": 0.06934306569343066, ""cn_4_8"": 0.11313868613138686, ""cn_9_plus"": 0.10948905109489052}",2.1313868613138687,2270.087591240876,sasb_candidate_builder,70ca238adf7fe74764d3d3c9465543686d7d58646c28b06897154efa233265f8,274,70ca238adf7fe74764d3d3c9465543686d7d58646c28b06897154efa233265f8,"{""sasb_builder"": 274}",0,0,0,0,{},0.0,"{""common_neighbor_bin_l1"": 0.0, ""degree_product_bin_l1"": 0.0, ""is_boundary_edge_l1"": 0.0, ""is_bridge_edge_l1"": 0.0, ""is_inter_community_edge_l1"": 0.0, ""is_low_common_neighbor_edge_l1"": 0.0, ""mean_l1"": 0.0}",1,32,32,1277.5533028160469,0
realworld_completed,bio_celegans,SASB-candidate,sasb,SASB-structured,20260513,25,early,1.0,1.0,0.0,1,1,0,0.012345679012345678,0.012839506172839505,31,96,31--96,10,222,10,222,2220,5,0.5555555555555556,1,2,0,32,"[""96"", ""343"", ""53"", ""51"", ""147"", ""118"", ""60"", ""142"", ""143"", ""364"", ""363"", ""62"", ""145"", ""144"", ""52"", ""220"", ""440"", ""82"", ""83"", ""149"", ""121"", ""109"", ""85"", ""307"", ""134"", ""398"", ""404"", ""282"", ""446"", ""260"", ""31"", ""427""]",dc12d10c4fec4e7df76fecfd3ad09742bef7d36bff1285497de43f8f43e4d412,"{""boundary"": 12, ""community_rep"": 5, ""degree_core"": 10, ""random_fill"": 5}","{""degree_3_4"": 1, ""degree_5_8"": 4, ""degree_9_plus"": 27}","{""0"": 2, ""1"": 5, ""2"": 2, ""3"": 8, ""4"": 1, ""5"": 10, ""6"": 1, ""7"": 1, ""8"": 1, ""9"": 1}",274,"{""backend"": ""evaluate_m19_theory_calibrated.candidate_features"", ""delta_mode"": ""none"", ""k_max"": 512, ""k_min"": 64, ""variant"": ""conservative""}",274,0.137,1.0,1.0,0.0,0.7043795620437956,"{""dp_257_plus"": 0.9927007299270073, ""dp_65_256"": 0.0072992700729927005}","{""cn_0"": 0.6970802919708029, ""cn_1"": 0.0072992700729927005, ""cn_2_3"": 0.06934306569343066, ""cn_4_8"": 0.12408759124087591, ""cn_9_plus"": 0.10218978102189781}",2.0547445255474455,2237.616788321168,sasb_candidate_builder,64117227add6e3ba4db5b45f9e74cecd6269be5dcc43f260e785836134a81764,274,64117227add6e3ba4db5b45f9e74cecd6269be5dcc43f260e785836134a81764,"{""sasb_builder"": 274}",0,0,0,0,{},0.0,"{""common_neighbor_bin_l1"": 0.0, ""degree_product_bin_l1"": 0.0, ""is_boundary_edge_l1"": 0.0, ""is_bridge_edge_l1"": 0.0, ""is_inter_community_edge_l1"": 0.0, ""is_low_common_neighbor_edge_l1"": 0.0, ""mean_l1"": 0.0}",1,32,32,3646.5745939270414,0
realworld_completed,bio_celegans,SASB-candidate,sasb,SASB-structured,20260513,26,early,1.0,1.0,0.0,1,1,0,0.012839506172839505,0.013333333333333334,145,343,145--343,59,105,59,105,6195,15,0.25862068965517243,1,1,7,32,"[""96"", ""343"", ""53"", ""51"", ""147"", ""118"", ""60"", ""142"", ""143"", ""364"", ""363"", ""62"", ""145"", ""144"", ""52"", ""220"", ""440"", ""82"", ""83"", ""149"", ""121"", ""109"", ""85"", ""307"", ""134"", ""398"", ""404"", ""277"", ""423"", ""63"", ""435"", ""179""]",efbcce8cc8426bb7aa1782e3518e0803bdb4441332c6ce63afb2749c53a4ef15,"{""boundary"": 12, ""community_rep"": 5, ""degree_core"": 10, ""random_fill"": 5}","{""degree_3_4"": 1, ""degree_5_8"": 5, ""degree_9_plus"": 26}","{""0"": 1, ""1"": 8, ""2"": 1, ""3"": 7, ""4"": 1, ""5"": 10, ""6"": 1, ""7"": 1, ""8"": 1, ""9"": 1}",274,"{""backend"": ""evaluate_m19_theory_calibrated.candidate_features"", ""delta_mode"": ""none"", ""k_max"": 512, ""k_min"": 64, ""variant"": ""conservative""}",274,0.13706853426713356,1.0,1.0,0.0,0.7043795620437956,"{""dp_257_plus"": 0.9927007299270073, ""dp_65_256"": 0.0072992700729927005}","{""cn_0"": 0.6970802919708029, ""cn_1"": 0.0072992700729927005, ""cn_2_3"": 0.06934306569343066, ""cn_4_8"": 0.12043795620437957, ""cn_9_plus"": 0.10583941605839416}",2.091240875912409,2231.5474452554745,sasb_candidate_builder,a5ef64f1a525ee4782dc2bad3659db062cf8866cd6373d6d8f0e0481be34eed5,274,a5ef64f1a525ee4782dc2bad3659db062cf8866cd6373d6d8f0e0481be34eed5,"{""sasb_builder"": 274}",0,0,0,0,{},0.0,"{""common_neighbor_bin_l1"": 0.0, ""degree_product_bin_l1"": 0.0, ""is_boundary_edge_l1"": 0.0, ""is_bridge_edge_l1"": 0.0, ""is_inter_community_edge_l1"": 0.0, ""is_low_common_neighbor_edge_l1"": 0.0, ""mean_l1"": 0.0}",1,32,32,1481.8150534074068,0
realworld_completed,bio_celegans,SASB-candidate,sasb,SASB-structured,20260513,27,early,1.0,1.0,0.0,1,1,0,0.013333333333333334,0.013827160493827161,188,343,188--343,6,104,6,104,624,3,0.6,1,0,6,32,"[""96"", ""343"", ""53"", ""51"", ""147"", ""118"", ""60"", ""142"", ""143"", ""364"", ""363"", ""62"", ""144"", ""145"", ""52"", ""220"", ""440"", ""82"", ""83"", ""149"", ""121"", ""109"", ""85"", ""307"", ""134"", ""398"", ""404"", ""9"", ""309"", ""188"", ""111"", ""405""]",60d1ce0ce36304a23437f82c6c92fdff2c35b74e10c6924a76f9f1a1648b4aac,"{""boundary"": 12, ""community_rep"": 5, ""degree_core"": 10, ""random_fill"": 5}","{""degree_3_4"": 2, ""degree_5_8"": 4, ""degree_9_plus"": 26}","{""0"": 1, ""1"": 6, ""2"": 2, ""3"": 7, ""4"": 1, ""5"": 9, ""6"": 1, ""7"": 1, ""8"": 2, ""9"": 2}",274,"{""backend"": ""evaluate_m19_theory_calibrated.candidate_features"", ""delta_mode"": ""none"", ""k_max"": 512, ""k_min"": 64, ""variant"": ""conservative""}",274,0.13713713713713713,1.0,1.0,0.0,0.708029197080292,"{""dp_257_plus"": 0.9927007299270073, ""dp_65_256"": 0.0072992700729927005}","{""cn_0"": 0.7007299270072993, ""cn_1"": 0.0072992700729927005, ""cn_2_3"": 0.06934306569343066, ""cn_4_8"": 0.12043795620437957, ""cn_9_plus"": 0.10218978102189781}",2.0072992700729926,2210.507299270073,sasb_candidate_builder,ceef0f7a38dee3a1d6fac63bc2a2f2de1ade5eda5b00625ae0c8046013c7c5d6,274,ceef0f7a38dee3a1d6fac63bc2a2f2de1ade5eda5b00625ae0c8046013c7c5d6,"{""sasb_builder"": 274}",0,0,0,0,{},0.0,"{""common_neighbor_bin_l1"": 0.0, ""degree_product_bin_l1"": 0.0, ""is_boundary_edge_l1"": 0.0, ""is_bridge_edge_l1"": 0.0, ""is_inter_community_edge_l1"": 0.0, ""is_low_common_neighbor_edge_l1"": 0.0, ""mean_l1"": 0.0}",1,32,32,1730.7144250215504,0
realworld_completed,bio_celegans,SASB-candidate,sasb,SASB-structured,20260513,28,early,1.0,1.0,0.0,1,1,0,0.013827160493827161,0.014320987654320988,142,343,142--343,75,103,75,103,7725,17,0.22972972972972974,1,1,6,32,"[""96"", ""343"", ""53"", ""51"", ""147"", ""118"", ""60"", ""142"", ""143"", ""364"", ""363"", ""62"", ""144"", ""145"", ""52"", ""220"", ""440"", ""82"", ""83"", ""149"", ""121"", ""109"", ""85"", ""307"", ""134"", ""398"", ""404"", ""234"", ""225"", ""6"", ""370"", ""153""]",918357a63c1eeb567ee0ba3d562655de974dcc88685e8341420d371f282e33e5,"{""boundary"": 12, ""community_rep"": 5, ""degree_core"": 10, ""random_fill"": 5}","{""degree_3_4"": 3, ""degree_5_8"": 3, ""degree_9_plus"": 26}","{""0"": 1, ""1"": 7, ""2"": 1, ""3"": 7, ""4"": 1, ""5"": 10, ""6"": 1, ""7"": 1, ""8"": 1, ""9"": 2}",274,"{""backend"": ""evaluate_m19_theory_calibrated.candidate_features"", ""delta_mode"": ""none"", ""k_max"": 512, ""k_min"": 64, ""variant"": ""conservative""}",274,0.13720580871306962,1.0,1.0,0.0,0.7116788321167883,"{""dp_257_plus"": 0.9927007299270073, ""dp_65_256"": 0.0072992700729927005}","{""cn_0"": 0.7043795620437956, ""cn_1"": 0.0072992700729927005, ""cn_2_3"": 0.06569343065693431, ""cn_4_8"": 0.12043795620437957, ""cn_9_plus"": 0.10218978102189781}",1.9927007299270072,2208.065693430657,sasb_candidate_builder,7517e9073166a9da765bbb75aa9d1d9cd683729567554920fccb4577ed3c675d,274,7517e9073166a9da765bbb75aa9d1d9cd683729567554920fccb4577ed3c675d,"{""sasb_builder"": 274}",0,0,0,0,{},0.0,"{""common_neighbor_bin_l1"": 0.0, ""degree_product_bin_l1"": 0.0, ""is_boundary_edge_l1"": 0.0, ""is_bridge_edge_l1"": 0.0, ""is_inter_community_edge_l1"": 0.0, ""is_low_common_neighbor_edge_l1"": 0.0, ""mean_l1"": 0.0}",1,32,32,1372.3673367296226,0
realworld_completed,bio_celegans,SASB-candidate,sasb,SASB-structured,20260513,29,early,1.0,1.0,0.0,1,1,0,0.014320987654320988,0.014814814814814815,24,96,24--96,7,221,7,221,1547,4,0.6666666666666666,1,9,0,32,"[""96"", ""343"", ""53"", ""51"", ""147"", ""118"", ""60"", ""143"", ""142"", ""364"", ""363"", ""62"", ""144"", ""145"", ""52"", ""220"", ""440"", ""82"", ""83"", ""149"", ""121"", ""109"", ""85"", ""307"", ""134"", ""398"", ""404"", ""359"", ""245"", ""268"", ""24"", ""131""]",3553a350de01b14d7bbeaf7880edf86097679a75da734da4af30c6755c948e60,"{""boundary"": 12, ""community_rep"": 5, ""degree_core"": 10, ""random_fill"": 5}","{""degree_2"": 1, ""degree_3_4"": 1, ""degree_5_8"": 2, ""degree_9_plus"": 28}","{""0"": 2, ""1"": 5, ""2"": 1, ""3"": 10, ""4"": 1, ""5"": 9, ""6"": 1, ""7"": 1, ""8"": 1, ""9"": 1}",274,"{""backend"": ""evaluate_m19_theory_calibrated.candidate_features"", ""delta_mode"": ""none"", ""k_max"": 512, ""k_min"": 64, ""variant"": ""conservative""}",274,0.1372745490981964,1.0,1.0,0.0,0.7153284671532847,"{""dp_257_plus"": 0.9927007299270073, ""dp_65_256"": 0.0072992700729927005}","{""cn_0"": 0.708029197080292, ""cn_1"": 0.0072992700729927005, ""cn_2_3"": 0.06569343065693431, ""cn_4_8"": 0.12408759124087591, ""cn_9_plus"": 0.0948905109489051}",1.9014598540145986,2180.5766423357663,sasb_candidate_builder,8adadcacf65c16474f9a663b0236808dfb0611623a3d29d0cb89b22ed4f080ce,274,8adadcacf65c16474f9a663b0236808dfb0611623a3d29d0cb89b22ed4f080ce,"{""sasb_builder"": 274}",0,0,0,0,{},0.0,"{""common_neighbor_bin_l1"": 0.0, ""degree_product_bin_l1"": 0.0, ""is_boundary_edge_l1"": 0.0, ""is_bridge_edge_l1"": 0.0, ""is_inter_community_edge_l1"": 0.0, ""is_low_common_neighbor_edge_l1"": 0.0, ""mean_l1"": 0.0}",1,32,32,3286.68704013397,0
realworld_completed,bio_celegans,SASB-candidate,sasb,SASB-structured,20260513,30,early,1.0,1.0,0.0,1,1,0,0.014814814814814815,0.015308641975308642,143,343,143--343,75,102,75,102,7650,16,0.21621621621621623,1,1,7,32,"[""96"", ""343"", ""53"", ""51"", ""147"", ""118"", ""60"", ""143"", ""142"", ""364"", ""363"", ""62"", ""144"", ""145"", ""52"", ""220"", ""440"", ""82"", ""83"", ""149"", ""121"", ""109"", ""85"", ""307"", ""134"", ""398"", ""404"", ""263"", ""439"", ""228"", ""376"", ""162""]",0e6b0bd9cc9799d486d3a5dff1ff045751aa796d591fc6adcb6da0cf1b29c6e7,"{""boundary"": 12, ""community_rep"": 5, ""degree_core"": 10, ""random_fill"": 5}","{""degree_5_8"": 4, ""degree_9_plus"": 28}","{""0"": 1, ""1"": 5, ""2"": 1, ""3"": 8, ""4"": 1, ""5"": 12, ""6"": 1, ""7"": 1, ""8"": 1, ""9"": 1}",274,"{""backend"": ""evaluate_m19_theory_calibrated.candidate_features"", ""delta_mode"": ""none"", ""k_max"": 512, ""k_min"": 64, ""variant"": ""conservative""}",274,0.13734335839598996,1.0,1.0,0.0,0.718978102189781,"{""dp_257_plus"": 0.9927007299270073, ""dp_65_256"": 0.0072992700729927005}","{""cn_0"": 0.7116788321167883, ""cn_1"": 0.0072992700729927005, ""cn_2_3"": 0.06569343065693431, ""cn_4_8"": 0.12043795620437957, ""cn_9_plus"": 0.0948905109489051}",1.8832116788321167,2169.4744525547444,sasb_candidate_builder,896a6cbe8de5004410ca44cc9752f2243a7a881f29a184188bcd478820442cce,274,896a6cbe8de5004410ca44cc9752f2243a7a881f29a184188bcd478820442cce,"{""sasb_builder"": 274}",0,0,0,0,{},0.0,"{""common_neighbor_bin_l1"": 0.0, ""degree_product_bin_l1"": 0.0, ""is_boundary_edge_l1"": 0.0, ""is_bridge_edge_l1"": 0.0, ""is_inter_community_edge_l1"": 0.0, ""is_low_common_neighbor_edge_l1"": 0.0, ""mean_l1"": 0.0}",1,32,32,1344.9554657108993,0
realworld_completed,bio_celegans,SASB-candidate,sasb,SASB-structured,20260513,31,early,1.0,1.0,0.0,1,1,0,0.015308641975308642,0.01580246913580247,53,85,53--85,119,23,23,119,2737,9,0.4090909090909091,1,10,8,32,"[""96"", ""343"", ""53"", ""51"", ""147"", ""118"", ""60"", ""142"", ""143"", ""364"", ""363"", ""62"", ""144"", ""145"", ""52"", ""220"", ""440"", ""82"", ""83"", ""149"", ""121"", ""109"", ""85"", ""307"", ""134"", ""398"", ""404"", ""275"", ""217"", ""92"", ""25"", ""39""]",65792bdf0b55c78fcaed44ea7cf29d46f93a53dc386eb7305a27ba80b20b26c0,"{""boundary"": 12, ""community_rep"": 5, ""degree_core"": 10, ""random_fill"": 5}","{""degree_3_4"": 2, ""degree_5_8"": 3, ""degree_9_plus"": 27}","{""0"": 1, ""1"": 6, ""2"": 1, ""3"": 7, ""4"": 1, ""5"": 9, ""6"": 1, ""7"": 1, ""8"": 3, ""9"": 2}",274,"{""backend"": ""evaluate_m19_theory_calibrated.candidate_features"", ""delta_mode"": ""none"", ""k_max"": 512, ""k_min"": 64, ""variant"": ""conservative""}",274,0.1374122367101304,1.0,1.0,0.0,0.7262773722627737,"{""dp_257_plus"": 0.9927007299270073, ""dp_65_256"": 0.0072992700729927005}","{""cn_0"": 0.7153284671532847, ""cn_1"": 0.010948905109489052, ""cn_2_3"": 0.06569343065693431, ""cn_4_8"": 0.11678832116788321, ""cn_9_plus"": 0.09124087591240876}",1.781021897810219,2141.7372262773724,sasb_candidate_builder,8c0b71d3948352bac62c6f07ae3f6d918240192e6b04ff1a310feeaee4eeb53c,274,8c0b71d3948352bac62c6f07ae3f6d918240192e6b04ff1a310feeaee4eeb53c,"{""sasb_builder"": 274}",0,0,0,0,{},0.0,"{""common_neighbor_bin_l1"": 0.0, ""degree_product_bin_l1"": 0.0, ""is_boundary_edge_l1"": 0.0, ""is_bridge_edge_l1"": 0.0, ""is_inter_community_edge_l1"": 0.0, ""is_low_common_neighbor_edge_l1"": 0.0, ""mean_l1"": 0.0}",1,32,32,1857.722392851256,0
realworld_completed,bio_celegans,SASB-candidate,sasb,SASB-structured,20260513,32,early,1.0,1.0,0.0,1,1,0,0.01580246913580247,0.016296296296296295,51,85,51--85,101,22,22,101,2222,5,0.23809523809523808,1,2,4,32,"[""96"", ""343"", ""53"", ""51"", ""147"", ""118"", ""60"", ""142"", ""143"", ""364"", ""363"", ""62"", ""144"", ""145"", ""52"", ""220"", ""440"", ""82"", ""83"", ""149"", ""121"", ""109"", ""85"", ""307"", ""134"", ""398"", ""404"", ""378"", ""293"", ""372"", ""310"", ""342""]",c2945c6f68b88f9da90a3750dfd40dd66e8f0fb0ec04a8a1613fa8fe22568c0e,"{""boundary"": 12, ""community_rep"": 5, ""degree_core"": 10, ""random_fill"": 5}","{""degree_3_4"": 1, ""degree_5_8"": 5, ""degree_9_plus"": 26}","{""0"": 1, ""1"": 5, ""2"": 1, ""3"": 8, ""4"": 2, ""5"": 9, ""6"": 1, ""7"": 1, ""8"": 2, ""9"": 2}",274,"{""backend"": ""evaluate_m19_theory_calibrated.candidate_features"", ""delta_mode"": ""none"", ""k_max"": 512, ""k_min"": 64, ""variant"": ""conservative""}",274,0.13748118414450577,1.0,1.0,0.0,0.7262773722627737,"{""dp_257_plus"": 0.9927007299270073, ""dp_65_256"": 0.0072992700729927005}","{""cn_0"": 0.7153284671532847, ""cn_1"": 0.010948905109489052, ""cn_2_3"": 0.06934306569343066, ""cn_4_8"": 0.11678832116788321, ""cn_9_plus"": 0.08759124087591241}",1.7554744525547445,2132.715328467153,sasb_candidate_builder,ac4c3babacdd7f1ceeba698d319e49f8b497521facc5565deaa50b7f37007744,274,ac4c3babacdd7f1ceeba698d319e49f8b497521facc5565deaa50b7f37007744,"{""sasb_builder"": 274}",0,0,0,0,{},0.0,"{""common_neighbor_bin_l1"": 0.0, ""degree_product_bin_l1"": 0.0, ""is_boundary_edge_l1"": 0.0, ""is_bridge_edge_l1"": 0.0, ""is_inter_community_edge_l1"": 0.0, ""is_low_common_neighbor_edge_l1"": 0.0, ""mean_l1"": 0.0}",1,32,32,1549.9813835179523,0
realworld_completed,bio_celegans,SASB-candidate,sasb,SASB-structured,20260513,33,early,1.0,1.0,0.0,1,1,0,0.016296296296296295,0.016790123456790124,343,364,343--364,101,37,37,101,3737,14,0.3888888888888889,1,2,7,32,"[""96"", ""343"", ""53"", ""51"", ""147"", ""118"", ""60"", ""142"", ""143"", ""364"", ""363"", ""62"", ""144"", ""145"", ""52"", ""220"", ""440"", ""82"", ""83"", ""149"", ""121"", ""109"", ""85"", ""307"", ""134"", ""398"", ""404"", ""416"", ""349"", ""301"", ""399"", ""299""]",18e59628f43666b1830a67df705cb4f40c35f5e78bd186e36697631a9918ebd0,"{""boundary"": 12, ""community_rep"": 5, ""degree_core"": 10, ""random_fill"": 5}","{""degree_3_4"": 4, ""degree_5_8"": 1, ""degree_9_plus"": 27}","{""0"": 2, ""1"": 5, ""2"": 1, ""3"": 8, ""4"": 1, ""5"": 9, ""6"": 1, ""7"": 2, ""8"": 1, ""9"": 2}",273,"{""backend"": ""evaluate_m19_theory_calibrated.candidate_features"", ""delta_mode"": ""none"", ""k_max"": 512, ""k_min"": 64, ""variant"": ""conservative""}",273,0.13704819277108435,1.0,1.0,0.0,0.7326007326007326,"{""dp_257_plus"": 0.9926739926739927, ""dp_65_256"": 0.007326007326007326}","{""cn_0"": 0.7216117216117216, ""cn_1"": 0.01098901098901099, ""cn_2_3"": 0.06593406593406594, ""cn_4_8"": 0.11355311355311355, ""cn_9_plus"": 0.08791208791208792}",1.7326007326007327,2131.3699633699634,sasb_candidate_builder,bc8a978a046b7c6ac432512ff01370e9ad81521084deecbe160d383bdc0f3d4c,273,bc8a978a046b7c6ac432512ff01370e9ad81521084deecbe160d383bdc0f3d4c,"{""sasb_builder"": 273}",0,0,0,0,{},0.0,"{""common_neighbor_bin_l1"": 0.0, ""degree_product_bin_l1"": 0.0, ""is_boundary_edge_l1"": 0.0, ""is_bridge_edge_l1"": 0.0, ""is_inter_community_edge_l1"": 0.0, ""is_low_common_neighbor_edge_l1"": 0.0, ""mean_l1"": 0.0}",1,32,32,1280.569777399571,0
realworld_completed,bio_celegans,SASB-candidate,sasb,SASB-structured,20260513,34,early,1.0,1.0,0.0,1,1,0,0.016790123456790124,0.01728395061728395,29,96,29--96,10,220,10,220,2200,5,0.5555555555555556,1,5,0,32,"[""96"", ""343"", ""53"", ""51"", ""147"", ""118"", ""60"", ""142"", ""143"", ""364"", ""363"", ""62"", ""144"", ""145"", ""52"", ""220"", ""440"", ""82"", ""83"", ""149"", ""121"", ""109"", ""85"", ""307"", ""134"", ""398"", ""404"", ""306"", ""70"", ""29"", ""39"", ""206""]",967d5c2c897176c66b2ae2d1356173df3f75ef9c1f6f53c3e00b262c678f891c,"{""boundary"": 12, ""community_rep"": 5, ""degree_core"": 10, ""random_fill"": 5}","{""degree_3_4"": 2, ""degree_5_8"": 2, ""degree_9_plus"": 28}","{""0"": 4, ""1"": 5, ""2"": 1, ""3"": 7, ""4"": 1, ""5"": 9, ""6"": 1, ""7"": 1, ""8"": 2, ""9"": 1}",273,"{""backend"": ""evaluate_m19_theory_calibrated.candidate_features"", ""delta_mode"": ""none"", ""k_max"": 512, ""k_min"": 64, ""variant"": ""conservative""}",273,0.13711702661978906,1.0,1.0,0.0,0.7326007326007326,"{""dp_257_plus"": 0.9926739926739927, ""dp_65_256"": 0.007326007326007326}","{""cn_0"": 0.7216117216117216, ""cn_1"": 0.01098901098901099, ""cn_2_3"": 0.0695970695970696, ""cn_4_8"": 0.1282051282051282, ""cn_9_plus"": 0.0695970695970696}",1.663003663003663,2114.4432234432234,sasb_candidate_builder,88a5dfdc4584d5ec6d05e2ed6c18d6bcc65e9da0fad47ac554f6b41d05997b42,273,88a5dfdc4584d5ec6d05e2ed6c18d6bcc65e9da0fad47ac554f6b41d05997b42,"{""sasb_builder"": 273}",0,0,0,0,{},0.0,"{""common_neighbor_bin_l1"": 0.0, ""degree_product_bin_l1"": 0.0, ""is_boundary_edge_l1"": 0.0, ""is_bridge_edge_l1"": 0.0, ""is_inter_community_edge_l1"": 0.0, ""is_low_common_neighbor_edge_l1"": 0.0, ""mean_l1"": 0.0}",1,32,32,2901.0102319985444,0
realworld_completed,bio_celegans,SASB-candidate,sasb,SASB-structured,20260513,35,early,1.0,1.0,0.0,1,1,0,0.01728395061728395,0.017777777777777778,134,343,134--343,23,100,23,100,2300,8,0.36363636363636365,1,3,6,32,"[""96"", ""343"", ""53"", ""51"", ""147"", ""118"", ""60"", ""142"", ""143"", ""364"", ""363"", ""62"", ""144"", ""145"", ""52"", ""220"", ""440"", ""82"", ""83"", ""149"", ""121"", ""109"", ""85"", ""307"", ""134"", ""398"", ""404"", ""66"", ""207"", ""38"", ""430"", ""287""]",dde2b6e95bf7904c5f160773a77eea1531a44ccfe0b3be0595b1c51e5d4bef6e,"{""boundary"": 12, ""community_rep"": 5, ""degree_core"": 10, ""random_fill"": 5}","{""degree_0_1"": 1, ""degree_3_4"": 1, ""degree_5_8"": 3, ""degree_9_plus"": 27}","{""0"": 1, ""1"": 6, ""2"": 1, ""3"": 8, ""4"": 1, ""5"": 10, ""6"": 2, ""7"": 1, ""8"": 1, ""9"": 1}",273,"{""backend"": ""evaluate_m19_theory_calibrated.candidate_features"", ""delta_mode"": ""none"", ""k_max"": 512, ""k_min"": 64, ""variant"": ""conservative""}",273,0.1371859296482412,1.0,1.0,0.0,0.7326007326007326,"{""dp_257_plus"": 0.9926739926739927, ""dp_65_256"": 0.007326007326007326}","{""cn_0"": 0.7216117216117216, ""cn_1"": 0.01098901098901099, ""cn_2_3"": 0.0695970695970696, ""cn_4_8"": 0.1282051282051282, ""cn_9_plus"": 0.0695970695970696}",1.6556776556776556,2102.864468864469,sasb_candidate_builder,c78483494036fe2bbede5c458f0b5b28d0fe2a8387fc30ad81bfa3badbf95ecb,273,c78483494036fe2bbede5c458f0b5b28d0fe2a8387fc30ad81bfa3badbf95ecb,"{""sasb_builder"": 273}",0,0,0,0,{},0.0,"{""common_neighbor_bin_l1"": 0.0, ""degree_product_bin_l1"": 0.0, ""is_boundary_edge_l1"": 0.0, ""is_bridge_edge_l1"": 0.0, ""is_inter_community_edge_l1"": 0.0, ""is_low_common_neighbor_edge_l1"": 0.0, ""mean_l1"": 0.0}",1,32,32,1149.5284628547672,0
realworld_completed,bio_celegans,SASB-candidate,sasb,SASB-structured,20260513,36,early,1.0,1.0,0.0,1,1,0,0.017777777777777778,0.018271604938271607,220,343,220--343,36,99,36,99,3564,10,0.2857142857142857,1,4,6,32,"[""96"", ""343"", ""53"", ""51"", ""147"", ""118"", ""60"", ""142"", ""143"", ""364"", ""363"", ""62"", ""144"", ""145"", ""52"", ""220"", ""440"", ""82"", ""83"", ""149"", ""121"", ""109"", ""85"", ""307"", ""134"", ""398"", ""404"", ""115"", ""418"", ""271"", ""184"", ""125""]",5c7d31c81139c70f1ad5d67b5f395b08b983c850d34ce68df0f38209b548ff1b,"{""boundary"": 12, ""community_rep"": 5, ""degree_core"": 10, ""random_fill"": 5}","{""degree_2"": 1, ""degree_5_8"": 2, ""degree_9_plus"": 29}","{""0"": 2, ""1"": 6, ""2"": 1, ""3"": 9, ""4"": 1, ""5"": 8, ""6"": 1, ""7"": 1, ""8"": 2, ""9"": 1}",273,"{""backend"": ""evaluate_m19_theory_calibrated.candidate_features"", ""delta_mode"": ""none"", ""k_max"": 512, ""k_min"": 64, ""variant"": ""conservative""}",273,0.13725490196078433,1.0,1.0,0.0,0.7326007326007326,"{""dp_257_plus"": 0.9926739926739927, ""dp_65_256"": 0.007326007326007326}","{""cn_0"": 0.7216117216117216, ""cn_1"": 0.01098901098901099, ""cn_2_3"": 0.07692307692307693, ""cn_4_8"": 0.12087912087912088, ""cn_9_plus"": 0.0695970695970696}",1.619047619047619,2093.043956043956,sasb_candidate_builder,27c02d7184496df1317b2d6e31b2209515fa011195d05e90ec9dd4a731158fcd,273,27c02d7184496df1317b2d6e31b2209515fa011195d05e90ec9dd4a731158fcd,"{""sasb_builder"": 273}",0,0,0,0,{},0.0,"{""common_neighbor_bin_l1"": 0.0, ""degree_product_bin_l1"": 0.0, ""is_boundary_edge_l1"": 0.0, ""is_bridge_edge_l1"": 0.0, ""is_inter_community_edge_l1"": 0.0, ""is_low_common_neighbor_edge_l1"": 0.0, ""mean_l1"": 0.0}",1,32,32,1294.2699259152375,0
realworld_completed,bio_celegans,SASB-candidate,sasb,SASB-structured,20260513,37,early,1.0,1.0,0.0,1,1,0,0.018271604938271607,0.018765432098765432,62,85,62--85,54,21,21,54,1134,8,0.4,1,3,8,32,"[""96"", ""343"", ""53"", ""51"", ""147"", ""118"", ""60"", ""142"", ""143"", ""364"", ""363"", ""62"", ""144"", ""145"", ""52"", ""220"", ""440"", ""82"", ""83"", ""149"", ""121"", ""109"", ""85"", ""307"", ""134"", ""398"", ""404"", ""9"", ""183"", ""210"", ""101"", ""256""]",292e6e40f519118524365a84c86356e65f7065dd1bfb70f619edf7391b06db0c,"{""boundary"": 12, ""community_rep"": 5, ""degree_core"": 10, ""random_fill"": 5}","{""degree_3_4"": 3, ""degree_5_8"": 3, ""degree_9_plus"": 26}","{""0"": 2, ""1"": 6, ""2"": 1, ""3"": 9, ""4"": 1, ""5"": 8, ""6"": 1, ""7"": 1, ""8"": 1, ""9"": 2}",273,"{""backend"": ""evaluate_m19_theory_calibrated.candidate_features"", ""delta_mode"": ""none"", ""k_max"": 512, ""k_min"": 64, ""variant"": ""conservative""}",273,0.13732394366197184,1.0,1.0,0.0,0.7326007326007326,"{""dp_257_plus"": 0.9926739926739927, ""dp_65_256"": 0.007326007326007326}","{""cn_0"": 0.7216117216117216, ""cn_1"": 0.01098901098901099, ""cn_2_3"": 0.08058608058608059, ""cn_4_8"": 0.12087912087912088, ""cn_9_plus"": 0.06593406593406594}",1.575091575091575,2077.190476190476,sasb_candidate_builder,2116ac711f44a469455e44c51ce79354a0a499c36209e03e6434a01689386aaa,273,2116ac711f44a469455e44c51ce79354a0a499c36209e03e6434a01689386aaa,"{""sasb_builder"": 273}",0,0,0,0,{},0.0,"{""common_neighbor_bin_l1"": 0.0, ""degree_product_bin_l1"": 0.0, ""is_boundary_edge_l1"": 0.0, ""is_bridge_edge_l1"": 0.0, ""is_inter_community_edge_l1"": 0.0, ""is_low_common_neighbor_edge_l1"": 0.0, ""mean_l1"": 0.0}",1,32,32,1480.4958607724545,0
realworld_completed,bio_celegans,SASB-candidate,sasb,SASB-structured,20260513,38,early,1.0,1.0,0.0,1,1,0,0.018765432098765432,0.01925925925925926,307,343,307--343,21,98,21,98,2058,9,0.45,1,4,6,32,"[""96"", ""343"", ""53"", ""51"", ""147"", ""118"", ""60"", ""142"", ""143"", ""364"", ""363"", ""62"", ""144"", ""145"", ""52"", ""220"", ""440"", ""82"", ""83"", ""149"", ""121"", ""109"", ""154"", ""307"", ""134"", ""398"", ""404"", ""379"", ""172"", ""302"", ""288"", ""273""]",327fa8d5ed0cadb9115c1e55625106b23b41416848c2bb0a633674cca2a1f495,"{""boundary"": 12, ""community_rep"": 5, ""degree_core"": 10, ""random_fill"": 5}","{""degree_3_4"": 2, ""degree_5_8"": 3, ""degree_9_plus"": 27}","{""0"": 3, ""1"": 6, ""2"": 1, ""3"": 7, ""4"": 2, ""5"": 9, ""6"": 1, ""7"": 1, ""8"": 1, ""9"": 1}",273,"{""backend"": ""evaluate_m19_theory_calibrated.candidate_features"", ""delta_mode"": ""none"", ""k_max"": 512, ""k_min"": 64, ""variant"": ""conservative""}",273,0.1373930548565677,1.0,1.0,0.0,0.7326007326007326,"{""dp_257_plus"": 0.9926739926739927, ""dp_65_256"": 0.007326007326007326}","{""cn_0"": 0.7216117216117216, ""cn_1"": 0.01098901098901099, ""cn_2_3"": 0.08058608058608059, ""cn_4_8"": 0.12087912087912088, ""cn_9_plus"": 0.06593406593406594}",1.5604395604395604,2074.2417582417584,sasb_candidate_builder,12fe1eeb3fb3a37c8c0c3ff71b340286aa3763dd56f50d15c018c98323187d3b,273,12fe1eeb3fb3a37c8c0c3ff71b340286aa3763dd56f50d15c018c98323187d3b,"{""sasb_builder"": 273}",0,0,0,0,{},0.0,"{""common_neighbor_bin_l1"": 0.0, ""degree_product_bin_l1"": 0.0, ""is_boundary_edge_l1"": 0.0, ""is_bridge_edge_l1"": 0.0, ""is_inter_community_edge_l1"": 0.0, ""is_low_common_neighbor_edge_l1"": 0.0, ""mean_l1"": 0.0}",1,32,32,1062.3574222697696,0
realworld_completed,bio_celegans,SASB-candidate,sasb,SASB-structured,20260513,39,early,1.0,1.0,0.0,1,1,0,0.01925925925925926,0.019753086419753086,118,144,118--144,64,58,58,64,3712,12,0.21052631578947367,1,5,1,32,"[""96"", ""343"", ""53"", ""51"", ""147"", ""118"", ""60"", ""142"", ""143"", ""364"", ""363"", ""62"", ""144"", ""145"", ""52"", ""220"", ""440"", ""82"", ""83"", ""149"", ""121"", ""109"", ""154"", ""307"", ""134"", ""398"", ""404"", ""333"", ""245"", ""182"", ""433"", ""45""]",ffa94f2981fea0a86fbb804bccef7e9a0c22ade94ca05073bd1f918a74ecc9a8,"{""boundary"": 12, ""community_rep"": 5, ""degree_core"": 10, ""random_fill"": 5}","{""degree_3_4"": 3, ""degree_5_8"": 3, ""degree_9_plus"": 26}","{""0"": 2, ""1"": 7, ""2"": 1, ""3"": 7, ""4"": 1, ""5"": 10, ""6"": 1, ""7"": 1, ""8"": 1, ""9"": 1}",273,"{""backend"": ""evaluate_m19_theory_calibrated.candidate_features"", ""delta_mode"": ""none"", ""k_max"": 512, ""k_min"": 64, ""variant"": ""conservative""}",273,0.13746223564954682,1.0,1.0,0.0,0.7326007326007326,"{""dp_257_plus"": 0.9926739926739927, ""dp_65_256"": 0.007326007326007326}","{""cn_0"": 0.7216117216117216, ""cn_1"": 0.01098901098901099, ""cn_2_3"": 0.08058608058608059, ""cn_4_8"": 0.12454212454212454, ""cn_9_plus"": 0.06227106227106227}",1.5421245421245422,2066.2673992673995,sasb_candidate_builder,651698a7a402e09ba393965abe133ba82a0affdae91b509b213812be8387e1d2,273,651698a7a402e09ba393965abe133ba82a0affdae91b509b213812be8387e1d2,"{""sasb_builder"": 273}",0,0,0,0,{},0.0,"{""common_neighbor_bin_l1"": 0.0, ""degree_product_bin_l1"": 0.0, ""is_boundary_edge_l1"": 0.0, ""is_bridge_edge_l1"": 0.0, ""is_inter_community_edge_l1"": 0.0, ""is_low_common_neighbor_edge_l1"": 0.0, ""mean_l1"": 0.0}",1,32,32,1019.2984715929371,0
realworld_completed,bio_celegans,SASB-candidate,sasb,SASB-structured,20260513,40,early,1.0,1.0,0.0,1,1,0,0.019753086419753086,0.020246913580246915,147,440,147--440,61,35,35,61,2135,10,0.29411764705882354,1,5,3,32,"[""96"", ""343"", ""53"", ""51"", ""118"", ""147"", ""60"", ""142"", ""143"", ""363"", ""440"", ""145"", ""144"", ""62"", ""52"", ""364"", ""220"", ""82"", ""83"", ""149"", ""121"", ""109"", ""154"", ""85"", ""307"", ""398"", ""404"", ""8"", ""229"", ""254"", ""309"", ""187""]",9e87b134a3eb2ba1128afe5824363604c0d5502d9a0676f8e77dbd4920cfcb9c,"{""boundary"": 12, ""community_rep"": 5, ""degree_core"": 10, ""random_fill"": 5}","{""degree_3_4"": 4, ""degree_5_8"": 2, ""degree_9_plus"": 26}","{""0"": 2, ""1"": 7, ""2"": 2, ""3"": 7, ""4"": 1, ""5"": 9, ""6"": 1, ""7"": 1, ""8"": 1, ""9"": 1}",273,"{""backend"": ""evaluate_m19_theory_calibrated.candidate_features"", ""delta_mode"": ""none"", ""k_max"": 512, ""k_min"": 64, ""variant"": ""conservative""}",273,0.13753148614609573,1.0,1.0,0.0,0.7326007326007326,"{""dp_257_plus"": 0.9926739926739927, ""dp_65_256"": 0.007326007326007326}","{""cn_0"": 0.7252747252747253, ""cn_1"": 0.007326007326007326, ""cn_2_3"": 0.09523809523809523, ""cn_4_8"": 0.12454212454212454, ""cn_9_plus"": 0.047619047619047616}",1.3956043956043955,2060.07326007326,sasb_candidate_builder,579682322ec4f5a7b0dd9974ba06218fdaeb5ce2ad7b5e0a8032bfc84f5242d6,273,579682322ec4f5a7b0dd9974ba06218fdaeb5ce2ad7b5e0a8032bfc84f5242d6,"{""sasb_builder"": 273}",0,0,0,0,{},0.0,"{""common_neighbor_bin_l1"": 0.0, ""degree_product_bin_l1"": 0.0, ""is_boundary_edge_l1"": 0.0, ""is_bridge_edge_l1"": 0.0, ""is_inter_community_edge_l1"": 0.0, ""is_low_common_neighbor_edge_l1"": 0.0, ""mean_l1"": 0.0}",1,32,32,1180.7235418950766,0
realworld_completed,bio_celegans,SASB-candidate,sasb,SASB-structured,20260513,41,early,1.0,1.0,0.0,1,1,0,0.020246913580246915,0.02074074074074074,142,147,142--147,74,60,60,74,4440,8,0.13559322033898305,1,1,5,32,"[""96"", ""343"", ""53"", ""51"", ""118"", ""60"", ""147"", ""142"", ""143"", ""363"", ""145"", ""440"", ""144"", ""62"", ""52"", ""364"", ""220"", ""82"", ""83"", ""149"", ""121"", ""109"", ""154"", ""85"", ""307"", ""398"", ""404"", ""272"", ""218"", ""290"", ""106"", ""322""]",9329efc6c48f431fc9ae34e28884193f633b277b08213cc0b7cad72497f43c0b,"{""boundary"": 12, ""community_rep"": 5, ""degree_core"": 10, ""random_fill"": 5}","{""degree_3_4"": 3, ""degree_5_8"": 2, ""degree_9_plus"": 27}","{""0"": 3, ""1"": 5, ""2"": 1, ""3"": 7, ""4"": 1, ""5"": 11, ""6"": 1, ""7"": 1, ""8"": 1, ""9"": 1}",273,"{""backend"": ""evaluate_m19_theory_calibrated.candidate_features"", ""delta_mode"": ""none"", ""k_max"": 512, ""k_min"": 64, ""variant"": ""conservative""}",273,0.1376008064516129,1.0,1.0,0.0,0.7362637362637363,"{""dp_257_plus"": 0.989010989010989, ""dp_65_256"": 0.01098901098901099}","{""cn_0"": 0.7289377289377289, ""cn_1"": 0.007326007326007326, ""cn_2_3"": 0.09523809523809523, ""cn_4_8"": 0.13186813186813187, ""cn_9_plus"": 0.03663003663003663}",1.3443223443223444,2050.355311355311,sasb_candidate_builder,853dc0e2ccb1c62fe5c74fbc05e6ea4212bf42614dbfb48008281e16c5630fdc,273,853dc0e2ccb1c62fe5c74fbc05e6ea4212bf42614dbfb48008281e16c5630fdc,"{""sasb_builder"": 273}",0,0,0,0,{},0.0,"{""common_neighbor_bin_l1"": 0.0, ""degree_product_bin_l1"": 0.0, ""is_boundary_edge_l1"": 0.0, ""is_bridge_edge_l1"": 0.0, ""is_inter_community_edge_l1"": 0.0, ""is_low_common_neighbor_edge_l1"": 0.0, ""mean_l1"": 0.0}",1,32,32,1118.3360155919536,0
realworld_completed,bio_celegans,SASB-candidate,sasb,SASB-structured,20260513,42,early,1.0,1.0,0.0,1,1,0,0.02074074074074074,0.02123456790123457,143,147,143--147,74,59,59,74,4366,7,0.1206896551724138,1,1,5,32,"[""96"", ""343"", ""53"", ""51"", ""118"", ""60"", ""147"", ""143"", ""142"", ""363"", ""145"", ""440"", ""144"", ""62"", ""52"", ""364"", ""220"", ""82"", ""83"", ""149"", ""121"", ""109"", ""154"", ""85"", ""307"", ""398"", ""404"", ""65"", ""410"", ""351"", ""327"", ""422""]",798e1981de40909ea0292d1e3db49bbbcbc3e4357ffe4def44e2549593c7c330,"{""boundary"": 12, ""community_rep"": 5, ""degree_core"": 10, ""random_fill"": 5}","{""degree_2"": 1, ""degree_3_4"": 1, ""degree_5_8"": 4, ""degree_9_plus"": 26}","{""0"": 3, ""1"": 5, ""2"": 1, ""3"": 9, ""4"": 1, ""5"": 8, ""6"": 1, ""7"": 2, ""8"": 1, ""9"": 1}",273,"{""backend"": ""evaluate_m19_theory_calibrated.candidate_features"", ""delta_mode"": ""none"", ""k_max"": 512, ""k_min"": 64, ""variant"": ""conservative""}",273,0.13767019667170954,1.0,1.0,0.0,0.7362637362637363,"{""dp_257_plus"": 0.989010989010989, ""dp_65_256"": 0.01098901098901099}","{""cn_0"": 0.7289377289377289, ""cn_1"": 0.007326007326007326, ""cn_2_3"": 0.09523809523809523, ""cn_4_8"": 0.13186813186813187, ""cn_9_plus"": 0.03663003663003663}",1.3186813186813187,2033.4578754578754,sasb_candidate_builder,09c9c0594163145e888d1c3444fa2c168cc6e860bb3ab01e57ce7d2261553f56,273,09c9c0594163145e888d1c3444fa2c168cc6e860bb3ab01e57ce7d2261553f56,"{""sasb_builder"": 273}",0,0,0,0,{},0.0,"{""common_neighbor_bin_l1"": 0.0, ""degree_product_bin_l1"": 0.0, ""is_boundary_edge_l1"": 0.0, ""is_bridge_edge_l1"": 0.0, ""is_inter_community_edge_l1"": 0.0, ""is_low_common_neighbor_edge_l1"": 0.0, ""mean_l1"": 0.0}",1,32,32,1035.7376743854843,0
realworld_completed,bio_celegans,SASB-candidate,sasb,SASB-structured,20260513,43,early,1.0,1.0,0.0,1,1,0,0.02123456790123457,0.021728395061728394,118,142,118--142,63,73,63,73,4599,12,0.1935483870967742,1,6,1,32,"[""96"", ""343"", ""53"", ""51"", ""118"", ""60"", ""147"", ""142"", ""143"", ""363"", ""145"", ""440"", ""144"", ""62"", ""52"", ""364"", ""220"", ""82"", ""83"", ""149"", ""121"", ""109"", ""154"", ""85"", ""307"", ""398"", ""404"", ""357"", ""242"", ""54"", ""394"", ""276""]",19e579f5a64148353f389e4b16ba8da5b46922d1ee0fac0faab5b73e0895dfa5,"{""boundary"": 12, ""community_rep"": 5, ""degree_core"": 10, ""random_fill"": 5}","{""degree_2"": 1, ""degree_3_4"": 1, ""degree_5_8"": 4, ""degree_9_plus"": 26}","{""0"": 2, ""1"": 6, ""2"": 1, ""3"": 9, ""4"": 1, ""5"": 9, ""6"": 1, ""7"": 1, ""8"": 1, ""9"": 1}",273,"{""backend"": ""evaluate_m19_theory_calibrated.candidate_features"", ""delta_mode"": ""none"", ""k_max"": 512, ""k_min"": 64, ""variant"": ""conservative""}",273,0.13773965691220988,1.0,1.0,0.0,0.7362637362637363,"{""dp_257_plus"": 0.989010989010989, ""dp_65_256"": 0.01098901098901099}","{""cn_0"": 0.7289377289377289, ""cn_1"": 0.007326007326007326, ""cn_2_3"": 0.09523809523809523, ""cn_4_8"": 0.13186813186813187, ""cn_9_plus"": 0.03663003663003663}",1.315018315018315,2026.128205128205,sasb_candidate_builder,5af91c9e9e8cf548bb58975dc7b59c2d4878d9f8d2f8d928ede2b9f510d5046b,273,5af91c9e9e8cf548bb58975dc7b59c2d4878d9f8d2f8d928ede2b9f510d5046b,"{""sasb_builder"": 273}",0,0,0,0,{},0.0,"{""common_neighbor_bin_l1"": 0.0, ""degree_product_bin_l1"": 0.0, ""is_boundary_edge_l1"": 0.0, ""is_bridge_edge_l1"": 0.0, ""is_inter_community_edge_l1"": 0.0, ""is_low_common_neighbor_edge_l1"": 0.0, ""mean_l1"": 0.0}",1,32,32,961.4101708614987,0
realworld_completed,bio_celegans,SASB-candidate,sasb,SASB-structured,20260513,44,early,1.0,1.0,0.0,1,1,0,0.021728395061728394,0.022222222222222223,40,96,40--96,17,219,17,219,3723,7,0.4375,1,9,0,32,"[""96"", ""343"", ""53"", ""51"", ""118"", ""60"", ""147"", ""143"", ""142"", ""363"", ""145"", ""440"", ""144"", ""62"", ""52"", ""364"", ""220"", ""82"", ""83"", ""149"", ""121"", ""109"", ""154"", ""85"", ""307"", ""398"", ""404"", ""218"", ""276"", ""36"", ""253"", ""138""]",795be17e351ac468f7859a9f706298d1958f869e9652876302170e1223000bad,"{""boundary"": 12, ""community_rep"": 5, ""degree_core"": 10, ""random_fill"": 5}","{""degree_3_4"": 4, ""degree_5_8"": 2, ""degree_9_plus"": 26}","{""0"": 2, ""1"": 5, ""2"": 1, ""3"": 8, ""4"": 1, ""5"": 11, ""6"": 1, ""7"": 1, ""8"": 1, ""9"": 1}",273,"{""backend"": ""evaluate_m19_theory_calibrated.candidate_features"", ""delta_mode"": ""none"", ""k_max"": 512, ""k_min"": 64, ""variant"": ""conservative""}",273,0.13780918727915195,1.0,1.0,0.0,0.7362637362637363,"{""dp_257_plus"": 0.989010989010989, ""dp_65_256"": 0.01098901098901099}","{""cn_0"": 0.7289377289377289, ""cn_1"": 0.007326007326007326, ""cn_2_3"": 0.09523809523809523, ""cn_4_8"": 0.13553113553113552, ""cn_9_plus"": 0.03296703296703297}",1.2783882783882783,2008.96336996337,sasb_candidate_builder,4110a727c4442298bcd001df6edb3b71ceb0eb669d8421b166d4cda0e6e826ca,273,4110a727c4442298bcd001df6edb3b71ceb0eb669d8421b166d4cda0e6e826ca,"{""sasb_builder"": 273}",0,0,0,0,{},0.0,"{""common_neighbor_bin_l1"": 0.0, ""degree_product_bin_l1"": 0.0, ""is_boundary_edge_l1"": 0.0, ""is_bridge_edge_l1"": 0.0, ""is_inter_community_edge_l1"": 0.0, ""is_low_common_neighbor_edge_l1"": 0.0, ""mean_l1"": 0.0}",1,32,32,1297.8681099527364,0
realworld_completed,bio_celegans,SASB-candidate,sasb,SASB-structured,20260513,45,early,1.0,1.0,0.0,1,1,0,0.022222222222222223,0.02271604938271605,363,398,363--398,62,22,22,62,1364,3,0.14285714285714285,1,5,6,32,"[""96"", ""343"", ""53"", ""51"", ""118"", ""60"", ""147"", ""143"", ""142"", ""363"", ""145"", ""440"", ""144"", ""62"", ""52"", ""364"", ""220"", ""82"", ""83"", ""149"", ""121"", ""109"", ""154"", ""85"", ""307"", ""398"", ""404"", ""163"", ""187"", ""108"", ""115"", ""137""]",1029cd24bb9562e85c8624b6b6752733021904d9cbec533c0f6de108c5e05f59,"{""boundary"": 12, ""community_rep"": 5, ""degree_core"": 10, ""random_fill"": 5}","{""degree_3_4"": 1, ""degree_5_8"": 3, ""degree_9_plus"": 28}","{""0"": 2, ""1"": 6, ""2"": 1, ""3"": 8, ""4"": 1, ""5"": 10, ""6"": 1, ""7"": 1, ""8"": 1, ""9"": 1}",273,"{""backend"": ""evaluate_m19_theory_calibrated.candidate_features"", ""delta_mode"": ""none"", ""k_max"": 512, ""k_min"": 64, ""variant"": ""conservative""}",273,0.13787878787878788,1.0,1.0,0.0,0.7362637362637363,"{""dp_257_plus"": 0.989010989010989, ""dp_65_256"": 0.01098901098901099}","{""cn_0"": 0.7289377289377289, ""cn_1"": 0.007326007326007326, ""cn_2_3"": 0.0989010989010989, ""cn_4_8"": 0.13186813186813187, ""cn_9_plus"": 0.03296703296703297}",1.2564102564102564,1993.7545787545787,sasb_candidate_builder,5e3a7f9b7a09c59c77aec9e0e0378859edba2299d34ea4bfaaf9a7d959e7cf29,273,5e3a7f9b7a09c59c77aec9e0e0378859edba2299d34ea4bfaaf9a7d959e7cf29,"{""sasb_builder"": 273}",0,0,0,0,{},0.0,"{""common_neighbor_bin_l1"": 0.0, ""degree_product_bin_l1"": 0.0, ""is_boundary_edge_l1"": 0.0, ""is_bridge_edge_l1"": 0.0, ""is_inter_community_edge_l1"": 0.0, ""is_low_common_neighbor_edge_l1"": 0.0, ""mean_l1"": 0.0}",1,32,32,1752.7786854631636,0
realworld_completed,bio_celegans,SASB-candidate,sasb,SASB-structured,20260513,46,early,1.0,1.0,0.0,1,1,0,0.02271604938271605,0.023209876543209877,118,143,118--143,62,73,62,73,4526,11,0.18032786885245902,1,5,1,32,"[""96"", ""343"", ""53"", ""51"", ""118"", ""60"", ""147"", ""143"", ""142"", ""363"", ""145"", ""440"", ""144"", ""62"", ""52"", ""364"", ""220"", ""82"", ""83"", ""149"", ""121"", ""109"", ""154"", ""85"", ""307"", ""398"", ""404"", ""357"", ""247"", ""422"", ""221"", ""133""]",1637e5f4e96d2182546a880d341e364378f0d26eae9e491558a288e7f5c5c028,"{""boundary"": 12, ""community_rep"": 5, ""degree_core"": 10, ""random_fill"": 5}","{""degree_3_4"": 4, ""degree_5_8"": 1, ""degree_9_plus"": 27}","{""0"": 3, ""1"": 5, ""2"": 1, ""3"": 8, ""4"": 1, ""5"": 9, ""6"": 2, ""7"": 1, ""8"": 1, ""9"": 1}",273,"{""backend"": ""evaluate_m19_theory_calibrated.candidate_features"", ""delta_mode"": ""none"", ""k_max"": 512, ""k_min"": 64, ""variant"": ""conservative""}",273,0.13794845881758463,1.0,1.0,0.0,0.73992673992674,"{""dp_257_plus"": 0.9926739926739927, ""dp_65_256"": 0.007326007326007326}","{""cn_0"": 0.7289377289377289, ""cn_1"": 0.01098901098901099, ""cn_2_3"": 0.09523809523809523, ""cn_4_8"": 0.13186813186813187, ""cn_9_plus"": 0.03296703296703297}",1.2527472527472527,1991.1684981684982,sasb_candidate_builder,4200cf69595ee384be0c96b6a98a4a374386a436d5583df0e33435fa5ff16d79,273,4200cf69595ee384be0c96b6a98a4a374386a436d5583df0e33435fa5ff16d79,"{""sasb_builder"": 273}",0,0,0,0,{},0.0,"{""common_neighbor_bin_l1"": 0.0, ""degree_product_bin_l1"": 0.0, ""is_boundary_edge_l1"": 0.0, ""is_bridge_edge_l1"": 0.0, ""is_inter_community_edge_l1"": 0.0, ""is_low_common_neighbor_edge_l1"": 0.0, ""mean_l1"": 0.0}",1,32,32,1082.7677871544286,0
realworld_completed,bio_celegans,SASB-candidate,sasb,SASB-structured,20260513,47,early,1.0,1.0,0.0,1,1,0,0.023209876543209877,0.023703703703703703,64,96,64--96,11,218,11,218,2398,5,0.5,1,7,0,32,"[""96"", ""343"", ""53"", ""51"", ""118"", ""60"", ""147"", ""142"", ""143"", ""363"", ""145"", ""440"", ""144"", ""62"", ""52"", ""364"", ""220"", ""82"", ""83"", ""149"", ""121"", ""109"", ""154"", ""85"", ""307"", ""398"", ""404"", ""446"", ""341"", ""28"", ""78"", ""124""]",eb28f8755a152603143842c1a8801204c011950923166f373d4e9936d539f71b,"{""boundary"": 12, ""community_rep"": 5, ""degree_core"": 10, ""random_fill"": 5}","{""degree_3_4"": 1, ""degree_5_8"": 5, ""degree_9_plus"": 26}","{""0"": 1, ""1"": 5, ""2"": 2, ""3"": 7, ""4"": 1, ""5"": 10, ""6"": 1, ""7"": 2, ""8"": 2, ""9"": 1}",273,"{""backend"": ""evaluate_m19_theory_calibrated.candidate_features"", ""delta_mode"": ""none"", ""k_max"": 512, ""k_min"": 64, ""variant"": ""conservative""}",273,0.13801820020222447,1.0,1.0,0.0,0.7435897435897436,"{""dp_257_plus"": 0.9926739926739927, ""dp_65_256"": 0.007326007326007326}","{""cn_0"": 0.7326007326007326, ""cn_1"": 0.01098901098901099, ""cn_2_3"": 0.0989010989010989, ""cn_4_8"": 0.1282051282051282, ""cn_9_plus"": 0.029304029304029304}",1.205128205128205,1973.3076923076924,sasb_candidate_builder,2f71db259f5977bb9cc483e93fe5acb395f57e71305d6559425f28df21f61cf6,273,2f71db259f5977bb9cc483e93fe5acb395f57e71305d6559425f28df21f61cf6,"{""sasb_builder"": 273}",0,0,0,0,{},0.0,"{""common_neighbor_bin_l1"": 0.0, ""degree_product_bin_l1"": 0.0, ""is_boundary_edge_l1"": 0.0, ""is_bridge_edge_l1"": 0.0, ""is_inter_community_edge_l1"": 0.0, ""is_low_common_neighbor_edge_l1"": 0.0, ""mean_l1"": 0.0}",1,32,32,2172.8286413635556,0
realworld_completed,bio_celegans,SASB-candidate,sasb,SASB-structured,20260513,48,early,1.0,1.0,0.0,1,1,0,0.023703703703703703,0.02419753086419753,134,398,134--398,22,21,21,22,462,2,0.1,1,3,7,32,"[""96"", ""343"", ""53"", ""51"", ""118"", ""60"", ""147"", ""142"", ""143"", ""363"", ""145"", ""440"", ""144"", ""62"", ""52"", ""364"", ""220"", ""82"", ""83"", ""149"", ""121"", ""109"", ""154"", ""85"", ""307"", ""398"", ""404"", ""49"", ""214"", ""210"", ""260"", ""395""]",f02037f0c41a1fe99cda44ad13900048a7937711eabe12bcacb588310c298327,"{""boundary"": 12, ""community_rep"": 5, ""degree_core"": 10, ""random_fill"": 5}","{""degree_3_4"": 1, ""degree_5_8"": 4, ""degree_9_plus"": 27}","{""0"": 1, ""1"": 6, ""2"": 1, ""3"": 9, ""4"": 1, ""5"": 10, ""6"": 1, ""7"": 1, ""8"": 1, ""9"": 1}",272,"{""backend"": ""evaluate_m19_theory_calibrated.candidate_features"", ""delta_mode"": ""none"", ""k_max"": 512, ""k_min"": 64, ""variant"": ""conservative""}",272,0.1375821952453212,1.0,1.0,0.0,0.7463235294117647,"{""dp_257_plus"": 0.9926470588235294, ""dp_65_256"": 0.007352941176470588}","{""cn_0"": 0.7352941176470589, ""cn_1"": 0.011029411764705883, ""cn_2_3"": 0.10294117647058823, ""cn_4_8"": 0.1213235294117647, ""cn_9_plus"": 0.029411764705882353}",1.1875,1964.8492647058824,sasb_candidate_builder,26470ce432701b748ce3b6b57867afa39c7417e9a84dc74f8b239faa88c7d3f3,272,26470ce432701b748ce3b6b57867afa39c7417e9a84dc74f8b239faa88c7d3f3,"{""sasb_builder"": 272}",0,0,0,0,{},0.0,"{""common_neighbor_bin_l1"": 0.0, ""degree_product_bin_l1"": 0.0, ""is_boundary_edge_l1"": 0.0, ""is_bridge_edge_l1"": 0.0, ""is_inter_community_edge_l1"": 0.0, ""is_low_common_neighbor_edge_l1"": 0.0, ""mean_l1"": 0.0}",1,32,32,994.4886454538309,0
realworld_completed,bio_celegans,SASB-candidate,sasb,SASB-structured,20260513,49,early,1.0,1.0,0.0,1,1,0,0.02419753086419753,0.024691358024691357,118,145,118--145,61,58,58,61,3538,11,0.19298245614035087,1,6,1,32,"[""96"", ""343"", ""53"", ""51"", ""118"", ""60"", ""147"", ""142"", ""143"", ""363"", ""145"", ""440"", ""144"", ""62"", ""52"", ""364"", ""220"", ""82"", ""83"", ""149"", ""121"", ""109"", ""154"", ""85"", ""307"", ""398"", ""404"", ""403"", ""88"", ""46"", ""450"", ""87""]",38a0a43077d0127394e1f146117b7d4ee7da3c01ffa92867eddcd99b48acbb67,"{""boundary"": 12, ""community_rep"": 5, ""degree_core"": 10, ""random_fill"": 5}","{""degree_2"": 1, ""degree_3_4"": 3, ""degree_5_8"": 2, ""degree_9_plus"": 26}","{""0"": 1, ""1"": 7, ""2"": 2, ""3"": 7, ""4"": 1, ""5"": 8, ""6"": 1, ""7"": 1, ""8"": 3, ""9"": 1}",272,"{""backend"": ""evaluate_m19_theory_calibrated.candidate_features"", ""delta_mode"": ""none"", ""k_max"": 512, ""k_min"": 64, ""variant"": ""conservative""}",272,0.13765182186234817,1.0,1.0,0.0,0.7463235294117647,"{""dp_257_plus"": 0.9889705882352942, ""dp_65_256"": 0.011029411764705883}","{""cn_0"": 0.7352941176470589, ""cn_1"": 0.011029411764705883, ""cn_2_3"": 0.10294117647058823, ""cn_4_8"": 0.1213235294117647, ""cn_9_plus"": 0.029411764705882353}",1.1875,1963.0257352941176,sasb_candidate_builder,7d2c22f9164fe546b36e69c8f4ea21a277a3b0b300f1afad5f8fe827d3095049,272,7d2c22f9164fe546b36e69c8f4ea21a277a3b0b300f1afad5f8fe827d3095049,"{""sasb_builder"": 272}",0,0,0,0,{},0.0,"{""common_neighbor_bin_l1"": 0.0, ""degree_product_bin_l1"": 0.0, ""is_boundary_edge_l1"": 0.0, ""is_bridge_edge_l1"": 0.0, ""is_inter_community_edge_l1"": 0.0, ""is_low_common_neighbor_edge_l1"": 0.0, ""mean_l1"": 0.0}",1,32,32,1497.6588517977839,0
realworld_completed,bio_celegans,SASB-candidate,sasb,SASB-structured,20260513,50,early,1.0,1.0,0.0,1,1,0,0.024691358024691357,0.025185185185185185,52,62,52--62,37,53,37,53,1961,7,0.19444444444444445,1,5,3,32,"[""96"", ""53"", ""343"", ""51"", ""60"", ""118"", ""147"", ""363"", ""364"", ""142"", ""143"", ""62"", ""144"", ""145"", ""52"", ""220"", ""440"", ""82"", ""83"", ""149"", ""121"", ""109"", ""154"", ""85"", ""404"", ""17"", ""65"", ""414"", ""429"", ""423"", ""357"", ""334""]",d787b0a9ad112674bba3bb7330d07b478e7e1a0be8fc74d62e376622f0788867,"{""boundary"": 12, ""community_rep"": 3, ""degree_core"": 10, ""random_fill"": 7}","{""degree_2"": 1, ""degree_3_4"": 3, ""degree_5_8"": 4, ""degree_9_plus"": 24}","{""0"": 2, ""1"": 7, ""2"": 2, ""3"": 7, ""4"": 1, ""5"": 6, ""6"": 1, ""7"": 4, ""8"": 1, ""9"": 1}",272,"{""backend"": ""evaluate_m19_theory_calibrated.candidate_features"", ""delta_mode"": ""none"", ""k_max"": 512, ""k_min"": 64, ""variant"": ""conservative""}",272,0.13772151898734178,1.0,1.0,0.0,0.8014705882352942,"{""dp_257_plus"": 0.9852941176470589, ""dp_65_256"": 0.014705882352941176}","{""cn_0"": 0.7867647058823529, ""cn_1"": 0.014705882352941176, ""cn_2_3"": 0.07352941176470588, ""cn_4_8"": 0.09926470588235294, ""cn_9_plus"": 0.025735294117647058}",0.9926470588235294,1956.0735294117646,sasb_candidate_builder,33eff722d9640a5a9d965fe0aaf9c6b533e157c1d1f815d162ea1ee88180e50a,272,33eff722d9640a5a9d965fe0aaf9c6b533e157c1d1f815d162ea1ee88180e50a,"{""sasb_builder"": 272}",0,0,0,0,{},0.0,"{""common_neighbor_bin_l1"": 0.0, ""degree_product_bin_l1"": 0.0, ""is_boundary_edge_l1"": 0.0, ""is_bridge_edge_l1"": 0.0, ""is_inter_community_edge_l1"": 0.0, ""is_low_common_neighbor_edge_l1"": 0.0, ""mean_l1"": 0.0}",1,32,32,1265.850325510584,0
realworld_completed,bio_celegans,SASB-candidate,sasb,SASB-structured,20260513,51,early,1.0,1.0,0.0,1,1,0,0.025185185185185185,0.02567901234567901,154,363,154--363,21,61,21,61,1281,5,0.25,1,2,6,32,"[""96"", ""53"", ""343"", ""51"", ""60"", ""118"", ""147"", ""363"", ""364"", ""142"", ""143"", ""62"", ""144"", ""145"", ""52"", ""220"", ""440"", ""82"", ""83"", ""149"", ""121"", ""109"", ""154"", ""85"", ""404"", ""324"", ""339"", ""86"", ""192"", ""311"", ""358"", ""138""]",393fc85ec76b91a9dc08829dca7171e4e6a9df2d68250c2e60b1254e74cbee68,"{""boundary"": 12, ""community_rep"": 3, ""degree_core"": 10, ""random_fill"": 7}","{""degree_2"": 1, ""degree_3_4"": 2, ""degree_5_8"": 4, ""degree_9_plus"": 25}","{""0"": 1, ""1"": 9, ""2"": 1, ""3"": 6, ""4"": 1, ""5"": 6, ""6"": 1, ""7"": 5, ""8"": 1, ""9"": 1}",272,"{""backend"": ""evaluate_m19_theory_calibrated.candidate_features"", ""delta_mode"": ""none"", ""k_max"": 512, ""k_min"": 64, ""variant"": ""conservative""}",272,0.13779128672745694,1.0,1.0,0.0,0.8014705882352942,"{""dp_257_plus"": 0.9852941176470589, ""dp_65_256"": 0.014705882352941176}","{""cn_0"": 0.7867647058823529, ""cn_1"": 0.014705882352941176, ""cn_2_3"": 0.07352941176470588, ""cn_4_8"": 0.09926470588235294, ""cn_9_plus"": 0.025735294117647058}",0.9889705882352942,1951.110294117647,sasb_candidate_builder,96bb0857e7efb1cf42a404b3b474055e47706cbd4353edf04167c5a67e0981f3,272,96bb0857e7efb1cf42a404b3b474055e47706cbd4353edf04167c5a67e0981f3,"{""sasb_builder"": 272}",0,0,0,0,{},0.0,"{""common_neighbor_bin_l1"": 0.0, ""degree_product_bin_l1"": 0.0, ""is_boundary_edge_l1"": 0.0, ""is_bridge_edge_l1"": 0.0, ""is_inter_community_edge_l1"": 0.0, ""is_low_common_neighbor_edge_l1"": 0.0, ""mean_l1"": 0.0}",1,32,32,1062.776494476167,0
realworld_completed,bio_celegans,SASB-candidate,sasb,SASB-structured,20260513,52,early,1.0,1.0,0.0,1,1,0,0.02567901234567901,0.02617283950617284,74,96,74--96,6,217,6,217,1302,3,0.6,1,3,0,32,"[""96"", ""53"", ""343"", ""51"", ""60"", ""118"", ""147"", ""363"", ""364"", ""142"", ""143"", ""62"", ""144"", ""145"", ""52"", ""220"", ""440"", ""82"", ""83"", ""149"", ""121"", ""109"", ""154"", ""85"", ""404"", ""156"", ""292"", ""334"", ""224"", ""259"", ""356"", ""119""]",ae823a5bc0c36f4a43e660896b91b349f4bf6d8bf52f43f357e547c624536cee,"{""boundary"": 12, ""community_rep"": 3, ""degree_core"": 10, ""random_fill"": 7}","{""degree_2"": 1, ""degree_3_4"": 2, ""degree_5_8"": 5, ""degree_9_plus"": 24}","{""0"": 2, ""1"": 7, ""2"": 2, ""3"": 5, ""4"": 1, ""5"": 5, ""6"": 1, ""7"": 5, ""8"": 2, ""9"": 2}",272,"{""backend"": ""evaluate_m19_theory_calibrated.candidate_features"", ""delta_mode"": ""none"", ""k_max"": 512, ""k_min"": 64, ""variant"": ""conservative""}",272,0.13786112519006588,1.0,1.0,0.0,0.7977941176470589,"{""dp_257_plus"": 0.9852941176470589, ""dp_65_256"": 0.014705882352941176}","{""cn_0"": 0.7830882352941176, ""cn_1"": 0.014705882352941176, ""cn_2_3"": 0.07720588235294118, ""cn_4_8"": 0.09926470588235294, ""cn_9_plus"": 0.025735294117647058}",1.0073529411764706,1946.1654411764705,sasb_candidate_builder,b8d80345d541a7940ecb176f0358df432e09643a3c0b5bdf235dce736279f61a,272,b8d80345d541a7940ecb176f0358df432e09643a3c0b5bdf235dce736279f61a,"{""sasb_builder"": 272}",0,0,0,0,{},0.0,"{""common_neighbor_bin_l1"": 0.0, ""degree_product_bin_l1"": 0.0, ""is_boundary_edge_l1"": 0.0, ""is_bridge_edge_l1"": 0.0, ""is_inter_community_edge_l1"": 0.0, ""is_low_common_neighbor_edge_l1"": 0.0, ""mean_l1"": 0.0}",1,32,32,1699.2798478646785,0
realworld_completed,bio_celegans,SASB-candidate,sasb,SASB-structured,20260513,53,early,1.0,1.0,0.0,1,1,0,0.02617283950617284,0.02666666666666667,137,149,137--149,6,27,6,27,162,1,0.2,1,3,1,32,"[""96"", ""53"", ""343"", ""51"", ""60"", ""118"", ""147"", ""363"", ""364"", ""142"", ""143"", ""62"", ""144"", ""145"", ""52"", ""220"", ""440"", ""82"", ""83"", ""149"", ""121"", ""109"", ""154"", ""85"", ""404"", ""36"", ""137"", ""318"", ""189"", ""241"", ""247"", ""230""]",bd1a87254124d3402dc38c5141f333adfc4a7edfff2b9af111ae02f0a5f9002a,"{""boundary"": 12, ""community_rep"": 3, ""degree_core"": 10, ""random_fill"": 7}","{""degree_3_4"": 2, ""degree_5_8"": 4, ""degree_9_plus"": 26}","{""0"": 1, ""1"": 5, ""2"": 1, ""3"": 7, ""4"": 1, ""5"": 8, ""6"": 1, ""7"": 6, ""8"": 1, ""9"": 1}",272,"{""backend"": ""evaluate_m19_theory_calibrated.candidate_features"", ""delta_mode"": ""none"", ""k_max"": 512, ""k_min"": 64, ""variant"": ""conservative""}",272,0.13793103448275862,1.0,1.0,0.0,0.8014705882352942,"{""dp_257_plus"": 0.9852941176470589, ""dp_65_256"": 0.014705882352941176}","{""cn_0"": 0.7867647058823529, ""cn_1"": 0.014705882352941176, ""cn_2_3"": 0.07352941176470588, ""cn_4_8"": 0.09926470588235294, ""cn_9_plus"": 0.025735294117647058}",0.9963235294117647,1938.1654411764705,sasb_candidate_builder,b6f87f236b9f5ce42e074fae54f24cb8daa0212eb0b3f8a106b7b16dbf69fa54,272,b6f87f236b9f5ce42e074fae54f24cb8daa0212eb0b3f8a106b7b16dbf69fa54,"{""sasb_builder"": 272}",0,0,0,0,{},0.0,"{""common_neighbor_bin_l1"": 0.0, ""degree_product_bin_l1"": 0.0, ""is_boundary_edge_l1"": 0.0, ""is_bridge_edge_l1"": 0.0, ""is_inter_community_edge_l1"": 0.0, ""is_low_common_neighbor_edge_l1"": 0.0, ""mean_l1"": 0.0}",1,32,32,1383.9234812641728,0
realworld_completed,bio_celegans,SASB-candidate,sasb,SASB-structured,20260513,54,early,1.0,1.0,0.0,1,1,0,0.02666666666666667,0.027160493827160494,144,147,144--147,57,58,57,58,3306,9,0.16071428571428573,1,1,3,32,"[""96"", ""53"", ""343"", ""51"", ""60"", ""118"", ""147"", ""363"", ""364"", ""142"", ""143"", ""62"", ""144"", ""145"", ""52"", ""220"", ""440"", ""82"", ""83"", ""121"", ""149"", ""109"", ""154"", ""85"", ""404"", ""432"", ""390"", ""266"", ""227"", ""71"", ""236"", ""90""]",684da8f83b5fcb0b2074a2326594d1d39738634d0e899b8f8cff78ab3f64466e,"{""boundary"": 12, ""community_rep"": 3, ""degree_core"": 10, ""random_fill"": 7}","{""degree_3_4"": 3, ""degree_5_8"": 4, ""degree_9_plus"": 25}","{""0"": 2, ""1"": 7, ""2"": 2, ""3"": 5, ""4"": 1, ""5"": 6, ""6"": 1, ""7"": 5, ""8"": 1, ""9"": 2}",272,"{""backend"": ""evaluate_m19_theory_calibrated.candidate_features"", ""delta_mode"": ""none"", ""k_max"": 512, ""k_min"": 64, ""variant"": ""conservative""}",272,0.13800101471334347,1.0,1.0,0.0,0.8014705882352942,"{""dp_257_plus"": 0.9816176470588235, ""dp_65_256"": 0.01838235294117647}","{""cn_0"": 0.7867647058823529, ""cn_1"": 0.014705882352941176, ""cn_2_3"": 0.07352941176470588, ""cn_4_8"": 0.09926470588235294, ""cn_9_plus"": 0.025735294117647058}",0.9963235294117647,1929.1838235294117,sasb_candidate_builder,de53542f9147b6b20b51955fac8b40b7bbc11988b194283c54ebf0d2c6c38b96,272,de53542f9147b6b20b51955fac8b40b7bbc11988b194283c54ebf0d2c6c38b96,"{""sasb_builder"": 272}",0,0,0,0,{},0.0,"{""common_neighbor_bin_l1"": 0.0, ""degree_product_bin_l1"": 0.0, ""is_boundary_edge_l1"": 0.0, ""is_bridge_edge_l1"": 0.0, ""is_inter_community_edge_l1"": 0.0, ""is_low_common_neighbor_edge_l1"": 0.0, ""mean_l1"": 0.0}",1,32,32,1030.8024730826307,0
realworld_completed,bio_celegans,SASB-candidate,sasb,SASB-structured,20260513,55,early,1.0,1.0,0.0,1,1,0,0.027160493827160494,0.027654320987654323,19,96,19--96,7,216,7,216,1512,5,0.8333333333333334,1,3,0,32,"[""96"", ""53"", ""343"", ""51"", ""60"", ""118"", ""147"", ""363"", ""364"", ""142"", ""143"", ""62"", ""145"", ""144"", ""52"", ""220"", ""440"", ""82"", ""83"", ""121"", ""149"", ""109"", ""154"", ""85"", ""404"", ""216"", ""19"", ""369"", ""397"", ""265"", ""211"", ""231""]",6f6717b3673b7c0138cb003202fe0d599601ee2d13c3432e313195a1fa180b73,"{""boundary"": 12, ""community_rep"": 3, ""degree_core"": 10, ""random_fill"": 7}","{""degree_3_4"": 3, ""degree_5_8"": 4, ""degree_9_plus"": 25}","{""0"": 3, ""1"": 6, ""2"": 1, ""3"": 6, ""4"": 1, ""5"": 6, ""6"": 1, ""7"": 6, ""8"": 1, ""9"": 1}",272,"{""backend"": ""evaluate_m19_theory_calibrated.candidate_features"", ""delta_mode"": ""none"", ""k_max"": 512, ""k_min"": 64, ""variant"": ""conservative""}",272,0.13807106598984772,1.0,1.0,0.0,0.8051470588235294,"{""dp_257_plus"": 0.9816176470588235, ""dp_65_256"": 0.01838235294117647}","{""cn_0"": 0.7904411764705882, ""cn_1"": 0.014705882352941176, ""cn_2_3"": 0.07720588235294118, ""cn_4_8"": 0.09926470588235294, ""cn_9_plus"": 0.01838235294117647}",0.9522058823529411,1923.3713235294117,sasb_candidate_builder,1843c6146d8f538580efa6d0f3d00130b3220ed94b1756aeecc03537aca627e9,272,1843c6146d8f538580efa6d0f3d00130b3220ed94b1756aeecc03537aca627e9,"{""sasb_builder"": 272}",0,0,0,0,{},0.0,"{""common_neighbor_bin_l1"": 0.0, ""degree_product_bin_l1"": 0.0, ""is_boundary_edge_l1"": 0.0, ""is_bridge_edge_l1"": 0.0, ""is_inter_community_edge_l1"": 0.0, ""is_low_common_neighbor_edge_l1"": 0.0, ""mean_l1"": 0.0}",1,32,32,3491.8068900370477,0
realworld_completed,bio_celegans,SASB-candidate,sasb,SASB-structured,20260513,56,early,1.0,1.0,0.0,1,1,0,0.027654320987654323,0.028148148148148148,145,147,145--147,57,57,57,57,3249,8,0.14285714285714285,1,1,8,32,"[""96"", ""53"", ""343"", ""51"", ""60"", ""118"", ""147"", ""363"", ""364"", ""142"", ""143"", ""62"", ""145"", ""144"", ""52"", ""220"", ""440"", ""82"", ""83"", ""121"", ""149"", ""109"", ""154"", ""85"", ""404"", ""184"", ""236"", ""181"", ""72"", ""45"", ""402"", ""293""]",2ea9faffe818e88ad019051f3fdba33af63b4d19a7eb1f40a5310bc396794f0c,"{""boundary"": 12, ""community_rep"": 3, ""degree_core"": 10, ""random_fill"": 7}","{""degree_2"": 2, ""degree_3_4"": 1, ""degree_5_8"": 3, ""degree_9_plus"": 26}","{""0"": 2, ""1"": 6, ""2"": 1, ""3"": 6, ""4"": 2, ""5"": 6, ""6"": 1, ""7"": 6, ""8"": 1, ""9"": 1}",272,"{""backend"": ""evaluate_m19_theory_calibrated.candidate_features"", ""delta_mode"": ""none"", ""k_max"": 512, ""k_min"": 64, ""variant"": ""conservative""}",272,0.13814118842051804,1.0,1.0,0.0,0.8088235294117647,"{""dp_257_plus"": 0.9816176470588235, ""dp_65_256"": 0.01838235294117647}","{""cn_0"": 0.7941176470588235, ""cn_1"": 0.014705882352941176, ""cn_2_3"": 0.08088235294117647, ""cn_4_8"": 0.09191176470588236, ""cn_9_plus"": 0.01838235294117647}",0.9301470588235294,1916.1213235294117,sasb_candidate_builder,8f4db68dd984749d010250840919f6e622d336ea168d9e2b3198fccdd0a55540,272,8f4db68dd984749d010250840919f6e622d336ea168d9e2b3198fccdd0a55540,"{""sasb_builder"": 272}",0,0,0,0,{},0.0,"{""common_neighbor_bin_l1"": 0.0, ""degree_product_bin_l1"": 0.0, ""is_boundary_edge_l1"": 0.0, ""is_bridge_edge_l1"": 0.0, ""is_inter_community_edge_l1"": 0.0, ""is_low_common_neighbor_edge_l1"": 0.0, ""mean_l1"": 0.0}",1,32,32,1224.3699218025113,0
realworld_completed,bio_celegans,SASB-candidate,sasb,SASB-structured,20260513,57,early,1.0,1.0,0.0,1,1,0,0.028148148148148148,0.028641975308641977,121,142,121--142,26,72,26,72,1872,5,0.2,1,6,1,32,"[""96"", ""53"", ""343"", ""51"", ""60"", ""118"", ""147"", ""363"", ""364"", ""142"", ""143"", ""62"", ""144"", ""145"", ""52"", ""220"", ""440"", ""82"", ""83"", ""121"", ""149"", ""109"", ""154"", ""85"", ""404"", ""112"", ""396"", ""420"", ""44"", ""212"", ""123"", ""391""]",449c803158f6b71d60accaa5745b1adc58d744b2987e8ad46901e3b777f82f3a,"{""boundary"": 12, ""community_rep"": 3, ""degree_core"": 10, ""random_fill"": 7}","{""degree_3_4"": 2, ""degree_5_8"": 5, ""degree_9_plus"": 25}","{""0"": 1, ""1"": 7, ""2"": 2, ""3"": 6, ""4"": 1, ""5"": 5, ""6"": 1, ""7"": 5, ""8"": 2, ""9"": 2}",272,"{""backend"": ""evaluate_m19_theory_calibrated.candidate_features"", ""delta_mode"": ""none"", ""k_max"": 512, ""k_min"": 64, ""variant"": ""conservative""}",272,0.13821138211382114,1.0,1.0,0.0,0.8125,"{""dp_257_plus"": 0.9816176470588235, ""dp_65_256"": 0.01838235294117647}","{""cn_0"": 0.7977941176470589, ""cn_1"": 0.014705882352941176, ""cn_2_3"": 0.08455882352941177, ""cn_4_8"": 0.08455882352941177, ""cn_9_plus"": 0.01838235294117647}",0.8933823529411765,1918.764705882353,sasb_candidate_builder,b2535a07163f47fe8ce53fc16716d767cbd3a0fa7fdb006e0e6dfb1e9a57af5e,272,b2535a07163f47fe8ce53fc16716d767cbd3a0fa7fdb006e0e6dfb1e9a57af5e,"{""sasb_builder"": 272}",0,0,0,0,{},0.0,"{""common_neighbor_bin_l1"": 0.0, ""degree_product_bin_l1"": 0.0, ""is_boundary_edge_l1"": 0.0, ""is_bridge_edge_l1"": 0.0, ""is_inter_community_edge_l1"": 0.0, ""is_low_common_neighbor_edge_l1"": 0.0, ""mean_l1"": 0.0}",1,32,32,920.7376584353375,0
realworld_completed,bio_celegans,SASB-candidate,sasb,SASB-structured,20260513,58,early,1.0,1.0,0.0,1,1,0,0.028641975308641977,0.029135802469135802,121,143,121--143,25,72,25,72,1800,4,0.16666666666666666,1,5,1,32,"[""96"", ""53"", ""343"", ""51"", ""60"", ""118"", ""147"", ""363"", ""364"", ""143"", ""142"", ""62"", ""144"", ""145"", ""52"", ""220"", ""440"", ""82"", ""83"", ""149"", ""121"", ""109"", ""154"", ""85"", ""404"", ""217"", ""384"", ""129"", ""386"", ""431"", ""413"", ""80""]",7f912781a5caab9d3386af98d49f825708d4ba95231419aec0bb4b0cc6c843b4,"{""boundary"": 12, ""community_rep"": 3, ""degree_core"": 10, ""random_fill"": 7}","{""degree_3_4"": 2, ""degree_5_8"": 5, ""degree_9_plus"": 25}","{""0"": 2, ""1"": 6, ""2"": 1, ""3"": 6, ""4"": 1, ""5"": 5, ""6"": 1, ""7"": 6, ""8"": 2, ""9"": 2}",272,"{""backend"": ""evaluate_m19_theory_calibrated.candidate_features"", ""delta_mode"": ""none"", ""k_max"": 512, ""k_min"": 64, ""variant"": ""conservative""}",272,0.13828164717844432,1.0,1.0,0.0,0.8161764705882353,"{""dp_257_plus"": 0.9816176470588235, ""dp_65_256"": 0.01838235294117647}","{""cn_0"": 0.8014705882352942, ""cn_1"": 0.014705882352941176, ""cn_2_3"": 0.08455882352941177, ""cn_4_8"": 0.08088235294117647, ""cn_9_plus"": 0.01838235294117647}",0.8713235294117647,1910.639705882353,sasb_candidate_builder,25381e66a9e30ba2d3591d944c64af4c5928914360b9509c8c75ebb821fc01a6,272,25381e66a9e30ba2d3591d944c64af4c5928914360b9509c8c75ebb821fc01a6,"{""sasb_builder"": 272}",0,0,0,0,{},0.0,"{""common_neighbor_bin_l1"": 0.0, ""degree_product_bin_l1"": 0.0, ""is_boundary_edge_l1"": 0.0, ""is_bridge_edge_l1"": 0.0, ""is_inter_community_edge_l1"": 0.0, ""is_low_common_neighbor_edge_l1"": 0.0, ""mean_l1"": 0.0}",1,32,32,1034.9829962348915,0
realworld_completed,bio_celegans,SASB-candidate,sasb,SASB-structured,20260513,59,early,1.0,1.0,0.0,1,1,0,0.029135802469135802,0.02962962962962963,160,363,160--363,15,60,15,60,900,3,0.21428571428571427,1,9,6,32,"[""96"", ""53"", ""343"", ""51"", ""60"", ""118"", ""147"", ""363"", ""364"", ""142"", ""143"", ""62"", ""144"", ""145"", ""52"", ""220"", ""440"", ""82"", ""83"", ""149"", ""109"", ""121"", ""154"", ""85"", ""404"", ""215"", ""329"", ""30"", ""182"", ""309"", ""176"", ""230""]",6466dab080b9829293a15ba6055a2f8afbd7b31ef9d1fff9253926d939ced943,"{""boundary"": 12, ""community_rep"": 3, ""degree_core"": 10, ""random_fill"": 7}","{""degree_3_4"": 4, ""degree_5_8"": 2, ""degree_9_plus"": 26}","{""0"": 1, ""1"": 6, ""2"": 2, ""3"": 7, ""4"": 1, ""5"": 6, ""6"": 1, ""7"": 6, ""8"": 1, ""9"": 1}",272,"{""backend"": ""evaluate_m19_theory_calibrated.candidate_features"", ""delta_mode"": ""none"", ""k_max"": 512, ""k_min"": 64, ""variant"": ""conservative""}",272,0.13835198372329605,1.0,1.0,0.0,0.8198529411764706,"{""dp_257_plus"": 0.9816176470588235, ""dp_65_256"": 0.01838235294117647}","{""cn_0"": 0.8051470588235294, ""cn_1"": 0.014705882352941176, ""cn_2_3"": 0.08455882352941177, ""cn_4_8"": 0.07720588235294118, ""cn_9_plus"": 0.01838235294117647}",0.8566176470588235,1903.25,sasb_candidate_builder,019d88cc54aa93d7b4d79d41bd69e00666078373e7da1598f6b6662f8f2da4d4,272,019d88cc54aa93d7b4d79d41bd69e00666078373e7da1598f6b6662f8f2da4d4,"{""sasb_builder"": 272}",0,0,0,0,{},0.0,"{""common_neighbor_bin_l1"": 0.0, ""degree_product_bin_l1"": 0.0, ""is_boundary_edge_l1"": 0.0, ""is_bridge_edge_l1"": 0.0, ""is_inter_community_edge_l1"": 0.0, ""is_low_common_neighbor_edge_l1"": 0.0, ""mean_l1"": 0.0}",1,32,32,1014.2313372316538,0
realworld_completed,bio_celegans,SASB-candidate,sasb,SASB-structured,20260513,60,early,1.0,1.0,0.0,1,1,0,0.02962962962962963,0.030123456790123456,60,76,60--76,61,6,6,61,366,3,0.6,1,5,2,32,"[""96"", ""343"", ""53"", ""51"", ""60"", ""118"", ""147"", ""363"", ""142"", ""143"", ""62"", ""364"", ""144"", ""145"", ""52"", ""220"", ""440"", ""82"", ""83"", ""149"", ""109"", ""121"", ""154"", ""85"", ""404"", ""322"", ""81"", ""286"", ""203"", ""76"", ""130"", ""0""]",0159ba4f813751d2f4cf53a8c6a0c7c7f1c77e2190a36e9c309664ce6b8177a0,"{""boundary"": 12, ""community_rep"": 4, ""degree_core"": 10, ""random_fill"": 6}","{""degree_3_4"": 1, ""degree_5_8"": 5, ""degree_9_plus"": 26}","{""0"": 1, ""1"": 9, ""10"": 1, ""2"": 2, ""3"": 6, ""4"": 1, ""5"": 6, ""6"": 1, ""7"": 3, ""8"": 1, ""9"": 1}",272,"{""backend"": ""evaluate_m19_theory_calibrated.candidate_features"", ""delta_mode"": ""none"", ""k_max"": 512, ""k_min"": 64, ""variant"": ""conservative""}",272,0.13842239185750635,1.0,1.0,0.0,0.7941176470588235,"{""dp_257_plus"": 0.9889705882352942, ""dp_65_256"": 0.011029411764705883}","{""cn_0"": 0.7830882352941176, ""cn_1"": 0.011029411764705883, ""cn_2_3"": 0.10294117647058823, ""cn_4_8"": 0.08455882352941177, ""cn_9_plus"": 0.01838235294117647}",0.9044117647058824,1920.3419117647059,sasb_candidate_builder,65fbd59948772d3c9239d6913460f6ba26dfb52b25c8721561775e531054a33a,272,65fbd59948772d3c9239d6913460f6ba26dfb52b25c8721561775e531054a33a,"{""sasb_builder"": 272}",0,0,0,0,{},0.0,"{""common_neighbor_bin_l1"": 0.0, ""degree_product_bin_l1"": 0.0, ""is_boundary_edge_l1"": 0.0, ""is_bridge_edge_l1"": 0.0, ""is_inter_community_edge_l1"": 0.0, ""is_low_common_neighbor_edge_l1"": 0.0, ""mean_l1"": 0.0}",1,32,32,2742.4709104717517,0
realworld_completed,bio_celegans,SASB-candidate,sasb,SASB-structured,20260513,61,early,1.0,1.0,0.0,1,1,0,0.030123456790123456,0.030617283950617285,322,343,322--343,10,97,10,97,970,5,0.5555555555555556,1,10,7,32,"[""96"", ""343"", ""53"", ""51"", ""60"", ""118"", ""147"", ""363"", ""142"", ""143"", ""62"", ""364"", ""144"", ""145"", ""52"", ""220"", ""440"", ""82"", ""83"", ""149"", ""109"", ""121"", ""154"", ""85"", ""404"", ""322"", ""406"", ""250"", ""173"", ""111"", ""241"", ""285""]",a457b6482c04259cb1a3ebeac7d6b333e64f6114b45de31b2cf3188356ed75e9,"{""boundary"": 12, ""community_rep"": 4, ""degree_core"": 10, ""random_fill"": 6}","{""degree_3_4"": 1, ""degree_5_8"": 5, ""degree_9_plus"": 26}","{""0"": 2, ""1"": 6, ""10"": 1, ""2"": 1, ""3"": 8, ""4"": 1, ""5"": 5, ""6"": 1, ""7"": 4, ""8"": 1, ""9"": 2}",272,"{""backend"": ""evaluate_m19_theory_calibrated.candidate_features"", ""delta_mode"": ""none"", ""k_max"": 512, ""k_min"": 64, ""variant"": ""conservative""}",272,0.1384928716904277,1.0,1.0,0.0,0.7977941176470589,"{""dp_257_plus"": 0.9889705882352942, ""dp_65_256"": 0.011029411764705883}","{""cn_0"": 0.7867647058823529, ""cn_1"": 0.011029411764705883, ""cn_2_3"": 0.09926470588235294, ""cn_4_8"": 0.08455882352941177, ""cn_9_plus"": 0.01838235294117647}",0.8933823529411765,1921.5036764705883,sasb_candidate_builder,846d0eeacdeb4c14b9dfc8f327b26833dfcbe6ce61e781da2ec3192cf547c303,272,846d0eeacdeb4c14b9dfc8f327b26833dfcbe6ce61e781da2ec3192cf547c303,"{""sasb_builder"": 272}",0,0,0,0,{},0.0,"{""common_neighbor_bin_l1"": 0.0, ""degree_product_bin_l1"": 0.0, ""is_boundary_edge_l1"": 0.0, ""is_bridge_edge_l1"": 0.0, ""is_inter_community_edge_l1"": 0.0, ""is_low_common_neighbor_edge_l1"": 0.0, ""mean_l1"": 0.0}",1,32,32,1784.9622263933975,0
realworld_completed,bio_celegans,SASB-candidate,sasb,SASB-structured,20260513,62,early,1.0,1.0,0.0,1,1,0,0.030617283950617285,0.03111111111111111,14,60,14--60,5,60,5,60,300,2,0.5,1,0,3,32,"[""96"", ""343"", ""53"", ""51"", ""60"", ""118"", ""147"", ""363"", ""142"", ""143"", ""62"", ""364"", ""144"", ""145"", ""52"", ""220"", ""440"", ""82"", ""83"", ""149"", ""109"", ""121"", ""154"", ""85"", ""404"", ""322"", ""19"", ""193"", ""14"", ""249"", ""150"", ""192""]",a8adc694204a15aa7118f3993d7244e6d3ab30dda44f2f93f4238e900a2890b8,"{""boundary"": 12, ""community_rep"": 4, ""degree_core"": 10, ""random_fill"": 6}","{""degree_3_4"": 1, ""degree_5_8"": 4, ""degree_9_plus"": 27}","{""0"": 2, ""1"": 9, ""10"": 1, ""2"": 1, ""3"": 6, ""4"": 2, ""5"": 5, ""6"": 1, ""7"": 3, ""8"": 1, ""9"": 1}",271,"{""backend"": ""evaluate_m19_theory_calibrated.candidate_features"", ""delta_mode"": ""none"", ""k_max"": 512, ""k_min"": 64, ""variant"": ""conservative""}",271,0.1380539989811513,1.0,1.0,0.0,0.8007380073800738,"{""dp_257_plus"": 0.988929889298893, ""dp_65_256"": 0.01107011070110701}","{""cn_0"": 0.7896678966789668, ""cn_1"": 0.01107011070110701, ""cn_2_3"": 0.0996309963099631, ""cn_4_8"": 0.08118081180811808, ""cn_9_plus"": 0.01845018450184502}",0.8782287822878229,1921.9852398523985,sasb_candidate_builder,9e09eadee395d88dc8e144ef670441c0bbc3682eaf7ed52f757e53c81b8b4b99,271,9e09eadee395d88dc8e144ef670441c0bbc3682eaf7ed52f757e53c81b8b4b99,"{""sasb_builder"": 271}",0,0,0,0,{},0.0,"{""common_neighbor_bin_l1"": 0.0, ""degree_product_bin_l1"": 0.0, ""is_boundary_edge_l1"": 0.0, ""is_bridge_edge_l1"": 0.0, ""is_inter_community_edge_l1"": 0.0, ""is_low_common_neighbor_edge_l1"": 0.0, ""mean_l1"": 0.0}",1,32,32,1496.7020691249143,0
realworld_completed,bio_celegans,SASB-candidate,sasb,SASB-structured,20260513,63,early,1.0,1.0,0.0,1,1,0,0.03111111111111111,0.03160493827160494,96,98,96--98,215,15,15,215,3225,12,0.8571428571428571,1,0,3,32,"[""96"", ""343"", ""53"", ""51"", ""60"", ""118"", ""147"", ""363"", ""142"", ""143"", ""62"", ""364"", ""144"", ""145"", ""52"", ""220"", ""440"", ""82"", ""83"", ""149"", ""109"", ""121"", ""154"", ""85"", ""404"", ""322"", ""13"", ""187"", ""98"", ""323"", ""68"", ""137""]",29f9cfd2c135a14fe8ddd551e78dac4ab27182f7f22422f1251113887cd4292a,"{""boundary"": 12, ""community_rep"": 4, ""degree_core"": 10, ""random_fill"": 6}","{""degree_3_4"": 3, ""degree_5_8"": 3, ""degree_9_plus"": 26}","{""0"": 1, ""1"": 7, ""10"": 1, ""2"": 1, ""3"": 8, ""4"": 1, ""5"": 6, ""6"": 1, ""7"": 2, ""8"": 1, ""9"": 3}",271,"{""backend"": ""evaluate_m19_theory_calibrated.candidate_features"", ""delta_mode"": ""none"", ""k_max"": 512, ""k_min"": 64, ""variant"": ""conservative""}",271,0.1381243628950051,1.0,1.0,0.0,0.8044280442804428,"{""dp_257_plus"": 0.985239852398524, ""dp_65_256"": 0.014760147601476014}","{""cn_0"": 0.7933579335793358, ""cn_1"": 0.01107011070110701, ""cn_2_3"": 0.0959409594095941, ""cn_4_8"": 0.08118081180811808, ""cn_9_plus"": 0.01845018450184502}",0.8708487084870848,1920.3247232472324,sasb_candidate_builder,a77b576f3cbf35b4a420d09be73e8f55a49efb66a1056d981ae57a7f3d95e2d0,271,a77b576f3cbf35b4a420d09be73e8f55a49efb66a1056d981ae57a7f3d95e2d0,"{""sasb_builder"": 271}",0,0,0,0,{},0.0,"{""common_neighbor_bin_l1"": 0.0, ""degree_product_bin_l1"": 0.0, ""is_boundary_edge_l1"": 0.0, ""is_bridge_edge_l1"": 0.0, ""is_inter_community_edge_l1"": 0.0, ""is_low_common_neighbor_edge_l1"": 0.0, ""mean_l1"": 0.0}",1,32,32,2660.7504506373884,0
realworld_completed,bio_celegans,SASB-candidate,sasb,SASB-structured,20260513,64,early,1.0,1.0,0.0,1,1,0,0.03160493827160494,0.03209876543209877,220,363,220--363,35,59,35,59,2065,6,0.17647058823529413,1,4,8,32,"[""96"", ""343"", ""53"", ""51"", ""60"", ""118"", ""147"", ""363"", ""142"", ""143"", ""62"", ""364"", ""144"", ""145"", ""52"", ""220"", ""440"", ""82"", ""83"", ""149"", ""109"", ""121"", ""154"", ""85"", ""404"", ""322"", ""236"", ""16"", ""169"", ""397"", ""165"", ""291""]",61ff6076713a2f72793a8612bd29043c776fa111eb848957df9f2ab567faefcb,"{""boundary"": 12, ""community_rep"": 4, ""degree_core"": 10, ""random_fill"": 6}","{""degree_3_4"": 3, ""degree_5_8"": 3, ""degree_9_plus"": 26}","{""0"": 3, ""1"": 6, ""10"": 1, ""2"": 1, ""3"": 8, ""4"": 2, ""5"": 5, ""6"": 1, ""7"": 3, ""8"": 1, ""9"": 1}",271,"{""backend"": ""evaluate_m19_theory_calibrated.candidate_features"", ""delta_mode"": ""none"", ""k_max"": 512, ""k_min"": 64, ""variant"": ""conservative""}",271,0.13819479857215705,1.0,1.0,0.0,0.8118081180811808,"{""dp_257_plus"": 0.985239852398524, ""dp_65_256"": 0.014760147601476014}","{""cn_0"": 0.7970479704797048, ""cn_1"": 0.014760147601476014, ""cn_2_3"": 0.09225092250922509, ""cn_4_8"": 0.08118081180811808, ""cn_9_plus"": 0.014760147601476014}",0.8154981549815498,1907.479704797048,sasb_candidate_builder,17f2ae16095468c30c8103722c30a0bb3e8ddfa14491b69d1c42299374899be6,271,17f2ae16095468c30c8103722c30a0bb3e8ddfa14491b69d1c42299374899be6,"{""sasb_builder"": 271}",0,0,0,0,{},0.0,"{""common_neighbor_bin_l1"": 0.0, ""degree_product_bin_l1"": 0.0, ""is_boundary_edge_l1"": 0.0, ""is_bridge_edge_l1"": 0.0, ""is_inter_community_edge_l1"": 0.0, ""is_low_common_neighbor_edge_l1"": 0.0, ""mean_l1"": 0.0}",1,32,32,762.0079424885698,0
realworld_completed,bio_celegans,SASB-candidate,sasb,SASB-structured,20260513,65,early,1.0,1.0,0.0,1,1,0,0.03209876543209877,0.03259259259259259,125,147,125--147,11,56,11,56,616,4,0.4,1,1,6,32,"[""96"", ""343"", ""53"", ""51"", ""60"", ""118"", ""147"", ""363"", ""142"", ""143"", ""62"", ""364"", ""144"", ""145"", ""52"", ""220"", ""440"", ""82"", ""83"", ""149"", ""109"", ""121"", ""154"", ""85"", ""404"", ""322"", ""138"", ""125"", ""133"", ""358"", ""205"", ""233""]",c7c5649db93d21faddf855a9480164d4df6b17cdf50e74c6fd3c403539e14c53,"{""boundary"": 12, ""community_rep"": 4, ""degree_core"": 10, ""random_fill"": 6}","{""degree_3_4"": 3, ""degree_5_8"": 3, ""degree_9_plus"": 26}","{""0"": 2, ""1"": 9, ""10"": 1, ""2"": 1, ""3"": 6, ""4"": 1, ""5"": 6, ""6"": 2, ""7"": 2, ""8"": 1, ""9"": 1}",271,"{""backend"": ""evaluate_m19_theory_calibrated.candidate_features"", ""delta_mode"": ""none"", ""k_max"": 512, ""k_min"": 64, ""variant"": ""conservative""}",271,0.13826530612244897,1.0,1.0,0.0,0.8154981549815498,"{""dp_257_plus"": 0.985239852398524, ""dp_65_256"": 0.014760147601476014}","{""cn_0"": 0.8007380073800738, ""cn_1"": 0.014760147601476014, ""cn_2_3"": 0.09225092250922509, ""cn_4_8"": 0.07749077490774908, ""cn_9_plus"": 0.014760147601476014}",0.7933579335793358,1900.8487084870849,sasb_candidate_builder,b426e1e8920e1c7725054d2d76c598edb7e312e3f18b137656995d38c5610533,271,b426e1e8920e1c7725054d2d76c598edb7e312e3f18b137656995d38c5610533,"{""sasb_builder"": 271}",0,0,0,0,{},0.0,"{""common_neighbor_bin_l1"": 0.0, ""degree_product_bin_l1"": 0.0, ""is_boundary_edge_l1"": 0.0, ""is_bridge_edge_l1"": 0.0, ""is_inter_community_edge_l1"": 0.0, ""is_low_common_neighbor_edge_l1"": 0.0, ""mean_l1"": 0.0}",1,32,32,634.4998891511902,0
realworld_completed,bio_celegans,SASB-candidate,sasb,SASB-structured,20260513,66,early,1.0,1.0,0.0,1,1,0,0.03259259259259259,0.03308641975308642,34,96,34--96,5,214,5,214,1070,4,1.0,1,1,0,32,"[""96"", ""343"", ""53"", ""51"", ""60"", ""118"", ""147"", ""363"", ""142"", ""143"", ""62"", ""364"", ""144"", ""145"", ""52"", ""220"", ""440"", ""82"", ""83"", ""149"", ""109"", ""121"", ""154"", ""85"", ""404"", ""322"", ""4"", ""34"", ""309"", ""295"", ""418"", ""95""]",4f7a705b41839b7066d829f4058d212f5981006d7971af36adc7cf52f09aa834,"{""boundary"": 12, ""community_rep"": 4, ""degree_core"": 10, ""random_fill"": 6}","{""degree_3_4"": 1, ""degree_5_8"": 4, ""degree_9_plus"": 27}","{""0"": 2, ""1"": 8, ""10"": 1, ""2"": 2, ""3"": 7, ""4"": 2, ""5"": 5, ""6"": 1, ""7"": 2, ""8"": 1, ""9"": 1}",271,"{""backend"": ""evaluate_m19_theory_calibrated.candidate_features"", ""delta_mode"": ""none"", ""k_max"": 512, ""k_min"": 64, ""variant"": ""conservative""}",271,0.1383358856559469,1.0,1.0,0.0,0.8191881918819188,"{""dp_257_plus"": 0.985239852398524, ""dp_65_256"": 0.014760147601476014}","{""cn_0"": 0.8044280442804428, ""cn_1"": 0.014760147601476014, ""cn_2_3"": 0.09225092250922509, ""cn_4_8"": 0.07380073800738007, ""cn_9_plus"": 0.014760147601476014}",0.7785977859778598,1899.5571955719556,sasb_candidate_builder,231fcaabef42dfb9961231c43c0db38e9ca5bd11b64b3c03f74a4f63b077306c,271,231fcaabef42dfb9961231c43c0db38e9ca5bd11b64b3c03f74a4f63b077306c,"{""sasb_builder"": 271}",0,0,0,0,{},0.0,"{""common_neighbor_bin_l1"": 0.0, ""degree_product_bin_l1"": 0.0, ""is_boundary_edge_l1"": 0.0, ""is_bridge_edge_l1"": 0.0, ""is_inter_community_edge_l1"": 0.0, ""is_low_common_neighbor_edge_l1"": 0.0, ""mean_l1"": 0.0}",1,32,32,4840.070599350392,0
realworld_completed,bio_celegans,SASB-candidate,sasb,SASB-structured,20260513,67,early,1.0,1.0,0.0,1,1,0,0.03308641975308642,0.03358024691358025,332,343,332--343,6,96,6,96,576,4,0.8,0,6,6,32,"[""96"", ""343"", ""53"", ""51"", ""60"", ""118"", ""147"", ""363"", ""142"", ""143"", ""62"", ""364"", ""144"", ""145"", ""52"", ""220"", ""440"", ""82"", ""83"", ""149"", ""109"", ""121"", ""154"", ""85"", ""404"", ""322"", ""267"", ""98"", ""332"", ""188"", ""262"", ""438""]",74164614756bbc8959b356086bd3da1d43db0c99d004715b57c65bdfda5df6b8,"{""boundary"": 12, ""community_rep"": 4, ""degree_core"": 10, ""random_fill"": 6}","{""degree_3_4"": 1, ""degree_5_8"": 4, ""degree_9_plus"": 27}","{""0"": 1, ""1"": 8, ""10"": 1, ""2"": 1, ""3"": 7, ""4"": 1, ""5"": 6, ""6"": 2, ""7"": 3, ""8"": 1, ""9"": 1}",271,"{""backend"": ""evaluate_m19_theory_calibrated.candidate_features"", ""delta_mode"": ""none"", ""k_max"": 512, ""k_min"": 64, ""variant"": ""conservative""}",271,0.13840653728294178,1.0,1.0,0.0,0.8228782287822878,"{""dp_257_plus"": 0.985239852398524, ""dp_65_256"": 0.014760147601476014}","{""cn_0"": 0.8044280442804428, ""cn_1"": 0.01845018450184502, ""cn_2_3"": 0.08856088560885608, ""cn_4_8"": 0.07380073800738007, ""cn_9_plus"": 0.014760147601476014}",0.7749077490774908,1893.0627306273063,sasb_candidate_builder,3e426caf55b081e910faeee40e581da86fc735a35a08c163794dc457ff9a777d,271,3e426caf55b081e910faeee40e581da86fc735a35a08c163794dc457ff9a777d,"{""sasb_builder"": 271}",0,0,0,0,{},0.0,"{""common_neighbor_bin_l1"": 0.0, ""degree_product_bin_l1"": 0.0, ""is_boundary_edge_l1"": 0.0, ""is_bridge_edge_l1"": 0.0, ""is_inter_community_edge_l1"": 0.0, ""is_low_common_neighbor_edge_l1"": 0.0, ""mean_l1"": 0.0}",1,32,32,2391.7678528974575,0
realworld_completed,bio_celegans,SASB-candidate,sasb,SASB-structured,20260513,68,early,1.0,1.0,0.0,1,1,0,0.03358024691358025,0.034074074074074076,21,96,21--96,4,213,4,213,852,1,0.3333333333333333,1,3,0,32,"[""96"", ""343"", ""53"", ""51"", ""60"", ""118"", ""147"", ""363"", ""142"", ""143"", ""62"", ""364"", ""144"", ""145"", ""52"", ""220"", ""440"", ""82"", ""83"", ""149"", ""109"", ""121"", ""154"", ""85"", ""404"", ""322"", ""128"", ""387"", ""173"", ""356"", ""258"", ""352""]",6ac164df406ad538c24ab78e48eecb0723028af25255bbd0e011f27880df77cf,"{""boundary"": 12, ""community_rep"": 4, ""degree_core"": 10, ""random_fill"": 6}","{""degree_2"": 1, ""degree_3_4"": 3, ""degree_5_8"": 3, ""degree_9_plus"": 25}","{""0"": 4, ""1"": 7, ""10"": 1, ""2"": 1, ""3"": 6, ""4"": 1, ""5"": 5, ""6"": 1, ""7"": 3, ""8"": 1, ""9"": 2}",271,"{""backend"": ""evaluate_m19_theory_calibrated.candidate_features"", ""delta_mode"": ""none"", ""k_max"": 512, ""k_min"": 64, ""variant"": ""conservative""}",271,0.13847726111394992,1.0,1.0,0.0,0.8265682656826568,"{""dp_257_plus"": 0.985239852398524, ""dp_65_256"": 0.014760147601476014}","{""cn_0"": 0.8081180811808119, ""cn_1"": 0.01845018450184502, ""cn_2_3"": 0.08856088560885608, ""cn_4_8"": 0.07011070110701106, ""cn_9_plus"": 0.014760147601476014}",0.7527675276752768,1890.5571955719556,sasb_candidate_builder,cc49514e6a0f512fb1e2e95ef0ce2398dd2c20d0a4b1dc5ff9bb2a3f5b19ad74,271,cc49514e6a0f512fb1e2e95ef0ce2398dd2c20d0a4b1dc5ff9bb2a3f5b19ad74,"{""sasb_builder"": 271}",0,0,0,0,{},0.0,"{""common_neighbor_bin_l1"": 0.0, ""degree_product_bin_l1"": 0.0, ""is_boundary_edge_l1"": 0.0, ""is_bridge_edge_l1"": 0.0, ""is_inter_community_edge_l1"": 0.0, ""is_low_common_neighbor_edge_l1"": 0.0, ""mean_l1"": 0.0}",1,32,32,608.6711755206663,0
realworld_completed,bio_celegans,SASB-candidate,sasb,SASB-structured,20260513,69,early,1.0,1.0,0.0,1,1,0,0.034074074074074076,0.0345679012345679,32,96,32--96,23,212,23,212,4876,10,0.45454545454545453,1,6,0,32,"[""96"", ""343"", ""53"", ""51"", ""60"", ""118"", ""147"", ""363"", ""142"", ""143"", ""62"", ""364"", ""144"", ""145"", ""52"", ""220"", ""440"", ""82"", ""83"", ""149"", ""109"", ""121"", ""154"", ""85"", ""404"", ""322"", ""223"", ""423"", ""113"", ""229"", ""28"", ""417""]",43154255beac27dfe0e301da73ef3aef759df04335ad542daa90389f5d1909cb,"{""boundary"": 12, ""community_rep"": 4, ""degree_core"": 10, ""random_fill"": 6}","{""degree_3_4"": 2, ""degree_5_8"": 4, ""degree_9_plus"": 26}","{""0"": 2, ""1"": 7, ""10"": 1, ""2"": 1, ""3"": 8, ""4"": 1, ""5"": 5, ""6"": 1, ""7"": 3, ""8"": 1, ""9"": 2}",271,"{""backend"": ""evaluate_m19_theory_calibrated.candidate_features"", ""delta_mode"": ""none"", ""k_max"": 512, ""k_min"": 64, ""variant"": ""conservative""}",271,0.1385480572597137,1.0,1.0,0.0,0.8265682656826568,"{""dp_257_plus"": 0.985239852398524, ""dp_65_256"": 0.014760147601476014}","{""cn_0"": 0.8118081180811808, ""cn_1"": 0.014760147601476014, ""cn_2_3"": 0.08856088560885608, ""cn_4_8"": 0.07011070110701106, ""cn_9_plus"": 0.014760147601476014}",0.7490774907749077,1883.5498154981549,sasb_candidate_builder,93b9beb15fd50eed263ca4f2dd314701dfe10c7ece86bac91a69dfe3a5ba9a1f,271,93b9beb15fd50eed263ca4f2dd314701dfe10c7ece86bac91a69dfe3a5ba9a1f,"{""sasb_builder"": 271}",0,0,0,0,{},0.0,"{""common_neighbor_bin_l1"": 0.0, ""degree_product_bin_l1"": 0.0, ""is_boundary_edge_l1"": 0.0, ""is_bridge_edge_l1"": 0.0, ""is_inter_community_edge_l1"": 0.0, ""is_low_common_neighbor_edge_l1"": 0.0, ""mean_l1"": 0.0}",1,32,32,740.6529222463836,0
realworld_completed,bio_celegans,SASB-candidate,sasb,SASB-structured,20260513,70,early,1.0,1.0,0.0,1,1,0,0.0345679012345679,0.03506172839506173,147,343,147--343,55,95,55,95,5225,22,0.4074074074074074,1,3,7,32,"[""96"", ""343"", ""53"", ""51"", ""60"", ""142"", ""143"", ""118"", ""147"", ""62"", ""363"", ""220"", ""144"", ""145"", ""364"", ""52"", ""440"", ""82"", ""83"", ""149"", ""109"", ""121"", ""398"", ""85"", ""307"", ""404"", ""377"", ""381"", ""299"", ""185"", ""346"", ""272""]",dbf244c1abfbe18cf11a9bac99ff6af118e9899f71d993cad12645ebe22b96b4,"{""boundary"": 12, ""community_rep"": 4, ""degree_core"": 10, ""random_fill"": 6}","{""degree_3_4"": 3, ""degree_5_8"": 3, ""degree_9_plus"": 26}","{""0"": 1, ""1"": 6, ""2"": 2, ""3"": 7, ""4"": 4, ""5"": 1, ""6"": 7, ""7"": 2, ""8"": 1, ""9"": 1}",271,"{""backend"": ""evaluate_m19_theory_calibrated.candidate_features"", ""delta_mode"": ""none"", ""k_max"": 512, ""k_min"": 64, ""variant"": ""conservative""}",271,0.13861892583120206,1.0,1.0,0.0,0.7896678966789668,"{""dp_257_plus"": 0.996309963099631, ""dp_65_256"": 0.0036900369003690036}","{""cn_0"": 0.7822878228782287, ""cn_1"": 0.007380073800738007, ""cn_2_3"": 0.09225092250922509, ""cn_4_8"": 0.0959409594095941, ""cn_9_plus"": 0.02214022140221402}",1.062730627306273,1907.0147601476015,sasb_candidate_builder,cb98b6975fc62be05ea092d47cda70160046cb8bf1ff8799570fdbe40d3c79f3,271,cb98b6975fc62be05ea092d47cda70160046cb8bf1ff8799570fdbe40d3c79f3,"{""sasb_builder"": 271}",0,0,0,0,{},0.0,"{""common_neighbor_bin_l1"": 0.0, ""degree_product_bin_l1"": 0.0, ""is_boundary_edge_l1"": 0.0, ""is_bridge_edge_l1"": 0.0, ""is_inter_community_edge_l1"": 0.0, ""is_low_common_neighbor_edge_l1"": 0.0, ""mean_l1"": 0.0}",1,32,32,1112.047896979497,0
realworld_completed,bio_celegans,SASB-candidate,sasb,SASB-structured,20260513,71,early,1.0,1.0,0.0,1,1,0,0.03506172839506173,0.035555555555555556,15,96,15--96,5,211,5,211,1055,1,0.25,1,3,0,32,"[""96"", ""343"", ""53"", ""51"", ""60"", ""142"", ""143"", ""118"", ""147"", ""62"", ""363"", ""220"", ""144"", ""145"", ""364"", ""52"", ""440"", ""82"", ""83"", ""149"", ""109"", ""121"", ""398"", ""85"", ""307"", ""404"", ""195"", ""167"", ""19"", ""76"", ""15"", ""177""]",6c6877269ea2a3a631a4a2fd79e12d25afb2956c9fd0dc276203eb8727210dac,"{""boundary"": 12, ""community_rep"": 4, ""degree_core"": 10, ""random_fill"": 6}","{""degree_3_4"": 2, ""degree_5_8"": 5, ""degree_9_plus"": 25}","{""0"": 1, ""1"": 6, ""2"": 1, ""3"": 9, ""4"": 4, ""5"": 1, ""6"": 7, ""7"": 1, ""8"": 1, ""9"": 1}",271,"{""backend"": ""evaluate_m19_theory_calibrated.candidate_features"", ""delta_mode"": ""none"", ""k_max"": 512, ""k_min"": 64, ""variant"": ""conservative""}",271,0.13868986693961105,1.0,1.0,0.0,0.7822878228782287,"{""dp_257_plus"": 0.996309963099631, ""dp_65_256"": 0.0036900369003690036}","{""cn_0"": 0.7749077490774908, ""cn_1"": 0.007380073800738007, ""cn_2_3"": 0.0996309963099631, ""cn_4_8"": 0.1033210332103321, ""cn_9_plus"": 0.014760147601476014}",1.007380073800738,1884.1365313653137,sasb_candidate_builder,4eb711791419a27e5ed2af2ece10b7580490ca7242dc33580f03b0798802384d,271,4eb711791419a27e5ed2af2ece10b7580490ca7242dc33580f03b0798802384d,"{""sasb_builder"": 271}",0,0,0,0,{},0.0,"{""common_neighbor_bin_l1"": 0.0, ""degree_product_bin_l1"": 0.0, ""is_boundary_edge_l1"": 0.0, ""is_bridge_edge_l1"": 0.0, ""is_inter_community_edge_l1"": 0.0, ""is_low_common_neighbor_edge_l1"": 0.0, ""mean_l1"": 0.0}",1,32,32,3847.782914281289,0
realworld_completed,bio_celegans,SASB-candidate,sasb,SASB-structured,20260513,72,early,1.0,1.0,0.0,1,1,0,0.035555555555555556,0.036049382716049384,142,206,142--206,71,19,19,71,1349,3,0.16666666666666666,1,1,6,32,"[""96"", ""343"", ""53"", ""51"", ""60"", ""142"", ""143"", ""118"", ""147"", ""62"", ""363"", ""220"", ""144"", ""145"", ""364"", ""52"", ""440"", ""82"", ""83"", ""149"", ""109"", ""121"", ""398"", ""85"", ""307"", ""404"", ""22"", ""177"", ""174"", ""286"", ""278"", ""124""]",55f06429afc43485f0d5efa13332b31dbd91c8fd0137d5ab41305fb226acf394,"{""boundary"": 12, ""community_rep"": 4, ""degree_core"": 10, ""random_fill"": 6}","{""degree_2"": 1, ""degree_3_4"": 3, ""degree_5_8"": 3, ""degree_9_plus"": 25}","{""0"": 2, ""1"": 6, ""2"": 2, ""3"": 7, ""4"": 4, ""5"": 1, ""6"": 6, ""7"": 1, ""8"": 1, ""9"": 2}",271,"{""backend"": ""evaluate_m19_theory_calibrated.candidate_features"", ""delta_mode"": ""none"", ""k_max"": 512, ""k_min"": 64, ""variant"": ""conservative""}",271,0.13876088069636458,1.0,1.0,0.0,0.7822878228782287,"{""dp_257_plus"": 0.996309963099631, ""dp_65_256"": 0.0036900369003690036}","{""cn_0"": 0.7785977859778598, ""cn_1"": 0.0036900369003690036, ""cn_2_3"": 0.0996309963099631, ""cn_4_8"": 0.1033210332103321, ""cn_9_plus"": 0.014760147601476014}",1.003690036900369,1877.8118081180812,sasb_candidate_builder,589279ca573cfd7dba3a8ea52bc9cd90bd7937930a0511dd13e3cfbf62dc3650,271,589279ca573cfd7dba3a8ea52bc9cd90bd7937930a0511dd13e3cfbf62dc3650,"{""sasb_builder"": 271}",0,0,0,0,{},0.0,"{""common_neighbor_bin_l1"": 0.0, ""degree_product_bin_l1"": 0.0, ""is_boundary_edge_l1"": 0.0, ""is_bridge_edge_l1"": 0.0, ""is_inter_community_edge_l1"": 0.0, ""is_low_common_neighbor_edge_l1"": 0.0, ""mean_l1"": 0.0}",1,32,32,757.446755992398,0
realworld_completed,bio_celegans,SASB-candidate,sasb,SASB-structured,20260513,73,early,1.0,1.0,0.0,1,1,0,0.036049382716049384,0.03654320987654321,118,343,118--343,60,94,60,94,5640,29,0.4915254237288136,1,2,7,32,"[""96"", ""343"", ""53"", ""51"", ""60"", ""143"", ""118"", ""142"", ""147"", ""62"", ""363"", ""220"", ""144"", ""145"", ""364"", ""52"", ""440"", ""82"", ""83"", ""149"", ""109"", ""121"", ""398"", ""85"", ""307"", ""404"", ""297"", ""349"", ""288"", ""191"", ""226"", ""127""]",28b461f00ce8af3e31c59a34490930d3d673d3ac7a48069739eac268f315433b,"{""boundary"": 12, ""community_rep"": 4, ""degree_core"": 10, ""random_fill"": 6}","{""degree_2"": 1, ""degree_3_4"": 2, ""degree_5_8"": 3, ""degree_9_plus"": 26}","{""0"": 2, ""1"": 5, ""2"": 1, ""3"": 6, ""4"": 5, ""5"": 1, ""6"": 9, ""7"": 1, ""8"": 1, ""9"": 1}",271,"{""backend"": ""evaluate_m19_theory_calibrated.candidate_features"", ""delta_mode"": ""none"", ""k_max"": 512, ""k_min"": 64, ""variant"": ""conservative""}",271,0.13883196721311475,1.0,1.0,0.0,0.7859778597785978,"{""dp_257_plus"": 0.996309963099631, ""dp_65_256"": 0.0036900369003690036}","{""cn_0"": 0.7822878228782287, ""cn_1"": 0.0036900369003690036, ""cn_2_3"": 0.0959409594095941, ""cn_4_8"": 0.1033210332103321, ""cn_9_plus"": 0.014760147601476014}",0.988929889298893,1875.5018450184502,sasb_candidate_builder,60e7c6622f3a3810e2294125548f29c2269bbceb0fbfd2b0a54175aaf86935e5,271,60e7c6622f3a3810e2294125548f29c2269bbceb0fbfd2b0a54175aaf86935e5,"{""sasb_builder"": 271}",0,0,0,0,{},0.0,"{""common_neighbor_bin_l1"": 0.0, ""degree_product_bin_l1"": 0.0, ""is_boundary_edge_l1"": 0.0, ""is_bridge_edge_l1"": 0.0, ""is_inter_community_edge_l1"": 0.0, ""is_low_common_neighbor_edge_l1"": 0.0, ""mean_l1"": 0.0}",1,32,32,853.0882267483811,0
realworld_completed,bio_celegans,SASB-candidate,sasb,SASB-structured,20260513,74,early,1.0,1.0,0.0,1,1,0,0.03654320987654321,0.037037037037037035,143,206,143--206,71,18,18,71,1278,2,0.11764705882352941,1,1,6,32,"[""96"", ""343"", ""53"", ""51"", ""60"", ""143"", ""142"", ""118"", ""147"", ""62"", ""363"", ""220"", ""144"", ""145"", ""364"", ""52"", ""440"", ""82"", ""83"", ""149"", ""109"", ""121"", ""398"", ""85"", ""307"", ""404"", ""81"", ""442"", ""437"", ""90"", ""0"", ""219""]",eed0998f521ad16dec7fa2da9b33ecf0625b9156c1a24c0409ce5371a5f92ec8,"{""boundary"": 12, ""community_rep"": 4, ""degree_core"": 10, ""random_fill"": 6}","{""degree_3_4"": 1, ""degree_5_8"": 6, ""degree_9_plus"": 25}","{""0"": 1, ""1"": 7, ""2"": 1, ""3"": 6, ""4"": 5, ""5"": 1, ""6"": 6, ""7"": 2, ""8"": 1, ""9"": 2}",271,"{""backend"": ""evaluate_m19_theory_calibrated.candidate_features"", ""delta_mode"": ""none"", ""k_max"": 512, ""k_min"": 64, ""variant"": ""conservative""}",271,0.1389031266017427,1.0,1.0,0.0,0.7896678966789668,"{""dp_257_plus"": 0.996309963099631, ""dp_65_256"": 0.0036900369003690036}","{""cn_0"": 0.7859778597785978, ""cn_1"": 0.0036900369003690036, ""cn_2_3"": 0.1033210332103321, ""cn_4_8"": 0.0959409594095941, ""cn_9_plus"": 0.01107011070110701}",0.8523985239852399,1853.280442804428,sasb_candidate_builder,a8a796cf827aa054f36d72b03392b849cdb49aadf29361c648fc9f07042eb6f2,271,a8a796cf827aa054f36d72b03392b849cdb49aadf29361c648fc9f07042eb6f2,"{""sasb_builder"": 271}",0,0,0,0,{},0.0,"{""common_neighbor_bin_l1"": 0.0, ""degree_product_bin_l1"": 0.0, ""is_boundary_edge_l1"": 0.0, ""is_bridge_edge_l1"": 0.0, ""is_inter_community_edge_l1"": 0.0, ""is_low_common_neighbor_edge_l1"": 0.0, ""mean_l1"": 0.0}",1,32,32,759.7069942444492,0
realworld_completed,bio_celegans,SASB-candidate,sasb,SASB-structured,20260513,75,early,1.0,1.0,0.0,1,1,0,0.037037037037037035,0.037530864197530864,26,343,26--343,7,93,7,93,651,4,0.6666666666666666,1,1,6,32,"[""96"", ""343"", ""53"", ""51"", ""60"", ""142"", ""143"", ""118"", ""147"", ""62"", ""363"", ""220"", ""144"", ""145"", ""364"", ""52"", ""440"", ""82"", ""83"", ""149"", ""109"", ""121"", ""398"", ""85"", ""307"", ""404"", ""424"", ""413"", ""442"", ""359"", ""26"", ""253""]",166d853bd4936f5b5ee02887afca7665ac0814fc9e18ab4819877f7615a2ae8e,"{""boundary"": 12, ""community_rep"": 4, ""degree_core"": 10, ""random_fill"": 6}","{""degree_3_4"": 1, ""degree_5_8"": 5, ""degree_9_plus"": 26}","{""0"": 1, ""1"": 8, ""2"": 1, ""3"": 5, ""4"": 4, ""5"": 1, ""6"": 7, ""7"": 3, ""8"": 1, ""9"": 1}",271,"{""backend"": ""evaluate_m19_theory_calibrated.candidate_features"", ""delta_mode"": ""none"", ""k_max"": 512, ""k_min"": 64, ""variant"": ""conservative""}",271,0.13897435897435897,1.0,1.0,0.0,0.7896678966789668,"{""dp_257_plus"": 0.996309963099631, ""dp_65_256"": 0.0036900369003690036}","{""cn_0"": 0.7859778597785978, ""cn_1"": 0.0036900369003690036, ""cn_2_3"": 0.1033210332103321, ""cn_4_8"": 0.0959409594095941, ""cn_9_plus"": 0.01107011070110701}",0.8560885608856088,1848.6826568265683,sasb_candidate_builder,75dbbd132c684dc124fd8cf2634fbbb3663a010ee361aaa37f282ba915651eea,271,75dbbd132c684dc124fd8cf2634fbbb3663a010ee361aaa37f282ba915651eea,"{""sasb_builder"": 271}",0,0,0,0,{},0.0,"{""common_neighbor_bin_l1"": 0.0, ""degree_product_bin_l1"": 0.0, ""is_boundary_edge_l1"": 0.0, ""is_bridge_edge_l1"": 0.0, ""is_inter_community_edge_l1"": 0.0, ""is_low_common_neighbor_edge_l1"": 0.0, ""mean_l1"": 0.0}",1,32,32,1627.204025680792,0
realworld_completed,bio_celegans,SASB-candidate,sasb,SASB-structured,20260513,76,early,1.0,1.0,0.0,1,1,0,0.037530864197530864,0.03802469135802469,94,96,94--96,18,210,18,210,3780,10,0.5882352941176471,1,6,0,32,"[""96"", ""343"", ""53"", ""51"", ""60"", ""142"", ""143"", ""118"", ""147"", ""62"", ""363"", ""220"", ""144"", ""145"", ""364"", ""52"", ""440"", ""82"", ""83"", ""149"", ""109"", ""121"", ""398"", ""85"", ""307"", ""404"", ""249"", ""182"", ""326"", ""303"", ""94"", ""412""]",d91a67674dbf40e14c57ca05415635226a0236a02f7a09b79e5a74122dbfc623,"{""boundary"": 12, ""community_rep"": 4, ""degree_core"": 10, ""random_fill"": 6}","{""degree_2"": 1, ""degree_3_4"": 2, ""degree_5_8"": 3, ""degree_9_plus"": 26}","{""0"": 2, ""1"": 5, ""2"": 2, ""3"": 6, ""4"": 4, ""5"": 2, ""6"": 8, ""7"": 1, ""8"": 1, ""9"": 1}",271,"{""backend"": ""evaluate_m19_theory_calibrated.candidate_features"", ""delta_mode"": ""none"", ""k_max"": 512, ""k_min"": 64, ""variant"": ""conservative""}",271,0.13904566444330427,1.0,1.0,0.0,0.7933579335793358,"{""dp_257_plus"": 0.996309963099631, ""dp_65_256"": 0.0036900369003690036}","{""cn_0"": 0.7933579335793358, ""cn_2_3"": 0.1033210332103321, ""cn_4_8"": 0.09225092250922509, ""cn_9_plus"": 0.01107011070110701}",0.8302583025830258,1846.0,sasb_candidate_builder,9c6d849e4afcd9fe72f04223afe4f0f734f10df2b12cd0221d2ee4574897e1da,271,9c6d849e4afcd9fe72f04223afe4f0f734f10df2b12cd0221d2ee4574897e1da,"{""sasb_builder"": 271}",0,0,0,0,{},0.0,"{""common_neighbor_bin_l1"": 0.0, ""degree_product_bin_l1"": 0.0, ""is_boundary_edge_l1"": 0.0, ""is_bridge_edge_l1"": 0.0, ""is_inter_community_edge_l1"": 0.0, ""is_low_common_neighbor_edge_l1"": 0.0, ""mean_l1"": 0.0}",1,32,32,2749.334654628567,0
realworld_completed,bio_celegans,SASB-candidate,sasb,SASB-structured,20260513,77,early,1.0,1.0,0.0,1,1,0,0.03802469135802469,0.03851851851851852,26,53,26--53,6,118,6,118,708,2,0.4,1,1,7,32,"[""96"", ""343"", ""53"", ""51"", ""60"", ""142"", ""143"", ""118"", ""147"", ""62"", ""363"", ""220"", ""144"", ""145"", ""364"", ""52"", ""440"", ""82"", ""83"", ""149"", ""109"", ""121"", ""398"", ""85"", ""307"", ""404"", ""26"", ""413"", ""146"", ""24"", ""250"", ""405""]",69fc0ada2be784c4b8fa8a5622a57621dc6e491c5cc943665548c8f2344cd681,"{""boundary"": 12, ""community_rep"": 4, ""degree_core"": 10, ""random_fill"": 6}","{""degree_3_4"": 1, ""degree_5_8"": 6, ""degree_9_plus"": 25}","{""0"": 1, ""1"": 7, ""2"": 1, ""3"": 7, ""4"": 5, ""5"": 1, ""6"": 7, ""7"": 1, ""8"": 1, ""9"": 1}",270,"{""backend"": ""evaluate_m19_theory_calibrated.candidate_features"", ""delta_mode"": ""none"", ""k_max"": 512, ""k_min"": 64, ""variant"": ""conservative""}",270,0.13860369609856263,1.0,1.0,0.0,0.7962962962962963,"{""dp_257_plus"": 0.9962962962962963, ""dp_65_256"": 0.003703703703703704}","{""cn_0"": 0.7962962962962963, ""cn_2_3"": 0.1037037037037037, ""cn_4_8"": 0.09259259259259259, ""cn_9_plus"": 0.007407407407407408}",0.7962962962962963,1832.237037037037,sasb_candidate_builder,596b7edca02b899a577898cfeb16d7b06c678489d0f221f3651ce7cdf8df7794,270,596b7edca02b899a577898cfeb16d7b06c678489d0f221f3651ce7cdf8df7794,"{""sasb_builder"": 270}",0,0,0,0,{},0.0,"{""common_neighbor_bin_l1"": 0.0, ""degree_product_bin_l1"": 0.0, ""is_boundary_edge_l1"": 0.0, ""is_bridge_edge_l1"": 0.0, ""is_inter_community_edge_l1"": 0.0, ""is_low_common_neighbor_edge_l1"": 0.0, ""mean_l1"": 0.0}",1,32,32,1953.7338654858224,0
realworld_completed,bio_celegans,SASB-candidate,sasb,SASB-structured,20260513,78,early,1.0,1.0,0.0,1,1,0,0.03851851851851852,0.03901234567901234,193,343,193--343,12,92,12,92,1104,4,0.36363636363636365,1,1,6,32,"[""96"", ""343"", ""53"", ""51"", ""60"", ""142"", ""143"", ""118"", ""147"", ""62"", ""363"", ""220"", ""144"", ""145"", ""364"", ""52"", ""440"", ""82"", ""83"", ""149"", ""109"", ""121"", ""398"", ""85"", ""307"", ""404"", ""40"", ""115"", ""132"", ""63"", ""17"", ""201""]",55d99fbb2dec0a81094673d8789e7651e94c999ad41b348a02b3a3eabec6b35d,"{""boundary"": 12, ""community_rep"": 4, ""degree_core"": 10, ""random_fill"": 6}","{""degree_3_4"": 2, ""degree_5_8"": 3, ""degree_9_plus"": 27}","{""0"": 1, ""1"": 8, ""2"": 1, ""3"": 7, ""4"": 4, ""5"": 1, ""6"": 7, ""7"": 1, ""8"": 1, ""9"": 1}",270,"{""backend"": ""evaluate_m19_theory_calibrated.candidate_features"", ""delta_mode"": ""none"", ""k_max"": 512, ""k_min"": 64, ""variant"": ""conservative""}",270,0.1386748844375963,1.0,1.0,0.0,0.8037037037037037,"{""dp_257_plus"": 0.9962962962962963, ""dp_65_256"": 0.003703703703703704}","{""cn_0"": 0.8, ""cn_1"": 0.003703703703703704, ""cn_2_3"": 0.0962962962962963, ""cn_4_8"": 0.09259259259259259, ""cn_9_plus"": 0.007407407407407408}",0.7851851851851852,1830.0703703703705,sasb_candidate_builder,acf837324f81d1f8f12b45109994d0455f21b94165f0b6c67fdd12be9146463e,270,acf837324f81d1f8f12b45109994d0455f21b94165f0b6c67fdd12be9146463e,"{""sasb_builder"": 270}",0,0,0,0,{},0.0,"{""common_neighbor_bin_l1"": 0.0, ""degree_product_bin_l1"": 0.0, ""is_boundary_edge_l1"": 0.0, ""is_bridge_edge_l1"": 0.0, ""is_inter_community_edge_l1"": 0.0, ""is_low_common_neighbor_edge_l1"": 0.0, ""mean_l1"": 0.0}",1,32,32,851.8197946923333,0
realworld_completed,bio_celegans,SASB-candidate,sasb,SASB-structured,20260513,79,early,1.0,1.0,0.0,1,1,0,0.03901234567901234,0.03950617283950617,131,343,131--343,11,91,11,91,1001,5,0.5,1,0,7,32,"[""96"", ""343"", ""53"", ""51"", ""60"", ""142"", ""143"", ""118"", ""147"", ""62"", ""363"", ""220"", ""144"", ""145"", ""364"", ""52"", ""440"", ""82"", ""83"", ""149"", ""109"", ""121"", ""398"", ""85"", ""307"", ""404"", ""246"", ""107"", ""198"", ""184"", ""331"", ""233""]",72fd12942eabb16770b05f06f4a1a1b63f08b725af7f116bfa40114e7a4e9286,"{""boundary"": 12, ""community_rep"": 4, ""degree_core"": 10, ""random_fill"": 6}","{""degree_0_1"": 1, ""degree_2"": 1, ""degree_3_4"": 1, ""degree_5_8"": 4, ""degree_9_plus"": 25}","{""0"": 1, ""1"": 5, ""2"": 1, ""3"": 7, ""4"": 5, ""5"": 2, ""6"": 8, ""7"": 1, ""8"": 1, ""9"": 1}",270,"{""backend"": ""evaluate_m19_theory_calibrated.candidate_features"", ""delta_mode"": ""none"", ""k_max"": 512, ""k_min"": 64, ""variant"": ""conservative""}",270,0.13874614594039056,1.0,1.0,0.0,0.8074074074074075,"{""dp_257_plus"": 0.9962962962962963, ""dp_65_256"": 0.003703703703703704}","{""cn_0"": 0.8037037037037037, ""cn_1"": 0.003703703703703704, ""cn_2_3"": 0.0962962962962963, ""cn_4_8"": 0.08888888888888889, ""cn_9_plus"": 0.007407407407407408}",0.7703703703703704,1824.8,sasb_candidate_builder,9a9db16aafc8a6941b34e23d35591aab2b0577cebb5cea2edee888d105d17eb9,270,9a9db16aafc8a6941b34e23d35591aab2b0577cebb5cea2edee888d105d17eb9,"{""sasb_builder"": 270}",0,0,0,0,{},0.0,"{""common_neighbor_bin_l1"": 0.0, ""degree_product_bin_l1"": 0.0, ""is_boundary_edge_l1"": 0.0, ""is_bridge_edge_l1"": 0.0, ""is_inter_community_edge_l1"": 0.0, ""is_low_common_neighbor_edge_l1"": 0.0, ""mean_l1"": 0.0}",1,32,32,663.0660381495454,0
realworld_completed,bio_celegans,SASB-candidate,sasb,SASB-structured,20260513,80,early,1.0,1.0,0.0,1,1,0,0.03950617283950617,0.04,144,206,144--206,56,17,17,56,952,3,0.1875,1,1,6,32,"[""96"", ""343"", ""53"", ""51"", ""118"", ""60"", ""147"", ""142"", ""143"", ""364"", ""363"", ""62"", ""144"", ""145"", ""52"", ""220"", ""440"", ""82"", ""83"", ""149"", ""109"", ""121"", ""154"", ""85"", ""404"", ""232"", ""188"", ""59"", ""253"", ""278"", ""356"", ""186""]",d7d32f06621727b5bb440fb03729d86643bb57b3aab4ec5b034b2301098096db,"{""boundary"": 12, ""community_rep"": 3, ""degree_core"": 10, ""random_fill"": 7}","{""degree_2"": 1, ""degree_3_4"": 3, ""degree_5_8"": 4, ""degree_9_plus"": 24}","{""0"": 2, ""1"": 4, ""10"": 2, ""2"": 1, ""3"": 3, ""4"": 5, ""5"": 1, ""6"": 8, ""7"": 2, ""8"": 3, ""9"": 1}",270,"{""backend"": ""evaluate_m19_theory_calibrated.candidate_features"", ""delta_mode"": ""none"", ""k_max"": 512, ""k_min"": 64, ""variant"": ""conservative""}",270,0.13881748071979436,1.0,1.0,0.0,0.8222222222222222,"{""dp_257_plus"": 0.9814814814814815, ""dp_65_256"": 0.018518518518518517}","{""cn_0"": 0.8148148148148148, ""cn_1"": 0.007407407407407408, ""cn_2_3"": 0.08888888888888889, ""cn_4_8"": 0.08518518518518518, ""cn_9_plus"": 0.003703703703703704}",0.7074074074074074,1826.9222222222222,sasb_candidate_builder,62aa43042e5bd308c4047e6bb69241b3e8218b84d48769888adf4ee65774cdee,270,62aa43042e5bd308c4047e6bb69241b3e8218b84d48769888adf4ee65774cdee,"{""sasb_builder"": 270}",0,0,0,0,{},0.0,"{""common_neighbor_bin_l1"": 0.0, ""degree_product_bin_l1"": 0.0, ""is_boundary_edge_l1"": 0.0, ""is_bridge_edge_l1"": 0.0, ""is_inter_community_edge_l1"": 0.0, ""is_low_common_neighbor_edge_l1"": 0.0, ""mean_l1"": 0.0}",1,32,32,774.8433912235255,0
realworld_completed,bio_celegans,SASB-candidate,sasb,SASB-structured,20260513,81,early,1.0,1.0,0.0,1,1,0,0.04,0.04049382716049383,145,206,145--206,56,16,16,56,896,2,0.13333333333333333,1,1,6,32,"[""96"", ""343"", ""53"", ""51"", ""118"", ""60"", ""147"", ""142"", ""143"", ""364"", ""363"", ""62"", ""145"", ""144"", ""52"", ""220"", ""440"", ""82"", ""83"", ""149"", ""109"", ""121"", ""154"", ""85"", ""404"", ""138"", ""182"", ""321"", ""341"", ""10"", ""128"", ""161""]",b720351d7f25a084100ce911a116c6f078d5fecafa6f3104832db7218ce51b00,"{""boundary"": 12, ""community_rep"": 3, ""degree_core"": 10, ""random_fill"": 7}","{""degree_3_4"": 3, ""degree_5_8"": 2, ""degree_9_plus"": 27}","{""0"": 1, ""1"": 5, ""10"": 1, ""2"": 2, ""3"": 5, ""4"": 5, ""5"": 1, ""6"": 7, ""7"": 2, ""8"": 2, ""9"": 1}",270,"{""backend"": ""evaluate_m19_theory_calibrated.candidate_features"", ""delta_mode"": ""none"", ""k_max"": 512, ""k_min"": 64, ""variant"": ""conservative""}",270,0.1388888888888889,1.0,1.0,0.0,0.8222222222222222,"{""dp_257_plus"": 0.9814814814814815, ""dp_65_256"": 0.018518518518518517}","{""cn_0"": 0.8148148148148148, ""cn_1"": 0.007407407407407408, ""cn_2_3"": 0.08888888888888889, ""cn_4_8"": 0.08518518518518518, ""cn_9_plus"": 0.003703703703703704}",0.7037037037037037,1822.3592592592593,sasb_candidate_builder,c44911b646cddd0982ca70199e857d28b048f4251db4aa5a4a7176dc2a7a52e2,270,c44911b646cddd0982ca70199e857d28b048f4251db4aa5a4a7176dc2a7a52e2,"{""sasb_builder"": 270}",0,0,0,0,{},0.0,"{""common_neighbor_bin_l1"": 0.0, ""degree_product_bin_l1"": 0.0, ""is_boundary_edge_l1"": 0.0, ""is_bridge_edge_l1"": 0.0, ""is_inter_community_edge_l1"": 0.0, ""is_low_common_neighbor_edge_l1"": 0.0, ""mean_l1"": 0.0}",1,32,32,556.5559106310848,0
realworld_completed,bio_celegans,SASB-candidate,sasb,SASB-structured,20260513,82,early,1.0,1.0,0.0,1,1,0,0.04049382716049383,0.04098765432098765,142,160,142--160,70,14,14,70,980,5,0.38461538461538464,1,1,9,32,"[""96"", ""343"", ""53"", ""51"", ""118"", ""60"", ""147"", ""142"", ""143"", ""364"", ""363"", ""62"", ""144"", ""145"", ""52"", ""220"", ""440"", ""82"", ""83"", ""149"", ""109"", ""121"", ""154"", ""85"", ""404"", ""90"", ""189"", ""108"", ""389"", ""97"", ""195"", ""310""]",c5bd50a8fb82cb51c84d0f2f0bcfc805baaff6b540197668ecf9c7204885bcac,"{""boundary"": 12, ""community_rep"": 3, ""degree_core"": 10, ""random_fill"": 7}","{""degree_3_4"": 4, ""degree_5_8"": 3, ""degree_9_plus"": 25}","{""0"": 2, ""1"": 4, ""10"": 2, ""2"": 2, ""3"": 2, ""4"": 6, ""5"": 2, ""6"": 7, ""7"": 1, ""8"": 3, ""9"": 1}",270,"{""backend"": ""evaluate_m19_theory_calibrated.candidate_features"", ""delta_mode"": ""none"", ""k_max"": 512, ""k_min"": 64, ""variant"": ""conservative""}",270,0.13896037056098817,1.0,1.0,0.0,0.8296296296296296,"{""dp_257_plus"": 0.9814814814814815, ""dp_65_256"": 0.018518518518518517}","{""cn_0"": 0.8222222222222222, ""cn_1"": 0.007407407407407408, ""cn_2_3"": 0.08148148148148149, ""cn_4_8"": 0.08518518518518518, ""cn_9_plus"": 0.003703703703703704}",0.6851851851851852,1820.7740740740742,sasb_candidate_builder,535ef05571dbae9e365ece57275f4815f9eb9151c6f8f3ff20ebd339f55952ee,270,535ef05571dbae9e365ece57275f4815f9eb9151c6f8f3ff20ebd339f55952ee,"{""sasb_builder"": 270}",0,0,0,0,{},0.0,"{""common_neighbor_bin_l1"": 0.0, ""degree_product_bin_l1"": 0.0, ""is_boundary_edge_l1"": 0.0, ""is_bridge_edge_l1"": 0.0, ""is_inter_community_edge_l1"": 0.0, ""is_low_common_neighbor_edge_l1"": 0.0, ""mean_l1"": 0.0}",1,32,32,767.4788732460921,0
realworld_completed,bio_celegans,SASB-candidate,sasb,SASB-structured,20260513,83,early,1.0,1.0,0.0,1,1,0,0.04098765432098765,0.04148148148148148,37,96,37--96,5,209,5,209,1045,0,0.0,1,6,0,32,"[""96"", ""343"", ""53"", ""51"", ""118"", ""60"", ""147"", ""143"", ""142"", ""364"", ""363"", ""62"", ""144"", ""145"", ""52"", ""220"", ""440"", ""82"", ""83"", ""149"", ""109"", ""121"", ""154"", ""85"", ""404"", ""37"", ""200"", ""1"", ""310"", ""33"", ""433"", ""377""]",b6479c0ed91d6e414716957efe8ab0b531dae29ddc13a12f9a67f512c2e50abc,"{""boundary"": 12, ""community_rep"": 3, ""degree_core"": 10, ""random_fill"": 7}","{""degree_3_4"": 3, ""degree_5_8"": 4, ""degree_9_plus"": 25}","{""0"": 1, ""1"": 6, ""10"": 1, ""2"": 4, ""3"": 2, ""4"": 6, ""5"": 1, ""6"": 7, ""7"": 1, ""8"": 2, ""9"": 1}",270,"{""backend"": ""evaluate_m19_theory_calibrated.candidate_features"", ""delta_mode"": ""none"", ""k_max"": 512, ""k_min"": 64, ""variant"": ""conservative""}",270,0.13903192584963955,1.0,1.0,0.0,0.8296296296296296,"{""dp_257_plus"": 0.9814814814814815, ""dp_65_256"": 0.018518518518518517}","{""cn_0"": 0.8222222222222222, ""cn_1"": 0.007407407407407408, ""cn_2_3"": 0.08518518518518518, ""cn_4_8"": 0.08148148148148149, ""cn_9_plus"": 0.003703703703703704}",0.6703703703703704,1816.7592592592594,sasb_candidate_builder,66309da34b8b06a83681cd3fde8ec7ddf21751a8876bc112ed4af3f2a1c59a83,270,66309da34b8b06a83681cd3fde8ec7ddf21751a8876bc112ed4af3f2a1c59a83,"{""sasb_builder"": 270}",0,0,0,0,{},0.0,"{""common_neighbor_bin_l1"": 0.0, ""degree_product_bin_l1"": 0.0, ""is_boundary_edge_l1"": 0.0, ""is_bridge_edge_l1"": 0.0, ""is_inter_community_edge_l1"": 0.0, ""is_low_common_neighbor_edge_l1"": 0.0, ""mean_l1"": 0.0}",1,32,32,4703.270672322875,0
realworld_completed,bio_celegans,SASB-candidate,sasb,SASB-structured,20260513,84,early,1.0,1.0,0.0,1,1,0,0.04148148148148148,0.04197530864197531,364,451,364--451,36,6,6,36,216,2,0.4,1,3,1,32,"[""96"", ""343"", ""53"", ""51"", ""118"", ""60"", ""147"", ""143"", ""142"", ""364"", ""363"", ""62"", ""144"", ""145"", ""52"", ""220"", ""440"", ""82"", ""83"", ""149"", ""109"", ""121"", ""154"", ""85"", ""404"", ""330"", ""127"", ""358"", ""202"", ""451"", ""277"", ""409""]",680d0149b55100fdbfb80e38537cc9c547b8c2b7010b78b5907cd93789f810c9,"{""boundary"": 12, ""community_rep"": 3, ""degree_core"": 10, ""random_fill"": 7}","{""degree_3_4"": 3, ""degree_5_8"": 4, ""degree_9_plus"": 25}","{""0"": 2, ""1"": 6, ""10"": 1, ""2"": 2, ""3"": 3, ""4"": 5, ""5"": 1, ""6"": 8, ""7"": 1, ""8"": 2, ""9"": 1}",270,"{""backend"": ""evaluate_m19_theory_calibrated.candidate_features"", ""delta_mode"": ""none"", ""k_max"": 512, ""k_min"": 64, ""variant"": ""conservative""}",270,0.1391035548686244,1.0,1.0,0.0,0.8296296296296296,"{""dp_257_plus"": 0.9814814814814815, ""dp_65_256"": 0.018518518518518517}","{""cn_0"": 0.8222222222222222, ""cn_1"": 0.007407407407407408, ""cn_2_3"": 0.08518518518518518, ""cn_4_8"": 0.08148148148148149, ""cn_9_plus"": 0.003703703703703704}",0.6703703703703704,1810.474074074074,sasb_candidate_builder,5cb43df66a8debea544695345a2250b7a2eddd457a72a3e6bd007663ed58949f,270,5cb43df66a8debea544695345a2250b7a2eddd457a72a3e6bd007663ed58949f,"{""sasb_builder"": 270}",0,0,0,0,{},0.0,"{""common_neighbor_bin_l1"": 0.0, ""degree_product_bin_l1"": 0.0, ""is_boundary_edge_l1"": 0.0, ""is_bridge_edge_l1"": 0.0, ""is_inter_community_edge_l1"": 0.0, ""is_low_common_neighbor_edge_l1"": 0.0, ""mean_l1"": 0.0}",1,32,32,1898.0952611623948,0
realworld_completed,bio_celegans,SASB-candidate,sasb,SASB-structured,20260513,85,early,1.0,1.0,0.0,1,1,0,0.04197530864197531,0.04246913580246914,95,96,95--96,9,208,9,208,1872,4,0.5,1,4,0,32,"[""96"", ""343"", ""53"", ""51"", ""118"", ""60"", ""147"", ""143"", ""142"", ""364"", ""363"", ""62"", ""144"", ""145"", ""52"", ""220"", ""440"", ""82"", ""83"", ""149"", ""109"", ""121"", ""154"", ""85"", ""404"", ""55"", ""395"", ""416"", ""224"", ""335"", ""361"", ""339""]",4bb7b7ba570a66c92ee4552c35a67e1efecc27fb08fd8c45e3e67c265fd66950,"{""boundary"": 12, ""community_rep"": 3, ""degree_core"": 10, ""random_fill"": 7}","{""degree_3_4"": 2, ""degree_5_8"": 5, ""degree_9_plus"": 25}","{""0"": 1, ""1"": 6, ""10"": 1, ""2"": 2, ""3"": 3, ""4"": 5, ""5"": 2, ""6"": 7, ""7"": 2, ""8"": 2, ""9"": 1}",270,"{""backend"": ""evaluate_m19_theory_calibrated.candidate_features"", ""delta_mode"": ""none"", ""k_max"": 512, ""k_min"": 64, ""variant"": ""conservative""}",270,0.13917525773195877,1.0,1.0,0.0,0.8333333333333334,"{""dp_257_plus"": 0.9814814814814815, ""dp_65_256"": 0.018518518518518517}","{""cn_0"": 0.8222222222222222, ""cn_1"": 0.011111111111111112, ""cn_2_3"": 0.08148148148148149, ""cn_4_8"": 0.08148148148148149, ""cn_9_plus"": 0.003703703703703704}",0.6666666666666666,1808.7333333333333,sasb_candidate_builder,5aeb62c520fa0b0d21358c32ee9b5e32f616936cadc6d65abbeb8091554dae0f,270,5aeb62c520fa0b0d21358c32ee9b5e32f616936cadc6d65abbeb8091554dae0f,"{""sasb_builder"": 270}",0,0,0,0,{},0.0,"{""common_neighbor_bin_l1"": 0.0, ""degree_product_bin_l1"": 0.0, ""is_boundary_edge_l1"": 0.0, ""is_bridge_edge_l1"": 0.0, ""is_inter_community_edge_l1"": 0.0, ""is_low_common_neighbor_edge_l1"": 0.0, ""mean_l1"": 0.0}",1,32,32,485.58725782821386,0
realworld_completed,bio_celegans,SASB-candidate,sasb,SASB-structured,20260513,86,early,1.0,1.0,0.0,1,1,0,0.04246913580246914,0.04296296296296296,144,217,144--217,55,21,21,55,1155,3,0.15,1,1,7,32,"[""96"", ""343"", ""53"", ""51"", ""118"", ""60"", ""147"", ""143"", ""142"", ""364"", ""363"", ""62"", ""144"", ""145"", ""52"", ""220"", ""440"", ""82"", ""83"", ""149"", ""109"", ""121"", ""154"", ""85"", ""404"", ""161"", ""274"", ""403"", ""43"", ""132"", ""278"", ""377""]",40e1d6740ecdf86adb81418b441bc2d9929d482f9266b28856bd253c82e3bf73,"{""boundary"": 12, ""community_rep"": 3, ""degree_core"": 10, ""random_fill"": 7}","{""degree_0_1"": 1, ""degree_2"": 1, ""degree_3_4"": 1, ""degree_5_8"": 3, ""degree_9_plus"": 26}","{""0"": 1, ""1"": 6, ""10"": 1, ""2"": 3, ""3"": 2, ""4"": 5, ""5"": 1, ""6"": 8, ""7"": 2, ""8"": 2, ""9"": 1}",270,"{""backend"": ""evaluate_m19_theory_calibrated.candidate_features"", ""delta_mode"": ""none"", ""k_max"": 512, ""k_min"": 64, ""variant"": ""conservative""}",270,0.13924703455389376,1.0,1.0,0.0,0.837037037037037,"{""dp_257_plus"": 0.9814814814814815, ""dp_65_256"": 0.018518518518518517}","{""cn_0"": 0.825925925925926, ""cn_1"": 0.011111111111111112, ""cn_2_3"": 0.08148148148148149, ""cn_4_8"": 0.07777777777777778, ""cn_9_plus"": 0.003703703703703704}",0.6518518518518519,1799.1148148148147,sasb_candidate_builder,710a5cfbc0ddba336091b8aaec3def1798bb52c34e5347e4e8cd77688db31d53,270,710a5cfbc0ddba336091b8aaec3def1798bb52c34e5347e4e8cd77688db31d53,"{""sasb_builder"": 270}",0,0,0,0,{},0.0,"{""common_neighbor_bin_l1"": 0.0, ""degree_product_bin_l1"": 0.0, ""is_boundary_edge_l1"": 0.0, ""is_bridge_edge_l1"": 0.0, ""is_inter_community_edge_l1"": 0.0, ""is_low_common_neighbor_edge_l1"": 0.0, ""mean_l1"": 0.0}",1,32,32,649.6879559273373,0
realworld_completed,bio_celegans,SASB-candidate,sasb,SASB-structured,20260513,87,early,1.0,1.0,0.0,1,1,0,0.04296296296296296,0.04345679012345679,20,96,20--96,5,207,5,207,1035,3,0.75,1,1,0,32,"[""96"", ""343"", ""53"", ""51"", ""118"", ""60"", ""147"", ""143"", ""142"", ""364"", ""363"", ""62"", ""145"", ""144"", ""52"", ""220"", ""440"", ""82"", ""83"", ""149"", ""109"", ""121"", ""154"", ""85"", ""404"", ""334"", ""20"", ""444"", ""390"", ""61"", ""89"", ""130""]",1dd6a6564dba112a33c3d6f97105a28308a78ea082bd6817b3fb04d113320d52,"{""boundary"": 12, ""community_rep"": 3, ""degree_core"": 10, ""random_fill"": 7}","{""degree_2"": 1, ""degree_3_4"": 2, ""degree_5_8"": 4, ""degree_9_plus"": 25}","{""0"": 2, ""1"": 7, ""10"": 1, ""2"": 1, ""3"": 2, ""4"": 5, ""5"": 1, ""6"": 8, ""7"": 1, ""8"": 3, ""9"": 1}",270,"{""backend"": ""evaluate_m19_theory_calibrated.candidate_features"", ""delta_mode"": ""none"", ""k_max"": 512, ""k_min"": 64, ""variant"": ""conservative""}",270,0.1393188854489164,1.0,1.0,0.0,0.8333333333333334,"{""dp_257_plus"": 0.9777777777777777, ""dp_65_256"": 0.022222222222222223}","{""cn_0"": 0.8222222222222222, ""cn_1"": 0.011111111111111112, ""cn_2_3"": 0.08148148148148149, ""cn_4_8"": 0.08148148148148149, ""cn_9_plus"": 0.003703703703703704}",0.6592592592592592,1795.8148148148148,sasb_candidate_builder,31e629e4477ccd91a181983005395cfa7b819957c4367453f0fc929a39de7356,270,31e629e4477ccd91a181983005395cfa7b819957c4367453f0fc929a39de7356,"{""sasb_builder"": 270}",0,0,0,0,{},0.0,"{""common_neighbor_bin_l1"": 0.0, ""degree_product_bin_l1"": 0.0, ""is_boundary_edge_l1"": 0.0, ""is_bridge_edge_l1"": 0.0, ""is_inter_community_edge_l1"": 0.0, ""is_low_common_neighbor_edge_l1"": 0.0, ""mean_l1"": 0.0}",1,32,32,4819.495775283636,0
realworld_completed,bio_celegans,SASB-candidate,sasb,SASB-structured,20260513,88,early,1.0,1.0,0.0,1,1,0,0.04345679012345679,0.04395061728395062,53,55,53--55,117,9,9,117,1053,4,0.5,1,5,6,32,"[""96"", ""343"", ""53"", ""51"", ""118"", ""60"", ""147"", ""143"", ""142"", ""364"", ""363"", ""62"", ""145"", ""144"", ""52"", ""220"", ""440"", ""82"", ""83"", ""149"", ""109"", ""121"", ""154"", ""85"", ""404"", ""427"", ""252"", ""360"", ""135"", ""349"", ""113"", ""412""]",5d422e1319a64978c61ff7bde6ee25fd750d7d10818d3d6648d80fd7409c7371,"{""boundary"": 12, ""community_rep"": 3, ""degree_core"": 10, ""random_fill"": 7}","{""degree_3_4"": 3, ""degree_5_8"": 4, ""degree_9_plus"": 25}","{""0"": 1, ""1"": 4, ""10"": 3, ""2"": 1, ""3"": 2, ""4"": 6, ""5"": 2, ""6"": 9, ""7"": 1, ""8"": 2, ""9"": 1}",270,"{""backend"": ""evaluate_m19_theory_calibrated.candidate_features"", ""delta_mode"": ""none"", ""k_max"": 512, ""k_min"": 64, ""variant"": ""conservative""}",270,0.13939081053175012,1.0,1.0,0.0,0.837037037037037,"{""dp_257_plus"": 0.9777777777777777, ""dp_65_256"": 0.022222222222222223}","{""cn_0"": 0.825925925925926, ""cn_1"": 0.011111111111111112, ""cn_2_3"": 0.07777777777777778, ""cn_4_8"": 0.08148148148148149, ""cn_9_plus"": 0.003703703703703704}",0.6481481481481481,1793.5555555555557,sasb_candidate_builder,a9503045a5a74e992e86d2f5551ddfc2ca77758c658f91c4add195beb03adff2,270,a9503045a5a74e992e86d2f5551ddfc2ca77758c658f91c4add195beb03adff2,"{""sasb_builder"": 270}",0,0,0,0,{},0.0,"{""common_neighbor_bin_l1"": 0.0, ""degree_product_bin_l1"": 0.0, ""is_boundary_edge_l1"": 0.0, ""is_bridge_edge_l1"": 0.0, ""is_inter_community_edge_l1"": 0.0, ""is_low_common_neighbor_edge_l1"": 0.0, ""mean_l1"": 0.0}",1,32,32,1667.8667291349211,0
realworld_completed,bio_celegans,SASB-candidate,sasb,SASB-structured,20260513,89,early,1.0,1.0,0.0,1,1,0,0.04395061728395062,0.044444444444444446,51,55,51--55,100,8,8,100,800,3,0.42857142857142855,1,6,2,32,"[""96"", ""343"", ""53"", ""51"", ""118"", ""60"", ""147"", ""143"", ""142"", ""364"", ""363"", ""62"", ""145"", ""144"", ""52"", ""220"", ""440"", ""82"", ""83"", ""149"", ""109"", ""121"", ""154"", ""85"", ""404"", ""450"", ""339"", ""385"", ""176"", ""191"", ""13"", ""200""]",be2d2ee665afcc93d0534c2310c20f6f546687597c1fc0b48287896a494c1438,"{""boundary"": 12, ""community_rep"": 3, ""degree_core"": 10, ""random_fill"": 7}","{""degree_3_4"": 3, ""degree_5_8"": 5, ""degree_9_plus"": 24}","{""0"": 2, ""1"": 5, ""10"": 2, ""2"": 1, ""3"": 2, ""4"": 7, ""5"": 1, ""6"": 7, ""7"": 1, ""8"": 3, ""9"": 1}",270,"{""backend"": ""evaluate_m19_theory_calibrated.candidate_features"", ""delta_mode"": ""none"", ""k_max"": 512, ""k_min"": 64, ""variant"": ""conservative""}",270,0.13946280991735538,1.0,1.0,0.0,0.8407407407407408,"{""dp_257_plus"": 0.9814814814814815, ""dp_65_256"": 0.018518518518518517}","{""cn_0"": 0.8296296296296296, ""cn_1"": 0.011111111111111112, ""cn_2_3"": 0.07777777777777778, ""cn_4_8"": 0.07777777777777778, ""cn_9_plus"": 0.003703703703703704}",0.6370370370370371,1790.6851851851852,sasb_candidate_builder,848f8dbff69ae704ca10369a7526d51a36704fb28b712e0c6b2c8ec3b25dbecf,270,848f8dbff69ae704ca10369a7526d51a36704fb28b712e0c6b2c8ec3b25dbecf,"{""sasb_builder"": 270}",0,0,0,0,{},0.0,"{""common_neighbor_bin_l1"": 0.0, ""degree_product_bin_l1"": 0.0, ""is_boundary_edge_l1"": 0.0, ""is_bridge_edge_l1"": 0.0, ""is_inter_community_edge_l1"": 0.0, ""is_low_common_neighbor_edge_l1"": 0.0, ""mean_l1"": 0.0}",1,32,32,636.7588955760635,0
realworld_completed,bio_celegans,SASB-candidate,sasb,SASB-structured,20260513,90,early,1.0,1.0,0.0,1,1,0,0.044444444444444446,0.044938271604938275,118,364,118--364,59,35,35,59,2065,15,0.4411764705882353,1,8,7,32,"[""96"", ""53"", ""343"", ""51"", ""118"", ""147"", ""60"", ""363"", ""143"", ""142"", ""364"", ""62"", ""145"", ""144"", ""52"", ""220"", ""440"", ""82"", ""83"", ""149"", ""109"", ""121"", ""154"", ""85"", ""404"", ""174"", ""424"", ""406"", ""328"", ""218"", ""283"", ""452""]",d22d766af2f58b61c223cf045578d93ec00ca04ad95af2692c64d6336d3e9ced,"{""boundary"": 12, ""community_rep"": 3, ""degree_core"": 10, ""random_fill"": 7}","{""degree_3_4"": 2, ""degree_5_8"": 5, ""degree_9_plus"": 25}","{""0"": 3, ""1"": 5, ""2"": 1, ""3"": 7, ""4"": 1, ""5"": 1, ""6"": 6, ""7"": 1, ""8"": 5, ""9"": 2}",270,"{""backend"": ""evaluate_m19_theory_calibrated.candidate_features"", ""delta_mode"": ""none"", ""k_max"": 512, ""k_min"": 64, ""variant"": ""conservative""}",270,0.13953488372093023,1.0,1.0,0.0,0.8666666666666667,"{""dp_257_plus"": 0.9629629629629629, ""dp_65_256"": 0.037037037037037035}","{""cn_0"": 0.8481481481481481, ""cn_1"": 0.018518518518518517, ""cn_2_3"": 0.07777777777777778, ""cn_4_8"": 0.04814814814814815, ""cn_9_plus"": 0.007407407407407408}",0.5518518518518518,1739.7259259259258,sasb_candidate_builder,5ec1b5f41057b4c37249b138c6bf7c931ff6c018f21d3db0c1f00a7fe0c4b430,270,5ec1b5f41057b4c37249b138c6bf7c931ff6c018f21d3db0c1f00a7fe0c4b430,"{""sasb_builder"": 270}",0,0,0,0,{},0.0,"{""common_neighbor_bin_l1"": 0.0, ""degree_product_bin_l1"": 0.0, ""is_boundary_edge_l1"": 0.0, ""is_bridge_edge_l1"": 0.0, ""is_inter_community_edge_l1"": 0.0, ""is_low_common_neighbor_edge_l1"": 0.0, ""mean_l1"": 0.0}",1,32,32,582.979700430426,0
realworld_completed,bio_celegans,SASB-candidate,sasb,SASB-structured,20260513,91,early,1.0,1.0,0.0,1,1,0,0.044938271604938275,0.0454320987654321,53,95,53--95,116,8,8,116,928,3,0.42857142857142855,1,8,4,32,"[""96"", ""53"", ""343"", ""51"", ""118"", ""147"", ""60"", ""363"", ""143"", ""142"", ""364"", ""62"", ""145"", ""144"", ""52"", ""220"", ""440"", ""82"", ""83"", ""149"", ""109"", ""121"", ""154"", ""85"", ""404"", ""151"", ""393"", ""213"", ""414"", ""347"", ""325"", ""27""]",53cf2942f77aa78bf6497ec28d1492388163c25454f7b745bad0fa6c8bbd5f69,"{""boundary"": 12, ""community_rep"": 3, ""degree_core"": 10, ""random_fill"": 7}","{""degree_0_1"": 1, ""degree_3_4"": 4, ""degree_5_8"": 2, ""degree_9_plus"": 25}","{""0"": 1, ""1"": 5, ""2"": 1, ""3"": 8, ""4"": 3, ""5"": 2, ""6"": 5, ""7"": 1, ""8"": 5, ""9"": 1}",269,"{""backend"": ""evaluate_m19_theory_calibrated.candidate_features"", ""delta_mode"": ""none"", ""k_max"": 512, ""k_min"": 64, ""variant"": ""conservative""}",269,0.1390899689762151,1.0,1.0,0.0,0.8661710037174721,"{""dp_257_plus"": 0.9628252788104089, ""dp_65_256"": 0.03717472118959108}","{""cn_0"": 0.8475836431226765, ""cn_1"": 0.01858736059479554, ""cn_2_3"": 0.07806691449814127, ""cn_4_8"": 0.05204460966542751, ""cn_9_plus"": 0.0037174721189591076}",0.5130111524163569,1736.817843866171,sasb_candidate_builder,f5702b969b290d17a55d2ff19b6b42c89cd8e5341b908eae6dab7c6126bde727,269,f5702b969b290d17a55d2ff19b6b42c89cd8e5341b908eae6dab7c6126bde727,"{""sasb_builder"": 269}",0,0,0,0,{},0.0,"{""common_neighbor_bin_l1"": 0.0, ""degree_product_bin_l1"": 0.0, ""is_boundary_edge_l1"": 0.0, ""is_bridge_edge_l1"": 0.0, ""is_inter_community_edge_l1"": 0.0, ""is_low_common_neighbor_edge_l1"": 0.0, ""mean_l1"": 0.0}",1,32,32,1943.364049453538,0
realworld_completed,bio_celegans,SASB-candidate,sasb,SASB-structured,20260513,92,early,1.0,1.0,0.0,1,1,0,0.0454320987654321,0.045925925925925926,118,188,118--188,58,5,5,58,290,3,0.75,1,3,1,32,"[""96"", ""53"", ""343"", ""51"", ""118"", ""147"", ""60"", ""363"", ""143"", ""142"", ""364"", ""62"", ""145"", ""144"", ""52"", ""220"", ""440"", ""82"", ""83"", ""149"", ""109"", ""121"", ""154"", ""85"", ""404"", ""401"", ""188"", ""27"", ""98"", ""172"", ""71"", ""92""]",ff0685e9915a9ee23c41289eb5bb6608756980e9911bb9af25a07b2e01a09702,"{""boundary"": 12, ""community_rep"": 3, ""degree_core"": 10, ""random_fill"": 7}","{""degree_3_4"": 3, ""degree_5_8"": 4, ""degree_9_plus"": 25}","{""0"": 2, ""1"": 4, ""2"": 2, ""3"": 6, ""4"": 1, ""5"": 2, ""6"": 5, ""7"": 2, ""8"": 6, ""9"": 2}",269,"{""backend"": ""evaluate_m19_theory_calibrated.candidate_features"", ""delta_mode"": ""none"", ""k_max"": 512, ""k_min"": 64, ""variant"": ""conservative""}",269,0.13916192446973616,1.0,1.0,0.0,0.8698884758364313,"{""dp_257_plus"": 0.9628252788104089, ""dp_65_256"": 0.03717472118959108}","{""cn_0"": 0.8513011152416357, ""cn_1"": 0.01858736059479554, ""cn_2_3"": 0.07434944237918216, ""cn_4_8"": 0.05204460966542751, ""cn_9_plus"": 0.0037174721189591076}",0.5055762081784386,1732.6133828996283,sasb_candidate_builder,83f488ecce9f8626cda7c5ddee5b356b7e1c032b4557ab4528b601c2a1c5b47f,269,83f488ecce9f8626cda7c5ddee5b356b7e1c032b4557ab4528b601c2a1c5b47f,"{""sasb_builder"": 269}",0,0,0,0,{},0.0,"{""common_neighbor_bin_l1"": 0.0, ""degree_product_bin_l1"": 0.0, ""is_boundary_edge_l1"": 0.0, ""is_bridge_edge_l1"": 0.0, ""is_inter_community_edge_l1"": 0.0, ""is_low_common_neighbor_edge_l1"": 0.0, ""mean_l1"": 0.0}",1,32,32,1609.4047948917996,0
realworld_completed,bio_celegans,SASB-candidate,sasb,SASB-structured,20260513,93,early,1.0,1.0,0.0,1,1,0,0.045925925925925926,0.046419753086419754,10,53,10--53,9,115,9,115,1035,3,0.375,1,6,3,32,"[""96"", ""53"", ""343"", ""51"", ""118"", ""147"", ""60"", ""363"", ""143"", ""142"", ""364"", ""62"", ""145"", ""144"", ""52"", ""220"", ""440"", ""82"", ""83"", ""149"", ""109"", ""121"", ""154"", ""85"", ""404"", ""291"", ""10"", ""37"", ""196"", ""280"", ""327"", ""156""]",19694db29c756fc671b489bb85ee503e163c6410acd28b61558f8d363fcdea12,"{""boundary"": 12, ""community_rep"": 3, ""degree_core"": 10, ""random_fill"": 7}","{""degree_3_4"": 3, ""degree_5_8"": 4, ""degree_9_plus"": 25}","{""0"": 1, ""1"": 4, ""2"": 3, ""3"": 8, ""4"": 1, ""5"": 1, ""6"": 4, ""7"": 2, ""8"": 7, ""9"": 1}",269,"{""backend"": ""evaluate_m19_theory_calibrated.candidate_features"", ""delta_mode"": ""none"", ""k_max"": 512, ""k_min"": 64, ""variant"": ""conservative""}",269,0.13923395445134576,1.0,1.0,0.0,0.8736059479553904,"{""dp_257_plus"": 0.9628252788104089, ""dp_65_256"": 0.03717472118959108}","{""cn_0"": 0.8513011152416357, ""cn_1"": 0.022304832713754646, ""cn_2_3"": 0.06691449814126393, ""cn_4_8"": 0.055762081784386616, ""cn_9_plus"": 0.0037174721189591076}",0.5055762081784386,1733.2453531598512,sasb_candidate_builder,52c13d5630c046fb01c1ad2632aace0d78296969b638740e7bc0473f48d7a559,269,52c13d5630c046fb01c1ad2632aace0d78296969b638740e7bc0473f48d7a559,"{""sasb_builder"": 269}",0,0,0,0,{},0.0,"{""common_neighbor_bin_l1"": 0.0, ""degree_product_bin_l1"": 0.0, ""is_boundary_edge_l1"": 0.0, ""is_bridge_edge_l1"": 0.0, ""is_inter_community_edge_l1"": 0.0, ""is_low_common_neighbor_edge_l1"": 0.0, ""mean_l1"": 0.0}",1,32,32,1588.3823550884376,0
realworld_completed,bio_celegans,SASB-candidate,sasb,SASB-structured,20260513,94,early,1.0,1.0,0.0,1,1,0,0.046419753086419754,0.04691358024691358,53,75,53--75,114,9,9,114,1026,4,0.5,1,5,9,32,"[""96"", ""53"", ""343"", ""51"", ""118"", ""147"", ""60"", ""363"", ""143"", ""142"", ""364"", ""62"", ""145"", ""144"", ""52"", ""220"", ""440"", ""82"", ""83"", ""149"", ""109"", ""121"", ""154"", ""85"", ""404"", ""77"", ""397"", ""153"", ""275"", ""276"", ""367"", ""195""]",093f60e3e0fb1cc6374c38b619feebe10519001cce10497300e803e9f18a7814,"{""boundary"": 12, ""community_rep"": 3, ""degree_core"": 10, ""random_fill"": 7}","{""degree_3_4"": 3, ""degree_5_8"": 5, ""degree_9_plus"": 24}","{""0"": 1, ""1"": 4, ""2"": 2, ""3"": 6, ""4"": 1, ""5"": 1, ""6"": 7, ""7"": 1, ""8"": 8, ""9"": 1}",269,"{""backend"": ""evaluate_m19_theory_calibrated.candidate_features"", ""delta_mode"": ""none"", ""k_max"": 512, ""k_min"": 64, ""variant"": ""conservative""}",269,0.13930605903676851,1.0,1.0,0.0,0.8773234200743495,"{""dp_257_plus"": 0.9628252788104089, ""dp_65_256"": 0.03717472118959108}","{""cn_0"": 0.8550185873605948, ""cn_1"": 0.022304832713754646, ""cn_2_3"": 0.06691449814126393, ""cn_4_8"": 0.05204460966542751, ""cn_9_plus"": 0.0037174721189591076}",0.4795539033457249,1730.7806691449814,sasb_candidate_builder,d44e585fb1a965e791c7771f7ed711e2eb600cc0cf8f4254cafbacba3a384fad,269,d44e585fb1a965e791c7771f7ed711e2eb600cc0cf8f4254cafbacba3a384fad,"{""sasb_builder"": 269}",0,0,0,0,{},0.0,"{""common_neighbor_bin_l1"": 0.0, ""degree_product_bin_l1"": 0.0, ""is_boundary_edge_l1"": 0.0, ""is_bridge_edge_l1"": 0.0, ""is_inter_community_edge_l1"": 0.0, ""is_low_common_neighbor_edge_l1"": 0.0, ""mean_l1"": 0.0}",1,32,32,721.1922635828597,0
realworld_completed,bio_celegans,SASB-candidate,sasb,SASB-structured,20260513,95,early,1.0,1.0,0.0,1,1,0,0.04691358024691358,0.047407407407407405,220,314,220--314,34,15,15,34,510,3,0.21428571428571427,1,3,1,32,"[""96"", ""53"", ""343"", ""51"", ""118"", ""147"", ""60"", ""363"", ""143"", ""142"", ""364"", ""62"", ""145"", ""144"", ""52"", ""220"", ""440"", ""82"", ""83"", ""149"", ""109"", ""121"", ""154"", ""85"", ""404"", ""181"", ""417"", ""333"", ""275"", ""246"", ""56"", ""314""]",a85ff2dd4687706b05d2c9516597bc77a80f693e522f48e12dbdf7a7053b4aaf,"{""boundary"": 12, ""community_rep"": 3, ""degree_core"": 10, ""random_fill"": 7}","{""degree_2"": 1, ""degree_3_4"": 1, ""degree_5_8"": 4, ""degree_9_plus"": 26}","{""0"": 2, ""1"": 5, ""2"": 1, ""3"": 6, ""4"": 3, ""5"": 1, ""6"": 6, ""7"": 1, ""8"": 6, ""9"": 1}",269,"{""backend"": ""evaluate_m19_theory_calibrated.candidate_features"", ""delta_mode"": ""none"", ""k_max"": 512, ""k_min"": 64, ""variant"": ""conservative""}",269,0.1393782383419689,1.0,1.0,0.0,0.8773234200743495,"{""dp_257_plus"": 0.9628252788104089, ""dp_65_256"": 0.03717472118959108}","{""cn_0"": 0.8550185873605948, ""cn_1"": 0.022304832713754646, ""cn_2_3"": 0.07063197026022305, ""cn_4_8"": 0.048327137546468404, ""cn_9_plus"": 0.0037174721189591076}",0.4684014869888476,1729.717472118959,sasb_candidate_builder,9dc82966b546fa49461984f0cb9a9e4e70749dd24588044120a6640d83f15719,269,9dc82966b546fa49461984f0cb9a9e4e70749dd24588044120a6640d83f15719,"{""sasb_builder"": 269}",0,0,0,0,{},0.0,"{""common_neighbor_bin_l1"": 0.0, ""degree_product_bin_l1"": 0.0, ""is_boundary_edge_l1"": 0.0, ""is_bridge_edge_l1"": 0.0, ""is_inter_community_edge_l1"": 0.0, ""is_low_common_neighbor_edge_l1"": 0.0, ""mean_l1"": 0.0}",1,32,32,579.9149119060176,0
realworld_completed,bio_celegans,SASB-candidate,sasb,SASB-structured,20260513,96,early,1.0,1.0,0.0,1,1,0,0.047407407407407405,0.047901234567901234,193,363,193--363,11,58,11,58,638,3,0.3,1,1,5,32,"[""96"", ""53"", ""343"", ""51"", ""118"", ""147"", ""60"", ""363"", ""143"", ""142"", ""364"", ""62"", ""145"", ""144"", ""52"", ""440"", ""220"", ""82"", ""83"", ""149"", ""109"", ""121"", ""154"", ""85"", ""404"", ""227"", ""123"", ""448"", ""432"", ""261"", ""63"", ""296""]",3132dcb85027fc1816cb420a3f21408e9009993cf8cd15127347d0a7855d01ce,"{""boundary"": 12, ""community_rep"": 3, ""degree_core"": 10, ""random_fill"": 7}","{""degree_3_4"": 2, ""degree_5_8"": 5, ""degree_9_plus"": 25}","{""0"": 2, ""1"": 6, ""2"": 1, ""3"": 7, ""4"": 1, ""5"": 1, ""6"": 6, ""7"": 1, ""8"": 6, ""9"": 1}",269,"{""backend"": ""evaluate_m19_theory_calibrated.candidate_features"", ""delta_mode"": ""none"", ""k_max"": 512, ""k_min"": 64, ""variant"": ""conservative""}",269,0.1394504924831519,1.0,1.0,0.0,0.8773234200743495,"{""dp_257_plus"": 0.9591078066914498, ""dp_65_256"": 0.040892193308550186}","{""cn_0"": 0.8550185873605948, ""cn_1"": 0.022304832713754646, ""cn_2_3"": 0.07063197026022305, ""cn_4_8"": 0.048327137546468404, ""cn_9_plus"": 0.0037174721189591076}",0.4646840148698885,1726.3382899628252,sasb_candidate_builder,44ffaa14ecb8d829eeaabd5745c7423198795b88b9f26ba409c31adfe3dd585f,269,44ffaa14ecb8d829eeaabd5745c7423198795b88b9f26ba409c31adfe3dd585f,"{""sasb_builder"": 269}",0,0,0,0,{},0.0,"{""common_neighbor_bin_l1"": 0.0, ""degree_product_bin_l1"": 0.0, ""is_boundary_edge_l1"": 0.0, ""is_bridge_edge_l1"": 0.0, ""is_inter_community_edge_l1"": 0.0, ""is_low_common_neighbor_edge_l1"": 0.0, ""mean_l1"": 0.0}",1,32,32,1230.899363904279,0
realworld_completed,bio_celegans,SASB-candidate,sasb,SASB-structured,20260513,97,early,1.0,1.0,0.0,1,1,0,0.047901234567901234,0.04839506172839506,145,217,145--217,55,20,20,55,1100,2,0.10526315789473684,1,1,0,32,"[""96"", ""53"", ""343"", ""51"", ""118"", ""147"", ""60"", ""363"", ""143"", ""142"", ""364"", ""62"", ""145"", ""144"", ""52"", ""440"", ""220"", ""82"", ""83"", ""149"", ""109"", ""121"", ""154"", ""85"", ""404"", ""168"", ""225"", ""420"", ""309"", ""427"", ""421"", ""311""]",e435f9a54e446778518e042f2647500bb620d242fd3ffc8d5bcead777e9762ce,"{""boundary"": 12, ""community_rep"": 3, ""degree_core"": 10, ""random_fill"": 7}","{""degree_2"": 1, ""degree_3_4"": 3, ""degree_5_8"": 4, ""degree_9_plus"": 24}","{""0"": 2, ""1"": 5, ""2"": 2, ""3"": 7, ""4"": 1, ""5"": 1, ""6"": 4, ""7"": 2, ""8"": 6, ""9"": 2}",269,"{""backend"": ""evaluate_m19_theory_calibrated.candidate_features"", ""delta_mode"": ""none"", ""k_max"": 512, ""k_min"": 64, ""variant"": ""conservative""}",269,0.1395228215767635,1.0,1.0,0.0,0.8810408921933085,"{""dp_257_plus"": 0.9591078066914498, ""dp_65_256"": 0.040892193308550186}","{""cn_0"": 0.8587360594795539, ""cn_1"": 0.022304832713754646, ""cn_2_3"": 0.06691449814126393, ""cn_4_8"": 0.048327137546468404, ""cn_9_plus"": 0.0037174721189591076}",0.45353159851301117,1724.275092936803,sasb_candidate_builder,8c3ff6e9dce31ba8f8f15abe68c8d520713a2d523b2b455205c360ad13d0f930,269,8c3ff6e9dce31ba8f8f15abe68c8d520713a2d523b2b455205c360ad13d0f930,"{""sasb_builder"": 269}",0,0,0,0,{},0.0,"{""common_neighbor_bin_l1"": 0.0, ""degree_product_bin_l1"": 0.0, ""is_boundary_edge_l1"": 0.0, ""is_bridge_edge_l1"": 0.0, ""is_inter_community_edge_l1"": 0.0, ""is_low_common_neighbor_edge_l1"": 0.0, ""mean_l1"": 0.0}",1,32,32,508.23001465891764,0
realworld_completed,bio_celegans,SASB-candidate,sasb,SASB-structured,20260513,98,early,1.0,1.0,0.0,1,1,0,0.04839506172839506,0.04888888888888889,51,95,51--95,99,7,7,99,693,2,0.3333333333333333,1,5,7,32,"[""96"", ""53"", ""343"", ""51"", ""118"", ""147"", ""60"", ""363"", ""143"", ""142"", ""364"", ""62"", ""144"", ""145"", ""52"", ""440"", ""220"", ""82"", ""83"", ""149"", ""109"", ""121"", ""154"", ""85"", ""404"", ""335"", ""319"", ""427"", ""222"", ""352"", ""301"", ""89""]",a980267649850d6f185ee3c53cbb0ca6b408028ebe5986956187ecf1da2222d5,"{""boundary"": 12, ""community_rep"": 3, ""degree_core"": 10, ""random_fill"": 7}","{""degree_3_4"": 2, ""degree_5_8"": 5, ""degree_9_plus"": 25}","{""0"": 1, ""1"": 6, ""2"": 1, ""3"": 7, ""4"": 1, ""5"": 1, ""6"": 7, ""7"": 2, ""8"": 5, ""9"": 1}",269,"{""backend"": ""evaluate_m19_theory_calibrated.candidate_features"", ""delta_mode"": ""none"", ""k_max"": 512, ""k_min"": 64, ""variant"": ""conservative""}",269,0.13959522573949143,1.0,1.0,0.0,0.8847583643122676,"{""dp_257_plus"": 0.9591078066914498, ""dp_65_256"": 0.040892193308550186}","{""cn_0"": 0.862453531598513, ""cn_1"": 0.022304832713754646, ""cn_2_3"": 0.06319702602230483, ""cn_4_8"": 0.048327137546468404, ""cn_9_plus"": 0.0037174721189591076}",0.44609665427509293,1718.5167286245353,sasb_candidate_builder,cd3e408d81100b4c3f895fefdae2fed1d62618e40274af18cc96632c0c310a07,269,cd3e408d81100b4c3f895fefdae2fed1d62618e40274af18cc96632c0c310a07,"{""sasb_builder"": 269}",0,0,0,0,{},0.0,"{""common_neighbor_bin_l1"": 0.0, ""degree_product_bin_l1"": 0.0, ""is_boundary_edge_l1"": 0.0, ""is_bridge_edge_l1"": 0.0, ""is_inter_community_edge_l1"": 0.0, ""is_low_common_neighbor_edge_l1"": 0.0, ""mean_l1"": 0.0}",1,32,32,423.42564354400054,0
realworld_completed,bio_celegans,SASB-candidate,sasb,SASB-structured,20260513,99,early,1.0,1.0,0.0,1,1,0,0.04888888888888889,0.04938271604938271,343,373,343--373,90,16,16,90,1440,4,0.26666666666666666,1,4,8,32,"[""96"", ""53"", ""343"", ""51"", ""118"", ""147"", ""60"", ""363"", ""143"", ""142"", ""364"", ""62"", ""144"", ""145"", ""52"", ""440"", ""220"", ""82"", ""83"", ""149"", ""109"", ""121"", ""154"", ""85"", ""404"", ""113"", ""234"", ""153"", ""383"", ""171"", ""251"", ""436""]",b872cfd2e770b5c6de5c42b79f3257c5d913cf912eaf5130a864cd43cf807595,"{""boundary"": 12, ""community_rep"": 3, ""degree_core"": 10, ""random_fill"": 7}","{""degree_3_4"": 5, ""degree_5_8"": 3, ""degree_9_plus"": 24}","{""0"": 2, ""1"": 5, ""2"": 1, ""3"": 6, ""4"": 1, ""5"": 1, ""6"": 7, ""7"": 1, ""8"": 6, ""9"": 2}",269,"{""backend"": ""evaluate_m19_theory_calibrated.candidate_features"", ""delta_mode"": ""none"", ""k_max"": 512, ""k_min"": 64, ""variant"": ""conservative""}",269,0.13966770508826584,1.0,1.0,0.0,0.8810408921933085,"{""dp_257_plus"": 0.9591078066914498, ""dp_65_256"": 0.040892193308550186}","{""cn_0"": 0.8587360594795539, ""cn_1"": 0.022304832713754646, ""cn_2_3"": 0.06319702602230483, ""cn_4_8"": 0.05204460966542751, ""cn_9_plus"": 0.0037174721189591076}",0.4684014869888476,1717.4758364312268,sasb_candidate_builder,580cc36c8ff93fc7f9eb78feb073c74625630071dd608515aad296fe8d7117ac,269,580cc36c8ff93fc7f9eb78feb073c74625630071dd608515aad296fe8d7117ac,"{""sasb_builder"": 269}",0,0,0,0,{},0.0,"{""common_neighbor_bin_l1"": 0.0, ""degree_product_bin_l1"": 0.0, ""is_boundary_edge_l1"": 0.0, ""is_bridge_edge_l1"": 0.0, ""is_inter_community_edge_l1"": 0.0, ""is_low_common_neighbor_edge_l1"": 0.0, ""mean_l1"": 0.0}",1,32,32,430.98144759997143,0
realworld_completed,bio_celegans,SASB-candidate,sasb,SASB-structured,20260513,100,early,1.0,1.0,0.0,1,1,0,0.04938271604938271,0.04987654320987654,120,343,120--343,11,89,11,89,979,2,0.2,1,1,8,32,"[""96"", ""53"", ""343"", ""51"", ""60"", ""363"", ""118"", ""143"", ""147"", ""142"", ""62"", ""52"", ""144"", ""145"", ""364"", ""440"", ""220"", ""82"", ""83"", ""149"", ""109"", ""121"", ""281"", ""404"", ""224"", ""206"", ""156"", ""188"", ""293"", ""120"", ""439"", ""333""]",681e72638eb2c37831d56841c8990af085e1e185880855f86729da51dd0c75b1,"{""boundary"": 12, ""community_rep"": 2, ""degree_core"": 10, ""random_fill"": 8}","{""degree_3_4"": 2, ""degree_5_8"": 4, ""degree_9_plus"": 26}","{""0"": 3, ""1"": 7, ""2"": 1, ""3"": 6, ""4"": 4, ""5"": 4, ""6"": 2, ""7"": 1, ""8"": 1, ""9"": 3}",269,"{""backend"": ""evaluate_m19_theory_calibrated.candidate_features"", ""delta_mode"": ""none"", ""k_max"": 512, ""k_min"": 64, ""variant"": ""conservative""}",269,0.13974025974025975,1.0,1.0,0.0,0.8252788104089219,"{""dp_257_plus"": 0.9925650557620818, ""dp_65_256"": 0.007434944237918215}","{""cn_0"": 0.8104089219330854, ""cn_1"": 0.01486988847583643, ""cn_2_3"": 0.07434944237918216, ""cn_4_8"": 0.08178438661710037, ""cn_9_plus"": 0.01858736059479554}",0.8736059479553904,1809.0557620817845,sasb_candidate_builder,8d141ba9c211934cd28af0d2eee7f24ca28962627c75d7578b93a798d83b5225,269,8d141ba9c211934cd28af0d2eee7f24ca28962627c75d7578b93a798d83b5225,"{""sasb_builder"": 269}",0,0,0,0,{},0.0,"{""common_neighbor_bin_l1"": 0.0, ""degree_product_bin_l1"": 0.0, ""is_boundary_edge_l1"": 0.0, ""is_bridge_edge_l1"": 0.0, ""is_inter_community_edge_l1"": 0.0, ""is_low_common_neighbor_edge_l1"": 0.0, ""mean_l1"": 0.0}",1,32,32,1404.482647022882,0
realworld_completed,bio_celegans,SASB-candidate,sasb,SASB-structured,20260513,101,early,1.0,1.0,0.0,1,1,0,0.04987654320987654,0.05037037037037037,343,363,343--363,88,57,57,88,5016,17,0.30357142857142855,1,4,5,32,"[""96"", ""53"", ""343"", ""51"", ""60"", ""363"", ""118"", ""143"", ""147"", ""142"", ""62"", ""52"", ""144"", ""145"", ""364"", ""440"", ""220"", ""82"", ""83"", ""149"", ""109"", ""121"", ""281"", ""404"", ""255"", ""267"", ""239"", ""425"", ""159"", ""274"", ""199"", ""166""]",1a0814f67ee164eb04a6946eb44707995ccc2f6dd3081401eb7ca86a1d1682d2,"{""boundary"": 12, ""community_rep"": 2, ""degree_core"": 10, ""random_fill"": 8}","{""degree_0_1"": 1, ""degree_3_4"": 3, ""degree_5_8"": 5, ""degree_9_plus"": 23}","{""0"": 3, ""1"": 6, ""2"": 1, ""3"": 5, ""4"": 5, ""5"": 4, ""6"": 3, ""7"": 1, ""8"": 2, ""9"": 2}",269,"{""backend"": ""evaluate_m19_theory_calibrated.candidate_features"", ""delta_mode"": ""none"", ""k_max"": 512, ""k_min"": 64, ""variant"": ""conservative""}",269,0.1398128898128898,1.0,1.0,0.0,0.828996282527881,"{""dp_257_plus"": 0.9925650557620818, ""dp_65_256"": 0.007434944237918215}","{""cn_0"": 0.8141263940520446, ""cn_1"": 0.01486988847583643, ""cn_2_3"": 0.07063197026022305, ""cn_4_8"": 0.08178438661710037, ""cn_9_plus"": 0.01858736059479554}",0.862453531598513,1826.6133828996283,sasb_candidate_builder,e26461db9b1f367e46287b157d6996474b819bbdcb7abd387486cd57feeb1220,269,e26461db9b1f367e46287b157d6996474b819bbdcb7abd387486cd57feeb1220,"{""sasb_builder"": 269}",0,0,0,0,{},0.0,"{""common_neighbor_bin_l1"": 0.0, ""degree_product_bin_l1"": 0.0, ""is_boundary_edge_l1"": 0.0, ""is_bridge_edge_l1"": 0.0, ""is_inter_community_edge_l1"": 0.0, ""is_low_common_neighbor_edge_l1"": 0.0, ""mean_l1"": 0.0}",1,32,32,1034.0358691562578,0
realworld_completed,bio_celegans,SASB-candidate,sasb,SASB-structured,20260513,102,early,1.0,1.0,0.0,1,1,0,0.05037037037037037,0.0508641975308642,70,96,70--96,6,206,6,206,1236,2,0.4,1,3,4,32,"[""96"", ""53"", ""343"", ""51"", ""60"", ""118"", ""363"", ""143"", ""147"", ""142"", ""62"", ""52"", ""144"", ""145"", ""364"", ""440"", ""220"", ""82"", ""83"", ""149"", ""109"", ""121"", ""281"", ""404"", ""161"", ""274"", ""178"", ""304"", ""4"", ""205"", ""70"", ""6""]",e134e490969e4df4bb0d0d60865eeb8a93b2fdfe3490b2ade60091e2450bdf67,"{""boundary"": 12, ""community_rep"": 2, ""degree_core"": 10, ""random_fill"": 8}","{""degree_3_4"": 2, ""degree_5_8"": 6, ""degree_9_plus"": 24}","{""0"": 3, ""1"": 5, ""2"": 1, ""3"": 5, ""4"": 6, ""5"": 4, ""6"": 2, ""7"": 1, ""8"": 2, ""9"": 3}",269,"{""backend"": ""evaluate_m19_theory_calibrated.candidate_features"", ""delta_mode"": ""none"", ""k_max"": 512, ""k_min"": 64, ""variant"": ""conservative""}",269,0.13988559542381696,1.0,1.0,0.0,0.8215613382899628,"{""dp_257_plus"": 0.9888475836431226, ""dp_65_256"": 0.011152416356877323}","{""cn_0"": 0.8029739776951673, ""cn_1"": 0.01858736059479554, ""cn_2_3"": 0.08550185873605948, ""cn_4_8"": 0.07806691449814127, ""cn_9_plus"": 0.01486988847583643}",0.8178438661710037,1782.7843866171004,sasb_candidate_builder,20c96f3c2ecb77ade47712b3126691ec398202667a48dd2f6f56794568b952f3,269,20c96f3c2ecb77ade47712b3126691ec398202667a48dd2f6f56794568b952f3,"{""sasb_builder"": 269}",0,0,0,0,{},0.0,"{""common_neighbor_bin_l1"": 0.0, ""degree_product_bin_l1"": 0.0, ""is_boundary_edge_l1"": 0.0, ""is_bridge_edge_l1"": 0.0, ""is_inter_community_edge_l1"": 0.0, ""is_low_common_neighbor_edge_l1"": 0.0, ""mean_l1"": 0.0}",1,32,32,4010.206695032099,0
realworld_completed,bio_celegans,SASB-candidate,sasb,SASB-structured,20260513,103,early,1.0,1.0,0.0,1,1,0,0.0508641975308642,0.05135802469135802,110,343,110--343,7,87,7,87,609,0,0.0,1,1,4,32,"[""96"", ""53"", ""343"", ""51"", ""60"", ""118"", ""363"", ""143"", ""147"", ""142"", ""62"", ""52"", ""144"", ""145"", ""364"", ""440"", ""220"", ""82"", ""83"", ""149"", ""109"", ""121"", ""281"", ""404"", ""333"", ""165"", ""15"", ""399"", ""183"", ""110"", ""236"", ""286""]",7b4594142c4689bc3d1f4e265e49b0290ba8b6045dee6628ba46d005deb52bda,"{""boundary"": 12, ""community_rep"": 2, ""degree_core"": 10, ""random_fill"": 8}","{""degree_3_4"": 5, ""degree_5_8"": 3, ""degree_9_plus"": 24}","{""0"": 3, ""1"": 7, ""2"": 1, ""3"": 6, ""4"": 5, ""5"": 4, ""6"": 3, ""7"": 1, ""8"": 1, ""9"": 1}",269,"{""backend"": ""evaluate_m19_theory_calibrated.candidate_features"", ""delta_mode"": ""none"", ""k_max"": 512, ""k_min"": 64, ""variant"": ""conservative""}",269,0.13995837669094693,1.0,1.0,0.0,0.8252788104089219,"{""dp_257_plus"": 0.9888475836431226, ""dp_65_256"": 0.011152416356877323}","{""cn_0"": 0.8066914498141264, ""cn_1"": 0.01858736059479554, ""cn_2_3"": 0.08178438661710037, ""cn_4_8"": 0.07806691449814127, ""cn_9_plus"": 0.01486988847583643}",0.8104089219330854,1773.981412639405,sasb_candidate_builder,ce9a166dd1d5611dd2d4b7b6c117cb47670b31aa01e18a5e62acde6cae031d80,269,ce9a166dd1d5611dd2d4b7b6c117cb47670b31aa01e18a5e62acde6cae031d80,"{""sasb_builder"": 269}",0,0,0,0,{},0.0,"{""common_neighbor_bin_l1"": 0.0, ""degree_product_bin_l1"": 0.0, ""is_boundary_edge_l1"": 0.0, ""is_bridge_edge_l1"": 0.0, ""is_inter_community_edge_l1"": 0.0, ""is_low_common_neighbor_edge_l1"": 0.0, ""mean_l1"": 0.0}",1,32,32,2564.825865004272,0
realworld_completed,bio_celegans,SASB-candidate,sasb,SASB-structured,20260513,104,early,1.0,1.0,0.0,1,1,0,0.05135802469135802,0.05185185185185185,53,72,53--72,113,10,10,113,1130,4,0.4444444444444444,1,4,9,32,"[""96"", ""53"", ""343"", ""51"", ""60"", ""118"", ""363"", ""143"", ""147"", ""142"", ""62"", ""52"", ""144"", ""145"", ""364"", ""440"", ""220"", ""82"", ""83"", ""149"", ""109"", ""121"", ""281"", ""404"", ""370"", ""390"", ""72"", ""151"", ""382"", ""260"", ""228"", ""141""]",a8bada5fcfc3e374f8aa113ea653263286b846b582c0e620891f9e04a36c7715,"{""boundary"": 12, ""community_rep"": 2, ""degree_core"": 10, ""random_fill"": 8}","{""degree_3_4"": 2, ""degree_5_8"": 6, ""degree_9_plus"": 24}","{""0"": 1, ""1"": 7, ""2"": 1, ""3"": 6, ""4"": 5, ""5"": 5, ""6"": 3, ""7"": 1, ""8"": 1, ""9"": 2}",269,"{""backend"": ""evaluate_m19_theory_calibrated.candidate_features"", ""delta_mode"": ""none"", ""k_max"": 512, ""k_min"": 64, ""variant"": ""conservative""}",269,0.14003123373243104,1.0,1.0,0.0,0.8252788104089219,"{""dp_257_plus"": 0.9888475836431226, ""dp_65_256"": 0.011152416356877323}","{""cn_0"": 0.8066914498141264, ""cn_1"": 0.01858736059479554, ""cn_2_3"": 0.08178438661710037, ""cn_4_8"": 0.07806691449814127, ""cn_9_plus"": 0.01486988847583643}",0.8104089219330854,1771.9665427509294,sasb_candidate_builder,95580d043ae0334a945e96b868c41258b10703e9a7e848673890da9d1402d042,269,95580d043ae0334a945e96b868c41258b10703e9a7e848673890da9d1402d042,"{""sasb_builder"": 269}",0,0,0,0,{},0.0,"{""common_neighbor_bin_l1"": 0.0, ""degree_product_bin_l1"": 0.0, ""is_boundary_edge_l1"": 0.0, ""is_bridge_edge_l1"": 0.0, ""is_inter_community_edge_l1"": 0.0, ""is_low_common_neighbor_edge_l1"": 0.0, ""mean_l1"": 0.0}",1,32,32,1807.5528975765685,0
realworld_completed,bio_celegans,SASB-candidate,sasb,SASB-structured,20260513,105,early,1.0,1.0,0.0,1,1,0,0.05185185185185185,0.05234567901234568,118,363,118--363,57,56,56,57,3192,16,0.2909090909090909,1,3,6,32,"[""96"", ""53"", ""343"", ""51"", ""60"", ""118"", ""363"", ""143"", ""147"", ""142"", ""62"", ""52"", ""144"", ""145"", ""364"", ""440"", ""220"", ""82"", ""83"", ""149"", ""109"", ""121"", ""281"", ""404"", ""235"", ""92"", ""36"", ""436"", ""354"", ""415"", ""257"", ""450""]",7dc6733080338ea530a4b6e78d6fbdb2bdf2cc90067cc776c0ce80dd6f3c615f,"{""boundary"": 12, ""community_rep"": 2, ""degree_core"": 10, ""random_fill"": 8}","{""degree_3_4"": 4, ""degree_5_8"": 5, ""degree_9_plus"": 23}","{""0"": 3, ""1"": 7, ""2"": 1, ""3"": 5, ""4"": 4, ""5"": 3, ""6"": 4, ""7"": 1, ""8"": 3, ""9"": 1}",268,"{""backend"": ""evaluate_m19_theory_calibrated.candidate_features"", ""delta_mode"": ""none"", ""k_max"": 512, ""k_min"": 64, ""variant"": ""conservative""}",268,0.13958333333333334,1.0,1.0,0.0,0.8246268656716418,"{""dp_257_plus"": 0.9850746268656716, ""dp_65_256"": 0.014925373134328358}","{""cn_0"": 0.8022388059701493, ""cn_1"": 0.022388059701492536, ""cn_2_3"": 0.08208955223880597, ""cn_4_8"": 0.07835820895522388, ""cn_9_plus"": 0.014925373134328358}",0.8171641791044776,1772.5932835820895,sasb_candidate_builder,75b81bb30104faa428456cb80735737a79eac23c09690340be4e4f019990d621,268,75b81bb30104faa428456cb80735737a79eac23c09690340be4e4f019990d621,"{""sasb_builder"": 268}",0,0,0,0,{},0.0,"{""common_neighbor_bin_l1"": 0.0, ""degree_product_bin_l1"": 0.0, ""is_boundary_edge_l1"": 0.0, ""is_bridge_edge_l1"": 0.0, ""is_inter_community_edge_l1"": 0.0, ""is_low_common_neighbor_edge_l1"": 0.0, ""mean_l1"": 0.0}",1,32,32,1046.9784878126484,0
realworld_completed,bio_celegans,SASB-candidate,sasb,SASB-structured,20260513,106,early,1.0,1.0,0.0,1,1,0,0.05234567901234568,0.05283950617283951,137,363,137--363,5,55,5,55,275,1,0.25,1,0,6,32,"[""96"", ""53"", ""343"", ""51"", ""60"", ""118"", ""363"", ""143"", ""147"", ""142"", ""62"", ""52"", ""144"", ""145"", ""364"", ""440"", ""220"", ""82"", ""83"", ""149"", ""109"", ""121"", ""281"", ""404"", ""348"", ""179"", ""123"", ""253"", ""73"", ""360"", ""137"", ""307""]",f8a89938a6b2f3197af3bca42d7293c81b72f351fff8c80d60f905473e21f62f,"{""boundary"": 12, ""community_rep"": 2, ""degree_core"": 10, ""random_fill"": 8}","{""degree_3_4"": 3, ""degree_5_8"": 4, ""degree_9_plus"": 25}","{""0"": 1, ""1"": 7, ""2"": 1, ""3"": 7, ""4"": 4, ""5"": 6, ""6"": 2, ""7"": 1, ""8"": 1, ""9"": 2}",268,"{""backend"": ""evaluate_m19_theory_calibrated.candidate_features"", ""delta_mode"": ""none"", ""k_max"": 512, ""k_min"": 64, ""variant"": ""conservative""}",268,0.13965607087024492,1.0,1.0,0.0,0.8171641791044776,"{""dp_257_plus"": 0.9888059701492538, ""dp_65_256"": 0.011194029850746268}","{""cn_0"": 0.7985074626865671, ""cn_1"": 0.018656716417910446, ""cn_2_3"": 0.09328358208955224, ""cn_4_8"": 0.07835820895522388, ""cn_9_plus"": 0.011194029850746268}",0.7947761194029851,1759.891791044776,sasb_candidate_builder,68928bb10958b88a0a6544ac26e089e846ee0514c3d095ce47868377178e980c,268,68928bb10958b88a0a6544ac26e089e846ee0514c3d095ce47868377178e980c,"{""sasb_builder"": 268}",0,0,0,0,{},0.0,"{""common_neighbor_bin_l1"": 0.0, ""degree_product_bin_l1"": 0.0, ""is_boundary_edge_l1"": 0.0, ""is_bridge_edge_l1"": 0.0, ""is_inter_community_edge_l1"": 0.0, ""is_low_common_neighbor_edge_l1"": 0.0, ""mean_l1"": 0.0}",1,32,32,2828.8920636206585,0
realworld_completed,bio_celegans,SASB-candidate,sasb,SASB-structured,20260513,107,early,1.0,1.0,0.0,1,1,0,0.05283950617283951,0.05333333333333334,121,343,121--343,24,86,24,86,2064,13,0.5652173913043478,1,4,6,32,"[""96"", ""53"", ""343"", ""51"", ""60"", ""118"", ""363"", ""143"", ""147"", ""142"", ""62"", ""52"", ""144"", ""145"", ""364"", ""440"", ""220"", ""82"", ""83"", ""149"", ""109"", ""121"", ""281"", ""404"", ""106"", ""88"", ""394"", ""4"", ""91"", ""365"", ""243"", ""171""]",3a8b095a4d4fe1f80bb34cbae72fff976a87897d272a5b732351663a37012cb3,"{""boundary"": 12, ""community_rep"": 2, ""degree_core"": 10, ""random_fill"": 8}","{""degree_2"": 1, ""degree_3_4"": 3, ""degree_5_8"": 5, ""degree_9_plus"": 23}","{""0"": 2, ""1"": 6, ""2"": 1, ""3"": 5, ""4"": 6, ""5"": 4, ""6"": 4, ""7"": 1, ""8"": 2, ""9"": 1}",268,"{""backend"": ""evaluate_m19_theory_calibrated.candidate_features"", ""delta_mode"": ""none"", ""k_max"": 512, ""k_min"": 64, ""variant"": ""conservative""}",268,0.1397288842544317,1.0,1.0,0.0,0.8283582089552238,"{""dp_257_plus"": 0.9850746268656716, ""dp_65_256"": 0.014925373134328358}","{""cn_0"": 0.8059701492537313, ""cn_1"": 0.022388059701492536, ""cn_2_3"": 0.08208955223880597, ""cn_4_8"": 0.07835820895522388, ""cn_9_plus"": 0.011194029850746268}",0.753731343283582,1759.5932835820895,sasb_candidate_builder,2f9fcba0d16ff554295b13233c0eb5a2dd603e386b7634fa828b6c64382223fe,268,2f9fcba0d16ff554295b13233c0eb5a2dd603e386b7634fa828b6c64382223fe,"{""sasb_builder"": 268}",0,0,0,0,{},0.0,"{""common_neighbor_bin_l1"": 0.0, ""degree_product_bin_l1"": 0.0, ""is_boundary_edge_l1"": 0.0, ""is_bridge_edge_l1"": 0.0, ""is_inter_community_edge_l1"": 0.0, ""is_low_common_neighbor_edge_l1"": 0.0, ""mean_l1"": 0.0}",1,32,32,663.0872771974373,0
realworld_completed,bio_celegans,SASB-candidate,sasb,SASB-structured,20260513,108,early,1.0,1.0,0.0,1,1,0,0.05333333333333334,0.05382716049382716,143,217,143--217,70,19,19,70,1330,4,0.2222222222222222,1,1,3,32,"[""96"", ""53"", ""343"", ""51"", ""60"", ""118"", ""363"", ""143"", ""147"", ""142"", ""62"", ""52"", ""144"", ""145"", ""364"", ""440"", ""220"", ""82"", ""83"", ""149"", ""109"", ""121"", ""281"", ""404"", ""171"", ""32"", ""314"", ""64"", ""441"", ""91"", ""103"", ""69""]",5c8927d77c8192a6da8d757ff3f6a9e2fdad40bc10bd781e7cb8311ea1cf374e,"{""boundary"": 12, ""community_rep"": 2, ""degree_core"": 10, ""random_fill"": 8}","{""degree_2"": 1, ""degree_3_4"": 3, ""degree_5_8"": 2, ""degree_9_plus"": 26}","{""0"": 2, ""1"": 8, ""2"": 1, ""3"": 6, ""4"": 4, ""5"": 5, ""6"": 2, ""7"": 1, ""8"": 2, ""9"": 1}",268,"{""backend"": ""evaluate_m19_theory_calibrated.candidate_features"", ""delta_mode"": ""none"", ""k_max"": 512, ""k_min"": 64, ""variant"": ""conservative""}",268,0.1398017736045905,1.0,1.0,0.0,0.832089552238806,"{""dp_257_plus"": 0.9813432835820896, ""dp_65_256"": 0.018656716417910446}","{""cn_0"": 0.8059701492537313, ""cn_1"": 0.026119402985074626, ""cn_2_3"": 0.08208955223880597, ""cn_4_8"": 0.07835820895522388, ""cn_9_plus"": 0.007462686567164179}",0.7276119402985075,1754.0858208955224,sasb_candidate_builder,2f7126640e89241092fc1a04338a4132b1f7eddcf983db77a4883b52a5261f1a,268,2f7126640e89241092fc1a04338a4132b1f7eddcf983db77a4883b52a5261f1a,"{""sasb_builder"": 268}",0,0,0,0,{},0.0,"{""common_neighbor_bin_l1"": 0.0, ""degree_product_bin_l1"": 0.0, ""is_boundary_edge_l1"": 0.0, ""is_bridge_edge_l1"": 0.0, ""is_inter_community_edge_l1"": 0.0, ""is_low_common_neighbor_edge_l1"": 0.0, ""mean_l1"": 0.0}",1,32,32,608.8697410137422,0
realworld_completed,bio_celegans,SASB-candidate,sasb,SASB-structured,20260513,109,early,1.0,1.0,0.0,1,1,0,0.05382716049382716,0.05432098765432099,96,97,96--97,205,13,13,205,2665,8,0.6666666666666666,1,0,4,32,"[""96"", ""53"", ""343"", ""51"", ""60"", ""118"", ""363"", ""147"", ""142"", ""143"", ""62"", ""52"", ""144"", ""145"", ""364"", ""440"", ""220"", ""82"", ""83"", ""149"", ""109"", ""121"", ""281"", ""404"", ""283"", ""360"", ""420"", ""25"", ""248"", ""243"", ""228"", ""110""]",335dd7cd43117c494aa8164bf4738c982a49d35294683b779b991337d57bfb2e,"{""boundary"": 12, ""community_rep"": 2, ""degree_core"": 10, ""random_fill"": 8}","{""degree_3_4"": 4, ""degree_5_8"": 5, ""degree_9_plus"": 23}","{""0"": 1, ""1"": 8, ""2"": 3, ""3"": 6, ""4"": 4, ""5"": 5, ""6"": 2, ""7"": 1, ""8"": 1, ""9"": 1}",268,"{""backend"": ""evaluate_m19_theory_calibrated.candidate_features"", ""delta_mode"": ""none"", ""k_max"": 512, ""k_min"": 64, ""variant"": ""conservative""}",268,0.13987473903966596,1.0,1.0,0.0,0.835820895522388,"{""dp_257_plus"": 0.9813432835820896, ""dp_65_256"": 0.018656716417910446}","{""cn_0"": 0.8097014925373134, ""cn_1"": 0.026119402985074626, ""cn_2_3"": 0.08582089552238806, ""cn_4_8"": 0.0708955223880597, ""cn_9_plus"": 0.007462686567164179}",0.7089552238805971,1770.1044776119404,sasb_candidate_builder,ca8c21eafe02fcf3999fba768c59a408d32dd445676d0dcfbe361fd27558b44e,268,ca8c21eafe02fcf3999fba768c59a408d32dd445676d0dcfbe361fd27558b44e,"{""sasb_builder"": 268}",0,0,0,0,{},0.0,"{""common_neighbor_bin_l1"": 0.0, ""degree_product_bin_l1"": 0.0, ""is_boundary_edge_l1"": 0.0, ""is_bridge_edge_l1"": 0.0, ""is_inter_community_edge_l1"": 0.0, ""is_low_common_neighbor_edge_l1"": 0.0, ""mean_l1"": 0.0}",1,32,32,1655.0485855250877,0
realworld_completed,bio_celegans,SASB-candidate,sasb,SASB-structured,20260513,110,early,1.0,1.0,0.0,1,1,0,0.05432098765432099,0.054814814814814816,343,359,343--359,85,12,12,85,1020,5,0.45454545454545453,1,3,4,32,"[""96"", ""53"", ""343"", ""51"", ""60"", ""118"", ""147"", ""142"", ""143"", ""62"", ""52"", ""363"", ""144"", ""145"", ""364"", ""440"", ""220"", ""82"", ""83"", ""149"", ""109"", ""121"", ""85"", ""404"", ""310"", ""23"", ""359"", ""79"", ""102"", ""63"", ""155"", ""128""]",40bad4f9239b0fcb734afd45dbefec80a52d869a03f2e5df93ae8763d47b8861,"{""boundary"": 12, ""community_rep"": 2, ""degree_core"": 10, ""random_fill"": 8}","{""degree_3_4"": 4, ""degree_5_8"": 4, ""degree_9_plus"": 24}","{""0"": 1, ""1"": 8, ""2"": 3, ""3"": 1, ""4"": 6, ""5"": 6, ""6"": 4, ""7"": 1, ""8"": 2}",268,"{""backend"": ""evaluate_m19_theory_calibrated.candidate_features"", ""delta_mode"": ""none"", ""k_max"": 512, ""k_min"": 64, ""variant"": ""conservative""}",268,0.13994778067885116,1.0,1.0,0.0,0.8656716417910447,"{""dp_257_plus"": 0.9813432835820896, ""dp_65_256"": 0.018656716417910446}","{""cn_0"": 0.8507462686567164, ""cn_1"": 0.014925373134328358, ""cn_2_3"": 0.06716417910447761, ""cn_4_8"": 0.06343283582089553, ""cn_9_plus"": 0.0037313432835820895}",0.5373134328358209,1812.7873134328358,sasb_candidate_builder,75bf73d3ea2d524acfae0263068ad4d3171d963de3a9cdbbdca5f965bfcade44,268,75bf73d3ea2d524acfae0263068ad4d3171d963de3a9cdbbdca5f965bfcade44,"{""sasb_builder"": 268}",0,0,0,0,{},0.0,"{""common_neighbor_bin_l1"": 0.0, ""degree_product_bin_l1"": 0.0, ""is_boundary_edge_l1"": 0.0, ""is_bridge_edge_l1"": 0.0, ""is_inter_community_edge_l1"": 0.0, ""is_low_common_neighbor_edge_l1"": 0.0, ""mean_l1"": 0.0}",1,32,32,1198.9644054776907,0
realworld_completed,bio_celegans,SASB-candidate,sasb,SASB-structured,20260513,111,early,1.0,1.0,0.0,1,1,0,0.054814814814814816,0.055308641975308645,142,217,142--217,69,18,18,69,1242,3,0.17647058823529413,1,1,6,32,"[""96"", ""53"", ""343"", ""51"", ""60"", ""118"", ""147"", ""142"", ""143"", ""62"", ""52"", ""363"", ""144"", ""145"", ""364"", ""440"", ""220"", ""82"", ""83"", ""149"", ""109"", ""121"", ""85"", ""404"", ""452"", ""13"", ""305"", ""129"", ""200"", ""402"", ""276"", ""320""]",5c917b101a794e84238d5cf28488311cd845970413adc90aebad9ae2a2aec50f,"{""boundary"": 12, ""community_rep"": 2, ""degree_core"": 10, ""random_fill"": 8}","{""degree_3_4"": 2, ""degree_5_8"": 6, ""degree_9_plus"": 24}","{""0"": 1, ""1"": 7, ""2"": 2, ""3"": 1, ""4"": 8, ""5"": 4, ""6"": 5, ""7"": 1, ""8"": 3}",268,"{""backend"": ""evaluate_m19_theory_calibrated.candidate_features"", ""delta_mode"": ""none"", ""k_max"": 512, ""k_min"": 64, ""variant"": ""conservative""}",268,0.1400208986415883,1.0,1.0,0.0,0.8694029850746269,"{""dp_17_64"": 0.0037313432835820895, ""dp_257_plus"": 0.9776119402985075, ""dp_65_256"": 0.018656716417910446}","{""cn_0"": 0.8544776119402985, ""cn_1"": 0.014925373134328358, ""cn_2_3"": 0.06716417910447761, ""cn_4_8"": 0.05970149253731343, ""cn_9_plus"": 0.0037313432835820895}",0.5149253731343284,1806.4402985074628,sasb_candidate_builder,02332835080f72ca136bcbaa39395656f5ceebec3fa91010b6eabb7cecf3fc92,268,02332835080f72ca136bcbaa39395656f5ceebec3fa91010b6eabb7cecf3fc92,"{""sasb_builder"": 268}",0,0,0,0,{},0.0,"{""common_neighbor_bin_l1"": 0.0, ""degree_product_bin_l1"": 0.0, ""is_boundary_edge_l1"": 0.0, ""is_bridge_edge_l1"": 0.0, ""is_inter_community_edge_l1"": 0.0, ""is_low_common_neighbor_edge_l1"": 0.0, ""mean_l1"": 0.0}",1,32,32,564.0744658661365,0
realworld_completed,bio_celegans,SASB-candidate,sasb,SASB-structured,20260513,112,early,1.0,1.0,0.0,1,1,0,0.055308641975308645,0.05580246913580247,93,96,93--96,16,204,16,204,3264,9,0.6,1,8,0,32,"[""96"", ""53"", ""343"", ""51"", ""60"", ""118"", ""147"", ""143"", ""142"", ""62"", ""52"", ""363"", ""144"", ""145"", ""364"", ""440"", ""220"", ""82"", ""83"", ""149"", ""109"", ""121"", ""85"", ""404"", ""338"", ""173"", ""255"", ""58"", ""402"", ""68"", ""84"", ""291""]",9cdc8145a06a7b707667ff2b19f79e1f0aad294e3f79233e0f5d71540d2b0cff,"{""boundary"": 12, ""community_rep"": 2, ""degree_core"": 10, ""random_fill"": 8}","{""degree_2"": 1, ""degree_3_4"": 5, ""degree_5_8"": 3, ""degree_9_plus"": 23}","{""0"": 2, ""1"": 5, ""2"": 2, ""3"": 1, ""4"": 5, ""5"": 5, ""6"": 6, ""7"": 1, ""8"": 5}",268,"{""backend"": ""evaluate_m19_theory_calibrated.candidate_features"", ""delta_mode"": ""none"", ""k_max"": 512, ""k_min"": 64, ""variant"": ""conservative""}",268,0.14009409304756926,1.0,1.0,0.0,0.8731343283582089,"{""dp_17_64"": 0.0037313432835820895, ""dp_257_plus"": 0.9776119402985075, ""dp_65_256"": 0.018656716417910446}","{""cn_0"": 0.8582089552238806, ""cn_1"": 0.014925373134328358, ""cn_2_3"": 0.06343283582089553, ""cn_4_8"": 0.05970149253731343, ""cn_9_plus"": 0.0037313432835820895}",0.503731343283582,1805.6268656716418,sasb_candidate_builder,4c5574648eb42e28639f6e0be62a99e0dab886935bb22be31e9861b76ee8c14a,268,4c5574648eb42e28639f6e0be62a99e0dab886935bb22be31e9861b76ee8c14a,"{""sasb_builder"": 268}",0,0,0,0,{},0.0,"{""common_neighbor_bin_l1"": 0.0, ""degree_product_bin_l1"": 0.0, ""is_boundary_edge_l1"": 0.0, ""is_bridge_edge_l1"": 0.0, ""is_inter_community_edge_l1"": 0.0, ""is_low_common_neighbor_edge_l1"": 0.0, ""mean_l1"": 0.0}",1,32,32,565.4932351658625,0
realworld_completed,bio_celegans,SASB-candidate,sasb,SASB-structured,20260513,113,early,1.0,1.0,0.0,1,1,0,0.05580246913580247,0.056296296296296296,26,51,26--51,5,98,5,98,490,1,0.25,1,1,5,32,"[""96"", ""53"", ""343"", ""51"", ""60"", ""118"", ""147"", ""143"", ""142"", ""62"", ""52"", ""363"", ""144"", ""145"", ""364"", ""440"", ""220"", ""82"", ""83"", ""149"", ""109"", ""121"", ""85"", ""404"", ""6"", ""39"", ""140"", ""185"", ""102"", ""37"", ""170"", ""26""]",faab139e20dfdb83adfe6a2400f5be55ef95c213108b4b75809b59995f6259b7,"{""boundary"": 12, ""community_rep"": 2, ""degree_core"": 10, ""random_fill"": 8}","{""degree_3_4"": 5, ""degree_5_8"": 4, ""degree_9_plus"": 23}","{""0"": 2, ""1"": 8, ""2"": 1, ""3"": 2, ""4"": 5, ""5"": 4, ""6"": 5, ""7"": 2, ""8"": 3}",268,"{""backend"": ""evaluate_m19_theory_calibrated.candidate_features"", ""delta_mode"": ""none"", ""k_max"": 512, ""k_min"": 64, ""variant"": ""conservative""}",268,0.1401673640167364,1.0,1.0,0.0,0.8805970149253731,"{""dp_17_64"": 0.0037313432835820895, ""dp_257_plus"": 0.9776119402985075, ""dp_65_256"": 0.018656716417910446}","{""cn_0"": 0.8656716417910447, ""cn_1"": 0.014925373134328358, ""cn_2_3"": 0.06343283582089553, ""cn_4_8"": 0.055970149253731345}",0.45149253731343286,1790.7313432835822,sasb_candidate_builder,1e94cfb12f68de75dfa1a50d652a63b1c086726c886f1fc012d243895b8764b7,268,1e94cfb12f68de75dfa1a50d652a63b1c086726c886f1fc012d243895b8764b7,"{""sasb_builder"": 268}",0,0,0,0,{},0.0,"{""common_neighbor_bin_l1"": 0.0, ""degree_product_bin_l1"": 0.0, ""is_boundary_edge_l1"": 0.0, ""is_bridge_edge_l1"": 0.0, ""is_inter_community_edge_l1"": 0.0, ""is_low_common_neighbor_edge_l1"": 0.0, ""mean_l1"": 0.0}",1,32,32,2526.600240425415,0
realworld_completed,bio_celegans,SASB-candidate,sasb,SASB-structured,20260513,114,early,1.0,1.0,0.0,1,1,0,0.056296296296296296,0.056790123456790124,143,160,143--160,69,13,13,69,897,4,0.3333333333333333,1,8,7,32,"[""96"", ""53"", ""343"", ""51"", ""60"", ""118"", ""147"", ""143"", ""142"", ""62"", ""52"", ""363"", ""144"", ""145"", ""364"", ""440"", ""220"", ""82"", ""83"", ""149"", ""109"", ""121"", ""85"", ""404"", ""160"", ""218"", ""347"", ""373"", ""412"", ""322"", ""37"", ""271""]",1fa0c15de52bbdec4db8a41918e473d58dc616571ccfd377a8328573a6d59d34,"{""boundary"": 12, ""community_rep"": 2, ""degree_core"": 10, ""random_fill"": 8}","{""degree_3_4"": 3, ""degree_5_8"": 2, ""degree_9_plus"": 27}","{""0"": 2, ""1"": 6, ""2"": 2, ""3"": 1, ""4"": 6, ""5"": 4, ""6"": 6, ""7"": 1, ""8"": 4}",268,"{""backend"": ""evaluate_m19_theory_calibrated.candidate_features"", ""delta_mode"": ""none"", ""k_max"": 512, ""k_min"": 64, ""variant"": ""conservative""}",268,0.1402407116692831,1.0,1.0,0.0,0.8805970149253731,"{""dp_17_64"": 0.0037313432835820895, ""dp_257_plus"": 0.9776119402985075, ""dp_65_256"": 0.018656716417910446}","{""cn_0"": 0.8694029850746269, ""cn_1"": 0.011194029850746268, ""cn_2_3"": 0.06343283582089553, ""cn_4_8"": 0.055970149253731345}",0.44776119402985076,1789.6679104477612,sasb_candidate_builder,f294598d44416154a96235a26054ccb7dbd0cf922b20063cb9c67e76137af219,268,f294598d44416154a96235a26054ccb7dbd0cf922b20063cb9c67e76137af219,"{""sasb_builder"": 268}",0,0,0,0,{},0.0,"{""common_neighbor_bin_l1"": 0.0, ""degree_product_bin_l1"": 0.0, ""is_boundary_edge_l1"": 0.0, ""is_bridge_edge_l1"": 0.0, ""is_inter_community_edge_l1"": 0.0, ""is_low_common_neighbor_edge_l1"": 0.0, ""mean_l1"": 0.0}",1,32,32,1439.757315540077,0
realworld_completed,bio_celegans,SASB-candidate,sasb,SASB-structured,20260513,115,early,1.0,1.0,0.0,1,1,0,0.056790123456790124,0.05728395061728395,217,343,217--343,17,84,17,84,1428,7,0.4375,1,6,7,32,"[""96"", ""53"", ""343"", ""51"", ""60"", ""118"", ""147"", ""142"", ""143"", ""62"", ""52"", ""363"", ""144"", ""145"", ""364"", ""440"", ""220"", ""82"", ""83"", ""149"", ""109"", ""121"", ""85"", ""404"", ""217"", ""357"", ""216"", ""89"", ""234"", ""317"", ""315"", ""374""]",d745aaa0cc55e464d9dc96f46f1ed487f8111975919ac704f65ba32d9bcefd72,"{""boundary"": 12, ""community_rep"": 2, ""degree_core"": 10, ""random_fill"": 8}","{""degree_3_4"": 5, ""degree_5_8"": 1, ""degree_9_plus"": 26}","{""0"": 1, ""1"": 7, ""2"": 1, ""3"": 2, ""4"": 6, ""5"": 7, ""6"": 5, ""7"": 1, ""8"": 2}",268,"{""backend"": ""evaluate_m19_theory_calibrated.candidate_features"", ""delta_mode"": ""none"", ""k_max"": 512, ""k_min"": 64, ""variant"": ""conservative""}",268,0.14031413612565444,1.0,1.0,0.0,0.8805970149253731,"{""dp_17_64"": 0.0037313432835820895, ""dp_257_plus"": 0.9738805970149254, ""dp_65_256"": 0.022388059701492536}","{""cn_0"": 0.8694029850746269, ""cn_1"": 0.011194029850746268, ""cn_2_3"": 0.06716417910447761, ""cn_4_8"": 0.05223880597014925}",0.44402985074626866,1785.1567164179105,sasb_candidate_builder,77286246657ecca12edcbc8be60502588e9f9fd177d0a6992b7cfc8d8b53db6b,268,77286246657ecca12edcbc8be60502588e9f9fd177d0a6992b7cfc8d8b53db6b,"{""sasb_builder"": 268}",0,0,0,0,{},0.0,"{""common_neighbor_bin_l1"": 0.0, ""degree_product_bin_l1"": 0.0, ""is_boundary_edge_l1"": 0.0, ""is_bridge_edge_l1"": 0.0, ""is_inter_community_edge_l1"": 0.0, ""is_low_common_neighbor_edge_l1"": 0.0, ""mean_l1"": 0.0}",1,32,32,858.5811946209842,0
realworld_completed,bio_celegans,SASB-candidate,sasb,SASB-structured,20260513,116,early,1.0,1.0,0.0,1,1,0,0.05728395061728395,0.057777777777777775,3,60,3--60,5,59,5,59,295,1,0.25,1,10,5,32,"[""96"", ""53"", ""343"", ""51"", ""60"", ""118"", ""147"", ""142"", ""143"", ""62"", ""52"", ""363"", ""144"", ""145"", ""364"", ""440"", ""220"", ""82"", ""83"", ""149"", ""109"", ""121"", ""85"", ""404"", ""92"", ""452"", ""381"", ""46"", ""252"", ""19"", ""238"", ""259""]",31729232e8453868ca8096b27f13e4d7227d6708ca3a29ce4fb576c82f1cec94,"{""boundary"": 12, ""community_rep"": 2, ""degree_core"": 10, ""random_fill"": 8}","{""degree_3_4"": 3, ""degree_5_8"": 6, ""degree_9_plus"": 23}","{""0"": 2, ""1"": 6, ""2"": 3, ""3"": 1, ""4"": 5, ""5"": 6, ""6"": 4, ""7"": 1, ""8"": 4}",268,"{""backend"": ""evaluate_m19_theory_calibrated.candidate_features"", ""delta_mode"": ""none"", ""k_max"": 512, ""k_min"": 64, ""variant"": ""conservative""}",268,0.14038763750654792,1.0,1.0,0.0,0.8805970149253731,"{""dp_17_64"": 0.0037313432835820895, ""dp_257_plus"": 0.9738805970149254, ""dp_65_256"": 0.022388059701492536}","{""cn_0"": 0.8694029850746269, ""cn_1"": 0.011194029850746268, ""cn_2_3"": 0.06716417910447761, ""cn_4_8"": 0.05223880597014925}",0.43283582089552236,1779.80223880597,sasb_candidate_builder,4429e639fb34949dd2d0dcc61343707032e1aac423ab7dd9b90898f06a8949b3,268,4429e639fb34949dd2d0dcc61343707032e1aac423ab7dd9b90898f06a8949b3,"{""sasb_builder"": 268}",0,0,0,0,{},0.0,"{""common_neighbor_bin_l1"": 0.0, ""degree_product_bin_l1"": 0.0, ""is_boundary_edge_l1"": 0.0, ""is_bridge_edge_l1"": 0.0, ""is_inter_community_edge_l1"": 0.0, ""is_low_common_neighbor_edge_l1"": 0.0, ""mean_l1"": 0.0}",1,32,32,348.5208459267173,0
realworld_completed,bio_celegans,SASB-candidate,sasb,SASB-structured,20260513,117,early,1.0,1.0,0.0,1,1,0,0.057777777777777775,0.058271604938271604,51,72,51--72,97,9,9,97,873,4,0.5,1,7,9,32,"[""96"", ""53"", ""343"", ""51"", ""60"", ""118"", ""147"", ""142"", ""143"", ""62"", ""52"", ""363"", ""144"", ""145"", ""364"", ""440"", ""220"", ""82"", ""83"", ""149"", ""109"", ""121"", ""85"", ""404"", ""369"", ""289"", ""415"", ""215"", ""376"", ""92"", ""297"", ""379""]",5e6ce257797e57713dd9a196816c0188c85f397e7862d8f9f3cf6b63a71a3205,"{""boundary"": 12, ""community_rep"": 2, ""degree_core"": 10, ""random_fill"": 8}","{""degree_2"": 1, ""degree_3_4"": 2, ""degree_5_8"": 4, ""degree_9_plus"": 25}","{""0"": 2, ""1"": 7, ""2"": 2, ""3"": 4, ""4"": 5, ""5"": 4, ""6"": 5, ""7"": 1, ""8"": 2}",268,"{""backend"": ""evaluate_m19_theory_calibrated.candidate_features"", ""delta_mode"": ""none"", ""k_max"": 512, ""k_min"": 64, ""variant"": ""conservative""}",268,0.14046121593291405,1.0,1.0,0.0,0.8805970149253731,"{""dp_17_64"": 0.0037313432835820895, ""dp_257_plus"": 0.9738805970149254, ""dp_65_256"": 0.022388059701492536}","{""cn_0"": 0.8731343283582089, ""cn_1"": 0.007462686567164179, ""cn_2_3"": 0.06716417910447761, ""cn_4_8"": 0.05223880597014925}",0.4291044776119403,1779.5186567164178,sasb_candidate_builder,1fd3b0658284f508f4ecea9b90019317e71526ace47b4ce68aaf8bf401bfc81d,268,1fd3b0658284f508f4ecea9b90019317e71526ace47b4ce68aaf8bf401bfc81d,"{""sasb_builder"": 268}",0,0,0,0,{},0.0,"{""common_neighbor_bin_l1"": 0.0, ""degree_product_bin_l1"": 0.0, ""is_boundary_edge_l1"": 0.0, ""is_bridge_edge_l1"": 0.0, ""is_inter_community_edge_l1"": 0.0, ""is_low_common_neighbor_edge_l1"": 0.0, ""mean_l1"": 0.0}",1,32,32,350.4347761796959,0
realworld_completed,bio_celegans,SASB-candidate,sasb,SASB-structured,20260513,118,early,1.0,1.0,0.0,1,1,0,0.058271604938271604,0.05876543209876543,142,163,142--163,68,12,12,68,816,3,0.2727272727272727,1,1,5,32,"[""96"", ""53"", ""343"", ""51"", ""60"", ""118"", ""147"", ""142"", ""143"", ""62"", ""52"", ""363"", ""144"", ""145"", ""364"", ""440"", ""220"", ""82"", ""83"", ""149"", ""109"", ""121"", ""85"", ""404"", ""351"", ""398"", ""63"", ""294"", ""163"", ""185"", ""146"", ""298""]",6824dff4ac92ddccfa99b386a406b329633f0384c9c0118609a349613e533cae,"{""boundary"": 12, ""community_rep"": 2, ""degree_core"": 10, ""random_fill"": 8}","{""degree_2"": 1, ""degree_3_4"": 2, ""degree_5_8"": 4, ""degree_9_plus"": 25}","{""0"": 1, ""1"": 7, ""2"": 1, ""3"": 3, ""4"": 6, ""5"": 4, ""6"": 5, ""7"": 1, ""8"": 4}",268,"{""backend"": ""evaluate_m19_theory_calibrated.candidate_features"", ""delta_mode"": ""none"", ""k_max"": 512, ""k_min"": 64, ""variant"": ""conservative""}",268,0.140534871525957,1.0,1.0,0.0,0.8843283582089553,"{""dp_17_64"": 0.0037313432835820895, ""dp_257_plus"": 0.9738805970149254, ""dp_65_256"": 0.022388059701492536}","{""cn_0"": 0.8768656716417911, ""cn_1"": 0.007462686567164179, ""cn_2_3"": 0.06716417910447761, ""cn_4_8"": 0.048507462686567165}",0.41044776119402987,1778.7537313432836,sasb_candidate_builder,dd1bba7af8392bcee3dc4c76c136405db47387d870c983e42e6428dd0b33b6ae,268,dd1bba7af8392bcee3dc4c76c136405db47387d870c983e42e6428dd0b33b6ae,"{""sasb_builder"": 268}",0,0,0,0,{},0.0,"{""common_neighbor_bin_l1"": 0.0, ""degree_product_bin_l1"": 0.0, ""is_boundary_edge_l1"": 0.0, ""is_bridge_edge_l1"": 0.0, ""is_inter_community_edge_l1"": 0.0, ""is_low_common_neighbor_edge_l1"": 0.0, ""mean_l1"": 0.0}",1,32,32,791.6955821802006,0
realworld_completed,bio_celegans,SASB-candidate,sasb,SASB-structured,20260513,119,early,1.0,1.0,0.0,1,1,0,0.05876543209876543,0.05925925925925926,51,94,51--94,96,17,17,96,1632,5,0.3125,0,8,8,32,"[""96"", ""53"", ""343"", ""51"", ""60"", ""118"", ""147"", ""143"", ""62"", ""52"", ""142"", ""363"", ""144"", ""145"", ""364"", ""440"", ""220"", ""82"", ""83"", ""149"", ""109"", ""121"", ""85"", ""404"", ""431"", ""260"", ""373"", ""97"", ""240"", ""337"", ""0"", ""448""]",41d1ee1dd4a4bfa8230b83571208bc258b196a1f727abba3756825759c89b3d7,"{""boundary"": 12, ""community_rep"": 2, ""degree_core"": 10, ""random_fill"": 8}","{""degree_3_4"": 3, ""degree_5_8"": 4, ""degree_9_plus"": 25}","{""0"": 2, ""1"": 7, ""2"": 2, ""3"": 1, ""4"": 7, ""5"": 4, ""6"": 4, ""7"": 1, ""8"": 4}",268,"{""backend"": ""evaluate_m19_theory_calibrated.candidate_features"", ""delta_mode"": ""none"", ""k_max"": 512, ""k_min"": 64, ""variant"": ""conservative""}",268,0.14060860440713535,1.0,1.0,0.0,0.8880597014925373,"{""dp_17_64"": 0.0037313432835820895, ""dp_257_plus"": 0.9701492537313433, ""dp_65_256"": 0.026119402985074626}","{""cn_0"": 0.8805970149253731, ""cn_1"": 0.007462686567164179, ""cn_2_3"": 0.06343283582089553, ""cn_4_8"": 0.048507462686567165}",0.39552238805970147,1774.4962686567164,sasb_candidate_builder,6791342d4c7ed5e4c1418b82d245f50fb0173772b3d34393e2b633f0a69530ca,268,6791342d4c7ed5e4c1418b82d245f50fb0173772b3d34393e2b633f0a69530ca,"{""sasb_builder"": 268}",0,0,0,0,{},0.0,"{""common_neighbor_bin_l1"": 0.0, ""degree_product_bin_l1"": 0.0, ""is_boundary_edge_l1"": 0.0, ""is_bridge_edge_l1"": 0.0, ""is_inter_community_edge_l1"": 0.0, ""is_low_common_neighbor_edge_l1"": 0.0, ""mean_l1"": 0.0}",1,32,32,476.38155375640326,0
realworld_completed,bio_celegans,SASB-candidate,sasb,SASB-structured,20260513,120,early,1.0,1.0,0.0,1,1,0,0.05925925925925926,0.05975308641975308,274,343,274--343,5,83,5,83,415,2,0.5,1,10,9,32,"[""96"", ""53"", ""343"", ""51"", ""118"", ""147"", ""60"", ""143"", ""142"", ""363"", ""62"", ""52"", ""144"", ""145"", ""364"", ""440"", ""220"", ""82"", ""83"", ""149"", ""109"", ""121"", ""154"", ""281"", ""398"", ""404"", ""5"", ""108"", ""192"", ""70"", ""29"", ""274""]",4fcdc6a548c23ce74e54b41fbcbf9dd71a3daf1ff917be19c716b5cbeedd34b1,"{""boundary"": 12, ""community_rep"": 4, ""degree_core"": 10, ""random_fill"": 6}","{""degree_5_8"": 5, ""degree_9_plus"": 27}","{""0"": 1, ""1"": 6, ""10"": 2, ""2"": 4, ""3"": 5, ""4"": 4, ""5"": 1, ""6"": 5, ""7"": 1, ""8"": 1, ""9"": 2}",267,"{""backend"": ""evaluate_m19_theory_calibrated.candidate_features"", ""delta_mode"": ""none"", ""k_max"": 512, ""k_min"": 64, ""variant"": ""conservative""}",267,0.14015748031496064,1.0,1.0,0.0,0.8314606741573034,"{""dp_257_plus"": 0.9812734082397003, ""dp_65_256"": 0.018726591760299626}","{""cn_0"": 0.8164794007490637, ""cn_1"": 0.0149812734082397, ""cn_2_3"": 0.10486891385767791, ""cn_4_8"": 0.0599250936329588, ""cn_9_plus"": 0.003745318352059925}",0.6104868913857678,1756.2734082397003,sasb_candidate_builder,1c8769fb144c36a79b1df328a6ae878ebab8bde01b96afa0fde697d3b9dfb49e,267,1c8769fb144c36a79b1df328a6ae878ebab8bde01b96afa0fde697d3b9dfb49e,"{""sasb_builder"": 267}",0,0,0,0,{},0.0,"{""common_neighbor_bin_l1"": 0.0, ""degree_product_bin_l1"": 0.0, ""is_boundary_edge_l1"": 0.0, ""is_bridge_edge_l1"": 0.0, ""is_inter_community_edge_l1"": 0.0, ""is_low_common_neighbor_edge_l1"": 0.0, ""mean_l1"": 0.0}",1,32,32,1706.1088344277773,0
realworld_completed,bio_celegans,SASB-candidate,sasb,SASB-structured,20260513,121,early,1.0,1.0,0.0,1,1,0,0.05975308641975308,0.06024691358024691,162,398,162--398,12,20,12,20,240,1,0.09090909090909091,1,6,8,32,"[""96"", ""53"", ""343"", ""51"", ""118"", ""147"", ""60"", ""143"", ""142"", ""363"", ""62"", ""52"", ""144"", ""145"", ""364"", ""440"", ""220"", ""82"", ""83"", ""149"", ""109"", ""121"", ""154"", ""281"", ""398"", ""404"", ""413"", ""213"", ""448"", ""9"", ""385"", ""6""]",f427daacd3a055764a58bdfa949dd34be60dc05e9642587943ac49bce1a47374,"{""boundary"": 12, ""community_rep"": 4, ""degree_core"": 10, ""random_fill"": 6}","{""degree_3_4"": 1, ""degree_5_8"": 6, ""degree_9_plus"": 25}","{""0"": 1, ""1"": 6, ""10"": 1, ""2"": 4, ""3"": 8, ""4"": 2, ""5"": 1, ""6"": 4, ""7"": 1, ""8"": 1, ""9"": 3}",267,"{""backend"": ""evaluate_m19_theory_calibrated.candidate_features"", ""delta_mode"": ""none"", ""k_max"": 512, ""k_min"": 64, ""variant"": ""conservative""}",267,0.1402310924369748,1.0,1.0,0.0,0.8389513108614233,"{""dp_257_plus"": 0.9812734082397003, ""dp_65_256"": 0.018726591760299626}","{""cn_0"": 0.8202247191011236, ""cn_1"": 0.018726591760299626, ""cn_2_3"": 0.09737827715355805, ""cn_4_8"": 0.0599250936329588, ""cn_9_plus"": 0.003745318352059925}",0.599250936329588,1755.6629213483145,sasb_candidate_builder,68076b1a55c19095d46269117f8502ad921a1f125fa756103cebc66ffbd9a049,267,68076b1a55c19095d46269117f8502ad921a1f125fa756103cebc66ffbd9a049,"{""sasb_builder"": 267}",0,0,0,0,{},0.0,"{""common_neighbor_bin_l1"": 0.0, ""degree_product_bin_l1"": 0.0, ""is_boundary_edge_l1"": 0.0, ""is_bridge_edge_l1"": 0.0, ""is_inter_community_edge_l1"": 0.0, ""is_low_common_neighbor_edge_l1"": 0.0, ""mean_l1"": 0.0}",1,32,32,1122.6846495269963,0
realworld_completed,bio_celegans,SASB-candidate,sasb,SASB-structured,20260513,122,early,1.0,1.0,0.0,1,1,0,0.06024691358024691,0.06074074074074074,313,343,313--343,8,82,8,82,656,2,0.2857142857142857,1,3,5,32,"[""96"", ""53"", ""343"", ""51"", ""118"", ""147"", ""60"", ""143"", ""142"", ""363"", ""62"", ""52"", ""144"", ""145"", ""364"", ""440"", ""220"", ""82"", ""83"", ""149"", ""109"", ""121"", ""154"", ""281"", ""398"", ""404"", ""356"", ""322"", ""313"", ""320"", ""380"", ""84""]",981eb08e00b953256272e2624e1e13b063014ac93b5bf1729a7b8f0afd275108,"{""boundary"": 12, ""community_rep"": 4, ""degree_core"": 10, ""random_fill"": 6}","{""degree_3_4"": 1, ""degree_5_8"": 5, ""degree_9_plus"": 26}","{""0"": 1, ""1"": 6, ""10"": 2, ""2"": 4, ""3"": 5, ""4"": 4, ""5"": 1, ""6"": 5, ""7"": 1, ""8"": 1, ""9"": 2}",267,"{""backend"": ""evaluate_m19_theory_calibrated.candidate_features"", ""delta_mode"": ""none"", ""k_max"": 512, ""k_min"": 64, ""variant"": ""conservative""}",267,0.14030478192327903,1.0,1.0,0.0,0.8389513108614233,"{""dp_257_plus"": 0.9812734082397003, ""dp_65_256"": 0.018726591760299626}","{""cn_0"": 0.8202247191011236, ""cn_1"": 0.018726591760299626, ""cn_2_3"": 0.09737827715355805, ""cn_4_8"": 0.0599250936329588, ""cn_9_plus"": 0.003745318352059925}",0.599250936329588,1754.7265917602997,sasb_candidate_builder,5098a90290a8aece5ed1bf76922ee547596d0c2cf801be14bbe0ee8e3fd66da8,267,5098a90290a8aece5ed1bf76922ee547596d0c2cf801be14bbe0ee8e3fd66da8,"{""sasb_builder"": 267}",0,0,0,0,{},0.0,"{""common_neighbor_bin_l1"": 0.0, ""degree_product_bin_l1"": 0.0, ""is_boundary_edge_l1"": 0.0, ""is_bridge_edge_l1"": 0.0, ""is_inter_community_edge_l1"": 0.0, ""is_low_common_neighbor_edge_l1"": 0.0, ""mean_l1"": 0.0}",1,32,32,1957.4263027117133,0
realworld_completed,bio_celegans,SASB-candidate,sasb,SASB-structured,20260513,123,early,1.0,1.0,0.0,1,1,0,0.06074074074074074,0.06123456790123457,51,52,51--52,95,36,36,95,3420,12,0.34285714285714286,0,6,6,32,"[""96"", ""53"", ""343"", ""51"", ""118"", ""147"", ""60"", ""143"", ""142"", ""363"", ""62"", ""52"", ""144"", ""145"", ""364"", ""440"", ""220"", ""82"", ""83"", ""149"", ""109"", ""121"", ""154"", ""281"", ""398"", ""404"", ""336"", ""226"", ""304"", ""450"", ""432"", ""402""]",71c3c7402f3e71e6dbd343df0593feff920639aa4cf5a9ef0e41d36a75102e3b,"{""boundary"": 12, ""community_rep"": 4, ""degree_core"": 10, ""random_fill"": 6}","{""degree_3_4"": 1, ""degree_5_8"": 6, ""degree_9_plus"": 25}","{""0"": 1, ""1"": 7, ""10"": 1, ""2"": 4, ""3"": 5, ""4"": 3, ""5"": 1, ""6"": 5, ""7"": 1, ""8"": 1, ""9"": 3}",267,"{""backend"": ""evaluate_m19_theory_calibrated.candidate_features"", ""delta_mode"": ""none"", ""k_max"": 512, ""k_min"": 64, ""variant"": ""conservative""}",267,0.14037854889589904,1.0,1.0,0.0,0.8426966292134831,"{""dp_257_plus"": 0.9812734082397003, ""dp_65_256"": 0.018726591760299626}","{""cn_0"": 0.8239700374531835, ""cn_1"": 0.018726591760299626, ""cn_2_3"": 0.09363295880149813, ""cn_4_8"": 0.0599250936329588, ""cn_9_plus"": 0.003745318352059925}",0.5917602996254682,1767.7340823970037,sasb_candidate_builder,63b0b7f3127a0eff6ba2c320ab0ce7854c47412a32c728d70a5fa1e165bd1c64,267,63b0b7f3127a0eff6ba2c320ab0ce7854c47412a32c728d70a5fa1e165bd1c64,"{""sasb_builder"": 267}",0,0,0,0,{},0.0,"{""common_neighbor_bin_l1"": 0.0, ""degree_product_bin_l1"": 0.0, ""is_boundary_edge_l1"": 0.0, ""is_bridge_edge_l1"": 0.0, ""is_inter_community_edge_l1"": 0.0, ""is_low_common_neighbor_edge_l1"": 0.0, ""mean_l1"": 0.0}",1,32,32,872.9967349036675,0
realworld_completed,bio_celegans,SASB-candidate,sasb,SASB-structured,20260513,124,early,1.0,1.0,0.0,1,1,0,0.06123456790123457,0.06172839506172839,18,96,18--96,4,203,4,203,812,2,0.6666666666666666,0,0,0,32,"[""96"", ""53"", ""343"", ""51"", ""118"", ""147"", ""60"", ""143"", ""142"", ""363"", ""62"", ""52"", ""144"", ""145"", ""364"", ""440"", ""220"", ""82"", ""83"", ""149"", ""109"", ""121"", ""154"", ""281"", ""398"", ""404"", ""194"", ""169"", ""411"", ""179"", ""387"", ""418""]",f3dca4c4873c1cfdd45ff5e6b0cbb18fcc619a258ac0b2b0117005bda299ece1,"{""boundary"": 12, ""community_rep"": 4, ""degree_core"": 10, ""random_fill"": 6}","{""degree_3_4"": 3, ""degree_5_8"": 3, ""degree_9_plus"": 26}","{""0"": 1, ""1"": 6, ""10"": 1, ""2"": 4, ""3"": 4, ""4"": 3, ""5"": 2, ""6"": 4, ""7"": 1, ""8"": 1, ""9"": 5}",267,"{""backend"": ""evaluate_m19_theory_calibrated.candidate_features"", ""delta_mode"": ""none"", ""k_max"": 512, ""k_min"": 64, ""variant"": ""conservative""}",267,0.1404523934771173,1.0,1.0,0.0,0.846441947565543,"{""dp_257_plus"": 0.9812734082397003, ""dp_65_256"": 0.018726591760299626}","{""cn_0"": 0.8239700374531835, ""cn_1"": 0.02247191011235955, ""cn_2_3"": 0.09363295880149813, ""cn_4_8"": 0.0599250936329588}",0.5617977528089888,1760.4681647940074,sasb_candidate_builder,5afb0f5233f4e7c813b24e17df0179fa3a25863dbde1ceaacd92cfe9aed43221,267,5afb0f5233f4e7c813b24e17df0179fa3a25863dbde1ceaacd92cfe9aed43221,"{""sasb_builder"": 267}",0,0,0,0,{},0.0,"{""common_neighbor_bin_l1"": 0.0, ""degree_product_bin_l1"": 0.0, ""is_boundary_edge_l1"": 0.0, ""is_bridge_edge_l1"": 0.0, ""is_inter_community_edge_l1"": 0.0, ""is_low_common_neighbor_edge_l1"": 0.0, ""mean_l1"": 0.0}",1,32,32,457.9628396808783,0
realworld_completed,bio_celegans,SASB-candidate,sasb,SASB-structured,20260513,125,early,1.0,1.0,0.0,1,1,0,0.06172839506172839,0.06222222222222222,10,51,10--51,8,94,8,94,752,2,0.2857142857142857,1,9,7,32,"[""96"", ""53"", ""343"", ""51"", ""118"", ""147"", ""60"", ""143"", ""142"", ""363"", ""62"", ""52"", ""144"", ""145"", ""364"", ""440"", ""220"", ""82"", ""83"", ""149"", ""109"", ""121"", ""154"", ""281"", ""398"", ""404"", ""138"", ""73"", ""194"", ""13"", ""383"", ""371""]",4e41132085929e2d6ed0937180e455b29a54427d0dd28c80ce04be58e4666ede,"{""boundary"": 12, ""community_rep"": 4, ""degree_core"": 10, ""random_fill"": 6}","{""degree_3_4"": 5, ""degree_5_8"": 2, ""degree_9_plus"": 25}","{""0"": 1, ""1"": 5, ""10"": 1, ""2"": 6, ""3"": 4, ""4"": 3, ""5"": 3, ""6"": 5, ""7"": 1, ""8"": 1, ""9"": 2}",267,"{""backend"": ""evaluate_m19_theory_calibrated.candidate_features"", ""delta_mode"": ""none"", ""k_max"": 512, ""k_min"": 64, ""variant"": ""conservative""}",267,0.1405263157894737,1.0,1.0,0.0,0.850187265917603,"{""dp_257_plus"": 0.9812734082397003, ""dp_65_256"": 0.018726591760299626}","{""cn_0"": 0.8277153558052435, ""cn_1"": 0.02247191011235955, ""cn_2_3"": 0.0898876404494382, ""cn_4_8"": 0.0599250936329588}",0.5543071161048689,1758.2696629213483,sasb_candidate_builder,b7f9567b25faebda8434b8ad040de6a0076fcd204e72c38a3455f6d1cafc0d2b,267,b7f9567b25faebda8434b8ad040de6a0076fcd204e72c38a3455f6d1cafc0d2b,"{""sasb_builder"": 267}",0,0,0,0,{},0.0,"{""common_neighbor_bin_l1"": 0.0, ""degree_product_bin_l1"": 0.0, ""is_boundary_edge_l1"": 0.0, ""is_bridge_edge_l1"": 0.0, ""is_inter_community_edge_l1"": 0.0, ""is_low_common_neighbor_edge_l1"": 0.0, ""mean_l1"": 0.0}",1,32,32,390.4904862456256,0
realworld_completed,bio_celegans,SASB-candidate,sasb,SASB-structured,20260513,126,early,1.0,1.0,0.0,1,1,0,0.06222222222222222,0.06271604938271605,52,72,52--72,35,8,8,35,280,2,0.2857142857142857,1,7,1,32,"[""96"", ""53"", ""343"", ""51"", ""118"", ""147"", ""60"", ""143"", ""142"", ""363"", ""62"", ""52"", ""144"", ""145"", ""364"", ""440"", ""220"", ""82"", ""83"", ""149"", ""109"", ""121"", ""154"", ""281"", ""398"", ""404"", ""304"", ""80"", ""48"", ""446"", ""72"", ""36""]",a0d8c1f112fd589bcbdd23cee645cfb0ec20decaeb6fd159cfc43bd675436e19,"{""boundary"": 12, ""community_rep"": 4, ""degree_core"": 10, ""random_fill"": 6}","{""degree_3_4"": 2, ""degree_5_8"": 5, ""degree_9_plus"": 25}","{""0"": 1, ""1"": 7, ""10"": 3, ""2"": 5, ""3"": 4, ""4"": 2, ""5"": 1, ""6"": 4, ""7"": 1, ""8"": 1, ""9"": 3}",267,"{""backend"": ""evaluate_m19_theory_calibrated.candidate_features"", ""delta_mode"": ""none"", ""k_max"": 512, ""k_min"": 64, ""variant"": ""conservative""}",267,0.1406003159557662,1.0,1.0,0.0,0.8539325842696629,"{""dp_257_plus"": 0.9775280898876404, ""dp_65_256"": 0.02247191011235955}","{""cn_0"": 0.8239700374531835, ""cn_1"": 0.0299625468164794, ""cn_2_3"": 0.08614232209737828, ""cn_4_8"": 0.0599250936329588}",0.550561797752809,1752.0711610486892,sasb_candidate_builder,80ad4f6771da29de6069cc69e831b490117febbb618824ffe0a9455f17712f46,267,80ad4f6771da29de6069cc69e831b490117febbb618824ffe0a9455f17712f46,"{""sasb_builder"": 267}",0,0,0,0,{},0.0,"{""common_neighbor_bin_l1"": 0.0, ""degree_product_bin_l1"": 0.0, ""is_boundary_edge_l1"": 0.0, ""is_bridge_edge_l1"": 0.0, ""is_inter_community_edge_l1"": 0.0, ""is_low_common_neighbor_edge_l1"": 0.0, ""mean_l1"": 0.0}",1,32,32,1974.9465846672183,0
realworld_completed,bio_celegans,SASB-candidate,sasb,SASB-structured,20260513,127,early,1.0,1.0,0.0,1,1,0,0.06271604938271605,0.06320987654320988,143,163,143--163,68,11,11,68,748,2,0.2,1,1,9,32,"[""96"", ""53"", ""343"", ""51"", ""118"", ""147"", ""60"", ""143"", ""142"", ""363"", ""62"", ""52"", ""144"", ""145"", ""364"", ""440"", ""220"", ""82"", ""83"", ""149"", ""109"", ""121"", ""154"", ""281"", ""398"", ""404"", ""101"", ""414"", ""46"", ""43"", ""231"", ""73""]",40a7b9ae1d9c2a968bb28c8a676cb7c6ec99390de4ec27ea4b4ef16618f8c88d,"{""boundary"": 12, ""community_rep"": 4, ""degree_core"": 10, ""random_fill"": 6}","{""degree_0_1"": 1, ""degree_3_4"": 5, ""degree_5_8"": 1, ""degree_9_plus"": 25}","{""0"": 3, ""1"": 7, ""10"": 1, ""2"": 5, ""3"": 4, ""4"": 2, ""5"": 1, ""6"": 5, ""7"": 1, ""8"": 1, ""9"": 2}",267,"{""backend"": ""evaluate_m19_theory_calibrated.candidate_features"", ""delta_mode"": ""none"", ""k_max"": 512, ""k_min"": 64, ""variant"": ""conservative""}",267,0.14067439409905164,1.0,1.0,0.0,0.8539325842696629,"{""dp_257_plus"": 0.9775280898876404, ""dp_65_256"": 0.02247191011235955}","{""cn_0"": 0.8277153558052435, ""cn_1"": 0.026217228464419477, ""cn_2_3"": 0.08614232209737828, ""cn_4_8"": 0.0599250936329588}",0.550561797752809,1755.194756554307,sasb_candidate_builder,101edb6457d47baee3676d03b87e6b52c98460b9b8830decff35fd80951bdd0c,267,101edb6457d47baee3676d03b87e6b52c98460b9b8830decff35fd80951bdd0c,"{""sasb_builder"": 267}",0,0,0,0,{},0.0,"{""common_neighbor_bin_l1"": 0.0, ""degree_product_bin_l1"": 0.0, ""is_boundary_edge_l1"": 0.0, ""is_bridge_edge_l1"": 0.0, ""is_inter_community_edge_l1"": 0.0, ""is_low_common_neighbor_edge_l1"": 0.0, ""mean_l1"": 0.0}",1,32,32,567.8804669334305,0
realworld_completed,bio_celegans,SASB-candidate,sasb,SASB-structured,20260513,128,early,1.0,1.0,0.0,1,1,0,0.06320987654320988,0.0637037037037037,118,228,118--228,56,8,8,56,448,4,0.5714285714285714,1,3,7,32,"[""96"", ""53"", ""343"", ""51"", ""118"", ""147"", ""60"", ""142"", ""143"", ""363"", ""62"", ""52"", ""144"", ""145"", ""364"", ""440"", ""220"", ""82"", ""83"", ""149"", ""109"", ""121"", ""154"", ""281"", ""398"", ""404"", ""235"", ""49"", ""283"", ""228"", ""407"", ""240""]",3a3a59a162cc061ddd949809343eb9b94badcc957cc3e0dbdb380a4f96b0d5f3,"{""boundary"": 12, ""community_rep"": 4, ""degree_core"": 10, ""random_fill"": 6}","{""degree_3_4"": 1, ""degree_5_8"": 5, ""degree_9_plus"": 26}","{""0"": 2, ""1"": 5, ""10"": 2, ""2"": 4, ""3"": 4, ""4"": 4, ""5"": 1, ""6"": 4, ""7"": 1, ""8"": 1, ""9"": 4}",267,"{""backend"": ""evaluate_m19_theory_calibrated.candidate_features"", ""delta_mode"": ""none"", ""k_max"": 512, ""k_min"": 64, ""variant"": ""conservative""}",267,0.14074855034264627,1.0,1.0,0.0,0.8576779026217228,"{""dp_257_plus"": 0.9775280898876404, ""dp_65_256"": 0.02247191011235955}","{""cn_0"": 0.8314606741573034, ""cn_1"": 0.026217228464419477, ""cn_2_3"": 0.08239700374531835, ""cn_4_8"": 0.0599250936329588}",0.5430711610486891,1751.6367041198503,sasb_candidate_builder,53b996a123f98377c7edba4d8698cdbf779b7122ee3ed265ef657b0ad21e677f,267,53b996a123f98377c7edba4d8698cdbf779b7122ee3ed265ef657b0ad21e677f,"{""sasb_builder"": 267}",0,0,0,0,{},0.0,"{""common_neighbor_bin_l1"": 0.0, ""degree_product_bin_l1"": 0.0, ""is_boundary_edge_l1"": 0.0, ""is_bridge_edge_l1"": 0.0, ""is_inter_community_edge_l1"": 0.0, ""is_low_common_neighbor_edge_l1"": 0.0, ""mean_l1"": 0.0}",1,32,32,1418.8359380442384,0
realworld_completed,bio_celegans,SASB-candidate,sasb,SASB-structured,20260513,129,early,1.0,1.0,0.0,1,1,0,0.0637037037037037,0.06419753086419754,10,343,10--343,7,81,7,81,567,2,0.3333333333333333,1,8,6,32,"[""96"", ""53"", ""343"", ""51"", ""118"", ""147"", ""60"", ""142"", ""143"", ""363"", ""62"", ""52"", ""144"", ""145"", ""364"", ""440"", ""220"", ""82"", ""83"", ""149"", ""109"", ""121"", ""154"", ""281"", ""398"", ""404"", ""417"", ""194"", ""348"", ""212"", ""448"", ""166""]",041acc3b9fb89297afe2000190242636577ccd804325729560e63c92a90141a8,"{""boundary"": 12, ""community_rep"": 4, ""degree_core"": 10, ""random_fill"": 6}","{""degree_3_4"": 1, ""degree_5_8"": 4, ""degree_9_plus"": 27}","{""0"": 1, ""1"": 7, ""10"": 1, ""2"": 4, ""3"": 5, ""4"": 2, ""5"": 2, ""6"": 4, ""7"": 1, ""8"": 3, ""9"": 2}",267,"{""backend"": ""evaluate_m19_theory_calibrated.candidate_features"", ""delta_mode"": ""none"", ""k_max"": 512, ""k_min"": 64, ""variant"": ""conservative""}",267,0.14082278481012658,1.0,1.0,0.0,0.8614232209737828,"{""dp_257_plus"": 0.9775280898876404, ""dp_65_256"": 0.02247191011235955}","{""cn_0"": 0.8352059925093633, ""cn_1"": 0.026217228464419477, ""cn_2_3"": 0.08239700374531835, ""cn_4_8"": 0.056179775280898875}",0.5280898876404494,1757.7902621722847,sasb_candidate_builder,591d80c290b079429329a4ae5ef6c11f4cd89a37e4c95b1fb1f716dda3745539,267,591d80c290b079429329a4ae5ef6c11f4cd89a37e4c95b1fb1f716dda3745539,"{""sasb_builder"": 267}",0,0,0,0,{},0.0,"{""common_neighbor_bin_l1"": 0.0, ""degree_product_bin_l1"": 0.0, ""is_boundary_edge_l1"": 0.0, ""is_bridge_edge_l1"": 0.0, ""is_inter_community_edge_l1"": 0.0, ""is_low_common_neighbor_edge_l1"": 0.0, ""mean_l1"": 0.0}",1,32,32,425.6097779074597,0
realworld_completed,bio_celegans,SASB-candidate,sasb,SASB-structured,20260513,130,early,1.0,1.0,0.0,1,1,0,0.06419753086419754,0.06469135802469136,118,131,118--131,55,10,10,55,550,5,0.5555555555555556,1,3,7,32,"[""96"", ""53"", ""343"", ""60"", ""51"", ""118"", ""147"", ""62"", ""142"", ""143"", ""220"", ""363"", ""144"", ""145"", ""364"", ""440"", ""52"", ""82"", ""83"", ""149"", ""109"", ""121"", ""85"", ""398"", ""131"", ""233"", ""49"", ""422"", ""247"", ""179"", ""301"", ""4""]",3a12bc1769ccc5d49d0e38dbdcea25243da7a745c0a434a46c45fdbe28e868e0,"{""boundary"": 12, ""community_rep"": 3, ""degree_core"": 10, ""random_fill"": 7}","{""degree_3_4"": 3, ""degree_5_8"": 3, ""degree_9_plus"": 26}","{""0"": 2, ""1"": 6, ""2"": 1, ""3"": 4, ""4"": 6, ""5"": 1, ""6"": 10, ""7"": 1, ""8"": 1}",267,"{""backend"": ""evaluate_m19_theory_calibrated.candidate_features"", ""delta_mode"": ""none"", ""k_max"": 512, ""k_min"": 64, ""variant"": ""conservative""}",267,0.14089709762532981,1.0,1.0,0.0,0.8689138576779026,"{""dp_257_plus"": 0.9625468164794008, ""dp_65_256"": 0.03745318352059925}","{""cn_0"": 0.846441947565543, ""cn_1"": 0.02247191011235955, ""cn_2_3"": 0.07116104868913857, ""cn_4_8"": 0.0599250936329588}",0.50187265917603,1666.3445692883895,sasb_candidate_builder,5ebb78fb619dc765cc776bc3f8739cf1e2920e80faf916ff23a3918b7eaaef89,267,5ebb78fb619dc765cc776bc3f8739cf1e2920e80faf916ff23a3918b7eaaef89,"{""sasb_builder"": 267}",0,0,0,0,{},0.0,"{""common_neighbor_bin_l1"": 0.0, ""degree_product_bin_l1"": 0.0, ""is_boundary_edge_l1"": 0.0, ""is_bridge_edge_l1"": 0.0, ""is_inter_community_edge_l1"": 0.0, ""is_low_common_neighbor_edge_l1"": 0.0, ""mean_l1"": 0.0}",1,32,32,1105.0958824852046,0
realworld_completed,bio_celegans,SASB-candidate,sasb,SASB-structured,20260513,131,early,1.0,1.0,0.0,1,1,0,0.06469135802469136,0.06518518518518518,131,440,131--440,9,34,9,34,306,3,0.375,1,9,3,32,"[""96"", ""53"", ""343"", ""60"", ""51"", ""118"", ""147"", ""62"", ""142"", ""143"", ""220"", ""363"", ""144"", ""145"", ""364"", ""440"", ""52"", ""82"", ""83"", ""149"", ""109"", ""121"", ""85"", ""398"", ""131"", ""304"", ""12"", ""59"", ""16"", ""410"", ""396"", ""133""]",18337da0434c4089b5da621c4b1d4739561e302a3c8ecbe7ced233303e88de9c,"{""boundary"": 12, ""community_rep"": 3, ""degree_core"": 10, ""random_fill"": 7}","{""degree_3_4"": 2, ""degree_5_8"": 5, ""degree_9_plus"": 25}","{""0"": 4, ""1"": 4, ""2"": 2, ""3"": 4, ""4"": 6, ""5"": 1, ""6"": 9, ""7"": 1, ""8"": 1}",267,"{""backend"": ""evaluate_m19_theory_calibrated.candidate_features"", ""delta_mode"": ""none"", ""k_max"": 512, ""k_min"": 64, ""variant"": ""conservative""}",267,0.1409714889123548,1.0,1.0,0.0,0.8689138576779026,"{""dp_257_plus"": 0.9625468164794008, ""dp_65_256"": 0.03745318352059925}","{""cn_0"": 0.846441947565543, ""cn_1"": 0.02247191011235955, ""cn_2_3"": 0.07865168539325842, ""cn_4_8"": 0.052434456928838954}",0.4794007490636704,1662.2209737827716,sasb_candidate_builder,2b7f3d46f0fc839c1784413949f94e5e37622d6c4505704576ad00ead9d462cd,267,2b7f3d46f0fc839c1784413949f94e5e37622d6c4505704576ad00ead9d462cd,"{""sasb_builder"": 267}",0,0,0,0,{},0.0,"{""common_neighbor_bin_l1"": 0.0, ""degree_product_bin_l1"": 0.0, ""is_boundary_edge_l1"": 0.0, ""is_bridge_edge_l1"": 0.0, ""is_inter_community_edge_l1"": 0.0, ""is_low_common_neighbor_edge_l1"": 0.0, ""mean_l1"": 0.0}",1,32,32,564.8830913614516,0
realworld_completed,bio_celegans,SASB-candidate,sasb,SASB-structured,20260513,132,early,1.0,1.0,0.0,1,1,0,0.06518518518518518,0.06567901234567901,53,65,53--65,112,7,7,112,784,3,0.5,1,7,8,32,"[""96"", ""53"", ""343"", ""60"", ""51"", ""118"", ""147"", ""62"", ""142"", ""143"", ""220"", ""363"", ""144"", ""145"", ""364"", ""52"", ""440"", ""82"", ""83"", ""149"", ""109"", ""121"", ""85"", ""398"", ""131"", ""303"", ""329"", ""214"", ""404"", ""305"", ""320"", ""166""]",6ef52eae286bb2c794bfb59fa567e4eb8141094e8d9051ec9fc3aee64e450ab0,"{""boundary"": 12, ""community_rep"": 3, ""degree_core"": 10, ""random_fill"": 7}","{""degree_2"": 1, ""degree_5_8"": 6, ""degree_9_plus"": 25}","{""0"": 1, ""1"": 5, ""2"": 1, ""3"": 3, ""4"": 8, ""5"": 2, ""6"": 8, ""7"": 2, ""8"": 2}",267,"{""backend"": ""evaluate_m19_theory_calibrated.candidate_features"", ""delta_mode"": ""none"", ""k_max"": 512, ""k_min"": 64, ""variant"": ""conservative""}",267,0.1410459587955626,1.0,1.0,0.0,0.8726591760299626,"{""dp_257_plus"": 0.9588014981273408, ""dp_65_256"": 0.04119850187265917}","{""cn_0"": 0.846441947565543, ""cn_1"": 0.026217228464419477, ""cn_2_3"": 0.0749063670411985, ""cn_4_8"": 0.052434456928838954}",0.47191011235955055,1659.6441947565543,sasb_candidate_builder,87d5607e645c991f7f58f475c9a7ebb63d1307e24ce03154644792a2da1bc3f4,267,87d5607e645c991f7f58f475c9a7ebb63d1307e24ce03154644792a2da1bc3f4,"{""sasb_builder"": 267}",0,0,0,0,{},0.0,"{""common_neighbor_bin_l1"": 0.0, ""degree_product_bin_l1"": 0.0, ""is_boundary_edge_l1"": 0.0, ""is_bridge_edge_l1"": 0.0, ""is_inter_community_edge_l1"": 0.0, ""is_low_common_neighbor_edge_l1"": 0.0, ""mean_l1"": 0.0}",1,32,32,528.8242748347617,0
realworld_completed,bio_celegans,SASB-candidate,sasb,SASB-structured,20260513,133,early,1.0,1.0,0.0,1,1,0,0.06567901234567901,0.06617283950617284,53,66,53--66,111,11,11,111,1221,3,0.3,1,6,2,32,"[""96"", ""53"", ""343"", ""60"", ""51"", ""118"", ""147"", ""62"", ""142"", ""143"", ""220"", ""363"", ""144"", ""145"", ""364"", ""52"", ""440"", ""82"", ""83"", ""149"", ""109"", ""121"", ""85"", ""398"", ""131"", ""448"", ""110"", ""435"", ""312"", ""168"", ""423"", ""21""]",5d6687277ce8b0dac315faf87a5bb9ebf1ede0fe461f02ad71ed34e95f3b1568,"{""boundary"": 12, ""community_rep"": 3, ""degree_core"": 10, ""random_fill"": 7}","{""degree_3_4"": 1, ""degree_5_8"": 7, ""degree_9_plus"": 24}","{""0"": 1, ""1"": 8, ""2"": 1, ""3"": 3, ""4"": 7, ""5"": 1, ""6"": 9, ""7"": 1, ""8"": 1}",267,"{""backend"": ""evaluate_m19_theory_calibrated.candidate_features"", ""delta_mode"": ""none"", ""k_max"": 512, ""k_min"": 64, ""variant"": ""conservative""}",267,0.14112050739957716,1.0,1.0,0.0,0.8764044943820225,"{""dp_257_plus"": 0.9588014981273408, ""dp_65_256"": 0.04119850187265917}","{""cn_0"": 0.846441947565543, ""cn_1"": 0.0299625468164794, ""cn_2_3"": 0.0749063670411985, ""cn_4_8"": 0.04868913857677903}",0.4606741573033708,1656.8614232209738,sasb_candidate_builder,ba841fbedcb3a7ef14b0d0cd4e4f452e66e8f67cb18cfc5f4f413498a5593965,267,ba841fbedcb3a7ef14b0d0cd4e4f452e66e8f67cb18cfc5f4f413498a5593965,"{""sasb_builder"": 267}",0,0,0,0,{},0.0,"{""common_neighbor_bin_l1"": 0.0, ""degree_product_bin_l1"": 0.0, ""is_boundary_edge_l1"": 0.0, ""is_bridge_edge_l1"": 0.0, ""is_inter_community_edge_l1"": 0.0, ""is_low_common_neighbor_edge_l1"": 0.0, ""mean_l1"": 0.0}",1,32,32,373.6779285228816,0
realworld_completed,bio_celegans,SASB-candidate,sasb,SASB-structured,20260513,134,early,1.0,1.0,0.0,1,1,0,0.06617283950617284,0.06666666666666667,136,343,136--343,7,80,7,80,560,2,0.3333333333333333,0,6,6,32,"[""96"", ""53"", ""343"", ""60"", ""51"", ""118"", ""147"", ""62"", ""142"", ""143"", ""220"", ""363"", ""144"", ""145"", ""364"", ""52"", ""440"", ""82"", ""83"", ""149"", ""109"", ""121"", ""85"", ""398"", ""131"", ""342"", ""218"", ""311"", ""292"", ""136"", ""84"", ""130""]",4391758a19f32b4953405d7a43f0e78acb1e05aeef60d04c771f309649b4d3bf,"{""boundary"": 12, ""community_rep"": 3, ""degree_core"": 10, ""random_fill"": 7}","{""degree_2"": 1, ""degree_3_4"": 2, ""degree_5_8"": 5, ""degree_9_plus"": 24}","{""0"": 1, ""1"": 4, ""2"": 1, ""3"": 5, ""4"": 5, ""5"": 2, ""6"": 12, ""7"": 1, ""8"": 1}",266,"{""backend"": ""evaluate_m19_theory_calibrated.candidate_features"", ""delta_mode"": ""none"", ""k_max"": 512, ""k_min"": 64, ""variant"": ""conservative""}",266,0.1406663141195135,1.0,1.0,0.0,0.8796992481203008,"{""dp_257_plus"": 0.9586466165413534, ""dp_65_256"": 0.041353383458646614}","{""cn_0"": 0.849624060150376, ""cn_1"": 0.03007518796992481, ""cn_2_3"": 0.07142857142857142, ""cn_4_8"": 0.04887218045112782}",0.4473684210526316,1656.9097744360902,sasb_candidate_builder,593f958b8e9d5750ff5d8568471956e4d5909d15338dc8e5c9a948147a05f105,266,593f958b8e9d5750ff5d8568471956e4d5909d15338dc8e5c9a948147a05f105,"{""sasb_builder"": 266}",0,0,0,0,{},0.0,"{""common_neighbor_bin_l1"": 0.0, ""degree_product_bin_l1"": 0.0, ""is_boundary_edge_l1"": 0.0, ""is_bridge_edge_l1"": 0.0, ""is_inter_community_edge_l1"": 0.0, ""is_low_common_neighbor_edge_l1"": 0.0, ""mean_l1"": 0.0}",1,32,32,1507.5197005772718,0
realworld_completed,bio_celegans,SASB-candidate,sasb,SASB-structured,20260513,135,early,1.0,1.0,0.0,1,1,0,0.06666666666666667,0.0671604938271605,51,65,51--65,93,6,6,93,558,1,0.2,1,6,8,32,"[""96"", ""53"", ""60"", ""343"", ""51"", ""118"", ""147"", ""62"", ""142"", ""143"", ""220"", ""363"", ""144"", ""145"", ""364"", ""52"", ""440"", ""82"", ""83"", ""149"", ""109"", ""121"", ""85"", ""398"", ""131"", ""81"", ""180"", ""293"", ""108"", ""412"", ""274"", ""296""]",37ba611b49529d66a81abb6cf47e6c256652998d07b0f46186d7366bcd2aba81,"{""boundary"": 12, ""community_rep"": 3, ""degree_core"": 10, ""random_fill"": 7}","{""degree_3_4"": 2, ""degree_5_8"": 6, ""degree_9_plus"": 24}","{""0"": 1, ""1"": 4, ""2"": 1, ""3"": 3, ""4"": 6, ""5"": 2, ""6"": 13, ""7"": 1, ""8"": 1}",266,"{""backend"": ""evaluate_m19_theory_calibrated.candidate_features"", ""delta_mode"": ""none"", ""k_max"": 512, ""k_min"": 64, ""variant"": ""conservative""}",266,0.14074074074074075,1.0,1.0,0.0,0.8834586466165414,"{""dp_257_plus"": 0.9586466165413534, ""dp_65_256"": 0.041353383458646614}","{""cn_0"": 0.8533834586466166, ""cn_1"": 0.03007518796992481, ""cn_2_3"": 0.06766917293233082, ""cn_4_8"": 0.04887218045112782}",0.4398496240601504,1654.281954887218,sasb_candidate_builder,d6322f7f7e7df46e2705774930221b163ef2cdff2e3bac0f5b6eb384ffc1211c,266,d6322f7f7e7df46e2705774930221b163ef2cdff2e3bac0f5b6eb384ffc1211c,"{""sasb_builder"": 266}",0,0,0,0,{},0.0,"{""common_neighbor_bin_l1"": 0.0, ""degree_product_bin_l1"": 0.0, ""is_boundary_edge_l1"": 0.0, ""is_bridge_edge_l1"": 0.0, ""is_inter_community_edge_l1"": 0.0, ""is_low_common_neighbor_edge_l1"": 0.0, ""mean_l1"": 0.0}",1,32,32,396.2379708504392,0
realworld_completed,bio_celegans,SASB-candidate,sasb,SASB-structured,20260513,136,early,1.0,1.0,0.0,1,1,0,0.0671604938271605,0.06765432098765432,186,220,186--220,6,33,6,33,198,3,0.6,0,4,4,32,"[""96"", ""53"", ""60"", ""343"", ""51"", ""118"", ""147"", ""62"", ""142"", ""143"", ""220"", ""363"", ""144"", ""145"", ""364"", ""52"", ""440"", ""82"", ""83"", ""149"", ""109"", ""121"", ""85"", ""398"", ""131"", ""324"", ""352"", ""273"", ""186"", ""81"", ""42"", ""298""]",14f18b5c57770e14c6e509317c9f2699414c661f80f2a09ae271e8f2f9f303c6,"{""boundary"": 12, ""community_rep"": 3, ""degree_core"": 10, ""random_fill"": 7}","{""degree_5_8"": 8, ""degree_9_plus"": 24}","{""0"": 2, ""1"": 4, ""2"": 1, ""3"": 3, ""4"": 7, ""5"": 1, ""6"": 11, ""7"": 1, ""8"": 2}",266,"{""backend"": ""evaluate_m19_theory_calibrated.candidate_features"", ""delta_mode"": ""none"", ""k_max"": 512, ""k_min"": 64, ""variant"": ""conservative""}",266,0.14081524616199048,1.0,1.0,0.0,0.8834586466165414,"{""dp_257_plus"": 0.9586466165413534, ""dp_65_256"": 0.041353383458646614}","{""cn_0"": 0.8533834586466166, ""cn_1"": 0.03007518796992481, ""cn_2_3"": 0.06390977443609022, ""cn_4_8"": 0.05263157894736842}",0.45864661654135336,1654.548872180451,sasb_candidate_builder,4ed287498595d93fbbde91364d46d61a528f6aed01c35728a8abf4e5ca3c90ae,266,4ed287498595d93fbbde91364d46d61a528f6aed01c35728a8abf4e5ca3c90ae,"{""sasb_builder"": 266}",0,0,0,0,{},0.0,"{""common_neighbor_bin_l1"": 0.0, ""degree_product_bin_l1"": 0.0, ""is_boundary_edge_l1"": 0.0, ""is_bridge_edge_l1"": 0.0, ""is_inter_community_edge_l1"": 0.0, ""is_low_common_neighbor_edge_l1"": 0.0, ""mean_l1"": 0.0}",1,32,32,1071.4120717176768,0
realworld_completed,bio_celegans,SASB-candidate,sasb,SASB-structured,20260513,137,early,1.0,1.0,0.0,1,1,0,0.06765432098765432,0.06814814814814815,51,75,51--75,92,8,8,92,736,1,0.14285714285714285,1,7,9,32,"[""96"", ""53"", ""60"", ""343"", ""51"", ""118"", ""147"", ""62"", ""142"", ""143"", ""220"", ""363"", ""144"", ""145"", ""364"", ""52"", ""440"", ""82"", ""83"", ""149"", ""109"", ""121"", ""85"", ""398"", ""131"", ""203"", ""173"", ""176"", ""378"", ""369"", ""323"", ""84""]",b0957a5d89ff3e47cb0daf1e4ccf096019f20d5d57d6116ee0b25cd0735479dd,"{""boundary"": 12, ""community_rep"": 3, ""degree_core"": 10, ""random_fill"": 7}","{""degree_3_4"": 1, ""degree_5_8"": 5, ""degree_9_plus"": 26}","{""0"": 3, ""1"": 4, ""2"": 1, ""3"": 4, ""4"": 6, ""5"": 1, ""6"": 10, ""7"": 1, ""8"": 2}",266,"{""backend"": ""evaluate_m19_theory_calibrated.candidate_features"", ""delta_mode"": ""none"", ""k_max"": 512, ""k_min"": 64, ""variant"": ""conservative""}",266,0.1408898305084746,1.0,1.0,0.0,0.8834586466165414,"{""dp_257_plus"": 0.9548872180451128, ""dp_65_256"": 0.045112781954887216}","{""cn_0"": 0.8533834586466166, ""cn_1"": 0.03007518796992481, ""cn_2_3"": 0.06015037593984962, ""cn_4_8"": 0.05639097744360902}",0.45864661654135336,1652.9661654135339,sasb_candidate_builder,080e4dd82bcb21766a71519b7099616bd954b6b97dcb3ff86283482aa949fcc4,266,080e4dd82bcb21766a71519b7099616bd954b6b97dcb3ff86283482aa949fcc4,"{""sasb_builder"": 266}",0,0,0,0,{},0.0,"{""common_neighbor_bin_l1"": 0.0, ""degree_product_bin_l1"": 0.0, ""is_boundary_edge_l1"": 0.0, ""is_bridge_edge_l1"": 0.0, ""is_inter_community_edge_l1"": 0.0, ""is_low_common_neighbor_edge_l1"": 0.0, ""mean_l1"": 0.0}",1,32,32,430.86734259927056,0
realworld_completed,bio_celegans,SASB-candidate,sasb,SASB-structured,20260513,138,early,1.0,1.0,0.0,1,1,0,0.06814814814814815,0.06864197530864198,50,96,50--96,5,202,5,202,1010,3,0.75,1,7,0,32,"[""96"", ""53"", ""60"", ""343"", ""51"", ""118"", ""147"", ""62"", ""142"", ""143"", ""220"", ""363"", ""144"", ""145"", ""364"", ""52"", ""440"", ""82"", ""83"", ""149"", ""109"", ""121"", ""85"", ""398"", ""131"", ""162"", ""403"", ""106"", ""209"", ""64"", ""351"", ""27""]",98994dfe48355ee41bd9dba8aca88f5d27b040a08907912c8426a2e7b305cf4a,"{""boundary"": 12, ""community_rep"": 3, ""degree_core"": 10, ""random_fill"": 7}","{""degree_2"": 1, ""degree_3_4"": 2, ""degree_5_8"": 3, ""degree_9_plus"": 26}","{""0"": 1, ""1"": 4, ""2"": 2, ""3"": 3, ""4"": 7, ""5"": 1, ""6"": 10, ""7"": 3, ""8"": 1}",266,"{""backend"": ""evaluate_m19_theory_calibrated.candidate_features"", ""delta_mode"": ""none"", ""k_max"": 512, ""k_min"": 64, ""variant"": ""conservative""}",266,0.14096449390567037,1.0,1.0,0.0,0.8834586466165414,"{""dp_257_plus"": 0.9548872180451128, ""dp_65_256"": 0.045112781954887216}","{""cn_0"": 0.8571428571428571, ""cn_1"": 0.02631578947368421, ""cn_2_3"": 0.06015037593984962, ""cn_4_8"": 0.05639097744360902}",0.4548872180451128,1655.639097744361,sasb_candidate_builder,68961ea6cc36e508aa4eadf2ffc75ac2b75a02f4cebaf5d0bb8a9f0517a93885,266,68961ea6cc36e508aa4eadf2ffc75ac2b75a02f4cebaf5d0bb8a9f0517a93885,"{""sasb_builder"": 266}",0,0,0,0,{},0.0,"{""common_neighbor_bin_l1"": 0.0, ""degree_product_bin_l1"": 0.0, ""is_boundary_edge_l1"": 0.0, ""is_bridge_edge_l1"": 0.0, ""is_inter_community_edge_l1"": 0.0, ""is_low_common_neighbor_edge_l1"": 0.0, ""mean_l1"": 0.0}",1,32,32,565.2735423733907,0
realworld_completed,bio_celegans,SASB-candidate,sasb,SASB-structured,20260513,139,early,1.0,1.0,0.0,1,1,0,0.06864197530864198,0.0691358024691358,51,66,51--66,91,10,10,91,910,1,0.1111111111111111,1,6,9,32,"[""96"", ""53"", ""60"", ""343"", ""51"", ""118"", ""147"", ""62"", ""142"", ""143"", ""220"", ""363"", ""144"", ""145"", ""364"", ""52"", ""440"", ""82"", ""83"", ""149"", ""109"", ""121"", ""85"", ""398"", ""131"", ""258"", ""97"", ""191"", ""6"", ""126"", ""71"", ""154""]",00ee18500f7e0c562dcce704f3a7b29010e46b515c2aed648c7baa20c96d38e6,"{""boundary"": 12, ""community_rep"": 3, ""degree_core"": 10, ""random_fill"": 7}","{""degree_2"": 1, ""degree_3_4"": 1, ""degree_5_8"": 4, ""degree_9_plus"": 26}","{""0"": 2, ""1"": 5, ""2"": 1, ""3"": 4, ""4"": 6, ""5"": 2, ""6"": 9, ""7"": 1, ""8"": 2}",266,"{""backend"": ""evaluate_m19_theory_calibrated.candidate_features"", ""delta_mode"": ""none"", ""k_max"": 512, ""k_min"": 64, ""variant"": ""conservative""}",266,0.14103923647932132,1.0,1.0,0.0,0.8872180451127819,"{""dp_257_plus"": 0.9548872180451128, ""dp_65_256"": 0.045112781954887216}","{""cn_0"": 0.8609022556390977, ""cn_1"": 0.02631578947368421, ""cn_2_3"": 0.05639097744360902, ""cn_4_8"": 0.05639097744360902}",0.44360902255639095,1649.3496240601503,sasb_candidate_builder,664a62760077cf88bcdeafb3e6a7166704d10def8affd682afdf4282dec49294,266,664a62760077cf88bcdeafb3e6a7166704d10def8affd682afdf4282dec49294,"{""sasb_builder"": 266}",0,0,0,0,{},0.0,"{""common_neighbor_bin_l1"": 0.0, ""degree_product_bin_l1"": 0.0, ""is_boundary_edge_l1"": 0.0, ""is_bridge_edge_l1"": 0.0, ""is_inter_community_edge_l1"": 0.0, ""is_low_common_neighbor_edge_l1"": 0.0, ""mean_l1"": 0.0}",1,32,32,428.12806917024227,0
realworld_completed,bio_celegans,SASB-candidate,sasb,SASB-structured,20260513,140,early,1.0,1.0,0.0,1,1,0,0.0691358024691358,0.06962962962962962,136,147,136--147,6,54,6,54,324,2,0.4,1,7,6,32,"[""96"", ""53"", ""343"", ""51"", ""60"", ""147"", ""118"", ""363"", ""62"", ""142"", ""143"", ""364"", ""144"", ""145"", ""52"", ""440"", ""220"", ""82"", ""83"", ""149"", ""109"", ""121"", ""85"", ""134"", ""398"", ""404"", ""190"", ""136"", ""95"", ""13"", ""368"", ""337""]",3b7fcb2271a22530953b4fdde3f11b600fe0267e45bb020a24594afb4c10b672,"{""boundary"": 12, ""community_rep"": 4, ""degree_core"": 10, ""random_fill"": 6}","{""degree_3_4"": 1, ""degree_5_8"": 6, ""degree_9_plus"": 25}","{""0"": 2, ""1"": 6, ""10"": 1, ""2"": 1, ""3"": 3, ""4"": 2, ""5"": 6, ""6"": 6, ""7"": 2, ""8"": 2, ""9"": 1}",266,"{""backend"": ""evaluate_m19_theory_calibrated.candidate_features"", ""delta_mode"": ""none"", ""k_max"": 512, ""k_min"": 64, ""variant"": ""conservative""}",266,0.14111405835543767,1.0,1.0,0.0,0.9022556390977443,"{""dp_257_plus"": 0.9624060150375939, ""dp_65_256"": 0.03759398496240601}","{""cn_0"": 0.8834586466165414, ""cn_1"": 0.018796992481203006, ""cn_2_3"": 0.045112781954887216, ""cn_4_8"": 0.04887218045112782, ""cn_9_plus"": 0.0037593984962406013}",0.39473684210526316,1666.748120300752,sasb_candidate_builder,2b74e041905b0db6ef99ba37a62ec77bcc1ed7489a2b6382c1dd5d512d665980,266,2b74e041905b0db6ef99ba37a62ec77bcc1ed7489a2b6382c1dd5d512d665980,"{""sasb_builder"": 266}",0,0,0,0,{},0.0,"{""common_neighbor_bin_l1"": 0.0, ""degree_product_bin_l1"": 0.0, ""is_boundary_edge_l1"": 0.0, ""is_bridge_edge_l1"": 0.0, ""is_inter_community_edge_l1"": 0.0, ""is_low_common_neighbor_edge_l1"": 0.0, ""mean_l1"": 0.0}",1,32,32,1352.247155152531,0
realworld_completed,bio_celegans,SASB-candidate,sasb,SASB-structured,20260513,141,early,1.0,1.0,0.0,1,1,0,0.06962962962962962,0.07012345679012345,134,220,134--220,21,32,21,32,672,2,0.1,1,6,4,32,"[""96"", ""53"", ""343"", ""51"", ""60"", ""147"", ""118"", ""363"", ""62"", ""142"", ""143"", ""364"", ""144"", ""145"", ""52"", ""440"", ""220"", ""82"", ""83"", ""149"", ""109"", ""121"", ""85"", ""134"", ""398"", ""404"", ""197"", ""293"", ""452"", ""393"", ""406"", ""79""]",afe571f1c984e5a89ef0c0c3064f9636da1a403ba8fac4191d47eac23175d650,"{""boundary"": 12, ""community_rep"": 4, ""degree_core"": 10, ""random_fill"": 6}","{""degree_0_1"": 1, ""degree_5_8"": 6, ""degree_9_plus"": 25}","{""0"": 2, ""1"": 5, ""10"": 1, ""2"": 1, ""3"": 3, ""4"": 3, ""5"": 6, ""6"": 6, ""7"": 1, ""8"": 3, ""9"": 1}",266,"{""backend"": ""evaluate_m19_theory_calibrated.candidate_features"", ""delta_mode"": ""none"", ""k_max"": 512, ""k_min"": 64, ""variant"": ""conservative""}",266,0.14118895966029724,1.0,1.0,0.0,0.9060150375939849,"{""dp_257_plus"": 0.9624060150375939, ""dp_65_256"": 0.03759398496240601}","{""cn_0"": 0.8872180451127819, ""cn_1"": 0.018796992481203006, ""cn_2_3"": 0.041353383458646614, ""cn_4_8"": 0.04887218045112782, ""cn_9_plus"": 0.0037593984962406013}",0.38721804511278196,1664.8007518796992,sasb_candidate_builder,c46befd0c8647ce15924e6f482311020f0cf9d83be5c0fdc82455f46dbbf75a0,266,c46befd0c8647ce15924e6f482311020f0cf9d83be5c0fdc82455f46dbbf75a0,"{""sasb_builder"": 266}",0,0,0,0,{},0.0,"{""common_neighbor_bin_l1"": 0.0, ""degree_product_bin_l1"": 0.0, ""is_boundary_edge_l1"": 0.0, ""is_bridge_edge_l1"": 0.0, ""is_inter_community_edge_l1"": 0.0, ""is_low_common_neighbor_edge_l1"": 0.0, ""mean_l1"": 0.0}",1,32,32,681.6167985510874,0
realworld_completed,bio_celegans,SASB-candidate,sasb,SASB-structured,20260513,142,early,1.0,1.0,0.0,1,1,0,0.07012345679012345,0.07061728395061728,53,61,53--61,110,16,16,110,1760,9,0.6,1,7,8,32,"[""96"", ""53"", ""343"", ""51"", ""60"", ""147"", ""118"", ""363"", ""62"", ""142"", ""143"", ""364"", ""144"", ""145"", ""52"", ""440"", ""220"", ""82"", ""83"", ""149"", ""109"", ""121"", ""85"", ""134"", ""398"", ""404"", ""219"", ""392"", ""327"", ""397"", ""328"", ""257""]",8fbf1585a1504d9a5669cb44c4927dc1621b8cd1e03134d34d64f56e4b77b478,"{""boundary"": 12, ""community_rep"": 4, ""degree_core"": 10, ""random_fill"": 6}","{""degree_3_4"": 2, ""degree_5_8"": 4, ""degree_9_plus"": 26}","{""0"": 1, ""1"": 5, ""10"": 1, ""2"": 2, ""3"": 3, ""4"": 2, ""5"": 7, ""6"": 7, ""7"": 1, ""8"": 2, ""9"": 1}",266,"{""backend"": ""evaluate_m19_theory_calibrated.candidate_features"", ""delta_mode"": ""none"", ""k_max"": 512, ""k_min"": 64, ""variant"": ""conservative""}",266,0.1412639405204461,1.0,1.0,0.0,0.9097744360902256,"{""dp_257_plus"": 0.9624060150375939, ""dp_65_256"": 0.03759398496240601}","{""cn_0"": 0.8909774436090225, ""cn_1"": 0.018796992481203006, ""cn_2_3"": 0.03759398496240601, ""cn_4_8"": 0.04887218045112782, ""cn_9_plus"": 0.0037593984962406013}",0.37969924812030076,1662.8496240601503,sasb_candidate_builder,fe8b237543f612ac9b373253361114a4b04e823a2f3a6d0f28439627799ced49,266,fe8b237543f612ac9b373253361114a4b04e823a2f3a6d0f28439627799ced49,"{""sasb_builder"": 266}",0,0,0,0,{},0.0,"{""common_neighbor_bin_l1"": 0.0, ""degree_product_bin_l1"": 0.0, ""is_boundary_edge_l1"": 0.0, ""is_bridge_edge_l1"": 0.0, ""is_inter_community_edge_l1"": 0.0, ""is_low_common_neighbor_edge_l1"": 0.0, ""mean_l1"": 0.0}",1,32,32,562.3187611353738,0
realworld_completed,bio_celegans,SASB-candidate,sasb,SASB-structured,20260513,143,early,1.0,1.0,0.0,1,1,0,0.07061728395061728,0.07111111111111111,67,96,67--96,5,201,5,201,1005,2,0.5,1,1,2,32,"[""96"", ""53"", ""343"", ""51"", ""60"", ""147"", ""118"", ""363"", ""62"", ""142"", ""143"", ""364"", ""144"", ""145"", ""52"", ""440"", ""220"", ""82"", ""83"", ""149"", ""109"", ""121"", ""85"", ""134"", ""398"", ""404"", ""366"", ""345"", ""425"", ""197"", ""424"", ""403""]",3ba67a65db35507bb09565368615189c3879c5b1e1d367fb83e6f7e1eefe3c99,"{""boundary"": 12, ""community_rep"": 4, ""degree_core"": 10, ""random_fill"": 6}","{""degree_3_4"": 2, ""degree_5_8"": 5, ""degree_9_plus"": 25}","{""0"": 3, ""1"": 4, ""10"": 1, ""2"": 1, ""3"": 3, ""4"": 1, ""5"": 7, ""6"": 7, ""7"": 1, ""8"": 3, ""9"": 1}",266,"{""backend"": ""evaluate_m19_theory_calibrated.candidate_features"", ""delta_mode"": ""none"", ""k_max"": 512, ""k_min"": 64, ""variant"": ""conservative""}",266,0.14133900106269925,1.0,1.0,0.0,0.9135338345864662,"{""dp_257_plus"": 0.9624060150375939, ""dp_65_256"": 0.03759398496240601}","{""cn_0"": 0.8947368421052632, ""cn_1"": 0.018796992481203006, ""cn_2_3"": 0.03759398496240601, ""cn_4_8"": 0.04887218045112782}",0.3458646616541353,1657.172932330827,sasb_candidate_builder,655b896968518339a1b0304dd8f6894a3a5f5570f983cbf65ae6e86e2456ee79,266,655b896968518339a1b0304dd8f6894a3a5f5570f983cbf65ae6e86e2456ee79,"{""sasb_builder"": 266}",0,0,0,0,{},0.0,"{""common_neighbor_bin_l1"": 0.0, ""degree_product_bin_l1"": 0.0, ""is_boundary_edge_l1"": 0.0, ""is_bridge_edge_l1"": 0.0, ""is_inter_community_edge_l1"": 0.0, ""is_low_common_neighbor_edge_l1"": 0.0, ""mean_l1"": 0.0}",1,32,32,367.17323792984314,0
realworld_completed,bio_celegans,SASB-candidate,sasb,SASB-structured,20260513,144,early,1.0,1.0,0.0,1,1,0,0.07111111111111111,0.07160493827160494,62,94,62--94,52,16,16,52,832,5,0.3333333333333333,1,4,9,32,"[""96"", ""53"", ""343"", ""51"", ""60"", ""147"", ""118"", ""363"", ""62"", ""142"", ""143"", ""364"", ""144"", ""145"", ""52"", ""440"", ""220"", ""82"", ""83"", ""149"", ""109"", ""121"", ""85"", ""134"", ""398"", ""404"", ""410"", ""184"", ""402"", ""428"", ""301"", ""238""]",15f1faa303117b279179877b3cbf69cb75329ce76a5214dad171c6e18fe9aad9,"{""boundary"": 12, ""community_rep"": 4, ""degree_core"": 10, ""random_fill"": 6}","{""degree_2"": 1, ""degree_3_4"": 3, ""degree_5_8"": 3, ""degree_9_plus"": 25}","{""0"": 1, ""1"": 4, ""10"": 1, ""2"": 2, ""3"": 3, ""4"": 1, ""5"": 7, ""6"": 6, ""7"": 3, ""8"": 3, ""9"": 1}",266,"{""backend"": ""evaluate_m19_theory_calibrated.candidate_features"", ""delta_mode"": ""none"", ""k_max"": 512, ""k_min"": 64, ""variant"": ""conservative""}",266,0.1414141414141414,1.0,1.0,0.0,0.9172932330827067,"{""dp_257_plus"": 0.9624060150375939, ""dp_65_256"": 0.03759398496240601}","{""cn_0"": 0.8984962406015038, ""cn_1"": 0.018796992481203006, ""cn_2_3"": 0.03383458646616541, ""cn_4_8"": 0.04887218045112782}",0.3383458646616541,1652.2218045112782,sasb_candidate_builder,a7d125b8ec49e2b599c36b8bdab492e1e57ecef7dfecf5193390f2c1a9e73b28,266,a7d125b8ec49e2b599c36b8bdab492e1e57ecef7dfecf5193390f2c1a9e73b28,"{""sasb_builder"": 266}",0,0,0,0,{},0.0,"{""common_neighbor_bin_l1"": 0.0, ""degree_product_bin_l1"": 0.0, ""is_boundary_edge_l1"": 0.0, ""is_bridge_edge_l1"": 0.0, ""is_inter_community_edge_l1"": 0.0, ""is_low_common_neighbor_edge_l1"": 0.0, ""mean_l1"": 0.0}",1,32,32,327.91239031506615,0
realworld_completed,bio_celegans,SASB-candidate,sasb,SASB-structured,20260513,145,early,1.0,1.0,0.0,1,1,0,0.07160493827160494,0.07209876543209877,343,384,343--384,79,6,6,79,474,2,0.4,1,6,1,32,"[""96"", ""53"", ""343"", ""51"", ""60"", ""147"", ""118"", ""363"", ""62"", ""142"", ""143"", ""364"", ""144"", ""145"", ""52"", ""440"", ""220"", ""82"", ""83"", ""149"", ""109"", ""121"", ""85"", ""134"", ""398"", ""404"", ""73"", ""171"", ""216"", ""222"", ""449"", ""365""]",139664a3994a71139855c4c036f0ccdb77e717ba96f631373896aad34d2addb8,"{""boundary"": 12, ""community_rep"": 4, ""degree_core"": 10, ""random_fill"": 6}","{""degree_3_4"": 5, ""degree_5_8"": 1, ""degree_9_plus"": 26}","{""0"": 1, ""1"": 4, ""10"": 1, ""2"": 2, ""3"": 4, ""4"": 1, ""5"": 5, ""6"": 7, ""7"": 2, ""8"": 2, ""9"": 3}",266,"{""backend"": ""evaluate_m19_theory_calibrated.candidate_features"", ""delta_mode"": ""none"", ""k_max"": 512, ""k_min"": 64, ""variant"": ""conservative""}",266,0.14148936170212767,1.0,1.0,0.0,0.9210526315789473,"{""dp_257_plus"": 0.9586466165413534, ""dp_65_256"": 0.041353383458646614}","{""cn_0"": 0.9022556390977443, ""cn_1"": 0.018796992481203006, ""cn_2_3"": 0.03383458646616541, ""cn_4_8"": 0.045112781954887216}",0.31954887218045114,1646.4586466165413,sasb_candidate_builder,b85b6ee8e17e358591e21734ae421dc1cd4b0a42fc8d461ec98ee46f9e7a6c33,266,b85b6ee8e17e358591e21734ae421dc1cd4b0a42fc8d461ec98ee46f9e7a6c33,"{""sasb_builder"": 266}",0,0,0,0,{},0.0,"{""common_neighbor_bin_l1"": 0.0, ""degree_product_bin_l1"": 0.0, ""is_boundary_edge_l1"": 0.0, ""is_bridge_edge_l1"": 0.0, ""is_inter_community_edge_l1"": 0.0, ""is_low_common_neighbor_edge_l1"": 0.0, ""mean_l1"": 0.0}",1,32,32,335.69125251790547,0
realworld_completed,bio_celegans,SASB-candidate,sasb,SASB-structured,20260513,146,early,1.0,1.0,0.0,1,1,0,0.07209876543209877,0.0725925925925926,142,409,142--409,67,10,10,67,670,4,0.4444444444444444,0,1,1,32,"[""96"", ""53"", ""343"", ""51"", ""60"", ""147"", ""118"", ""363"", ""62"", ""142"", ""143"", ""364"", ""144"", ""145"", ""52"", ""440"", ""220"", ""82"", ""83"", ""149"", ""109"", ""121"", ""85"", ""134"", ""398"", ""404"", ""265"", ""204"", ""154"", ""31"", ""9"", ""209""]",dadabafcf4c79c2c4cd97aed407fe0bb21c2fcf6763c9266db07b0aac6e819cd,"{""boundary"": 12, ""community_rep"": 4, ""degree_core"": 10, ""random_fill"": 6}","{""degree_3_4"": 2, ""degree_5_8"": 3, ""degree_9_plus"": 27}","{""0"": 2, ""1"": 5, ""10"": 1, ""2"": 3, ""3"": 3, ""4"": 1, ""5"": 6, ""6"": 6, ""7"": 1, ""8"": 3, ""9"": 1}",266,"{""backend"": ""evaluate_m19_theory_calibrated.candidate_features"", ""delta_mode"": ""none"", ""k_max"": 512, ""k_min"": 64, ""variant"": ""conservative""}",266,0.1415646620542842,1.0,1.0,0.0,0.924812030075188,"{""dp_257_plus"": 0.9586466165413534, ""dp_65_256"": 0.041353383458646614}","{""cn_0"": 0.9060150375939849, ""cn_1"": 0.018796992481203006, ""cn_2_3"": 0.03007518796992481, ""cn_4_8"": 0.045112781954887216}",0.31203007518796994,1647.4887218045112,sasb_candidate_builder,45bea35433857e09a0f04c6154d28027fe14f588195101a30360e7ff56a940c7,266,45bea35433857e09a0f04c6154d28027fe14f588195101a30360e7ff56a940c7,"{""sasb_builder"": 266}",0,0,0,0,{},0.0,"{""common_neighbor_bin_l1"": 0.0, ""degree_product_bin_l1"": 0.0, ""is_boundary_edge_l1"": 0.0, ""is_bridge_edge_l1"": 0.0, ""is_inter_community_edge_l1"": 0.0, ""is_low_common_neighbor_edge_l1"": 0.0, ""mean_l1"": 0.0}",1,32,32,332.39468883884376,0
realworld_completed,bio_celegans,SASB-candidate,sasb,SASB-structured,20260513,147,early,1.0,1.0,0.0,1,1,0,0.0725925925925926,0.07308641975308643,298,343,298--343,5,78,5,78,390,3,0.75,1,5,6,32,"[""96"", ""53"", ""343"", ""51"", ""60"", ""147"", ""118"", ""363"", ""62"", ""143"", ""364"", ""142"", ""144"", ""145"", ""52"", ""440"", ""220"", ""82"", ""83"", ""149"", ""109"", ""121"", ""85"", ""134"", ""398"", ""404"", ""374"", ""299"", ""298"", ""291"", ""332"", ""91""]",97c9b5e7d3d01e8b8996fe6f4ac08300bcb758a0f2040f02d505ab6913b76c43,"{""boundary"": 12, ""community_rep"": 4, ""degree_core"": 10, ""random_fill"": 6}","{""degree_3_4"": 3, ""degree_5_8"": 3, ""degree_9_plus"": 26}","{""0"": 2, ""1"": 6, ""10"": 1, ""2"": 1, ""3"": 4, ""4"": 1, ""5"": 7, ""6"": 6, ""7"": 1, ""8"": 2, ""9"": 1}",266,"{""backend"": ""evaluate_m19_theory_calibrated.candidate_features"", ""delta_mode"": ""none"", ""k_max"": 512, ""k_min"": 64, ""variant"": ""conservative""}",266,0.14164004259850904,1.0,1.0,0.0,0.9285714285714286,"{""dp_17_64"": 0.0037593984962406013, ""dp_257_plus"": 0.9548872180451128, ""dp_65_256"": 0.041353383458646614}","{""cn_0"": 0.9060150375939849, ""cn_1"": 0.022556390977443608, ""cn_2_3"": 0.03383458646616541, ""cn_4_8"": 0.03759398496240601}",0.29699248120300753,1643.3345864661653,sasb_candidate_builder,3fa1b548919439fe1a5e3a55ee97cde7dc7c437f684891988417d68b2302a8d4,266,3fa1b548919439fe1a5e3a55ee97cde7dc7c437f684891988417d68b2302a8d4,"{""sasb_builder"": 266}",0,0,0,0,{},0.0,"{""common_neighbor_bin_l1"": 0.0, ""degree_product_bin_l1"": 0.0, ""is_boundary_edge_l1"": 0.0, ""is_bridge_edge_l1"": 0.0, ""is_inter_community_edge_l1"": 0.0, ""is_low_common_neighbor_edge_l1"": 0.0, ""mean_l1"": 0.0}",1,32,32,2145.7948730553853,0
realworld_completed,bio_celegans,SASB-candidate,sasb,SASB-structured,20260513,148,early,1.0,1.0,0.0,1,1,0,0.07308641975308643,0.07358024691358024,343,354,343--354,77,3,3,77,231,1,0.5,1,6,4,32,"[""96"", ""53"", ""343"", ""51"", ""60"", ""147"", ""118"", ""363"", ""62"", ""143"", ""364"", ""142"", ""144"", ""145"", ""52"", ""440"", ""220"", ""82"", ""83"", ""149"", ""109"", ""121"", ""85"", ""134"", ""398"", ""404"", ""46"", ""74"", ""166"", ""203"", ""148"", ""354""]",c9873f9363a71693c072575f1c179792303941419a36c93d14ae2d46e364ade4,"{""boundary"": 12, ""community_rep"": 4, ""degree_core"": 10, ""random_fill"": 6}","{""degree_2"": 1, ""degree_3_4"": 2, ""degree_5_8"": 3, ""degree_9_plus"": 26}","{""0"": 3, ""1"": 5, ""10"": 1, ""2"": 1, ""3"": 5, ""4"": 2, ""5"": 5, ""6"": 6, ""7"": 1, ""8"": 2, ""9"": 1}",265,"{""backend"": ""evaluate_m19_theory_calibrated.candidate_features"", ""delta_mode"": ""none"", ""k_max"": 512, ""k_min"": 64, ""variant"": ""conservative""}",265,0.14118273841236015,1.0,1.0,0.0,0.9320754716981132,"{""dp_17_64"": 0.0037735849056603774, ""dp_257_plus"": 0.9547169811320755, ""dp_65_256"": 0.04150943396226415}","{""cn_0"": 0.909433962264151, ""cn_1"": 0.022641509433962263, ""cn_2_3"": 0.03018867924528302, ""cn_4_8"": 0.03773584905660377}",0.28679245283018867,1645.6264150943396,sasb_candidate_builder,6a69990f960936d448cb3e7589c8e9a27db53b017b79317d54145d5057915a82,265,6a69990f960936d448cb3e7589c8e9a27db53b017b79317d54145d5057915a82,"{""sasb_builder"": 265}",0,0,0,0,{},0.0,"{""common_neighbor_bin_l1"": 0.0, ""degree_product_bin_l1"": 0.0, ""is_boundary_edge_l1"": 0.0, ""is_bridge_edge_l1"": 0.0, ""is_inter_community_edge_l1"": 0.0, ""is_low_common_neighbor_edge_l1"": 0.0, ""mean_l1"": 0.0}",1,32,32,2237.7606127233703,0
realworld_completed,bio_celegans,SASB-candidate,sasb,SASB-structured,20260513,149,early,1.0,1.0,0.0,1,1,0,0.07358024691358024,0.07407407407407407,1,96,1--96,3,200,3,200,600,2,1.0,1,8,0,32,"[""96"", ""53"", ""343"", ""51"", ""60"", ""147"", ""118"", ""363"", ""62"", ""143"", ""364"", ""142"", ""144"", ""145"", ""52"", ""440"", ""220"", ""82"", ""83"", ""149"", ""109"", ""121"", ""85"", ""134"", ""398"", ""404"", ""47"", ""447"", ""214"", ""377"", ""37"", ""84""]",9bae21dc032236dbe6185c51f16a40e467982c63b6a77755d99eb6358d7a26f4,"{""boundary"": 12, ""community_rep"": 4, ""degree_core"": 10, ""random_fill"": 6}","{""degree_3_4"": 2, ""degree_5_8"": 4, ""degree_9_plus"": 26}","{""0"": 2, ""1"": 4, ""10"": 1, ""2"": 2, ""3"": 3, ""4"": 1, ""5"": 6, ""6"": 7, ""7"": 2, ""8"": 3, ""9"": 1}",265,"{""backend"": ""evaluate_m19_theory_calibrated.candidate_features"", ""delta_mode"": ""none"", ""k_max"": 512, ""k_min"": 64, ""variant"": ""conservative""}",265,0.14125799573560768,1.0,1.0,0.0,0.9320754716981132,"{""dp_17_64"": 0.0037735849056603774, ""dp_257_plus"": 0.9547169811320755, ""dp_65_256"": 0.04150943396226415}","{""cn_0"": 0.909433962264151, ""cn_1"": 0.022641509433962263, ""cn_2_3"": 0.03018867924528302, ""cn_4_8"": 0.03773584905660377}",0.28679245283018867,1642.777358490566,sasb_candidate_builder,3e4d739afaa6fbfc6e038ecc6412a79f7766fc82e6fd33d8e94388b63e9ebc07,265,3e4d739afaa6fbfc6e038ecc6412a79f7766fc82e6fd33d8e94388b63e9ebc07,"{""sasb_builder"": 265}",0,0,0,0,{},0.0,"{""common_neighbor_bin_l1"": 0.0, ""degree_product_bin_l1"": 0.0, ""is_boundary_edge_l1"": 0.0, ""is_bridge_edge_l1"": 0.0, ""is_inter_community_edge_l1"": 0.0, ""is_low_common_neighbor_edge_l1"": 0.0, ""mean_l1"": 0.0}",1,32,32,299.2586309523809,0
realworld_completed,bio_celegans,SASB-candidate,sasb,SASB-structured,20260513,150,early,1.0,1.0,0.0,1,1,0,0.07407407407407407,0.0745679012345679,147,295,147--295,53,15,15,53,795,3,0.21428571428571427,1,6,9,32,"[""96"", ""53"", ""60"", ""51"", ""118"", ""343"", ""147"", ""143"", ""142"", ""62"", ""364"", ""220"", ""144"", ""145"", ""363"", ""52"", ""440"", ""82"", ""83"", ""149"", ""109"", ""121"", ""154"", ""398"", ""85"", ""404"", ""335"", ""115"", ""140"", ""208"", ""309"", ""269""]",6c6bdcb45b7cb32065f1e38516b5903ccb6aad3711c0b69b6f331979f14e7933,"{""boundary"": 12, ""community_rep"": 4, ""degree_core"": 10, ""random_fill"": 6}","{""degree_3_4"": 3, ""degree_5_8"": 3, ""degree_9_plus"": 26}","{""0"": 1, ""1"": 5, ""10"": 1, ""2"": 2, ""3"": 3, ""4"": 6, ""5"": 1, ""6"": 3, ""7"": 2, ""8"": 1, ""9"": 7}",265,"{""backend"": ""evaluate_m19_theory_calibrated.candidate_features"", ""delta_mode"": ""none"", ""k_max"": 512, ""k_min"": 64, ""variant"": ""conservative""}",265,0.14133333333333334,1.0,1.0,0.0,0.9358490566037736,"{""dp_17_64"": 0.0037735849056603774, ""dp_257_plus"": 0.9509433962264151, ""dp_65_256"": 0.045283018867924525}","{""cn_0"": 0.9132075471698113, ""cn_1"": 0.022641509433962263, ""cn_2_3"": 0.045283018867924525, ""cn_4_8"": 0.018867924528301886}",0.22264150943396227,1648.5056603773585,sasb_candidate_builder,965599531ff684859e99548ea3b9c3a9134e51310e55bba9d174ccb66a3f9f33,265,965599531ff684859e99548ea3b9c3a9134e51310e55bba9d174ccb66a3f9f33,"{""sasb_builder"": 265}",0,0,0,0,{},0.0,"{""common_neighbor_bin_l1"": 0.0, ""degree_product_bin_l1"": 0.0, ""is_boundary_edge_l1"": 0.0, ""is_bridge_edge_l1"": 0.0, ""is_inter_community_edge_l1"": 0.0, ""is_low_common_neighbor_edge_l1"": 0.0, ""mean_l1"": 0.0}",1,32,32,359.88284146776334,0
realworld_completed,bio_celegans,SASB-candidate,sasb,SASB-structured,20260513,151,early,1.0,1.0,0.0,1,1,0,0.0745679012345679,0.07506172839506173,14,96,14--96,4,199,4,199,796,2,0.6666666666666666,1,9,0,32,"[""96"", ""53"", ""60"", ""51"", ""118"", ""343"", ""147"", ""143"", ""142"", ""62"", ""364"", ""220"", ""144"", ""145"", ""363"", ""52"", ""440"", ""82"", ""83"", ""149"", ""109"", ""121"", ""154"", ""398"", ""85"", ""404"", ""418"", ""248"", ""65"", ""421"", ""211"", ""66""]",523ffcea720cebd8b111124f080c07e65b12a41e1742350058a656c93e77278f,"{""boundary"": 12, ""community_rep"": 4, ""degree_core"": 10, ""random_fill"": 6}","{""degree_3_4"": 1, ""degree_5_8"": 5, ""degree_9_plus"": 26}","{""0"": 3, ""1"": 4, ""10"": 1, ""2"": 1, ""3"": 3, ""4"": 6, ""5"": 1, ""6"": 1, ""7"": 1, ""8"": 3, ""9"": 8}",265,"{""backend"": ""evaluate_m19_theory_calibrated.candidate_features"", ""delta_mode"": ""none"", ""k_max"": 512, ""k_min"": 64, ""variant"": ""conservative""}",265,0.14140875133404482,1.0,1.0,0.0,0.939622641509434,"{""dp_17_64"": 0.0037735849056603774, ""dp_257_plus"": 0.9509433962264151, ""dp_65_256"": 0.045283018867924525}","{""cn_0"": 0.9169811320754717, ""cn_1"": 0.022641509433962263, ""cn_2_3"": 0.04150943396226415, ""cn_4_8"": 0.018867924528301886}",0.21132075471698114,1646.588679245283,sasb_candidate_builder,8e7a13b7c00bb9ce2fb72e114c02962b59c794af822e81d37347c2a208e94cf9,265,8e7a13b7c00bb9ce2fb72e114c02962b59c794af822e81d37347c2a208e94cf9,"{""sasb_builder"": 265}",0,0,0,0,{},0.0,"{""common_neighbor_bin_l1"": 0.0, ""degree_product_bin_l1"": 0.0, ""is_boundary_edge_l1"": 0.0, ""is_bridge_edge_l1"": 0.0, ""is_inter_community_edge_l1"": 0.0, ""is_low_common_neighbor_edge_l1"": 0.0, ""mean_l1"": 0.0}",1,32,32,309.5751487393524,0
realworld_completed,bio_celegans,SASB-candidate,sasb,SASB-structured,20260513,152,early,1.0,1.0,0.0,1,1,0,0.07506172839506173,0.07555555555555556,53,70,53--70,109,5,5,109,545,2,0.5,1,7,2,32,"[""96"", ""53"", ""60"", ""51"", ""118"", ""343"", ""147"", ""143"", ""142"", ""62"", ""364"", ""220"", ""144"", ""145"", ""363"", ""52"", ""440"", ""82"", ""83"", ""149"", ""109"", ""121"", ""154"", ""398"", ""85"", ""404"", ""194"", ""231"", ""328"", ""386"", ""402"", ""70""]",731bf3bfb34172416060a2a377df558b6fbcc7cbcba4ba982485206c99a7ef48,"{""boundary"": 12, ""community_rep"": 4, ""degree_core"": 10, ""random_fill"": 6}","{""degree_3_4"": 4, ""degree_5_8"": 2, ""degree_9_plus"": 26}","{""0"": 3, ""1"": 4, ""10"": 1, ""2"": 1, ""3"": 3, ""4"": 6, ""5"": 1, ""6"": 1, ""7"": 2, ""8"": 2, ""9"": 8}",265,"{""backend"": ""evaluate_m19_theory_calibrated.candidate_features"", ""delta_mode"": ""none"", ""k_max"": 512, ""k_min"": 64, ""variant"": ""conservative""}",265,0.1414842498665243,1.0,1.0,0.0,0.9433962264150944,"{""dp_17_64"": 0.0037735849056603774, ""dp_257_plus"": 0.9509433962264151, ""dp_65_256"": 0.045283018867924525}","{""cn_0"": 0.9207547169811321, ""cn_1"": 0.022641509433962263, ""cn_2_3"": 0.03773584905660377, ""cn_4_8"": 0.018867924528301886}",0.2037735849056604,1655.9358490566037,sasb_candidate_builder,5425293135f701ef654aa427af187c25767c879bebf2e73835f9756df15026d6,265,5425293135f701ef654aa427af187c25767c879bebf2e73835f9756df15026d6,"{""sasb_builder"": 265}",0,0,0,0,{},0.0,"{""common_neighbor_bin_l1"": 0.0, ""degree_product_bin_l1"": 0.0, ""is_boundary_edge_l1"": 0.0, ""is_bridge_edge_l1"": 0.0, ""is_inter_community_edge_l1"": 0.0, ""is_low_common_neighbor_edge_l1"": 0.0, ""mean_l1"": 0.0}",1,32,32,2813.5506475108004,0
realworld_completed,bio_celegans,SASB-candidate,sasb,SASB-structured,20260513,153,early,1.0,1.0,0.0,1,1,0,0.07555555555555556,0.07604938271604939,51,70,51--70,90,4,4,90,360,1,0.3333333333333333,1,6,0,32,"[""96"", ""53"", ""60"", ""51"", ""118"", ""343"", ""147"", ""143"", ""142"", ""62"", ""364"", ""220"", ""144"", ""145"", ""363"", ""52"", ""440"", ""82"", ""83"", ""149"", ""109"", ""121"", ""154"", ""398"", ""85"", ""404"", ""115"", ""447"", ""419"", ""168"", ""211"", ""161""]",5995d6dd910b793bc998a6764824bfa3803d02235b5d57ad74eb77264790808c,"{""boundary"": 12, ""community_rep"": 4, ""degree_core"": 10, ""random_fill"": 6}","{""degree_3_4"": 1, ""degree_5_8"": 4, ""degree_9_plus"": 27}","{""0"": 1, ""1"": 4, ""10"": 1, ""2"": 2, ""3"": 3, ""4"": 7, ""5"": 1, ""6"": 2, ""7"": 1, ""8"": 1, ""9"": 9}",265,"{""backend"": ""evaluate_m19_theory_calibrated.candidate_features"", ""delta_mode"": ""none"", ""k_max"": 512, ""k_min"": 64, ""variant"": ""conservative""}",265,0.14155982905982906,1.0,1.0,0.0,0.9509433962264151,"{""dp_17_64"": 0.0037735849056603774, ""dp_257_plus"": 0.9509433962264151, ""dp_65_256"": 0.045283018867924525}","{""cn_0"": 0.9245283018867925, ""cn_1"": 0.026415094339622643, ""cn_2_3"": 0.03018867924528302, ""cn_4_8"": 0.018867924528301886}",0.19245283018867926,1654.6113207547169,sasb_candidate_builder,f7e1ece4991bead5506b53922677eb11cca6e75110c60361397d2fa5870afae5,265,f7e1ece4991bead5506b53922677eb11cca6e75110c60361397d2fa5870afae5,"{""sasb_builder"": 265}",0,0,0,0,{},0.0,"{""common_neighbor_bin_l1"": 0.0, ""degree_product_bin_l1"": 0.0, ""is_boundary_edge_l1"": 0.0, ""is_bridge_edge_l1"": 0.0, ""is_inter_community_edge_l1"": 0.0, ""is_low_common_neighbor_edge_l1"": 0.0, ""mean_l1"": 0.0}",1,32,32,348.6760884954338,0
realworld_completed,bio_celegans,SASB-candidate,sasb,SASB-structured,20260513,154,early,1.0,1.0,0.0,1,1,0,0.07604938271604939,0.07654320987654321,353,364,353--364,10,34,10,34,340,3,0.3333333333333333,1,7,6,32,"[""96"", ""53"", ""60"", ""118"", ""51"", ""343"", ""147"", ""143"", ""142"", ""62"", ""364"", ""220"", ""144"", ""145"", ""363"", ""52"", ""440"", ""82"", ""83"", ""149"", ""109"", ""121"", ""154"", ""398"", ""85"", ""404"", ""264"", ""209"", ""294"", ""38"", ""353"", ""213""]",ec0968ed024895140029ee2776d9d8705302956d99e7bb45a40ccc0fd9e69367,"{""boundary"": 12, ""community_rep"": 4, ""degree_core"": 10, ""random_fill"": 6}","{""degree_3_4"": 1, ""degree_5_8"": 5, ""degree_9_plus"": 26}","{""0"": 1, ""1"": 4, ""10"": 1, ""2"": 1, ""3"": 3, ""4"": 8, ""5"": 1, ""6"": 1, ""7"": 1, ""8"": 2, ""9"": 9}",265,"{""backend"": ""evaluate_m19_theory_calibrated.candidate_features"", ""delta_mode"": ""none"", ""k_max"": 512, ""k_min"": 64, ""variant"": ""conservative""}",265,0.14163548904329235,1.0,1.0,0.0,0.9509433962264151,"{""dp_17_64"": 0.0037735849056603774, ""dp_257_plus"": 0.9509433962264151, ""dp_65_256"": 0.045283018867924525}","{""cn_0"": 0.9283018867924528, ""cn_1"": 0.022641509433962263, ""cn_2_3"": 0.03018867924528302, ""cn_4_8"": 0.018867924528301886}",0.18867924528301888,1639.9396226415095,sasb_candidate_builder,70038bffcc3af9ab7e975ca4da388a97ddbeb75fcd4ea9c0becfc4e65bd72208,265,70038bffcc3af9ab7e975ca4da388a97ddbeb75fcd4ea9c0becfc4e65bd72208,"{""sasb_builder"": 265}",0,0,0,0,{},0.0,"{""common_neighbor_bin_l1"": 0.0, ""degree_product_bin_l1"": 0.0, ""is_boundary_edge_l1"": 0.0, ""is_bridge_edge_l1"": 0.0, ""is_inter_community_edge_l1"": 0.0, ""is_low_common_neighbor_edge_l1"": 0.0, ""mean_l1"": 0.0}",1,32,32,577.6589779796868,0
realworld_completed,bio_celegans,SASB-candidate,sasb,SASB-structured,20260513,155,early,1.0,1.0,0.0,1,1,0,0.07654320987654321,0.07703703703703704,302,343,302--343,10,76,10,76,760,4,0.4444444444444444,0,6,6,32,"[""96"", ""53"", ""60"", ""118"", ""51"", ""343"", ""147"", ""143"", ""142"", ""62"", ""364"", ""220"", ""144"", ""145"", ""363"", ""52"", ""440"", ""82"", ""83"", ""149"", ""109"", ""121"", ""154"", ""398"", ""85"", ""404"", ""131"", ""74"", ""252"", ""120"", ""160"", ""420""]",57d7492de5b4f5915ae671965482836a0d8f3c55fa26914abce926ae895eef57,"{""boundary"": 12, ""community_rep"": 4, ""degree_core"": 10, ""random_fill"": 6}","{""degree_3_4"": 2, ""degree_5_8"": 3, ""degree_9_plus"": 27}","{""0"": 2, ""1"": 5, ""10"": 2, ""2"": 2, ""3"": 4, ""4"": 5, ""5"": 1, ""6"": 1, ""7"": 1, ""8"": 1, ""9"": 8}",265,"{""backend"": ""evaluate_m19_theory_calibrated.candidate_features"", ""delta_mode"": ""none"", ""k_max"": 512, ""k_min"": 64, ""variant"": ""conservative""}",265,0.14171122994652408,1.0,1.0,0.0,0.9547169811320755,"{""dp_17_64"": 0.0037735849056603774, ""dp_257_plus"": 0.9509433962264151, ""dp_65_256"": 0.045283018867924525}","{""cn_0"": 0.9320754716981132, ""cn_1"": 0.022641509433962263, ""cn_2_3"": 0.026415094339622643, ""cn_4_8"": 0.018867924528301886}",0.17735849056603772,1638.7735849056603,sasb_candidate_builder,e1254fd9650e63803bf890f1045329b5b9c5d26d53fc31645bd00986b09ed146,265,e1254fd9650e63803bf890f1045329b5b9c5d26d53fc31645bd00986b09ed146,"{""sasb_builder"": 265}",0,0,0,0,{},0.0,"{""common_neighbor_bin_l1"": 0.0, ""degree_product_bin_l1"": 0.0, ""is_boundary_edge_l1"": 0.0, ""is_bridge_edge_l1"": 0.0, ""is_inter_community_edge_l1"": 0.0, ""is_low_common_neighbor_edge_l1"": 0.0, ""mean_l1"": 0.0}",1,32,32,708.5425985227605,0
realworld_completed,bio_celegans,SASB-candidate,sasb,SASB-structured,20260513,156,early,1.0,1.0,0.0,1,1,0,0.07703703703703704,0.07753086419753086,11,118,11--118,8,54,8,54,432,1,0.14285714285714285,1,1,6,32,"[""96"", ""53"", ""60"", ""118"", ""51"", ""343"", ""147"", ""143"", ""142"", ""62"", ""364"", ""220"", ""144"", ""145"", ""363"", ""52"", ""440"", ""82"", ""83"", ""149"", ""109"", ""121"", ""154"", ""398"", ""85"", ""404"", ""138"", ""153"", ""201"", ""120"", ""276"", ""272""]",9f9a0d5763fdd1c247d53e838d97ef3e6fc43f4b5923f19c019e48dc743ffd37,"{""boundary"": 12, ""community_rep"": 4, ""degree_core"": 10, ""random_fill"": 6}","{""degree_3_4"": 3, ""degree_5_8"": 3, ""degree_9_plus"": 26}","{""0"": 2, ""1"": 6, ""10"": 1, ""2"": 1, ""3"": 4, ""4"": 5, ""5"": 1, ""6"": 2, ""7"": 1, ""8"": 1, ""9"": 8}",265,"{""backend"": ""evaluate_m19_theory_calibrated.candidate_features"", ""delta_mode"": ""none"", ""k_max"": 512, ""k_min"": 64, ""variant"": ""conservative""}",265,0.14178705189941146,1.0,1.0,0.0,0.9547169811320755,"{""dp_17_64"": 0.0037735849056603774, ""dp_257_plus"": 0.9509433962264151, ""dp_65_256"": 0.045283018867924525}","{""cn_0"": 0.9320754716981132, ""cn_1"": 0.022641509433962263, ""cn_2_3"": 0.026415094339622643, ""cn_4_8"": 0.018867924528301886}",0.18490566037735848,1635.3849056603774,sasb_candidate_builder,dbe528f313e22861a280da5537922b772af4b40a742d6771442364bcf6ba67c3,265,dbe528f313e22861a280da5537922b772af4b40a742d6771442364bcf6ba67c3,"{""sasb_builder"": 265}",0,0,0,0,{},0.0,"{""common_neighbor_bin_l1"": 0.0, ""degree_product_bin_l1"": 0.0, ""is_boundary_edge_l1"": 0.0, ""is_bridge_edge_l1"": 0.0, ""is_inter_community_edge_l1"": 0.0, ""is_low_common_neighbor_edge_l1"": 0.0, ""mean_l1"": 0.0}",1,32,32,240.68310094246215,0
realworld_completed,bio_celegans,SASB-candidate,sasb,SASB-structured,20260513,157,early,1.0,1.0,0.0,1,1,0,0.07753086419753086,0.07802469135802469,15,60,15--60,4,58,4,58,232,2,0.6666666666666666,0,3,3,32,"[""96"", ""53"", ""60"", ""51"", ""118"", ""343"", ""147"", ""143"", ""142"", ""62"", ""364"", ""220"", ""144"", ""145"", ""363"", ""52"", ""440"", ""82"", ""83"", ""149"", ""109"", ""121"", ""154"", ""398"", ""85"", ""404"", ""379"", ""24"", ""209"", ""227"", ""110"", ""332""]",9a23ff976bdd5088a8dd733f3fab1ce098e18ec2c77d8f0a3ff7680356c6f25a,"{""boundary"": 12, ""community_rep"": 4, ""degree_core"": 10, ""random_fill"": 6}","{""degree_5_8"": 7, ""degree_9_plus"": 25}","{""0"": 1, ""1"": 6, ""10"": 1, ""2"": 1, ""3"": 4, ""4"": 6, ""5"": 1, ""6"": 1, ""7"": 1, ""8"": 1, ""9"": 9}",265,"{""backend"": ""evaluate_m19_theory_calibrated.candidate_features"", ""delta_mode"": ""none"", ""k_max"": 512, ""k_min"": 64, ""variant"": ""conservative""}",265,0.1418629550321199,1.0,1.0,0.0,0.9509433962264151,"{""dp_17_64"": 0.0037735849056603774, ""dp_257_plus"": 0.9509433962264151, ""dp_65_256"": 0.045283018867924525}","{""cn_0"": 0.9320754716981132, ""cn_1"": 0.018867924528301886, ""cn_2_3"": 0.026415094339622643, ""cn_4_8"": 0.022641509433962263}",0.19622641509433963,1615.5584905660378,sasb_candidate_builder,f767d33b1ee7dd8279b03efc7186209566a78cac954af96f986a1679a0fc8388,265,f767d33b1ee7dd8279b03efc7186209566a78cac954af96f986a1679a0fc8388,"{""sasb_builder"": 265}",0,0,0,0,{},0.0,"{""common_neighbor_bin_l1"": 0.0, ""degree_product_bin_l1"": 0.0, ""is_boundary_edge_l1"": 0.0, ""is_bridge_edge_l1"": 0.0, ""is_inter_community_edge_l1"": 0.0, ""is_low_common_neighbor_edge_l1"": 0.0, ""mean_l1"": 0.0}",1,32,32,246.57990076047145,0
realworld_completed,bio_celegans,SASB-candidate,sasb,SASB-structured,20260513,158,early,1.0,1.0,0.0,1,1,0,0.07802469135802469,0.07851851851851852,41,96,41--96,10,198,10,198,1980,5,0.5555555555555556,1,3,0,32,"[""96"", ""53"", ""60"", ""51"", ""118"", ""343"", ""147"", ""143"", ""142"", ""62"", ""364"", ""220"", ""144"", ""145"", ""363"", ""52"", ""440"", ""82"", ""83"", ""149"", ""109"", ""121"", ""154"", ""398"", ""85"", ""404"", ""258"", ""200"", ""371"", ""27"", ""29"", ""14""]",aaa6de3e953a10ca347e9cbf388fece6120b7ef1f21de2c16dfed88d27397da9,"{""boundary"": 12, ""community_rep"": 4, ""degree_core"": 10, ""random_fill"": 6}","{""degree_2"": 1, ""degree_3_4"": 3, ""degree_5_8"": 2, ""degree_9_plus"": 26}","{""0"": 2, ""1"": 4, ""10"": 1, ""2"": 1, ""3"": 3, ""4"": 6, ""5"": 1, ""6"": 2, ""7"": 3, ""8"": 1, ""9"": 8}",265,"{""backend"": ""evaluate_m19_theory_calibrated.candidate_features"", ""delta_mode"": ""none"", ""k_max"": 512, ""k_min"": 64, ""variant"": ""conservative""}",265,0.14193893947509373,1.0,1.0,0.0,0.9547169811320755,"{""dp_17_64"": 0.0037735849056603774, ""dp_257_plus"": 0.9547169811320755, ""dp_65_256"": 0.04150943396226415}","{""cn_0"": 0.9358490566037736, ""cn_1"": 0.018867924528301886, ""cn_2_3"": 0.022641509433962263, ""cn_4_8"": 0.022641509433962263}",0.18867924528301888,1634.3811320754717,sasb_candidate_builder,868a088e4e2de9ab6a9dd1171c70f4c84679a768cf41220dcc4e5660d43d999f,265,868a088e4e2de9ab6a9dd1171c70f4c84679a768cf41220dcc4e5660d43d999f,"{""sasb_builder"": 265}",0,0,0,0,{},0.0,"{""common_neighbor_bin_l1"": 0.0, ""degree_product_bin_l1"": 0.0, ""is_boundary_edge_l1"": 0.0, ""is_bridge_edge_l1"": 0.0, ""is_inter_community_edge_l1"": 0.0, ""is_low_common_neighbor_edge_l1"": 0.0, ""mean_l1"": 0.0}",1,32,32,228.51963259869697,0
realworld_completed,bio_celegans,SASB-candidate,sasb,SASB-structured,20260513,159,early,1.0,1.0,0.0,1,1,0,0.07851851851851852,0.07901234567901234,215,217,215--217,10,16,10,16,160,1,0.1111111111111111,1,1,6,32,"[""96"", ""53"", ""60"", ""51"", ""118"", ""343"", ""147"", ""143"", ""142"", ""62"", ""364"", ""220"", ""144"", ""145"", ""363"", ""52"", ""440"", ""82"", ""83"", ""149"", ""109"", ""121"", ""154"", ""398"", ""85"", ""404"", ""217"", ""122"", ""449"", ""327"", ""445"", ""295""]",fe0b5c05b54e7bb28df69ee8b6117d6ffd001f9c490192be2d0253c73e45f9f8,"{""boundary"": 12, ""community_rep"": 4, ""degree_core"": 10, ""random_fill"": 6}","{""degree_2"": 1, ""degree_3_4"": 1, ""degree_5_8"": 3, ""degree_9_plus"": 27}","{""0"": 1, ""1"": 4, ""10"": 1, ""2"": 2, ""3"": 3, ""4"": 6, ""5"": 1, ""6"": 3, ""7"": 1, ""8"": 2, ""9"": 8}",265,"{""backend"": ""evaluate_m19_theory_calibrated.candidate_features"", ""delta_mode"": ""none"", ""k_max"": 512, ""k_min"": 64, ""variant"": ""conservative""}",265,0.1420150053590568,1.0,1.0,0.0,0.9584905660377359,"{""dp_17_64"": 0.0037735849056603774, ""dp_257_plus"": 0.9509433962264151, ""dp_65_256"": 0.045283018867924525}","{""cn_0"": 0.939622641509434, ""cn_1"": 0.018867924528301886, ""cn_2_3"": 0.022641509433962263, ""cn_4_8"": 0.018867924528301886}",0.16981132075471697,1621.9396226415095,sasb_candidate_builder,84e904c4df9b8e070b4893fa8adba5359b4cd344ede319976dcc1542aeebbb58,265,84e904c4df9b8e070b4893fa8adba5359b4cd344ede319976dcc1542aeebbb58,"{""sasb_builder"": 265}",0,0,0,0,{},0.0,"{""common_neighbor_bin_l1"": 0.0, ""degree_product_bin_l1"": 0.0, ""is_boundary_edge_l1"": 0.0, ""is_bridge_edge_l1"": 0.0, ""is_inter_community_edge_l1"": 0.0, ""is_low_common_neighbor_edge_l1"": 0.0, ""mean_l1"": 0.0}",1,32,32,395.4984601907076,0
realworld_completed,bio_celegans,SASB-candidate,sasb,SASB-structured,20260513,160,early,1.0,1.0,0.0,1,1,0,0.07901234567901234,0.07950617283950617,142,398,142--398,66,19,19,66,1254,4,0.2222222222222222,1,1,9,32,"[""96"", ""53"", ""51"", ""118"", ""60"", ""343"", ""62"", ""147"", ""143"", ""142"", ""220"", ""363"", ""144"", ""145"", ""52"", ""364"", ""440"", ""82"", ""83"", ""149"", ""109"", ""121"", ""154"", ""398"", ""85"", ""307"", ""404"", ""38"", ""327"", ""416"", ""298"", ""310""]",d35f896476350e157814d6fc00c4766ff9f13d884d7cb75556274668d441b494,"{""boundary"": 12, ""community_rep"": 5, ""degree_core"": 10, ""random_fill"": 5}","{""degree_3_4"": 4, ""degree_5_8"": 2, ""degree_9_plus"": 26}","{""0"": 2, ""1"": 5, ""2"": 1, ""3"": 6, ""4"": 1, ""5"": 4, ""6"": 9, ""7"": 1, ""8"": 2, ""9"": 1}",265,"{""backend"": ""evaluate_m19_theory_calibrated.candidate_features"", ""delta_mode"": ""none"", ""k_max"": 512, ""k_min"": 64, ""variant"": ""conservative""}",265,0.14209115281501342,1.0,1.0,0.0,0.8867924528301887,"{""dp_17_64"": 0.007547169811320755, ""dp_257_plus"": 0.9622641509433962, ""dp_65_256"": 0.03018867924528302}","{""cn_0"": 0.8716981132075472, ""cn_1"": 0.01509433962264151, ""cn_2_3"": 0.052830188679245285, ""cn_4_8"": 0.05660377358490566, ""cn_9_plus"": 0.0037735849056603774}",0.47924528301886793,1611.8603773584905,sasb_candidate_builder,3ce6e30fce199b14cd378208fcc170d23b0f02929c87310d7dd3dde6b3b6030d,265,3ce6e30fce199b14cd378208fcc170d23b0f02929c87310d7dd3dde6b3b6030d,"{""sasb_builder"": 265}",0,0,0,0,{},0.0,"{""common_neighbor_bin_l1"": 0.0, ""degree_product_bin_l1"": 0.0, ""is_boundary_edge_l1"": 0.0, ""is_bridge_edge_l1"": 0.0, ""is_inter_community_edge_l1"": 0.0, ""is_low_common_neighbor_edge_l1"": 0.0, ""mean_l1"": 0.0}",1,32,32,1634.5088714294307,0
realworld_completed,bio_celegans,SASB-candidate,sasb,SASB-structured,20260513,161,early,1.0,1.0,0.0,1,1,0,0.07950617283950617,0.08,35,53,35--53,7,108,7,108,756,6,1.0,1,4,6,32,"[""96"", ""53"", ""51"", ""118"", ""60"", ""343"", ""62"", ""147"", ""143"", ""220"", ""142"", ""363"", ""144"", ""145"", ""52"", ""364"", ""440"", ""82"", ""83"", ""149"", ""109"", ""121"", ""154"", ""398"", ""85"", ""307"", ""404"", ""171"", ""378"", ""35"", ""451"", ""294""]",103bf4c73e73586a19da8ce7c8f5ae02f71002915f44adb2cbe3872b7b7f6900,"{""boundary"": 12, ""community_rep"": 5, ""degree_core"": 10, ""random_fill"": 5}","{""degree_3_4"": 1, ""degree_5_8"": 5, ""degree_9_plus"": 26}","{""0"": 2, ""1"": 5, ""2"": 1, ""3"": 7, ""4"": 2, ""5"": 2, ""6"": 9, ""7"": 1, ""8"": 2, ""9"": 1}",265,"{""backend"": ""evaluate_m19_theory_calibrated.candidate_features"", ""delta_mode"": ""none"", ""k_max"": 512, ""k_min"": 64, ""variant"": ""conservative""}",265,0.14216738197424894,1.0,1.0,0.0,0.8905660377358491,"{""dp_17_64"": 0.007547169811320755, ""dp_257_plus"": 0.9622641509433962, ""dp_65_256"": 0.03018867924528302}","{""cn_0"": 0.8754716981132076, ""cn_1"": 0.01509433962264151, ""cn_2_3"": 0.052830188679245285, ""cn_4_8"": 0.052830188679245285, ""cn_9_plus"": 0.0037735849056603774}",0.4641509433962264,1608.7094339622643,sasb_candidate_builder,43b1a80f179badc5c3f804dcc84d3c095193b68a54c2a8fdef0464258272ac96,265,43b1a80f179badc5c3f804dcc84d3c095193b68a54c2a8fdef0464258272ac96,"{""sasb_builder"": 265}",0,0,0,0,{},0.0,"{""common_neighbor_bin_l1"": 0.0, ""degree_product_bin_l1"": 0.0, ""is_boundary_edge_l1"": 0.0, ""is_bridge_edge_l1"": 0.0, ""is_inter_community_edge_l1"": 0.0, ""is_low_common_neighbor_edge_l1"": 0.0, ""mean_l1"": 0.0}",1,32,32,1461.6654464199626,0
realworld_completed,bio_celegans,SASB-candidate,sasb,SASB-structured,20260513,162,early,1.0,1.0,0.0,1,1,0,0.08,0.08049382716049383,343,352,343--352,75,6,6,75,450,3,0.6,1,6,0,32,"[""96"", ""53"", ""51"", ""118"", ""60"", ""343"", ""62"", ""147"", ""143"", ""220"", ""142"", ""363"", ""144"", ""145"", ""52"", ""364"", ""440"", ""82"", ""83"", ""149"", ""109"", ""121"", ""154"", ""398"", ""85"", ""307"", ""404"", ""164"", ""392"", ""352"", ""319"", ""58""]",8b5bdd5dbceb179eeffddab06642754635a4c4c94deff4a9cd1dd2e402585a17,"{""boundary"": 12, ""community_rep"": 5, ""degree_core"": 10, ""random_fill"": 5}","{""degree_3_4"": 3, ""degree_5_8"": 3, ""degree_9_plus"": 26}","{""0"": 4, ""1"": 5, ""2"": 1, ""3"": 6, ""4"": 1, ""5"": 2, ""6"": 9, ""7"": 1, ""8"": 2, ""9"": 1}",264,"{""backend"": ""evaluate_m19_theory_calibrated.candidate_features"", ""delta_mode"": ""none"", ""k_max"": 512, ""k_min"": 64, ""variant"": ""conservative""}",264,0.14170692431561996,1.0,1.0,0.0,0.8939393939393939,"{""dp_17_64"": 0.007575757575757576, ""dp_257_plus"": 0.9621212121212122, ""dp_65_256"": 0.030303030303030304}","{""cn_0"": 0.8787878787878788, ""cn_1"": 0.015151515151515152, ""cn_2_3"": 0.05303030303030303, ""cn_4_8"": 0.04924242424242424, ""cn_9_plus"": 0.003787878787878788}",0.4393939393939394,1601.530303030303,sasb_candidate_builder,985c6bad323ea50e58e1fc4f2841135734a5a0458d57bf7f13b33452a025ce0b,264,985c6bad323ea50e58e1fc4f2841135734a5a0458d57bf7f13b33452a025ce0b,"{""sasb_builder"": 264}",0,0,0,0,{},0.0,"{""common_neighbor_bin_l1"": 0.0, ""degree_product_bin_l1"": 0.0, ""is_boundary_edge_l1"": 0.0, ""is_bridge_edge_l1"": 0.0, ""is_inter_community_edge_l1"": 0.0, ""is_low_common_neighbor_edge_l1"": 0.0, ""mean_l1"": 0.0}",1,32,32,1183.3008451575997,0
realworld_completed,bio_celegans,SASB-candidate,sasb,SASB-structured,20260513,163,early,1.0,1.0,0.0,1,1,0,0.08049382716049383,0.08098765432098766,149,307,149--307,26,20,20,26,520,5,0.2631578947368421,1,1,7,32,"[""96"", ""53"", ""51"", ""118"", ""60"", ""343"", ""62"", ""147"", ""143"", ""220"", ""142"", ""363"", ""144"", ""145"", ""52"", ""364"", ""440"", ""82"", ""83"", ""149"", ""109"", ""121"", ""154"", ""398"", ""85"", ""307"", ""404"", ""26"", ""233"", ""377"", ""158"", ""314""]",3b5ba56b93df5d2d158eeed1db3aca32a9a8d82dbf6a25d43ae13430f0ec49d7,"{""boundary"": 12, ""community_rep"": 5, ""degree_core"": 10, ""random_fill"": 5}","{""degree_3_4"": 2, ""degree_5_8"": 2, ""degree_9_plus"": 28}","{""0"": 1, ""1"": 7, ""2"": 1, ""3"": 7, ""4"": 1, ""5"": 3, ""6"": 8, ""7"": 1, ""8"": 1, ""9"": 2}",264,"{""backend"": ""evaluate_m19_theory_calibrated.candidate_features"", ""delta_mode"": ""none"", ""k_max"": 512, ""k_min"": 64, ""variant"": ""conservative""}",264,0.14178302900107412,1.0,1.0,0.0,0.8977272727272727,"{""dp_17_64"": 0.007575757575757576, ""dp_257_plus"": 0.9621212121212122, ""dp_65_256"": 0.030303030303030304}","{""cn_0"": 0.8825757575757576, ""cn_1"": 0.015151515151515152, ""cn_2_3"": 0.04924242424242424, ""cn_4_8"": 0.04924242424242424, ""cn_9_plus"": 0.003787878787878788}",0.42803030303030304,1612.003787878788,sasb_candidate_builder,4fc94abce03ce8b1f1dbce40ceefaa32cc920b96a3194950e8a4ae96980f8932,264,4fc94abce03ce8b1f1dbce40ceefaa32cc920b96a3194950e8a4ae96980f8932,"{""sasb_builder"": 264}",0,0,0,0,{},0.0,"{""common_neighbor_bin_l1"": 0.0, ""degree_product_bin_l1"": 0.0, ""is_boundary_edge_l1"": 0.0, ""is_bridge_edge_l1"": 0.0, ""is_inter_community_edge_l1"": 0.0, ""is_low_common_neighbor_edge_l1"": 0.0, ""mean_l1"": 0.0}",1,32,32,749.165448842944,0
realworld_completed,bio_celegans,SASB-candidate,sasb,SASB-structured,20260513,164,early,1.0,1.0,0.0,1,1,0,0.08098765432098766,0.08148148148148149,118,147,118--147,53,52,52,53,2756,18,0.35294117647058826,0,4,4,32,"[""96"", ""53"", ""51"", ""118"", ""60"", ""343"", ""62"", ""147"", ""143"", ""220"", ""142"", ""363"", ""144"", ""145"", ""52"", ""364"", ""440"", ""82"", ""83"", ""149"", ""109"", ""121"", ""154"", ""398"", ""85"", ""307"", ""404"", ""195"", ""335"", ""272"", ""387"", ""285""]",6e09a4e2baf533e9c79ab8d8f2f5eb8126b0a90359d04b57dbe5364b476bf61a,"{""boundary"": 12, ""community_rep"": 5, ""degree_core"": 10, ""random_fill"": 5}","{""degree_3_4"": 4, ""degree_5_8"": 2, ""degree_9_plus"": 26}","{""0"": 2, ""1"": 6, ""2"": 2, ""3"": 6, ""4"": 1, ""5"": 2, ""6"": 10, ""7"": 1, ""8"": 1, ""9"": 1}",264,"{""backend"": ""evaluate_m19_theory_calibrated.candidate_features"", ""delta_mode"": ""none"", ""k_max"": 512, ""k_min"": 64, ""variant"": ""conservative""}",264,0.14185921547555078,1.0,1.0,0.0,0.9015151515151515,"{""dp_17_64"": 0.007575757575757576, ""dp_257_plus"": 0.9583333333333334, ""dp_65_256"": 0.03409090909090909}","{""cn_0"": 0.8825757575757576, ""cn_1"": 0.01893939393939394, ""cn_2_3"": 0.04924242424242424, ""cn_4_8"": 0.045454545454545456, ""cn_9_plus"": 0.003787878787878788}",0.4128787878787879,1608.0492424242425,sasb_candidate_builder,13a30654785ba38a231f6ce78e5cb530caf50fc076be3ff2813c2b1606ff8a2c,264,13a30654785ba38a231f6ce78e5cb530caf50fc076be3ff2813c2b1606ff8a2c,"{""sasb_builder"": 264}",0,0,0,0,{},0.0,"{""common_neighbor_bin_l1"": 0.0, ""degree_product_bin_l1"": 0.0, ""is_boundary_edge_l1"": 0.0, ""is_bridge_edge_l1"": 0.0, ""is_inter_community_edge_l1"": 0.0, ""is_low_common_neighbor_edge_l1"": 0.0, ""mean_l1"": 0.0}",1,32,32,693.1727552473044,0
realworld_completed,bio_celegans,SASB-candidate,sasb,SASB-structured,20260513,165,early,1.0,1.0,0.0,1,1,0,0.08148148148148149,0.0819753086419753,307,364,307--364,19,33,19,33,627,6,0.3333333333333333,1,4,3,32,"[""96"", ""53"", ""51"", ""60"", ""118"", ""343"", ""62"", ""147"", ""143"", ""220"", ""142"", ""363"", ""144"", ""145"", ""52"", ""364"", ""440"", ""82"", ""83"", ""149"", ""109"", ""121"", ""154"", ""398"", ""85"", ""307"", ""404"", ""174"", ""417"", ""266"", ""383"", ""252""]",12318cec760b6f60971a0e9ea83461e3a388b2ce6e6dea8729f89c9ca8897793,"{""boundary"": 12, ""community_rep"": 5, ""degree_core"": 10, ""random_fill"": 5}","{""degree_3_4"": 3, ""degree_5_8"": 2, ""degree_9_plus"": 27}","{""0"": 2, ""1"": 6, ""2"": 1, ""3"": 6, ""4"": 1, ""5"": 2, ""6"": 11, ""7"": 1, ""8"": 1, ""9"": 1}",264,"{""backend"": ""evaluate_m19_theory_calibrated.candidate_features"", ""delta_mode"": ""none"", ""k_max"": 512, ""k_min"": 64, ""variant"": ""conservative""}",264,0.14193548387096774,1.0,1.0,0.0,0.9090909090909091,"{""dp_17_64"": 0.007575757575757576, ""dp_257_plus"": 0.9621212121212122, ""dp_65_256"": 0.030303030303030304}","{""cn_0"": 0.8901515151515151, ""cn_1"": 0.01893939393939394, ""cn_2_3"": 0.04924242424242424, ""cn_4_8"": 0.041666666666666664}",0.32954545454545453,1598.9621212121212,sasb_candidate_builder,db40eefaf34e14c723e69e089dae2b96b328f5c0c8df624e427fc525c32435b3,264,db40eefaf34e14c723e69e089dae2b96b328f5c0c8df624e427fc525c32435b3,"{""sasb_builder"": 264}",0,0,0,0,{},0.0,"{""common_neighbor_bin_l1"": 0.0, ""degree_product_bin_l1"": 0.0, ""is_boundary_edge_l1"": 0.0, ""is_bridge_edge_l1"": 0.0, ""is_inter_community_edge_l1"": 0.0, ""is_low_common_neighbor_edge_l1"": 0.0, ""mean_l1"": 0.0}",1,32,32,459.20293795625247,0
realworld_completed,bio_celegans,SASB-candidate,sasb,SASB-structured,20260513,166,early,1.0,1.0,0.0,1,1,0,0.0819753086419753,0.08246913580246913,143,409,143--409,67,9,9,67,603,3,0.375,1,1,8,32,"[""96"", ""53"", ""51"", ""60"", ""118"", ""343"", ""62"", ""147"", ""143"", ""220"", ""142"", ""363"", ""144"", ""145"", ""52"", ""440"", ""364"", ""82"", ""83"", ""149"", ""109"", ""121"", ""154"", ""398"", ""85"", ""307"", ""404"", ""224"", ""425"", ""210"", ""209"", ""272""]",75d069087003e5dd92427abbc49f7b110b8ac22189e5a21c31310568c3a3a863,"{""boundary"": 12, ""community_rep"": 5, ""degree_core"": 10, ""random_fill"": 5}","{""degree_3_4"": 1, ""degree_5_8"": 5, ""degree_9_plus"": 26}","{""0"": 1, ""1"": 5, ""2"": 1, ""3"": 8, ""4"": 1, ""5"": 4, ""6"": 9, ""7"": 1, ""8"": 1, ""9"": 1}",264,"{""backend"": ""evaluate_m19_theory_calibrated.candidate_features"", ""delta_mode"": ""none"", ""k_max"": 512, ""k_min"": 64, ""variant"": ""conservative""}",264,0.14201183431952663,1.0,1.0,0.0,0.9090909090909091,"{""dp_17_64"": 0.007575757575757576, ""dp_257_plus"": 0.9583333333333334, ""dp_65_256"": 0.03409090909090909}","{""cn_0"": 0.8901515151515151, ""cn_1"": 0.01893939393939394, ""cn_2_3"": 0.05303030303030303, ""cn_4_8"": 0.03787878787878788}",0.3181818181818182,1594.5113636363637,sasb_candidate_builder,e1df323b4dbad6fdefad8598db2c127250fcf9a4bb7e7e7f697cac46427b5594,264,e1df323b4dbad6fdefad8598db2c127250fcf9a4bb7e7e7f697cac46427b5594,"{""sasb_builder"": 264}",0,0,0,0,{},0.0,"{""common_neighbor_bin_l1"": 0.0, ""degree_product_bin_l1"": 0.0, ""is_boundary_edge_l1"": 0.0, ""is_bridge_edge_l1"": 0.0, ""is_inter_community_edge_l1"": 0.0, ""is_low_common_neighbor_edge_l1"": 0.0, ""mean_l1"": 0.0}",1,32,32,378.5075703718593,0
realworld_completed,bio_celegans,SASB-candidate,sasb,SASB-structured,20260513,167,early,1.0,1.0,0.0,1,1,0,0.08246913580246913,0.08296296296296296,143,398,143--398,66,18,18,66,1188,3,0.17647058823529413,1,1,5,32,"[""96"", ""53"", ""51"", ""60"", ""118"", ""343"", ""62"", ""147"", ""143"", ""220"", ""142"", ""363"", ""144"", ""145"", ""52"", ""440"", ""364"", ""82"", ""83"", ""149"", ""109"", ""121"", ""154"", ""398"", ""85"", ""307"", ""404"", ""19"", ""88"", ""110"", ""342"", ""242""]",4ca51f0518be0a16026ace0b39a9ac4e1ba4ce478ff748306eb38d0ef0bc2a59,"{""boundary"": 12, ""community_rep"": 5, ""degree_core"": 10, ""random_fill"": 5}","{""degree_2"": 1, ""degree_5_8"": 5, ""degree_9_plus"": 26}","{""0"": 1, ""1"": 6, ""2"": 2, ""3"": 8, ""4"": 1, ""5"": 2, ""6"": 9, ""7"": 1, ""8"": 1, ""9"": 1}",264,"{""backend"": ""evaluate_m19_theory_calibrated.candidate_features"", ""delta_mode"": ""none"", ""k_max"": 512, ""k_min"": 64, ""variant"": ""conservative""}",264,0.14208826695371368,1.0,1.0,0.0,0.9090909090909091,"{""dp_17_64"": 0.007575757575757576, ""dp_257_plus"": 0.9545454545454546, ""dp_65_256"": 0.03787878787878788}","{""cn_0"": 0.8901515151515151, ""cn_1"": 0.01893939393939394, ""cn_2_3"": 0.05303030303030303, ""cn_4_8"": 0.03787878787878788}",0.3143939393939394,1581.1325757575758,sasb_candidate_builder,ed12612ebda13306e5af3c197cbb1a9cb5405cf0083c9be784b424e194d90306,264,ed12612ebda13306e5af3c197cbb1a9cb5405cf0083c9be784b424e194d90306,"{""sasb_builder"": 264}",0,0,0,0,{},0.0,"{""common_neighbor_bin_l1"": 0.0, ""degree_product_bin_l1"": 0.0, ""is_boundary_edge_l1"": 0.0, ""is_bridge_edge_l1"": 0.0, ""is_inter_community_edge_l1"": 0.0, ""is_low_common_neighbor_edge_l1"": 0.0, ""mean_l1"": 0.0}",1,32,32,2667.068813929169,0
realworld_completed,bio_celegans,SASB-candidate,sasb,SASB-structured,20260513,168,early,1.0,1.0,0.0,1,1,0,0.08296296296296296,0.08345679012345679,0,96,0--96,7,197,7,197,1379,5,0.8333333333333334,1,1,0,32,"[""96"", ""53"", ""51"", ""60"", ""118"", ""343"", ""62"", ""147"", ""220"", ""142"", ""143"", ""363"", ""144"", ""145"", ""52"", ""440"", ""364"", ""82"", ""83"", ""149"", ""109"", ""121"", ""154"", ""398"", ""85"", ""307"", ""404"", ""132"", ""208"", ""242"", ""116"", ""139""]",7014c8b68140f8d893bc0bec7425330e812582072e9208818793052b98e90698,"{""boundary"": 12, ""community_rep"": 5, ""degree_core"": 10, ""random_fill"": 5}","{""degree_3_4"": 1, ""degree_5_8"": 5, ""degree_9_plus"": 26}","{""0"": 1, ""1"": 6, ""2"": 1, ""3"": 9, ""4"": 1, ""5"": 3, ""6"": 8, ""7"": 1, ""8"": 1, ""9"": 1}",264,"{""backend"": ""evaluate_m19_theory_calibrated.candidate_features"", ""delta_mode"": ""none"", ""k_max"": 512, ""k_min"": 64, ""variant"": ""conservative""}",264,0.1421647819063005,1.0,1.0,0.0,0.9128787878787878,"{""dp_17_64"": 0.007575757575757576, ""dp_257_plus"": 0.9583333333333334, ""dp_65_256"": 0.03409090909090909}","{""cn_0"": 0.8977272727272727, ""cn_1"": 0.015151515151515152, ""cn_2_3"": 0.04924242424242424, ""cn_4_8"": 0.03787878787878788}",0.29924242424242425,1580.371212121212,sasb_candidate_builder,9c2353c93f450ff43b4f734b8b477b83cfd6d3904db6a3a108aac46364576c75,264,9c2353c93f450ff43b4f734b8b477b83cfd6d3904db6a3a108aac46364576c75,"{""sasb_builder"": 264}",0,0,0,0,{},0.0,"{""common_neighbor_bin_l1"": 0.0, ""degree_product_bin_l1"": 0.0, ""is_boundary_edge_l1"": 0.0, ""is_bridge_edge_l1"": 0.0, ""is_inter_community_edge_l1"": 0.0, ""is_low_common_neighbor_edge_l1"": 0.0, ""mean_l1"": 0.0}",1,32,32,731.3519569398588,0
realworld_completed,bio_celegans,SASB-candidate,sasb,SASB-structured,20260513,169,early,1.0,1.0,0.0,1,1,0,0.08345679012345679,0.08395061728395062,119,343,119--343,7,74,7,74,518,2,0.3333333333333333,0,4,4,32,"[""96"", ""53"", ""51"", ""60"", ""118"", ""343"", ""62"", ""147"", ""220"", ""142"", ""143"", ""363"", ""144"", ""145"", ""52"", ""440"", ""364"", ""82"", ""83"", ""149"", ""109"", ""121"", ""154"", ""398"", ""85"", ""307"", ""404"", ""46"", ""119"", ""301"", ""72"", ""6""]",077367dba37a869cc73f52b202d8c383f8fa080a61969bd960a8547ae84fbf50,"{""boundary"": 12, ""community_rep"": 5, ""degree_core"": 10, ""random_fill"": 5}","{""degree_3_4"": 2, ""degree_5_8"": 4, ""degree_9_plus"": 26}","{""0"": 1, ""1"": 8, ""2"": 2, ""3"": 7, ""4"": 1, ""5"": 2, ""6"": 8, ""7"": 1, ""8"": 1, ""9"": 1}",264,"{""backend"": ""evaluate_m19_theory_calibrated.candidate_features"", ""delta_mode"": ""none"", ""k_max"": 512, ""k_min"": 64, ""variant"": ""conservative""}",264,0.14224137931034483,1.0,1.0,0.0,0.9128787878787878,"{""dp_17_64"": 0.007575757575757576, ""dp_257_plus"": 0.9583333333333334, ""dp_65_256"": 0.03409090909090909}","{""cn_0"": 0.8977272727272727, ""cn_1"": 0.015151515151515152, ""cn_2_3"": 0.05303030303030303, ""cn_4_8"": 0.03409090909090909}",0.2916666666666667,1570.4583333333333,sasb_candidate_builder,cb1d899d9f544c99764df702766da85e715e522e94541bf23259e80c9f6578e7,264,cb1d899d9f544c99764df702766da85e715e522e94541bf23259e80c9f6578e7,"{""sasb_builder"": 264}",0,0,0,0,{},0.0,"{""common_neighbor_bin_l1"": 0.0, ""degree_product_bin_l1"": 0.0, ""is_boundary_edge_l1"": 0.0, ""is_bridge_edge_l1"": 0.0, ""is_inter_community_edge_l1"": 0.0, ""is_low_common_neighbor_edge_l1"": 0.0, ""mean_l1"": 0.0}",1,32,32,1500.4421407983461,0
realworld_completed,bio_celegans,SASB-candidate,sasb,SASB-structured,20260513,170,early,1.0,1.0,0.0,1,1,0,0.08395061728395062,0.08444444444444445,85,93,85--93,20,15,15,20,300,3,0.21428571428571427,1,9,6,32,"[""96"", ""53"", ""60"", ""51"", ""118"", ""343"", ""62"", ""142"", ""143"", ""363"", ""440"", ""364"", ""144"", ""145"", ""147"", ""52"", ""220"", ""82"", ""83"", ""149"", ""109"", ""121"", ""154"", ""398"", ""85"", ""97"", ""404"", ""322"", ""212"", ""396"", ""412"", ""250""]",a8e20f70d84feeee7f37f70c8cd6a4bcd47a48fb1637fb18c76af53b334cb427,"{""boundary"": 12, ""community_rep"": 6, ""degree_core"": 10, ""random_fill"": 4}","{""degree_5_8"": 5, ""degree_9_plus"": 27}","{""0"": 1, ""1"": 6, ""2"": 1, ""3"": 8, ""4"": 1, ""5"": 1, ""6"": 11, ""7"": 1, ""8"": 1, ""9"": 1}",264,"{""backend"": ""evaluate_m19_theory_calibrated.candidate_features"", ""delta_mode"": ""none"", ""k_max"": 512, ""k_min"": 64, ""variant"": ""conservative""}",264,0.14231805929919136,1.0,1.0,0.0,0.9204545454545454,"{""dp_17_64"": 0.011363636363636364, ""dp_257_plus"": 0.9431818181818182, ""dp_65_256"": 0.045454545454545456}","{""cn_0"": 0.9053030303030303, ""cn_1"": 0.015151515151515152, ""cn_2_3"": 0.056818181818181816, ""cn_4_8"": 0.022727272727272728}",0.2727272727272727,1545.3636363636363,sasb_candidate_builder,fdce0a9873b5f3100840d9a07d2c0760b53545021d3710d40a73f94cce386e6f,264,fdce0a9873b5f3100840d9a07d2c0760b53545021d3710d40a73f94cce386e6f,"{""sasb_builder"": 264}",0,0,0,0,{},0.0,"{""common_neighbor_bin_l1"": 0.0, ""degree_product_bin_l1"": 0.0, ""is_boundary_edge_l1"": 0.0, ""is_bridge_edge_l1"": 0.0, ""is_inter_community_edge_l1"": 0.0, ""is_low_common_neighbor_edge_l1"": 0.0, ""mean_l1"": 0.0}",1,32,32,598.5141804923825,0
realworld_completed,bio_celegans,SASB-candidate,sasb,SASB-structured,20260513,171,early,1.0,1.0,0.0,1,1,0,0.08444444444444445,0.08493827160493828,85,98,85--98,19,14,14,19,266,5,0.38461538461538464,1,7,5,32,"[""96"", ""53"", ""60"", ""51"", ""118"", ""343"", ""62"", ""142"", ""143"", ""363"", ""440"", ""364"", ""144"", ""145"", ""147"", ""52"", ""220"", ""82"", ""83"", ""149"", ""109"", ""121"", ""154"", ""398"", ""85"", ""97"", ""404"", ""322"", ""35"", ""243"", ""175"", ""61""]",3929405d59604cea1e0d994953b32fce42fde8307509803ad4e93c3d9c16755d,"{""boundary"": 12, ""community_rep"": 6, ""degree_core"": 10, ""random_fill"": 4}","{""degree_5_8"": 4, ""degree_9_plus"": 28}","{""0"": 1, ""1"": 5, ""2"": 2, ""3"": 7, ""4"": 1, ""5"": 1, ""6"": 12, ""7"": 1, ""8"": 1, ""9"": 1}",264,"{""backend"": ""evaluate_m19_theory_calibrated.candidate_features"", ""delta_mode"": ""none"", ""k_max"": 512, ""k_min"": 64, ""variant"": ""conservative""}",264,0.1423948220064725,1.0,1.0,0.0,0.9128787878787878,"{""dp_17_64"": 0.011363636363636364, ""dp_257_plus"": 0.9393939393939394, ""dp_65_256"": 0.04924242424242424}","{""cn_0"": 0.8977272727272727, ""cn_1"": 0.015151515151515152, ""cn_2_3"": 0.06060606060606061, ""cn_4_8"": 0.026515151515151516}",0.29924242424242425,1539.935606060606,sasb_candidate_builder,2bded8289391988322d5cb056e573ea1c2ee82c29d0aa1d3c8a937d198a6d205,264,2bded8289391988322d5cb056e573ea1c2ee82c29d0aa1d3c8a937d198a6d205,"{""sasb_builder"": 264}",0,0,0,0,{},0.0,"{""common_neighbor_bin_l1"": 0.0, ""degree_product_bin_l1"": 0.0, ""is_boundary_edge_l1"": 0.0, ""is_bridge_edge_l1"": 0.0, ""is_inter_community_edge_l1"": 0.0, ""is_low_common_neighbor_edge_l1"": 0.0, ""mean_l1"": 0.0}",1,32,32,776.3662909368929,0
realworld_completed,bio_celegans,SASB-candidate,sasb,SASB-structured,20260513,172,early,1.0,1.0,0.0,1,1,0,0.08493827160493828,0.0854320987654321,52,85,52--85,34,18,18,34,612,7,0.4117647058823529,1,1,6,32,"[""96"", ""53"", ""60"", ""51"", ""118"", ""343"", ""62"", ""142"", ""143"", ""363"", ""440"", ""364"", ""144"", ""145"", ""147"", ""52"", ""220"", ""82"", ""83"", ""149"", ""109"", ""121"", ""154"", ""398"", ""85"", ""97"", ""404"", ""322"", ""289"", ""369"", ""23"", ""390""]",28f951d35769b56876ceaf4f8dc0ab1c1082ad0378195c04d4fd128a5a649e6e,"{""boundary"": 12, ""community_rep"": 6, ""degree_core"": 10, ""random_fill"": 4}","{""degree_3_4"": 2, ""degree_5_8"": 2, ""degree_9_plus"": 28}","{""0"": 1, ""1"": 7, ""2"": 1, ""3"": 7, ""4"": 1, ""5"": 1, ""6"": 10, ""7"": 2, ""8"": 1, ""9"": 1}",264,"{""backend"": ""evaluate_m19_theory_calibrated.candidate_features"", ""delta_mode"": ""none"", ""k_max"": 512, ""k_min"": 64, ""variant"": ""conservative""}",264,0.14247166756610902,1.0,1.0,0.0,0.9166666666666666,"{""dp_17_64"": 0.011363636363636364, ""dp_257_plus"": 0.9393939393939394, ""dp_65_256"": 0.04924242424242424}","{""cn_0"": 0.9015151515151515, ""cn_1"": 0.015151515151515152, ""cn_2_3"": 0.056818181818181816, ""cn_4_8"": 0.026515151515151516}",0.29545454545454547,1540.2575757575758,sasb_candidate_builder,5f9e7bd10d6092f887996c043bf437413280e446d04419543434f01c011140fe,264,5f9e7bd10d6092f887996c043bf437413280e446d04419543434f01c011140fe,"{""sasb_builder"": 264}",0,0,0,0,{},0.0,"{""common_neighbor_bin_l1"": 0.0, ""degree_product_bin_l1"": 0.0, ""is_boundary_edge_l1"": 0.0, ""is_bridge_edge_l1"": 0.0, ""is_inter_community_edge_l1"": 0.0, ""is_low_common_neighbor_edge_l1"": 0.0, ""mean_l1"": 0.0}",1,32,32,860.789160645544,0
realworld_completed,bio_celegans,SASB-candidate,sasb,SASB-structured,20260513,173,early,1.0,1.0,0.0,1,1,0,0.0854320987654321,0.08592592592592592,341,363,341--363,6,54,6,54,324,2,0.4,0,4,4,32,"[""96"", ""53"", ""60"", ""51"", ""118"", ""343"", ""62"", ""142"", ""143"", ""363"", ""440"", ""364"", ""144"", ""145"", ""147"", ""52"", ""220"", ""82"", ""83"", ""149"", ""109"", ""121"", ""154"", ""398"", ""85"", ""97"", ""404"", ""322"", ""116"", ""69"", ""265"", ""242""]",322a900bb57d3ea1ba0c76034b93a4f9176da291d28b23cc6d11b3cabd03b3e2,"{""boundary"": 12, ""community_rep"": 6, ""degree_core"": 10, ""random_fill"": 4}","{""degree_3_4"": 3, ""degree_5_8"": 2, ""degree_9_plus"": 27}","{""0"": 2, ""1"": 5, ""2"": 1, ""3"": 8, ""4"": 1, ""5"": 1, ""6"": 11, ""7"": 1, ""8"": 1, ""9"": 1}",264,"{""backend"": ""evaluate_m19_theory_calibrated.candidate_features"", ""delta_mode"": ""none"", ""k_max"": 512, ""k_min"": 64, ""variant"": ""conservative""}",264,0.14254859611231102,1.0,1.0,0.0,0.9166666666666666,"{""dp_17_64"": 0.011363636363636364, ""dp_257_plus"": 0.9318181818181818, ""dp_65_256"": 0.056818181818181816}","{""cn_0"": 0.9015151515151515, ""cn_1"": 0.015151515151515152, ""cn_2_3"": 0.06060606060606061, ""cn_4_8"": 0.022727272727272728}",0.2803030303030303,1537.9772727272727,sasb_candidate_builder,7254acd5b82f7abd701a0c77ea646a8a9bf82782aaebd2a8d3b96b81cad7aec3,264,7254acd5b82f7abd701a0c77ea646a8a9bf82782aaebd2a8d3b96b81cad7aec3,"{""sasb_builder"": 264}",0,0,0,0,{},0.0,"{""common_neighbor_bin_l1"": 0.0, ""degree_product_bin_l1"": 0.0, ""is_boundary_edge_l1"": 0.0, ""is_bridge_edge_l1"": 0.0, ""is_inter_community_edge_l1"": 0.0, ""is_low_common_neighbor_edge_l1"": 0.0, ""mean_l1"": 0.0}",1,32,32,333.24100835679235,0
realworld_completed,bio_celegans,SASB-candidate,sasb,SASB-structured,20260513,174,early,1.0,1.0,0.0,1,1,0,0.08592592592592592,0.08641975308641975,349,363,349--363,9,53,9,53,477,5,0.625,0,7,7,32,"[""96"", ""53"", ""60"", ""51"", ""118"", ""343"", ""62"", ""142"", ""143"", ""440"", ""364"", ""363"", ""144"", ""145"", ""147"", ""52"", ""220"", ""82"", ""83"", ""149"", ""109"", ""121"", ""154"", ""398"", ""85"", ""97"", ""404"", ""322"", ""69"", ""127"", ""408"", ""26""]",25b3fad2e667bc44c75c265057a36df401a0edc21e5bc96ec8fa60b9e90e69f3,"{""boundary"": 12, ""community_rep"": 6, ""degree_core"": 10, ""random_fill"": 4}","{""degree_3_4"": 3, ""degree_5_8"": 2, ""degree_9_plus"": 27}","{""0"": 2, ""1"": 6, ""2"": 1, ""3"": 7, ""4"": 1, ""5"": 1, ""6"": 11, ""7"": 1, ""8"": 1, ""9"": 1}",264,"{""backend"": ""evaluate_m19_theory_calibrated.candidate_features"", ""delta_mode"": ""none"", ""k_max"": 512, ""k_min"": 64, ""variant"": ""conservative""}",264,0.1426256077795786,1.0,1.0,0.0,0.9204545454545454,"{""dp_17_64"": 0.015151515151515152, ""dp_257_plus"": 0.928030303030303, ""dp_65_256"": 0.056818181818181816}","{""cn_0"": 0.9015151515151515, ""cn_1"": 0.01893939393939394, ""cn_2_3"": 0.056818181818181816, ""cn_4_8"": 0.022727272727272728}",0.2765151515151515,1535.4583333333333,sasb_candidate_builder,19b93e06f4e539a3621d6f3653007680f0a3c7a4500a4f3f57648fdc9a21f9ae,264,19b93e06f4e539a3621d6f3653007680f0a3c7a4500a4f3f57648fdc9a21f9ae,"{""sasb_builder"": 264}",0,0,0,0,{},0.0,"{""common_neighbor_bin_l1"": 0.0, ""degree_product_bin_l1"": 0.0, ""is_boundary_edge_l1"": 0.0, ""is_bridge_edge_l1"": 0.0, ""is_inter_community_edge_l1"": 0.0, ""is_low_common_neighbor_edge_l1"": 0.0, ""mean_l1"": 0.0}",1,32,32,255.47382429820988,0
realworld_completed,bio_celegans,SASB-candidate,sasb,SASB-structured,20260513,175,early,1.0,1.0,0.0,1,1,0,0.08641975308641975,0.08691358024691358,118,120,118--120,52,10,10,52,520,3,0.3333333333333333,1,3,1,32,"[""96"", ""53"", ""60"", ""51"", ""118"", ""343"", ""62"", ""142"", ""143"", ""440"", ""364"", ""220"", ""144"", ""145"", ""363"", ""147"", ""52"", ""82"", ""83"", ""149"", ""109"", ""121"", ""154"", ""398"", ""85"", ""97"", ""404"", ""322"", ""0"", ""166"", ""164"", ""362""]",85a90278ebe83177d4c5a3a3ad823aeff7fe7b8357cefda07b9db69fc6db3e0d,"{""boundary"": 12, ""community_rep"": 6, ""degree_core"": 10, ""random_fill"": 4}","{""degree_3_4"": 1, ""degree_5_8"": 4, ""degree_9_plus"": 27}","{""0"": 2, ""1"": 6, ""2"": 1, ""3"": 7, ""4"": 1, ""5"": 1, ""6"": 9, ""7"": 1, ""8"": 2, ""9"": 2}",264,"{""backend"": ""evaluate_m19_theory_calibrated.candidate_features"", ""delta_mode"": ""none"", ""k_max"": 512, ""k_min"": 64, ""variant"": ""conservative""}",264,0.14270270270270272,1.0,1.0,0.0,0.9242424242424242,"{""dp_17_64"": 0.015151515151515152, ""dp_257_plus"": 0.928030303030303, ""dp_65_256"": 0.056818181818181816}","{""cn_0"": 0.9053030303030303, ""cn_1"": 0.01893939393939394, ""cn_2_3"": 0.056818181818181816, ""cn_4_8"": 0.01893939393939394}",0.25757575757575757,1532.3560606060605,sasb_candidate_builder,e8d06e054b84437dbc051aa28f5eeff71295512619c1b2934f857e0ef794f62d,264,e8d06e054b84437dbc051aa28f5eeff71295512619c1b2934f857e0ef794f62d,"{""sasb_builder"": 264}",0,0,0,0,{},0.0,"{""common_neighbor_bin_l1"": 0.0, ""degree_product_bin_l1"": 0.0, ""is_boundary_edge_l1"": 0.0, ""is_bridge_edge_l1"": 0.0, ""is_inter_community_edge_l1"": 0.0, ""is_low_common_neighbor_edge_l1"": 0.0, ""mean_l1"": 0.0}",1,32,32,538.4585177316364,0
realworld_completed,bio_celegans,SASB-candidate,sasb,SASB-structured,20260513,176,early,1.0,1.0,0.0,1,1,0,0.08691358024691358,0.0874074074074074,206,305,206--305,15,9,9,15,135,2,0.25,1,2,1,32,"[""96"", ""53"", ""60"", ""51"", ""118"", ""343"", ""62"", ""142"", ""143"", ""440"", ""364"", ""220"", ""144"", ""145"", ""363"", ""147"", ""52"", ""82"", ""83"", ""149"", ""109"", ""121"", ""154"", ""398"", ""85"", ""97"", ""404"", ""322"", ""348"", ""286"", ""413"", ""7""]",72eba25bebcbf74b9a073f81311664578ab1fd212efb69e10ec0f561a1544577,"{""boundary"": 12, ""community_rep"": 6, ""degree_core"": 10, ""random_fill"": 4}","{""degree_3_4"": 1, ""degree_5_8"": 3, ""degree_9_plus"": 28}","{""0"": 1, ""1"": 8, ""2"": 2, ""3"": 7, ""4"": 1, ""5"": 1, ""6"": 9, ""7"": 1, ""8"": 1, ""9"": 1}",263,"{""backend"": ""evaluate_m19_theory_calibrated.candidate_features"", ""delta_mode"": ""none"", ""k_max"": 512, ""k_min"": 64, ""variant"": ""conservative""}",263,0.14223904813412655,1.0,1.0,0.0,0.935361216730038,"{""dp_17_64"": 0.019011406844106463, ""dp_257_plus"": 0.9239543726235742, ""dp_65_256"": 0.057034220532319393}","{""cn_0"": 0.9163498098859315, ""cn_1"": 0.019011406844106463, ""cn_2_3"": 0.045627376425855515, ""cn_4_8"": 0.019011406844106463}",0.22433460076045628,1533.958174904943,sasb_candidate_builder,026e70214e2fd4ebd6b878296e90692fc340fc8b713de9a3fea90fdf325bac66,263,026e70214e2fd4ebd6b878296e90692fc340fc8b713de9a3fea90fdf325bac66,"{""sasb_builder"": 263}",0,0,0,0,{},0.0,"{""common_neighbor_bin_l1"": 0.0, ""degree_product_bin_l1"": 0.0, ""is_boundary_edge_l1"": 0.0, ""is_bridge_edge_l1"": 0.0, ""is_inter_community_edge_l1"": 0.0, ""is_low_common_neighbor_edge_l1"": 0.0, ""mean_l1"": 0.0}",1,32,32,249.97639222899286,0
realworld_completed,bio_celegans,SASB-candidate,sasb,SASB-structured,20260513,177,early,1.0,1.0,0.0,1,1,0,0.0874074074074074,0.08790123456790123,118,203,118--203,51,9,9,51,459,3,0.375,0,3,3,32,"[""96"", ""53"", ""60"", ""51"", ""118"", ""343"", ""62"", ""142"", ""143"", ""440"", ""364"", ""220"", ""144"", ""145"", ""363"", ""147"", ""52"", ""82"", ""83"", ""149"", ""109"", ""121"", ""154"", ""398"", ""85"", ""97"", ""404"", ""322"", ""108"", ""196"", ""206"", ""241""]",88bf1bc37289737f2ec8e7ab2087cf572b060b9817d9df7229fea81c34149eb7,"{""boundary"": 12, ""community_rep"": 6, ""degree_core"": 10, ""random_fill"": 4}","{""degree_5_8"": 3, ""degree_9_plus"": 29}","{""0"": 1, ""1"": 5, ""2"": 1, ""3"": 8, ""4"": 1, ""5"": 1, ""6"": 12, ""7"": 1, ""8"": 1, ""9"": 1}",263,"{""backend"": ""evaluate_m19_theory_calibrated.candidate_features"", ""delta_mode"": ""none"", ""k_max"": 512, ""k_min"": 64, ""variant"": ""conservative""}",263,0.1423160173160173,1.0,1.0,0.0,0.935361216730038,"{""dp_17_64"": 0.019011406844106463, ""dp_257_plus"": 0.9239543726235742, ""dp_65_256"": 0.057034220532319393}","{""cn_0"": 0.9163498098859315, ""cn_1"": 0.019011406844106463, ""cn_2_3"": 0.045627376425855515, ""cn_4_8"": 0.019011406844106463}",0.22433460076045628,1533.2813688212927,sasb_candidate_builder,b880cfcd47bf787eecd1f6f888d6d604ac14c21468bc6ee6b5294571870007d6,263,b880cfcd47bf787eecd1f6f888d6d604ac14c21468bc6ee6b5294571870007d6,"{""sasb_builder"": 263}",0,0,0,0,{},0.0,"{""common_neighbor_bin_l1"": 0.0, ""degree_product_bin_l1"": 0.0, ""is_boundary_edge_l1"": 0.0, ""is_bridge_edge_l1"": 0.0, ""is_inter_community_edge_l1"": 0.0, ""is_low_common_neighbor_edge_l1"": 0.0, ""mean_l1"": 0.0}",1,32,32,255.42833148219242,0
realworld_completed,bio_celegans,SASB-candidate,sasb,SASB-structured,20260513,178,early,1.0,1.0,0.0,1,1,0,0.08790123456790123,0.08839506172839506,117,149,117--149,6,25,6,25,150,1,0.2,1,3,1,32,"[""96"", ""53"", ""60"", ""51"", ""343"", ""118"", ""62"", ""142"", ""143"", ""440"", ""364"", ""220"", ""144"", ""145"", ""363"", ""147"", ""52"", ""82"", ""83"", ""149"", ""109"", ""121"", ""154"", ""398"", ""85"", ""97"", ""404"", ""322"", ""15"", ""239"", ""339"", ""319""]",cda5feec0cadd1ad182cf73324715ec112e8d7c4b8b18434ae59fb880b7b3cad,"{""boundary"": 12, ""community_rep"": 6, ""degree_core"": 10, ""random_fill"": 4}","{""degree_3_4"": 1, ""degree_5_8"": 4, ""degree_9_plus"": 27}","{""0"": 2, ""1"": 5, ""2"": 1, ""3"": 8, ""4"": 1, ""5"": 1, ""6"": 10, ""7"": 2, ""8"": 1, ""9"": 1}",263,"{""backend"": ""evaluate_m19_theory_calibrated.candidate_features"", ""delta_mode"": ""none"", ""k_max"": 512, ""k_min"": 64, ""variant"": ""conservative""}",263,0.14239306984298863,1.0,1.0,0.0,0.9467680608365019,"{""dp_17_64"": 0.019011406844106463, ""dp_257_plus"": 0.9239543726235742, ""dp_65_256"": 0.057034220532319393}","{""cn_0"": 0.9201520912547528, ""cn_1"": 0.026615969581749048, ""cn_2_3"": 0.034220532319391636, ""cn_4_8"": 0.019011406844106463}",0.20532319391634982,1545.8593155893536,sasb_candidate_builder,c53d1043bb7aa3b591ff19c258141dce024dda2f79c9bcb569d92599d00a2f9b,263,c53d1043bb7aa3b591ff19c258141dce024dda2f79c9bcb569d92599d00a2f9b,"{""sasb_builder"": 263}",0,0,0,0,{},0.0,"{""common_neighbor_bin_l1"": 0.0, ""degree_product_bin_l1"": 0.0, ""is_boundary_edge_l1"": 0.0, ""is_bridge_edge_l1"": 0.0, ""is_inter_community_edge_l1"": 0.0, ""is_low_common_neighbor_edge_l1"": 0.0, ""mean_l1"": 0.0}",1,32,32,310.8806254422276,0
realworld_completed,bio_celegans,SASB-candidate,sasb,SASB-structured,20260513,179,early,1.0,1.0,0.0,1,1,0,0.08839506172839506,0.08888888888888889,342,363,342--363,5,52,5,52,260,1,0.25,0,7,7,32,"[""96"", ""53"", ""60"", ""51"", ""343"", ""118"", ""62"", ""142"", ""143"", ""440"", ""364"", ""220"", ""144"", ""145"", ""363"", ""147"", ""52"", ""82"", ""83"", ""109"", ""149"", ""121"", ""154"", ""398"", ""85"", ""97"", ""404"", ""322"", ""116"", ""306"", ""65"", ""170""]",8de222542403643883e71233bc56ff02f1736493f74d3b1787cc4e4bc2da6be8,"{""boundary"": 12, ""community_rep"": 6, ""degree_core"": 10, ""random_fill"": 4}","{""degree_3_4"": 3, ""degree_5_8"": 2, ""degree_9_plus"": 27}","{""0"": 3, ""1"": 5, ""2"": 1, ""3"": 7, ""4"": 1, ""5"": 1, ""6"": 10, ""7"": 2, ""8"": 1, ""9"": 1}",263,"{""backend"": ""evaluate_m19_theory_calibrated.candidate_features"", ""delta_mode"": ""none"", ""k_max"": 512, ""k_min"": 64, ""variant"": ""conservative""}",263,0.14247020585048753,1.0,1.0,0.0,0.9467680608365019,"{""dp_17_64"": 0.019011406844106463, ""dp_257_plus"": 0.9277566539923955, ""dp_65_256"": 0.053231939163498096}","{""cn_0"": 0.9239543726235742, ""cn_1"": 0.022813688212927757, ""cn_2_3"": 0.034220532319391636, ""cn_4_8"": 0.019011406844106463}",0.20152091254752852,1558.4144486692014,sasb_candidate_builder,c83f31e09187acc6111635cabfce11aac6596368ca1606b754ee5f339ea114af,263,c83f31e09187acc6111635cabfce11aac6596368ca1606b754ee5f339ea114af,"{""sasb_builder"": 263}",0,0,0,0,{},0.0,"{""common_neighbor_bin_l1"": 0.0, ""degree_product_bin_l1"": 0.0, ""is_boundary_edge_l1"": 0.0, ""is_bridge_edge_l1"": 0.0, ""is_inter_community_edge_l1"": 0.0, ""is_low_common_neighbor_edge_l1"": 0.0, ""mean_l1"": 0.0}",1,32,32,229.2642528673662,0
realworld_completed,bio_celegans,SASB-candidate,sasb,SASB-structured,20260513,180,early,1.0,1.0,0.0,1,1,0,0.08888888888888889,0.08938271604938272,121,440,121--440,23,33,23,33,759,4,0.18181818181818182,1,6,1,32,"[""96"", ""60"", ""53"", ""51"", ""343"", ""118"", ""62"", ""147"", ""363"", ""364"", ""220"", ""440"", ""142"", ""143"", ""144"", ""145"", ""52"", ""82"", ""83"", ""109"", ""149"", ""121"", ""154"", ""398"", ""85"", ""307"", ""404"", ""372"", ""50"", ""410"", ""21"", ""13""]",53a282eb7e8581d6bd92739ac143717b57c16e8bf530a735944da5fc5d0b80c3,"{""boundary"": 12, ""community_rep"": 5, ""degree_core"": 10, ""random_fill"": 5}","{""degree_3_4"": 3, ""degree_5_8"": 3, ""degree_9_plus"": 26}","{""0"": 2, ""1"": 6, ""2"": 2, ""3"": 1, ""4"": 7, ""5"": 1, ""6"": 9, ""7"": 1, ""8"": 1, ""9"": 2}",263,"{""backend"": ""evaluate_m19_theory_calibrated.candidate_features"", ""delta_mode"": ""none"", ""k_max"": 512, ""k_min"": 64, ""variant"": ""conservative""}",263,0.14254742547425475,1.0,1.0,0.0,0.9277566539923955,"{""dp_17_64"": 0.0076045627376425855, ""dp_257_plus"": 0.935361216730038, ""dp_65_256"": 0.057034220532319393}","{""cn_0"": 0.9049429657794676, ""cn_1"": 0.022813688212927757, ""cn_2_3"": 0.034220532319391636, ""cn_4_8"": 0.034220532319391636, ""cn_9_plus"": 0.0038022813688212928}",0.33840304182509506,1554.593155893536,sasb_candidate_builder,3bb95500a02dbba6c972ea02cebb1d016014d31449c03f6ec7c082213cf0c0db,263,3bb95500a02dbba6c972ea02cebb1d016014d31449c03f6ec7c082213cf0c0db,"{""sasb_builder"": 263}",0,0,0,0,{},0.0,"{""common_neighbor_bin_l1"": 0.0, ""degree_product_bin_l1"": 0.0, ""is_boundary_edge_l1"": 0.0, ""is_bridge_edge_l1"": 0.0, ""is_inter_community_edge_l1"": 0.0, ""is_low_common_neighbor_edge_l1"": 0.0, ""mean_l1"": 0.0}",1,32,32,824.3163738249566,0
realworld_completed,bio_celegans,SASB-candidate,sasb,SASB-structured,20260513,181,early,1.0,1.0,0.0,1,1,0,0.08938271604938272,0.08987654320987655,118,440,118--440,50,32,32,50,1600,17,0.5483870967741935,1,5,3,32,"[""96"", ""60"", ""53"", ""51"", ""343"", ""118"", ""62"", ""147"", ""363"", ""364"", ""220"", ""440"", ""142"", ""143"", ""144"", ""145"", ""52"", ""82"", ""83"", ""109"", ""149"", ""121"", ""154"", ""398"", ""85"", ""307"", ""404"", ""390"", ""240"", ""386"", ""117"", ""290""]",4dd2790397bff2d48831263cfe177ea381582ceac523cc3295042a93f171da8f,"{""boundary"": 12, ""community_rep"": 5, ""degree_core"": 10, ""random_fill"": 5}","{""degree_3_4"": 3, ""degree_5_8"": 3, ""degree_9_plus"": 26}","{""0"": 4, ""1"": 7, ""2"": 1, ""3"": 1, ""4"": 5, ""5"": 1, ""6"": 10, ""7"": 1, ""8"": 1, ""9"": 1}",263,"{""backend"": ""evaluate_m19_theory_calibrated.candidate_features"", ""delta_mode"": ""none"", ""k_max"": 512, ""k_min"": 64, ""variant"": ""conservative""}",263,0.14262472885032537,1.0,1.0,0.0,0.9277566539923955,"{""dp_17_64"": 0.0076045627376425855, ""dp_257_plus"": 0.9315589353612167, ""dp_65_256"": 0.060836501901140684}","{""cn_0"": 0.9049429657794676, ""cn_1"": 0.022813688212927757, ""cn_2_3"": 0.04182509505703422, ""cn_4_8"": 0.026615969581749048, ""cn_9_plus"": 0.0038022813688212928}",0.3269961977186312,1543.2395437262358,sasb_candidate_builder,bc1776a33001cbe28ceb6297c675d4f30075ee5ce97c7993d6c143cd8c4ad8f7,263,bc1776a33001cbe28ceb6297c675d4f30075ee5ce97c7993d6c143cd8c4ad8f7,"{""sasb_builder"": 263}",0,0,0,0,{},0.0,"{""common_neighbor_bin_l1"": 0.0, ""degree_product_bin_l1"": 0.0, ""is_boundary_edge_l1"": 0.0, ""is_bridge_edge_l1"": 0.0, ""is_inter_community_edge_l1"": 0.0, ""is_low_common_neighbor_edge_l1"": 0.0, ""mean_l1"": 0.0}",1,32,32,1011.3628512959505,0
realworld_completed,bio_celegans,SASB-candidate,sasb,SASB-structured,20260513,182,early,1.0,1.0,0.0,1,1,0,0.08987654320987655,0.09037037037037036,109,440,109--440,24,31,24,31,744,2,0.08695652173913043,1,6,1,32,"[""96"", ""60"", ""53"", ""51"", ""343"", ""62"", ""118"", ""147"", ""363"", ""364"", ""220"", ""142"", ""143"", ""144"", ""145"", ""52"", ""440"", ""82"", ""83"", ""109"", ""149"", ""121"", ""154"", ""398"", ""85"", ""307"", ""404"", ""23"", ""66"", ""317"", ""266"", ""137""]",f79974e986d8beafd017271176c17f22cb7008d0074d40f8ac393376ab88d369,"{""boundary"": 12, ""community_rep"": 5, ""degree_core"": 10, ""random_fill"": 5}","{""degree_3_4"": 4, ""degree_5_8"": 1, ""degree_9_plus"": 27}","{""0"": 2, ""1"": 8, ""2"": 2, ""3"": 1, ""4"": 5, ""5"": 1, ""6"": 10, ""7"": 1, ""8"": 1, ""9"": 1}",263,"{""backend"": ""evaluate_m19_theory_calibrated.candidate_features"", ""delta_mode"": ""none"", ""k_max"": 512, ""k_min"": 64, ""variant"": ""conservative""}",263,0.14270211611502984,1.0,1.0,0.0,0.9277566539923955,"{""dp_17_64"": 0.0076045627376425855, ""dp_257_plus"": 0.9277566539923955, ""dp_65_256"": 0.06463878326996197}","{""cn_0"": 0.9049429657794676, ""cn_1"": 0.022813688212927757, ""cn_2_3"": 0.045627376425855515, ""cn_4_8"": 0.026615969581749048}",0.25475285171102663,1524.4790874524715,sasb_candidate_builder,bdacf1f5b31ad314e1871eec47bdf408e7ab0d69a07d8e1e73c3c1a56eb372eb,263,bdacf1f5b31ad314e1871eec47bdf408e7ab0d69a07d8e1e73c3c1a56eb372eb,"{""sasb_builder"": 263}",0,0,0,0,{},0.0,"{""common_neighbor_bin_l1"": 0.0, ""degree_product_bin_l1"": 0.0, ""is_boundary_edge_l1"": 0.0, ""is_bridge_edge_l1"": 0.0, ""is_inter_community_edge_l1"": 0.0, ""is_low_common_neighbor_edge_l1"": 0.0, ""mean_l1"": 0.0}",1,32,32,1371.8345932880018,0
realworld_completed,bio_celegans,SASB-candidate,sasb,SASB-structured,20260513,183,early,1.0,1.0,0.0,1,1,0,0.09037037037037036,0.0908641975308642,344,440,344--440,15,30,15,30,450,3,0.21428571428571427,1,3,1,32,"[""96"", ""60"", ""53"", ""51"", ""343"", ""62"", ""118"", ""147"", ""363"", ""364"", ""220"", ""142"", ""143"", ""144"", ""145"", ""52"", ""82"", ""440"", ""83"", ""149"", ""109"", ""121"", ""154"", ""398"", ""85"", ""307"", ""404"", ""426"", ""101"", ""233"", ""211"", ""420""]",fa741715d5a5607f463fc760ab6e57f84c36f38ecc18fdf3693ef1e6a14124f5,"{""boundary"": 12, ""community_rep"": 5, ""degree_core"": 10, ""random_fill"": 5}","{""degree_3_4"": 3, ""degree_5_8"": 3, ""degree_9_plus"": 26}","{""0"": 2, ""1"": 6, ""2"": 1, ""3"": 1, ""4"": 7, ""5"": 1, ""6"": 9, ""7"": 1, ""8"": 1, ""9"": 3}",263,"{""backend"": ""evaluate_m19_theory_calibrated.candidate_features"", ""delta_mode"": ""none"", ""k_max"": 512, ""k_min"": 64, ""variant"": ""conservative""}",263,0.14277958740499458,1.0,1.0,0.0,0.9315589353612167,"{""dp_17_64"": 0.0076045627376425855, ""dp_257_plus"": 0.9277566539923955, ""dp_65_256"": 0.06463878326996197}","{""cn_0"": 0.908745247148289, ""cn_1"": 0.022813688212927757, ""cn_2_3"": 0.045627376425855515, ""cn_4_8"": 0.022813688212927757}",0.24334600760456274,1522.7718631178707,sasb_candidate_builder,bcb43dd58263c10d794b9aefc2760eb2a7694379feae86e4e275d798d7424a0f,263,bcb43dd58263c10d794b9aefc2760eb2a7694379feae86e4e275d798d7424a0f,"{""sasb_builder"": 263}",0,0,0,0,{},0.0,"{""common_neighbor_bin_l1"": 0.0, ""degree_product_bin_l1"": 0.0, ""is_boundary_edge_l1"": 0.0, ""is_bridge_edge_l1"": 0.0, ""is_inter_community_edge_l1"": 0.0, ""is_low_common_neighbor_edge_l1"": 0.0, ""mean_l1"": 0.0}",1,32,32,768.2135539465186,0
realworld_completed,bio_celegans,SASB-candidate,sasb,SASB-structured,20260513,184,early,1.0,1.0,0.0,1,1,0,0.0908641975308642,0.09135802469135802,142,344,142--344,65,14,14,65,910,4,0.3076923076923077,1,1,4,32,"[""96"", ""60"", ""53"", ""51"", ""343"", ""62"", ""118"", ""147"", ""363"", ""364"", ""220"", ""142"", ""143"", ""144"", ""145"", ""52"", ""82"", ""440"", ""83"", ""149"", ""109"", ""121"", ""154"", ""398"", ""85"", ""307"", ""404"", ""272"", ""107"", ""284"", ""216"", ""89""]",fc0d8a5d287833124bf7fe08be6ba7bbd618536df99a24c4cc66c9127b554dbf,"{""boundary"": 12, ""community_rep"": 5, ""degree_core"": 10, ""random_fill"": 5}","{""degree_3_4"": 3, ""degree_5_8"": 3, ""degree_9_plus"": 26}","{""0"": 1, ""1"": 7, ""2"": 1, ""3"": 1, ""4"": 5, ""5"": 1, ""6"": 12, ""7"": 1, ""8"": 2, ""9"": 1}",263,"{""backend"": ""evaluate_m19_theory_calibrated.candidate_features"", ""delta_mode"": ""none"", ""k_max"": 512, ""k_min"": 64, ""variant"": ""conservative""}",263,0.14285714285714285,1.0,1.0,0.0,0.935361216730038,"{""dp_17_64"": 0.0076045627376425855, ""dp_257_plus"": 0.9239543726235742, ""dp_65_256"": 0.06844106463878327}","{""cn_0"": 0.9125475285171103, ""cn_1"": 0.022813688212927757, ""cn_2_3"": 0.04182509505703422, ""cn_4_8"": 0.022813688212927757}",0.22433460076045628,1519.6197718631179,sasb_candidate_builder,87d1b566bf729964d120f33de2d1f137022994d698d7b236a1699a537862b25f,263,87d1b566bf729964d120f33de2d1f137022994d698d7b236a1699a537862b25f,"{""sasb_builder"": 263}",0,0,0,0,{},0.0,"{""common_neighbor_bin_l1"": 0.0, ""degree_product_bin_l1"": 0.0, ""is_boundary_edge_l1"": 0.0, ""is_bridge_edge_l1"": 0.0, ""is_inter_community_edge_l1"": 0.0, ""is_low_common_neighbor_edge_l1"": 0.0, ""mean_l1"": 0.0}",1,32,32,383.3234725679502,0
realworld_completed,bio_celegans,SASB-candidate,sasb,SASB-structured,20260513,185,early,1.0,1.0,0.0,1,1,0,0.09135802469135802,0.09185185185185185,143,344,143--344,65,13,13,65,845,3,0.25,1,1,3,32,"[""96"", ""60"", ""53"", ""51"", ""343"", ""62"", ""118"", ""147"", ""363"", ""364"", ""220"", ""143"", ""142"", ""144"", ""145"", ""52"", ""82"", ""440"", ""83"", ""149"", ""109"", ""121"", ""154"", ""398"", ""85"", ""307"", ""404"", ""389"", ""150"", ""333"", ""218"", ""124""]",3420c9fe1b776f9783815784cc701f4b00ca8c0b2532a9a8d0f003a93c6daf53,"{""boundary"": 12, ""community_rep"": 5, ""degree_core"": 10, ""random_fill"": 5}","{""degree_3_4"": 5, ""degree_5_8"": 1, ""degree_9_plus"": 26}","{""0"": 4, ""1"": 6, ""2"": 1, ""3"": 1, ""4"": 5, ""5"": 2, ""6"": 9, ""7"": 1, ""8"": 1, ""9"": 2}",263,"{""backend"": ""evaluate_m19_theory_calibrated.candidate_features"", ""delta_mode"": ""none"", ""k_max"": 512, ""k_min"": 64, ""variant"": ""conservative""}",263,0.14293478260869566,1.0,1.0,0.0,0.9391634980988594,"{""dp_17_64"": 0.0076045627376425855, ""dp_257_plus"": 0.9239543726235742, ""dp_65_256"": 0.06844106463878327}","{""cn_0"": 0.9201520912547528, ""cn_1"": 0.019011406844106463, ""cn_2_3"": 0.045627376425855515, ""cn_4_8"": 0.015209125475285171}",0.20152091254752852,1524.7300380228137,sasb_candidate_builder,c7e743c7f5e21542fe348ea2247fd1bfc76d72db316e5828566164978fb3b4e1,263,c7e743c7f5e21542fe348ea2247fd1bfc76d72db316e5828566164978fb3b4e1,"{""sasb_builder"": 263}",0,0,0,0,{},0.0,"{""common_neighbor_bin_l1"": 0.0, ""degree_product_bin_l1"": 0.0, ""is_boundary_edge_l1"": 0.0, ""is_bridge_edge_l1"": 0.0, ""is_inter_community_edge_l1"": 0.0, ""is_low_common_neighbor_edge_l1"": 0.0, ""mean_l1"": 0.0}",1,32,32,395.97438830436727,0
realworld_completed,bio_celegans,SASB-candidate,sasb,SASB-structured,20260513,186,early,1.0,1.0,0.0,1,1,0,0.09185185185185185,0.09234567901234568,118,374,118--374,49,9,9,49,441,2,0.25,1,7,1,32,"[""96"", ""60"", ""53"", ""51"", ""343"", ""62"", ""118"", ""147"", ""363"", ""364"", ""220"", ""134"", ""142"", ""143"", ""144"", ""145"", ""52"", ""82"", ""440"", ""83"", ""149"", ""109"", ""154"", ""398"", ""85"", ""307"", ""404"", ""14"", ""340"", ""387"", ""392"", ""374""]",24a6acf446afaa8e96c5eaac878d89036e417e24b3615ea1e39621e0b07cb919,"{""boundary"": 12, ""community_rep"": 5, ""degree_core"": 10, ""random_fill"": 5}","{""degree_3_4"": 4, ""degree_5_8"": 1, ""degree_9_plus"": 27}","{""0"": 4, ""1"": 7, ""2"": 1, ""3"": 2, ""4"": 5, ""5"": 1, ""6"": 9, ""7"": 1, ""8"": 1, ""9"": 1}",263,"{""backend"": ""evaluate_m19_theory_calibrated.candidate_features"", ""delta_mode"": ""none"", ""k_max"": 512, ""k_min"": 64, ""variant"": ""conservative""}",263,0.14301250679717237,1.0,1.0,0.0,0.9429657794676806,"{""dp_17_64"": 0.0076045627376425855, ""dp_257_plus"": 0.9239543726235742, ""dp_65_256"": 0.06844106463878327}","{""cn_0"": 0.9277566539923955, ""cn_1"": 0.015209125475285171, ""cn_2_3"": 0.04182509505703422, ""cn_4_8"": 0.015209125475285171}",0.18250950570342206,1533.083650190114,sasb_candidate_builder,457e8fa8ae0f3315f93ee426d8dd1a8ecca99ffea1e0153532c50e568d1ad450,263,457e8fa8ae0f3315f93ee426d8dd1a8ecca99ffea1e0153532c50e568d1ad450,"{""sasb_builder"": 263}",0,0,0,0,{},0.0,"{""common_neighbor_bin_l1"": 0.0, ""degree_product_bin_l1"": 0.0, ""is_boundary_edge_l1"": 0.0, ""is_bridge_edge_l1"": 0.0, ""is_inter_community_edge_l1"": 0.0, ""is_low_common_neighbor_edge_l1"": 0.0, ""mean_l1"": 0.0}",1,32,32,1375.636344853538,0
realworld_completed,bio_celegans,SASB-candidate,sasb,SASB-structured,20260513,187,early,1.0,1.0,0.0,1,1,0,0.09234567901234568,0.09283950617283951,312,364,312--364,7,32,7,32,224,1,0.16666666666666666,1,1,3,32,"[""96"", ""60"", ""53"", ""51"", ""343"", ""62"", ""118"", ""147"", ""363"", ""364"", ""220"", ""134"", ""142"", ""143"", ""144"", ""145"", ""52"", ""82"", ""440"", ""83"", ""149"", ""109"", ""154"", ""398"", ""85"", ""307"", ""404"", ""165"", ""73"", ""286"", ""49"", ""277""]",055c7c50eeea0f61f619487b0866789a088874895589fefa2d4830a644f7b6d3,"{""boundary"": 12, ""community_rep"": 5, ""degree_core"": 10, ""random_fill"": 5}","{""degree_3_4"": 2, ""degree_5_8"": 3, ""degree_9_plus"": 27}","{""0"": 1, ""1"": 8, ""2"": 1, ""3"": 2, ""4"": 5, ""5"": 1, ""6"": 11, ""7"": 1, ""8"": 1, ""9"": 1}",263,"{""backend"": ""evaluate_m19_theory_calibrated.candidate_features"", ""delta_mode"": ""none"", ""k_max"": 512, ""k_min"": 64, ""variant"": ""conservative""}",263,0.14309031556039173,1.0,1.0,0.0,0.9467680608365019,"{""dp_17_64"": 0.0076045627376425855, ""dp_257_plus"": 0.9239543726235742, ""dp_65_256"": 0.06844106463878327}","{""cn_0"": 0.9277566539923955, ""cn_1"": 0.019011406844106463, ""cn_2_3"": 0.03802281368821293, ""cn_4_8"": 0.015209125475285171}",0.17870722433460076,1530.7148288973383,sasb_candidate_builder,79389ef3d3be70d7b06705a5a371575cfe99ca5ed7d3dc3cc8f309c2e4a407fb,263,79389ef3d3be70d7b06705a5a371575cfe99ca5ed7d3dc3cc8f309c2e4a407fb,"{""sasb_builder"": 263}",0,0,0,0,{},0.0,"{""common_neighbor_bin_l1"": 0.0, ""degree_product_bin_l1"": 0.0, ""is_boundary_edge_l1"": 0.0, ""is_bridge_edge_l1"": 0.0, ""is_inter_community_edge_l1"": 0.0, ""is_low_common_neighbor_edge_l1"": 0.0, ""mean_l1"": 0.0}",1,32,32,333.51902008299896,0
realworld_completed,bio_celegans,SASB-candidate,sasb,SASB-structured,20260513,188,early,1.0,1.0,0.0,1,1,0,0.09283950617283951,0.09333333333333334,314,364,314--364,14,31,14,31,434,3,0.23076923076923078,1,1,4,32,"[""96"", ""60"", ""53"", ""51"", ""343"", ""62"", ""118"", ""147"", ""363"", ""220"", ""364"", ""134"", ""142"", ""143"", ""144"", ""145"", ""52"", ""82"", ""440"", ""83"", ""149"", ""109"", ""154"", ""398"", ""85"", ""307"", ""404"", ""164"", ""57"", ""433"", ""344"", ""92""]",84a43ed3e0aaec8a0c3d2e030c2be42d79c0c9f599d5954fd49206be83e673c5,"{""boundary"": 12, ""community_rep"": 5, ""degree_core"": 10, ""random_fill"": 5}","{""degree_3_4"": 2, ""degree_5_8"": 3, ""degree_9_plus"": 27}","{""0"": 2, ""1"": 7, ""2"": 1, ""3"": 2, ""4"": 5, ""5"": 1, ""6"": 9, ""7"": 1, ""8"": 1, ""9"": 3}",263,"{""backend"": ""evaluate_m19_theory_calibrated.candidate_features"", ""delta_mode"": ""none"", ""k_max"": 512, ""k_min"": 64, ""variant"": ""conservative""}",263,0.1431682090364725,1.0,1.0,0.0,0.9467680608365019,"{""dp_17_64"": 0.0076045627376425855, ""dp_257_plus"": 0.9277566539923955, ""dp_65_256"": 0.06463878326996197}","{""cn_0"": 0.9277566539923955, ""cn_1"": 0.019011406844106463, ""cn_2_3"": 0.03802281368821293, ""cn_4_8"": 0.015209125475285171}",0.17870722433460076,1529.3003802281369,sasb_candidate_builder,587bd7185e26ff43817439e69b8edddf969afdacb58a1dc0afeb9fa06d198e47,263,587bd7185e26ff43817439e69b8edddf969afdacb58a1dc0afeb9fa06d198e47,"{""sasb_builder"": 263}",0,0,0,0,{},0.0,"{""common_neighbor_bin_l1"": 0.0, ""degree_product_bin_l1"": 0.0, ""is_boundary_edge_l1"": 0.0, ""is_bridge_edge_l1"": 0.0, ""is_inter_community_edge_l1"": 0.0, ""is_low_common_neighbor_edge_l1"": 0.0, ""mean_l1"": 0.0}",1,32,32,311.6014988206436,0
realworld_completed,bio_celegans,SASB-candidate,sasb,SASB-structured,20260513,189,early,1.0,1.0,0.0,1,1,0,0.09333333333333334,0.09382716049382717,118,138,118--138,48,3,3,48,144,0,0.0,1,3,1,32,"[""96"", ""60"", ""53"", ""51"", ""343"", ""62"", ""118"", ""147"", ""363"", ""220"", ""364"", ""134"", ""142"", ""143"", ""144"", ""145"", ""52"", ""82"", ""440"", ""83"", ""149"", ""109"", ""154"", ""398"", ""85"", ""307"", ""404"", ""266"", ""376"", ""73"", ""21"", ""55""]",e6d9662ebe30d7a80df60bb5e0a7d427ceaebd0ad496c9236726158bc22f8745,"{""boundary"": 12, ""community_rep"": 5, ""degree_core"": 10, ""random_fill"": 5}","{""degree_3_4"": 3, ""degree_5_8"": 3, ""degree_9_plus"": 26}","{""0"": 2, ""1"": 7, ""2"": 1, ""3"": 2, ""4"": 6, ""5"": 1, ""6"": 9, ""7"": 1, ""8"": 2, ""9"": 1}",263,"{""backend"": ""evaluate_m19_theory_calibrated.candidate_features"", ""delta_mode"": ""none"", ""k_max"": 512, ""k_min"": 64, ""variant"": ""conservative""}",263,0.14324618736383443,1.0,1.0,0.0,0.9505703422053232,"{""dp_17_64"": 0.0076045627376425855, ""dp_257_plus"": 0.9277566539923955, ""dp_65_256"": 0.06463878326996197}","{""cn_0"": 0.9315589353612167, ""cn_1"": 0.019011406844106463, ""cn_2_3"": 0.034220532319391636, ""cn_4_8"": 0.015209125475285171}",0.16730038022813687,1527.5475285171103,sasb_candidate_builder,7ba6d9285f6974eda9ab47839b151d2abcb95a17b0a086702820f140110d3259,263,7ba6d9285f6974eda9ab47839b151d2abcb95a17b0a086702820f140110d3259,"{""sasb_builder"": 263}",0,0,0,0,{},0.0,"{""common_neighbor_bin_l1"": 0.0, ""degree_product_bin_l1"": 0.0, ""is_boundary_edge_l1"": 0.0, ""is_bridge_edge_l1"": 0.0, ""is_inter_community_edge_l1"": 0.0, ""is_low_common_neighbor_edge_l1"": 0.0, ""mean_l1"": 0.0}",1,32,32,298.58078720706044,0
realworld_completed,bio_celegans,SASB-candidate,sasb,SASB-structured,20260513,190,early,1.0,1.0,0.0,1,1,0,0.09382716049382717,0.09432098765432098,134,307,134--307,20,18,18,20,360,4,0.23529411764705882,1,3,4,32,"[""96"", ""53"", ""51"", ""60"", ""343"", ""118"", ""147"", ""62"", ""363"", ""220"", ""142"", ""143"", ""144"", ""145"", ""52"", ""82"", ""364"", ""440"", ""83"", ""149"", ""109"", ""121"", ""154"", ""398"", ""85"", ""307"", ""404"", ""322"", ""253"", ""369"", ""443"", ""131""]",bd53dba956f5c948cb90e40021faada873f4f0240c9f76d38736e29dda67b43c,"{""boundary"": 12, ""community_rep"": 6, ""degree_core"": 10, ""random_fill"": 4}","{""degree_3_4"": 2, ""degree_5_8"": 2, ""degree_9_plus"": 28}","{""0"": 2, ""1"": 5, ""2"": 1, ""3"": 7, ""4"": 1, ""5"": 11, ""6"": 2, ""7"": 1, ""8"": 1, ""9"": 1}",262,"{""backend"": ""evaluate_m19_theory_calibrated.candidate_features"", ""delta_mode"": ""none"", ""k_max"": 512, ""k_min"": 64, ""variant"": ""conservative""}",262,0.1427792915531335,1.0,1.0,0.0,0.916030534351145,"{""dp_17_64"": 0.007633587786259542, ""dp_257_plus"": 0.9312977099236641, ""dp_65_256"": 0.061068702290076333}","{""cn_0"": 0.9122137404580153, ""cn_1"": 0.003816793893129771, ""cn_2_3"": 0.04580152671755725, ""cn_4_8"": 0.03816793893129771}",0.2786259541984733,1521.557251908397,sasb_candidate_builder,c21e7146809165399fdcaabfe4deee5088d8dd02cf4e54ecb671e2231f45721c,262,c21e7146809165399fdcaabfe4deee5088d8dd02cf4e54ecb671e2231f45721c,"{""sasb_builder"": 262}",0,0,0,0,{},0.0,"{""common_neighbor_bin_l1"": 0.0, ""degree_product_bin_l1"": 0.0, ""is_boundary_edge_l1"": 0.0, ""is_bridge_edge_l1"": 0.0, ""is_inter_community_edge_l1"": 0.0, ""is_low_common_neighbor_edge_l1"": 0.0, ""mean_l1"": 0.0}",1,32,32,412.78234508797465,0
realworld_completed,bio_celegans,SASB-candidate,sasb,SASB-structured,20260513,191,early,1.0,1.0,0.0,1,1,0,0.09432098765432098,0.09481481481481481,307,314,307--314,17,13,13,17,221,3,0.25,1,5,1,32,"[""96"", ""53"", ""51"", ""60"", ""343"", ""118"", ""147"", ""62"", ""363"", ""220"", ""142"", ""143"", ""144"", ""145"", ""52"", ""82"", ""364"", ""440"", ""83"", ""149"", ""109"", ""121"", ""154"", ""398"", ""85"", ""307"", ""404"", ""322"", ""187"", ""219"", ""432"", ""327""]",7a980f61595362207dc01bbc6e5ba6b6eb0627e92dd39ad7896d15beae94bf60,"{""boundary"": 12, ""community_rep"": 6, ""degree_core"": 10, ""random_fill"": 4}","{""degree_3_4"": 1, ""degree_5_8"": 4, ""degree_9_plus"": 27}","{""0"": 1, ""1"": 7, ""2"": 1, ""3"": 9, ""4"": 1, ""5"": 9, ""6"": 1, ""7"": 1, ""8"": 1, ""9"": 1}",262,"{""backend"": ""evaluate_m19_theory_calibrated.candidate_features"", ""delta_mode"": ""none"", ""k_max"": 512, ""k_min"": 64, ""variant"": ""conservative""}",262,0.14285714285714285,1.0,1.0,0.0,0.9236641221374046,"{""dp_17_64"": 0.007633587786259542, ""dp_257_plus"": 0.9274809160305344, ""dp_65_256"": 0.0648854961832061}","{""cn_0"": 0.9122137404580153, ""cn_1"": 0.011450381679389313, ""cn_2_3"": 0.04198473282442748, ""cn_4_8"": 0.03435114503816794}",0.2633587786259542,1518.2290076335878,sasb_candidate_builder,e865f00a7907ec8dadd8015a0d336c3f755dc8c50b421a945496e56af72bd981,262,e865f00a7907ec8dadd8015a0d336c3f755dc8c50b421a945496e56af72bd981,"{""sasb_builder"": 262}",0,0,0,0,{},0.0,"{""common_neighbor_bin_l1"": 0.0, ""degree_product_bin_l1"": 0.0, ""is_boundary_edge_l1"": 0.0, ""is_bridge_edge_l1"": 0.0, ""is_inter_community_edge_l1"": 0.0, ""is_low_common_neighbor_edge_l1"": 0.0, ""mean_l1"": 0.0}",1,32,32,364.2677655612098,0
realworld_completed,bio_celegans,SASB-candidate,sasb,SASB-structured,20260513,192,early,1.0,1.0,0.0,1,1,0,0.09481481481481481,0.09530864197530864,104,307,104--307,12,16,12,16,192,0,0.0,1,4,5,32,"[""96"", ""53"", ""51"", ""60"", ""343"", ""118"", ""147"", ""62"", ""363"", ""220"", ""142"", ""143"", ""144"", ""145"", ""52"", ""82"", ""364"", ""440"", ""83"", ""149"", ""109"", ""121"", ""154"", ""398"", ""85"", ""307"", ""404"", ""322"", ""345"", ""370"", ""325"", ""106""]",755185ac0b9eaab99a108ba691f3390eab7da9299d9003200738fbe9c2761440,"{""boundary"": 12, ""community_rep"": 6, ""degree_core"": 10, ""random_fill"": 4}","{""degree_3_4"": 1, ""degree_5_8"": 3, ""degree_9_plus"": 28}","{""0"": 2, ""1"": 6, ""2"": 2, ""3"": 8, ""4"": 1, ""5"": 9, ""6"": 1, ""7"": 1, ""8"": 1, ""9"": 1}",262,"{""backend"": ""evaluate_m19_theory_calibrated.candidate_features"", ""delta_mode"": ""none"", ""k_max"": 512, ""k_min"": 64, ""variant"": ""conservative""}",262,0.14293507910529188,1.0,1.0,0.0,0.9274809160305344,"{""dp_17_64"": 0.007633587786259542, ""dp_257_plus"": 0.9312977099236641, ""dp_65_256"": 0.061068702290076333}","{""cn_0"": 0.9198473282442748, ""cn_1"": 0.007633587786259542, ""cn_2_3"": 0.03816793893129771, ""cn_4_8"": 0.03435114503816794}",0.2480916030534351,1518.8320610687024,sasb_candidate_builder,8d5a992a0db013574263a6dd71b59da87aa91de9feb98f784a8167d6aa97bae8,262,8d5a992a0db013574263a6dd71b59da87aa91de9feb98f784a8167d6aa97bae8,"{""sasb_builder"": 262}",0,0,0,0,{},0.0,"{""common_neighbor_bin_l1"": 0.0, ""degree_product_bin_l1"": 0.0, ""is_boundary_edge_l1"": 0.0, ""is_bridge_edge_l1"": 0.0, ""is_inter_community_edge_l1"": 0.0, ""is_low_common_neighbor_edge_l1"": 0.0, ""mean_l1"": 0.0}",1,32,32,294.8438459394886,0
realworld_completed,bio_celegans,SASB-candidate,sasb,SASB-structured,20260513,193,early,1.0,1.0,0.0,1,1,0,0.09530864197530864,0.09580246913580247,118,441,118--441,47,6,6,47,282,2,0.4,1,6,1,32,"[""96"", ""53"", ""51"", ""60"", ""343"", ""118"", ""147"", ""62"", ""363"", ""220"", ""142"", ""143"", ""144"", ""145"", ""52"", ""82"", ""364"", ""440"", ""83"", ""149"", ""109"", ""121"", ""154"", ""398"", ""85"", ""307"", ""404"", ""322"", ""452"", ""215"", ""401"", ""313""]",ecae4de53718b90384209b6231fc3e6a662412b60b0d24b0fa33b8da5fbec5dd,"{""boundary"": 12, ""community_rep"": 6, ""degree_core"": 10, ""random_fill"": 4}","{""degree_5_8"": 4, ""degree_9_plus"": 28}","{""0"": 1, ""1"": 8, ""2"": 1, ""3"": 7, ""4"": 1, ""5"": 10, ""6"": 1, ""7"": 1, ""8"": 1, ""9"": 1}",262,"{""backend"": ""evaluate_m19_theory_calibrated.candidate_features"", ""delta_mode"": ""none"", ""k_max"": 512, ""k_min"": 64, ""variant"": ""conservative""}",262,0.14301310043668122,1.0,1.0,0.0,0.9274809160305344,"{""dp_17_64"": 0.007633587786259542, ""dp_257_plus"": 0.9351145038167938, ""dp_65_256"": 0.05725190839694656}","{""cn_0"": 0.9198473282442748, ""cn_1"": 0.007633587786259542, ""cn_2_3"": 0.03816793893129771, ""cn_4_8"": 0.03435114503816794}",0.2480916030534351,1517.7709923664122,sasb_candidate_builder,825e52ef646cf82b838bac3cc4ec4a45ed989efb294ff7f509e53e5bf140ea89,262,825e52ef646cf82b838bac3cc4ec4a45ed989efb294ff7f509e53e5bf140ea89,"{""sasb_builder"": 262}",0,0,0,0,{},0.0,"{""common_neighbor_bin_l1"": 0.0, ""degree_product_bin_l1"": 0.0, ""is_boundary_edge_l1"": 0.0, ""is_bridge_edge_l1"": 0.0, ""is_inter_community_edge_l1"": 0.0, ""is_low_common_neighbor_edge_l1"": 0.0, ""mean_l1"": 0.0}",1,32,32,201.06436272458586,0
realworld_completed,bio_celegans,SASB-candidate,sasb,SASB-structured,20260513,194,early,1.0,1.0,0.0,1,1,0,0.09580246913580247,0.0962962962962963,118,119,118--119,46,6,6,46,276,2,0.4,1,6,1,32,"[""96"", ""53"", ""51"", ""60"", ""343"", ""118"", ""147"", ""62"", ""363"", ""220"", ""142"", ""143"", ""144"", ""145"", ""52"", ""82"", ""364"", ""440"", ""83"", ""149"", ""109"", ""121"", ""154"", ""398"", ""85"", ""307"", ""404"", ""322"", ""185"", ""194"", ""119"", ""436""]",53796f0c1e9dc658df66e231e20de9b33b6f5ff7948342f8638b273bd64c4ea4,"{""boundary"": 12, ""community_rep"": 6, ""degree_core"": 10, ""random_fill"": 4}","{""degree_3_4"": 2, ""degree_5_8"": 3, ""degree_9_plus"": 27}","{""0"": 1, ""1"": 7, ""2"": 1, ""3"": 7, ""4"": 1, ""5"": 9, ""6"": 2, ""7"": 2, ""8"": 1, ""9"": 1}",262,"{""backend"": ""evaluate_m19_theory_calibrated.candidate_features"", ""delta_mode"": ""none"", ""k_max"": 512, ""k_min"": 64, ""variant"": ""conservative""}",262,0.14309120699071545,1.0,1.0,0.0,0.9351145038167938,"{""dp_17_64"": 0.007633587786259542, ""dp_257_plus"": 0.9312977099236641, ""dp_65_256"": 0.061068702290076333}","{""cn_0"": 0.9274809160305344, ""cn_1"": 0.007633587786259542, ""cn_2_3"": 0.03435114503816794, ""cn_4_8"": 0.030534351145038167}",0.22519083969465647,1522.2022900763359,sasb_candidate_builder,e5ae4db3cce72bbd4c53020e75b747554b09fe01a6da23f85874e76186ffdc06,262,e5ae4db3cce72bbd4c53020e75b747554b09fe01a6da23f85874e76186ffdc06,"{""sasb_builder"": 262}",0,0,0,0,{},0.0,"{""common_neighbor_bin_l1"": 0.0, ""degree_product_bin_l1"": 0.0, ""is_boundary_edge_l1"": 0.0, ""is_bridge_edge_l1"": 0.0, ""is_inter_community_edge_l1"": 0.0, ""is_low_common_neighbor_edge_l1"": 0.0, ""mean_l1"": 0.0}",1,32,32,1152.0483814208962,0
realworld_completed,bio_celegans,SASB-candidate,sasb,SASB-structured,20260513,195,early,1.0,1.0,0.0,1,1,0,0.0962962962962963,0.09679012345679013,118,128,118--128,45,3,3,45,135,0,0.0,1,5,1,32,"[""96"", ""53"", ""51"", ""60"", ""343"", ""147"", ""118"", ""62"", ""363"", ""220"", ""142"", ""143"", ""144"", ""145"", ""52"", ""82"", ""364"", ""440"", ""83"", ""149"", ""109"", ""121"", ""154"", ""398"", ""85"", ""307"", ""404"", ""322"", ""308"", ""238"", ""386"", ""46""]",ae52889171af6b8ca12833c085ca514aa386f4309c2865141319f4c7fff12ed2,"{""boundary"": 12, ""community_rep"": 6, ""degree_core"": 10, ""random_fill"": 4}","{""degree_0_1"": 1, ""degree_3_4"": 3, ""degree_5_8"": 1, ""degree_9_plus"": 27}","{""0"": 3, ""1"": 5, ""2"": 2, ""3"": 7, ""4"": 1, ""5"": 9, ""6"": 1, ""7"": 1, ""8"": 1, ""9"": 2}",262,"{""backend"": ""evaluate_m19_theory_calibrated.candidate_features"", ""delta_mode"": ""none"", ""k_max"": 512, ""k_min"": 64, ""variant"": ""conservative""}",262,0.1431693989071038,1.0,1.0,0.0,0.9389312977099237,"{""dp_17_64"": 0.007633587786259542, ""dp_257_plus"": 0.9312977099236641, ""dp_65_256"": 0.061068702290076333}","{""cn_0"": 0.9312977099236641, ""cn_1"": 0.007633587786259542, ""cn_2_3"": 0.030534351145038167, ""cn_4_8"": 0.030534351145038167}",0.21755725190839695,1520.4236641221373,sasb_candidate_builder,4638dd92189fa1d6dfd19f3e470727786bc7e88fcb7ac543087a951a88d88c90,262,4638dd92189fa1d6dfd19f3e470727786bc7e88fcb7ac543087a951a88d88c90,"{""sasb_builder"": 262}",0,0,0,0,{},0.0,"{""common_neighbor_bin_l1"": 0.0, ""degree_product_bin_l1"": 0.0, ""is_boundary_edge_l1"": 0.0, ""is_bridge_edge_l1"": 0.0, ""is_inter_community_edge_l1"": 0.0, ""is_low_common_neighbor_edge_l1"": 0.0, ""mean_l1"": 0.0}",1,32,32,315.35362211651113,0
realworld_completed,bio_celegans,SASB-candidate,sasb,SASB-structured,20260513,196,early,1.0,1.0,0.0,1,1,0,0.09679012345679013,0.09728395061728395,162,343,162--343,11,73,11,73,803,3,0.3,0,5,5,32,"[""96"", ""53"", ""51"", ""60"", ""343"", ""147"", ""118"", ""62"", ""363"", ""220"", ""142"", ""143"", ""144"", ""145"", ""52"", ""82"", ""364"", ""440"", ""83"", ""149"", ""109"", ""121"", ""154"", ""398"", ""85"", ""307"", ""404"", ""322"", ""441"", ""283"", ""399"", ""25""]",f21fecf28c182aa5c9623d29bf50302761b4478e5e251d118f60bcc70d314a6a,"{""boundary"": 12, ""community_rep"": 6, ""degree_core"": 10, ""random_fill"": 4}","{""degree_3_4"": 2, ""degree_5_8"": 3, ""degree_9_plus"": 27}","{""0"": 2, ""1"": 6, ""2"": 1, ""3"": 8, ""4"": 1, ""5"": 9, ""6"": 1, ""7"": 1, ""8"": 1, ""9"": 2}",262,"{""backend"": ""evaluate_m19_theory_calibrated.candidate_features"", ""delta_mode"": ""none"", ""k_max"": 512, ""k_min"": 64, ""variant"": ""conservative""}",262,0.14324767632586113,1.0,1.0,0.0,0.9427480916030534,"{""dp_17_64"": 0.007633587786259542, ""dp_257_plus"": 0.9389312977099237, ""dp_65_256"": 0.05343511450381679}","{""cn_0"": 0.9351145038167938, ""cn_1"": 0.007633587786259542, ""cn_2_3"": 0.026717557251908396, ""cn_4_8"": 0.030534351145038167}",0.2099236641221374,1528.5076335877864,sasb_candidate_builder,0f88f5967a978220e8e20321b688cc2b62b52f90dfc12da0171f76ade1d92bac,262,0f88f5967a978220e8e20321b688cc2b62b52f90dfc12da0171f76ade1d92bac,"{""sasb_builder"": 262}",0,0,0,0,{},0.0,"{""common_neighbor_bin_l1"": 0.0, ""degree_product_bin_l1"": 0.0, ""is_boundary_edge_l1"": 0.0, ""is_bridge_edge_l1"": 0.0, ""is_inter_community_edge_l1"": 0.0, ""is_low_common_neighbor_edge_l1"": 0.0, ""mean_l1"": 0.0}",1,32,32,188.84115556127853,0
realworld_completed,bio_celegans,SASB-candidate,sasb,SASB-structured,20260513,197,early,1.0,1.0,0.0,1,1,0,0.09728395061728395,0.09777777777777778,364,377,364--377,30,11,11,30,330,5,0.5,1,4,2,32,"[""96"", ""53"", ""51"", ""60"", ""343"", ""147"", ""118"", ""62"", ""363"", ""220"", ""142"", ""143"", ""144"", ""145"", ""52"", ""82"", ""364"", ""440"", ""83"", ""149"", ""109"", ""121"", ""154"", ""398"", ""85"", ""307"", ""404"", ""322"", ""97"", ""377"", ""111"", ""399""]",c9cb7173abe2fe9773dc7dfcd022a2c37dfa96864ed4d107b94d02ac9de101db,"{""boundary"": 12, ""community_rep"": 6, ""degree_core"": 10, ""random_fill"": 4}","{""degree_3_4"": 1, ""degree_5_8"": 2, ""degree_9_plus"": 29}","{""0"": 2, ""1"": 5, ""2"": 2, ""3"": 7, ""4"": 2, ""5"": 10, ""6"": 1, ""7"": 1, ""8"": 1, ""9"": 1}",262,"{""backend"": ""evaluate_m19_theory_calibrated.candidate_features"", ""delta_mode"": ""none"", ""k_max"": 512, ""k_min"": 64, ""variant"": ""conservative""}",262,0.14332603938730853,1.0,1.0,0.0,0.9465648854961832,"{""dp_17_64"": 0.007633587786259542, ""dp_257_plus"": 0.9389312977099237, ""dp_65_256"": 0.05343511450381679}","{""cn_0"": 0.9389312977099237, ""cn_1"": 0.007633587786259542, ""cn_2_3"": 0.022900763358778626, ""cn_4_8"": 0.030534351145038167}",0.1984732824427481,1524.320610687023,sasb_candidate_builder,2a9053e7744cc125fcfd338fe58208b9cf00866ea6e4a6d868151ec32390e81e,262,2a9053e7744cc125fcfd338fe58208b9cf00866ea6e4a6d868151ec32390e81e,"{""sasb_builder"": 262}",0,0,0,0,{},0.0,"{""common_neighbor_bin_l1"": 0.0, ""degree_product_bin_l1"": 0.0, ""is_boundary_edge_l1"": 0.0, ""is_bridge_edge_l1"": 0.0, ""is_inter_community_edge_l1"": 0.0, ""is_low_common_neighbor_edge_l1"": 0.0, ""mean_l1"": 0.0}",1,32,32,618.3240816502628,0
realworld_completed,bio_celegans,SASB-candidate,sasb,SASB-structured,20260513,198,early,1.0,1.0,0.0,1,1,0,0.09777777777777778,0.09827160493827161,12,53,12--53,6,107,6,107,642,4,0.8,0,9,9,32,"[""96"", ""53"", ""51"", ""60"", ""343"", ""147"", ""118"", ""62"", ""363"", ""220"", ""142"", ""143"", ""144"", ""145"", ""52"", ""82"", ""364"", ""440"", ""83"", ""149"", ""109"", ""121"", ""154"", ""398"", ""85"", ""307"", ""404"", ""322"", ""263"", ""346"", ""253"", ""228""]",7a124e8e8b5fae2aa46fd86a331b243cd6e64f8412f474c12853c15bd4ad5ace,"{""boundary"": 12, ""community_rep"": 6, ""degree_core"": 10, ""random_fill"": 4}","{""degree_3_4"": 1, ""degree_5_8"": 4, ""degree_9_plus"": 27}","{""0"": 1, ""1"": 5, ""2"": 1, ""3"": 8, ""4"": 1, ""5"": 12, ""6"": 1, ""7"": 1, ""8"": 1, ""9"": 1}",262,"{""backend"": ""evaluate_m19_theory_calibrated.candidate_features"", ""delta_mode"": ""none"", ""k_max"": 512, ""k_min"": 64, ""variant"": ""conservative""}",262,0.14340448823207444,1.0,1.0,0.0,0.9465648854961832,"{""dp_17_64"": 0.007633587786259542, ""dp_257_plus"": 0.9351145038167938, ""dp_65_256"": 0.05725190839694656}","{""cn_0"": 0.9389312977099237, ""cn_1"": 0.007633587786259542, ""cn_2_3"": 0.022900763358778626, ""cn_4_8"": 0.030534351145038167}",0.1984732824427481,1521.3167938931297,sasb_candidate_builder,2331c7c054ef67da26943c3bf5420ec29362e4c5c4c48bc445bd15d9f4fa5183,262,2331c7c054ef67da26943c3bf5420ec29362e4c5c4c48bc445bd15d9f4fa5183,"{""sasb_builder"": 262}",0,0,0,0,{},0.0,"{""common_neighbor_bin_l1"": 0.0, ""degree_product_bin_l1"": 0.0, ""is_boundary_edge_l1"": 0.0, ""is_bridge_edge_l1"": 0.0, ""is_inter_community_edge_l1"": 0.0, ""is_low_common_neighbor_edge_l1"": 0.0, ""mean_l1"": 0.0}",1,32,32,168.9179452537594,0
realworld_completed,bio_celegans,SASB-candidate,sasb,SASB-structured,20260513,199,early,1.0,1.0,0.0,1,1,0,0.09827160493827161,0.09876543209876543,12,51,12--51,5,89,5,89,445,3,0.75,0,5,5,32,"[""96"", ""53"", ""51"", ""60"", ""343"", ""147"", ""118"", ""62"", ""363"", ""220"", ""142"", ""143"", ""144"", ""145"", ""52"", ""82"", ""364"", ""440"", ""83"", ""149"", ""109"", ""121"", ""154"", ""398"", ""85"", ""307"", ""404"", ""322"", ""411"", ""123"", ""171"", ""92""]",35f836b13182a212b8b05939430cc6e0b53e45f0f42621a9434bcd0a6a3a7843,"{""boundary"": 12, ""community_rep"": 6, ""degree_core"": 10, ""random_fill"": 4}","{""degree_3_4"": 1, ""degree_5_8"": 3, ""degree_9_plus"": 28}","{""0"": 2, ""1"": 5, ""2"": 1, ""3"": 7, ""4"": 1, ""5"": 11, ""6"": 1, ""7"": 1, ""8"": 1, ""9"": 2}",262,"{""backend"": ""evaluate_m19_theory_calibrated.candidate_features"", ""delta_mode"": ""none"", ""k_max"": 512, ""k_min"": 64, ""variant"": ""conservative""}",262,0.14348302300109528,1.0,1.0,0.0,0.9465648854961832,"{""dp_17_64"": 0.007633587786259542, ""dp_257_plus"": 0.9312977099236641, ""dp_65_256"": 0.061068702290076333}","{""cn_0"": 0.9389312977099237, ""cn_1"": 0.007633587786259542, ""cn_2_3"": 0.030534351145038167, ""cn_4_8"": 0.022900763358778626}",0.18702290076335878,1518.0534351145038,sasb_candidate_builder,38c0ba6442d80ba370ac476c05b7b4dd9ea21dc1699e93004e7428d9bd973d14,262,38c0ba6442d80ba370ac476c05b7b4dd9ea21dc1699e93004e7428d9bd973d14,"{""sasb_builder"": 262}",0,0,0,0,{},0.0,"{""common_neighbor_bin_l1"": 0.0, ""degree_product_bin_l1"": 0.0, ""is_boundary_edge_l1"": 0.0, ""is_bridge_edge_l1"": 0.0, ""is_inter_community_edge_l1"": 0.0, ""is_low_common_neighbor_edge_l1"": 0.0, ""mean_l1"": 0.0}",1,32,32,190.19362409264127,0
realworld_completed,bio_celegans,SASB-candidate,sasb,SASB-structured,20260513,200,early,1.0,1.0,0.0,1,1,0,0.09876543209876543,0.09925925925925926,115,343,115--343,15,72,15,72,1080,4,0.2857142857142857,1,3,5,32,"[""96"", ""53"", ""51"", ""60"", ""343"", ""147"", ""118"", ""62"", ""363"", ""220"", ""364"", ""142"", ""143"", ""144"", ""145"", ""52"", ""82"", ""440"", ""83"", ""149"", ""109"", ""121"", ""154"", ""85"", ""398"", ""404"", ""201"", ""316"", ""387"", ""9"", ""324"", ""115""]",f262d4a2ee1b87b84b4add70f2de642c222e69c4dca0555ac7e416f445c3db1e,"{""boundary"": 12, ""community_rep"": 4, ""degree_core"": 10, ""random_fill"": 6}","{""degree_3_4"": 1, ""degree_5_8"": 5, ""degree_9_plus"": 26}","{""0"": 2, ""1"": 8, ""2"": 1, ""3"": 3, ""4"": 7, ""5"": 8, ""6"": 1, ""7"": 1, ""8"": 1}",262,"{""backend"": ""evaluate_m19_theory_calibrated.candidate_features"", ""delta_mode"": ""none"", ""k_max"": 512, ""k_min"": 64, ""variant"": ""conservative""}",262,0.14356164383561643,1.0,1.0,0.0,0.9389312977099237,"{""dp_17_64"": 0.011450381679389313, ""dp_257_plus"": 0.9198473282442748, ""dp_65_256"": 0.06870229007633588}","{""cn_0"": 0.9122137404580153, ""cn_1"": 0.026717557251908396, ""cn_2_3"": 0.03816793893129771, ""cn_4_8"": 0.022900763358778626}",0.22900763358778625,1480.5839694656488,sasb_candidate_builder,200aef5946563c9222f04066203850c844a913958db7bd1cad884baa5f1c7749,262,200aef5946563c9222f04066203850c844a913958db7bd1cad884baa5f1c7749,"{""sasb_builder"": 262}",0,0,0,0,{},0.0,"{""common_neighbor_bin_l1"": 0.0, ""degree_product_bin_l1"": 0.0, ""is_boundary_edge_l1"": 0.0, ""is_bridge_edge_l1"": 0.0, ""is_inter_community_edge_l1"": 0.0, ""is_low_common_neighbor_edge_l1"": 0.0, ""mean_l1"": 0.0}",1,32,32,856.4422391066868,0
realworld_completed,bio_celegans,SASB-candidate,sasb,SASB-structured,20260513,201,early,1.0,1.0,0.0,1,1,0,0.09925925925925926,0.09975308641975308,343,344,343--344,71,12,12,71,852,6,0.5454545454545454,1,7,4,32,"[""96"", ""53"", ""51"", ""60"", ""343"", ""147"", ""118"", ""62"", ""363"", ""220"", ""364"", ""142"", ""143"", ""144"", ""145"", ""52"", ""82"", ""440"", ""83"", ""149"", ""109"", ""121"", ""154"", ""85"", ""398"", ""404"", ""238"", ""411"", ""327"", ""351"", ""111"", ""344""]",1f1c4c39279054fdcb905d64b99ab24ad56c969a16ee3bbf3b96812547864abd,"{""boundary"": 12, ""community_rep"": 4, ""degree_core"": 10, ""random_fill"": 6}","{""degree_2"": 1, ""degree_3_4"": 1, ""degree_5_8"": 3, ""degree_9_plus"": 27}","{""0"": 2, ""1"": 6, ""2"": 1, ""3"": 1, ""4"": 9, ""5"": 10, ""6"": 1, ""7"": 1, ""8"": 1}",262,"{""backend"": ""evaluate_m19_theory_calibrated.candidate_features"", ""delta_mode"": ""none"", ""k_max"": 512, ""k_min"": 64, ""variant"": ""conservative""}",262,0.14364035087719298,1.0,1.0,0.0,0.9427480916030534,"{""dp_17_64"": 0.011450381679389313, ""dp_257_plus"": 0.9198473282442748, ""dp_65_256"": 0.06870229007633588}","{""cn_0"": 0.916030534351145, ""cn_1"": 0.026717557251908396, ""cn_2_3"": 0.03816793893129771, ""cn_4_8"": 0.019083969465648856}",0.21374045801526717,1476.328244274809,sasb_candidate_builder,512ad38c40bb87f78dc8971c3dfef2efa603311b772c9ddb3917fea0c8ecf3d2,262,512ad38c40bb87f78dc8971c3dfef2efa603311b772c9ddb3917fea0c8ecf3d2,"{""sasb_builder"": 262}",0,0,0,0,{},0.0,"{""common_neighbor_bin_l1"": 0.0, ""degree_product_bin_l1"": 0.0, ""is_boundary_edge_l1"": 0.0, ""is_bridge_edge_l1"": 0.0, ""is_inter_community_edge_l1"": 0.0, ""is_low_common_neighbor_edge_l1"": 0.0, ""mean_l1"": 0.0}",1,32,32,783.6236849197383,0
realworld_completed,bio_celegans,SASB-candidate,sasb,SASB-structured,20260513,202,early,1.0,1.0,0.0,1,1,0,0.09975308641975308,0.10024691358024691,24,60,24--60,6,57,6,57,342,3,0.6,1,3,4,32,"[""96"", ""53"", ""51"", ""60"", ""343"", ""147"", ""118"", ""62"", ""363"", ""220"", ""364"", ""142"", ""143"", ""144"", ""145"", ""52"", ""82"", ""440"", ""83"", ""149"", ""109"", ""121"", ""154"", ""85"", ""398"", ""404"", ""78"", ""192"", ""81"", ""115"", ""24"", ""71""]",9979aa89971301b0964137282422a5ce4addd535e1b1bfad37ddc68f58a2528d,"{""boundary"": 12, ""community_rep"": 4, ""degree_core"": 10, ""random_fill"": 6}","{""degree_3_4"": 1, ""degree_5_8"": 4, ""degree_9_plus"": 27}","{""0"": 1, ""1"": 7, ""2"": 1, ""3"": 3, ""4"": 7, ""5"": 8, ""6"": 2, ""7"": 2, ""8"": 1}",262,"{""backend"": ""evaluate_m19_theory_calibrated.candidate_features"", ""delta_mode"": ""none"", ""k_max"": 512, ""k_min"": 64, ""variant"": ""conservative""}",262,0.1437191442676906,1.0,1.0,0.0,0.950381679389313,"{""dp_17_64"": 0.011450381679389313, ""dp_257_plus"": 0.9198473282442748, ""dp_65_256"": 0.06870229007633588}","{""cn_0"": 0.9236641221374046, ""cn_1"": 0.026717557251908396, ""cn_2_3"": 0.03816793893129771, ""cn_4_8"": 0.011450381679389313}",0.1717557251908397,1480.2137404580153,sasb_candidate_builder,ac223da8385b8482bff52313418eaa29583f0f67b9d0a55289604e17e927738c,262,ac223da8385b8482bff52313418eaa29583f0f67b9d0a55289604e17e927738c,"{""sasb_builder"": 262}",0,0,0,0,{},0.0,"{""common_neighbor_bin_l1"": 0.0, ""degree_product_bin_l1"": 0.0, ""is_boundary_edge_l1"": 0.0, ""is_bridge_edge_l1"": 0.0, ""is_inter_community_edge_l1"": 0.0, ""is_low_common_neighbor_edge_l1"": 0.0, ""mean_l1"": 0.0}",1,32,32,2064.3792235233136,0
realworld_completed,bio_celegans,SASB-candidate,sasb,SASB-structured,20260513,203,early,1.0,1.0,0.0,1,1,0,0.10024691358024691,0.10074074074074074,289,343,289--343,4,70,4,70,280,1,0.3333333333333333,1,7,6,32,"[""96"", ""53"", ""51"", ""60"", ""343"", ""147"", ""118"", ""62"", ""363"", ""220"", ""364"", ""142"", ""143"", ""144"", ""145"", ""52"", ""82"", ""440"", ""83"", ""149"", ""109"", ""121"", ""154"", ""85"", ""398"", ""404"", ""281"", ""197"", ""44"", ""248"", ""407"", ""37""]",e898b269d88760976f690bfc9b030fe5917efff6a8b774a90eb108d383a818ee,"{""boundary"": 12, ""community_rep"": 4, ""degree_core"": 10, ""random_fill"": 6}","{""degree_3_4"": 3, ""degree_5_8"": 3, ""degree_9_plus"": 26}","{""0"": 1, ""1"": 7, ""2"": 1, ""3"": 1, ""4"": 7, ""5"": 11, ""6"": 1, ""7"": 1, ""8"": 2}",262,"{""backend"": ""evaluate_m19_theory_calibrated.candidate_features"", ""delta_mode"": ""none"", ""k_max"": 512, ""k_min"": 64, ""variant"": ""conservative""}",262,0.1437980241492865,1.0,1.0,0.0,0.9580152671755725,"{""dp_17_64"": 0.011450381679389313, ""dp_257_plus"": 0.9198473282442748, ""dp_65_256"": 0.06870229007633588}","{""cn_0"": 0.9274809160305344, ""cn_1"": 0.030534351145038167, ""cn_2_3"": 0.030534351145038167, ""cn_4_8"": 0.011450381679389313}",0.15648854961832062,1483.671755725191,sasb_candidate_builder,02f5557f19349e10e3fe975aafd185cf8ba7de264503ca7566d13cab4706a62a,262,02f5557f19349e10e3fe975aafd185cf8ba7de264503ca7566d13cab4706a62a,"{""sasb_builder"": 262}",0,0,0,0,{},0.0,"{""common_neighbor_bin_l1"": 0.0, ""degree_product_bin_l1"": 0.0, ""is_boundary_edge_l1"": 0.0, ""is_bridge_edge_l1"": 0.0, ""is_inter_community_edge_l1"": 0.0, ""is_low_common_neighbor_edge_l1"": 0.0, ""mean_l1"": 0.0}",1,32,32,632.0395653760534,0
realworld_completed,bio_celegans,SASB-candidate,sasb,SASB-structured,20260513,204,early,1.0,1.0,0.0,1,1,0,0.10074074074074074,0.10123456790123457,230,343,230--343,10,69,10,69,690,5,0.5555555555555556,1,4,0,32,"[""96"", ""53"", ""51"", ""60"", ""343"", ""147"", ""118"", ""62"", ""363"", ""220"", ""364"", ""142"", ""143"", ""144"", ""145"", ""52"", ""82"", ""440"", ""83"", ""149"", ""109"", ""121"", ""154"", ""85"", ""398"", ""404"", ""1"", ""230"", ""115"", ""374"", ""88"", ""443""]",fdb341b081c86585f10f402ee9b49a0244c2f71a7d5eba478948e955a555d515,"{""boundary"": 12, ""community_rep"": 4, ""degree_core"": 10, ""random_fill"": 6}","{""degree_2"": 2, ""degree_3_4"": 1, ""degree_5_8"": 2, ""degree_9_plus"": 27}","{""0"": 1, ""1"": 7, ""2"": 1, ""3"": 2, ""4"": 7, ""5"": 9, ""6"": 2, ""7"": 1, ""8"": 2}",261,"{""backend"": ""evaluate_m19_theory_calibrated.candidate_features"", ""delta_mode"": ""none"", ""k_max"": 512, ""k_min"": 64, ""variant"": ""conservative""}",261,0.14332784184514002,1.0,1.0,0.0,0.9578544061302682,"{""dp_17_64"": 0.011494252873563218, ""dp_257_plus"": 0.9195402298850575, ""dp_65_256"": 0.06896551724137931}","{""cn_0"": 0.9348659003831418, ""cn_1"": 0.022988505747126436, ""cn_2_3"": 0.03065134099616858, ""cn_4_8"": 0.011494252873563218}",0.14942528735632185,1486.9195402298851,sasb_candidate_builder,3a1d092ae0dc12c5b28ee63e7e86549cabebf94541a61436b48c5ce5c585b2be,261,3a1d092ae0dc12c5b28ee63e7e86549cabebf94541a61436b48c5ce5c585b2be,"{""sasb_builder"": 261}",0,0,0,0,{},0.0,"{""common_neighbor_bin_l1"": 0.0, ""degree_product_bin_l1"": 0.0, ""is_boundary_edge_l1"": 0.0, ""is_bridge_edge_l1"": 0.0, ""is_inter_community_edge_l1"": 0.0, ""is_low_common_neighbor_edge_l1"": 0.0, ""mean_l1"": 0.0}",1,32,32,917.5694650989186,0
realworld_completed,bio_celegans,SASB-candidate,sasb,SASB-structured,20260513,205,early,1.0,1.0,0.0,1,1,0,0.10123456790123457,0.1017283950617284,343,365,343--365,68,4,4,68,272,0,0.0,1,6,7,32,"[""96"", ""53"", ""51"", ""60"", ""343"", ""147"", ""118"", ""62"", ""363"", ""220"", ""364"", ""142"", ""143"", ""144"", ""145"", ""52"", ""82"", ""440"", ""83"", ""149"", ""109"", ""121"", ""154"", ""85"", ""398"", ""404"", ""43"", ""423"", ""177"", ""218"", ""212"", ""251""]",6b1bb2f3b996ddb03ed43092299b17b9610e6be0d0b3446c54169a538538648a,"{""boundary"": 12, ""community_rep"": 4, ""degree_core"": 10, ""random_fill"": 6}","{""degree_0_1"": 1, ""degree_3_4"": 2, ""degree_5_8"": 4, ""degree_9_plus"": 25}","{""0"": 1, ""1"": 8, ""2"": 1, ""3"": 2, ""4"": 6, ""5"": 11, ""6"": 1, ""7"": 1, ""8"": 1}",261,"{""backend"": ""evaluate_m19_theory_calibrated.candidate_features"", ""delta_mode"": ""none"", ""k_max"": 512, ""k_min"": 64, ""variant"": ""conservative""}",261,0.1434065934065934,1.0,1.0,0.0,0.9616858237547893,"{""dp_17_64"": 0.011494252873563218, ""dp_257_plus"": 0.9195402298850575, ""dp_65_256"": 0.06896551724137931}","{""cn_0"": 0.9386973180076629, ""cn_1"": 0.022988505747126436, ""cn_2_3"": 0.03065134099616858, ""cn_4_8"": 0.007662835249042145}",0.13026819923371646,1487.463601532567,sasb_candidate_builder,2d7d5713407c38ef5c8cf0b9bf403864b1f451db2a1cc5c0e9dac3041815da52,261,2d7d5713407c38ef5c8cf0b9bf403864b1f451db2a1cc5c0e9dac3041815da52,"{""sasb_builder"": 261}",0,0,0,0,{},0.0,"{""common_neighbor_bin_l1"": 0.0, ""degree_product_bin_l1"": 0.0, ""is_boundary_edge_l1"": 0.0, ""is_bridge_edge_l1"": 0.0, ""is_inter_community_edge_l1"": 0.0, ""is_low_common_neighbor_edge_l1"": 0.0, ""mean_l1"": 0.0}",1,32,32,775.7465949875855,0
realworld_completed,bio_celegans,SASB-candidate,sasb,SASB-structured,20260513,206,early,1.0,1.0,0.0,1,1,0,0.1017283950617284,0.10222222222222223,24,440,24--440,5,29,5,29,145,1,0.25,1,3,1,32,"[""96"", ""53"", ""51"", ""60"", ""343"", ""147"", ""118"", ""62"", ""363"", ""220"", ""364"", ""142"", ""143"", ""144"", ""145"", ""52"", ""82"", ""440"", ""83"", ""149"", ""109"", ""121"", ""154"", ""85"", ""398"", ""404"", ""402"", ""336"", ""403"", ""217"", ""313"", ""16""]",5c7493fc42f4d6050fba01aa3fd30d573d11cebd756f6a342897bc64824004d6,"{""boundary"": 12, ""community_rep"": 4, ""degree_core"": 10, ""random_fill"": 6}","{""degree_3_4"": 3, ""degree_5_8"": 3, ""degree_9_plus"": 26}","{""0"": 2, ""1"": 7, ""2"": 1, ""3"": 2, ""4"": 7, ""5"": 10, ""6"": 1, ""7"": 1, ""8"": 1}",261,"{""backend"": ""evaluate_m19_theory_calibrated.candidate_features"", ""delta_mode"": ""none"", ""k_max"": 512, ""k_min"": 64, ""variant"": ""conservative""}",261,0.1434854315557999,1.0,1.0,0.0,0.9616858237547893,"{""dp_17_64"": 0.011494252873563218, ""dp_257_plus"": 0.9195402298850575, ""dp_65_256"": 0.06896551724137931}","{""cn_0"": 0.9386973180076629, ""cn_1"": 0.022988505747126436, ""cn_2_3"": 0.03065134099616858, ""cn_4_8"": 0.007662835249042145}",0.13026819923371646,1491.11877394636,sasb_candidate_builder,b0c0b2620f66b899a33d44c479d698051485767d0754cf771d5e84bbea1d8fe7,261,b0c0b2620f66b899a33d44c479d698051485767d0754cf771d5e84bbea1d8fe7,"{""sasb_builder"": 261}",0,0,0,0,{},0.0,"{""common_neighbor_bin_l1"": 0.0, ""degree_product_bin_l1"": 0.0, ""is_boundary_edge_l1"": 0.0, ""is_bridge_edge_l1"": 0.0, ""is_inter_community_edge_l1"": 0.0, ""is_low_common_neighbor_edge_l1"": 0.0, ""mean_l1"": 0.0}",1,32,32,244.71771836388794,0
realworld_completed,bio_celegans,SASB-candidate,sasb,SASB-structured,20260513,207,early,1.0,1.0,0.0,1,1,0,0.10222222222222223,0.10271604938271604,104,118,104--118,11,44,11,44,484,4,0.4,1,4,3,32,"[""96"", ""53"", ""51"", ""60"", ""343"", ""147"", ""118"", ""62"", ""363"", ""220"", ""364"", ""142"", ""143"", ""144"", ""145"", ""52"", ""82"", ""83"", ""440"", ""149"", ""109"", ""121"", ""154"", ""85"", ""398"", ""404"", ""430"", ""71"", ""211"", ""412"", ""29"", ""334""]",d10e55fdb936e91d3366672b2b2ae69c8db19161df7c9f609264eb6a104648a6,"{""boundary"": 12, ""community_rep"": 4, ""degree_core"": 10, ""random_fill"": 6}","{""degree_2"": 1, ""degree_3_4"": 1, ""degree_5_8"": 4, ""degree_9_plus"": 26}","{""0"": 2, ""1"": 7, ""2"": 1, ""3"": 1, ""4"": 7, ""5"": 10, ""6"": 2, ""7"": 1, ""8"": 1}",261,"{""backend"": ""evaluate_m19_theory_calibrated.candidate_features"", ""delta_mode"": ""none"", ""k_max"": 512, ""k_min"": 64, ""variant"": ""conservative""}",261,0.14356435643564355,1.0,1.0,0.0,0.9578544061302682,"{""dp_17_64"": 0.011494252873563218, ""dp_257_plus"": 0.9233716475095786, ""dp_65_256"": 0.06513409961685823}","{""cn_0"": 0.9386973180076629, ""cn_1"": 0.019157088122605363, ""cn_2_3"": 0.03065134099616858, ""cn_4_8"": 0.011494252873563218}",0.1417624521072797,1491.6666666666667,sasb_candidate_builder,9d41ccb8b15ce163deaa3828440dd6450e8ee9dc68a6322fb5465a0250d0ec32,261,9d41ccb8b15ce163deaa3828440dd6450e8ee9dc68a6322fb5465a0250d0ec32,"{""sasb_builder"": 261}",0,0,0,0,{},0.0,"{""common_neighbor_bin_l1"": 0.0, ""degree_product_bin_l1"": 0.0, ""is_boundary_edge_l1"": 0.0, ""is_bridge_edge_l1"": 0.0, ""is_inter_community_edge_l1"": 0.0, ""is_low_common_neighbor_edge_l1"": 0.0, ""mean_l1"": 0.0}",1,32,32,255.41502859683726,0
realworld_completed,bio_celegans,SASB-candidate,sasb,SASB-structured,20260513,208,early,1.0,1.0,0.0,1,1,0,0.10271604938271604,0.10320987654320987,118,325,118--325,43,14,14,43,602,3,0.23076923076923078,1,3,4,32,"[""96"", ""53"", ""51"", ""60"", ""343"", ""147"", ""62"", ""118"", ""363"", ""220"", ""364"", ""142"", ""143"", ""144"", ""145"", ""52"", ""82"", ""83"", ""440"", ""149"", ""109"", ""121"", ""154"", ""85"", ""398"", ""404"", ""194"", ""15"", ""153"", ""328"", ""169"", ""278""]",4a4d45c6c89e8be03920079b7ff62bdc73015deaba17535e9f74d2d726d7dbd5,"{""boundary"": 12, ""community_rep"": 4, ""degree_core"": 10, ""random_fill"": 6}","{""degree_2"": 1, ""degree_3_4"": 4, ""degree_5_8"": 1, ""degree_9_plus"": 26}","{""0"": 2, ""1"": 6, ""2"": 2, ""3"": 2, ""4"": 7, ""5"": 9, ""6"": 1, ""7"": 2, ""8"": 1}",261,"{""backend"": ""evaluate_m19_theory_calibrated.candidate_features"", ""delta_mode"": ""none"", ""k_max"": 512, ""k_min"": 64, ""variant"": ""conservative""}",261,0.14364336818932305,1.0,1.0,0.0,0.9693486590038314,"{""dp_17_64"": 0.011494252873563218, ""dp_257_plus"": 0.9195402298850575, ""dp_65_256"": 0.06896551724137931}","{""cn_0"": 0.9425287356321839, ""cn_1"": 0.02681992337164751, ""cn_2_3"": 0.02681992337164751, ""cn_4_8"": 0.0038314176245210726}",0.11494252873563218,1489.8582375478927,sasb_candidate_builder,42887f1f2d5634bb03d3ced75381fb18f373e0c47f529edae502dea899f13c7d,261,42887f1f2d5634bb03d3ced75381fb18f373e0c47f529edae502dea899f13c7d,"{""sasb_builder"": 261}",0,0,0,0,{},0.0,"{""common_neighbor_bin_l1"": 0.0, ""degree_product_bin_l1"": 0.0, ""is_boundary_edge_l1"": 0.0, ""is_bridge_edge_l1"": 0.0, ""is_inter_community_edge_l1"": 0.0, ""is_low_common_neighbor_edge_l1"": 0.0, ""mean_l1"": 0.0}",1,32,32,311.43360515263095,0
realworld_completed,bio_celegans,SASB-candidate,sasb,SASB-structured,20260513,209,early,1.0,1.0,0.0,1,1,0,0.10320987654320987,0.1037037037037037,118,126,118--126,42,6,6,42,252,1,0.2,1,6,4,32,"[""96"", ""53"", ""51"", ""60"", ""343"", ""147"", ""62"", ""118"", ""363"", ""220"", ""364"", ""142"", ""143"", ""144"", ""145"", ""52"", ""82"", ""83"", ""440"", ""149"", ""109"", ""121"", ""154"", ""85"", ""398"", ""404"", ""185"", ""430"", ""366"", ""439"", ""310"", ""250""]",c4bef464d6f4707adff5e5ebba800dca6abc52959f96e08d60707c734e00601e,"{""boundary"": 12, ""community_rep"": 4, ""degree_core"": 10, ""random_fill"": 6}","{""degree_3_4"": 2, ""degree_5_8"": 4, ""degree_9_plus"": 26}","{""0"": 1, ""1"": 7, ""2"": 1, ""3"": 2, ""4"": 7, ""5"": 9, ""6"": 3, ""7"": 1, ""8"": 1}",261,"{""backend"": ""evaluate_m19_theory_calibrated.candidate_features"", ""delta_mode"": ""none"", ""k_max"": 512, ""k_min"": 64, ""variant"": ""conservative""}",261,0.14372246696035243,1.0,1.0,0.0,0.9693486590038314,"{""dp_17_64"": 0.011494252873563218, ""dp_257_plus"": 0.9042145593869731, ""dp_65_256"": 0.0842911877394636}","{""cn_0"": 0.946360153256705, ""cn_1"": 0.022988505747126436, ""cn_2_3"": 0.02681992337164751, ""cn_4_8"": 0.0038314176245210726}",0.10727969348659004,1486.4061302681991,sasb_candidate_builder,257e880ede23dde6aa3743ed7af04661ece1fcb8fa12826fda4da8766ad22707,261,257e880ede23dde6aa3743ed7af04661ece1fcb8fa12826fda4da8766ad22707,"{""sasb_builder"": 261}",0,0,0,0,{},0.0,"{""common_neighbor_bin_l1"": 0.0, ""degree_product_bin_l1"": 0.0, ""is_boundary_edge_l1"": 0.0, ""is_bridge_edge_l1"": 0.0, ""is_inter_community_edge_l1"": 0.0, ""is_low_common_neighbor_edge_l1"": 0.0, ""mean_l1"": 0.0}",1,32,32,224.7157126536095,0
realworld_completed,bio_celegans,SASB-candidate,sasb,SASB-structured,20260513,210,early,1.0,1.0,0.0,1,1,0,0.1037037037037037,0.10419753086419753,149,362,149--362,24,6,6,24,144,2,0.4,1,1,5,32,"[""96"", ""53"", ""60"", ""51"", ""343"", ""147"", ""363"", ""62"", ""118"", ""220"", ""364"", ""142"", ""143"", ""144"", ""145"", ""52"", ""82"", ""83"", ""440"", ""149"", ""109"", ""121"", ""154"", ""398"", ""85"", ""307"", ""404"", ""322"", ""397"", ""43"", ""103"", ""231""]",ab3cb8242c0b4d97f2cd8927e42593955dfce404d14389ab2eb529204135d69d,"{""boundary"": 12, ""community_rep"": 6, ""degree_core"": 10, ""random_fill"": 4}","{""degree_0_1"": 1, ""degree_2"": 1, ""degree_3_4"": 1, ""degree_5_8"": 2, ""degree_9_plus"": 27}","{""0"": 2, ""1"": 8, ""2"": 1, ""3"": 9, ""4"": 6, ""5"": 2, ""6"": 1, ""7"": 1, ""8"": 1, ""9"": 1}",261,"{""backend"": ""evaluate_m19_theory_calibrated.candidate_features"", ""delta_mode"": ""none"", ""k_max"": 512, ""k_min"": 64, ""variant"": ""conservative""}",261,0.14380165289256197,1.0,1.0,0.0,0.9616858237547893,"{""dp_17_64"": 0.019157088122605363, ""dp_257_plus"": 0.9042145593869731, ""dp_65_256"": 0.07662835249042145}","{""cn_0"": 0.946360153256705, ""cn_1"": 0.01532567049808429, ""cn_2_3"": 0.02681992337164751, ""cn_4_8"": 0.011494252873563218}",0.13026819923371646,1522.1072796934866,sasb_candidate_builder,a075271e522830d363a372c0f2628bf6bd091d0062f1552c764be891cbc96abe,261,a075271e522830d363a372c0f2628bf6bd091d0062f1552c764be891cbc96abe,"{""sasb_builder"": 261}",0,0,0,0,{},0.0,"{""common_neighbor_bin_l1"": 0.0, ""degree_product_bin_l1"": 0.0, ""is_boundary_edge_l1"": 0.0, ""is_bridge_edge_l1"": 0.0, ""is_inter_community_edge_l1"": 0.0, ""is_low_common_neighbor_edge_l1"": 0.0, ""mean_l1"": 0.0}",1,32,32,617.229362167317,0
realworld_completed,bio_celegans,SASB-candidate,sasb,SASB-structured,20260513,211,early,1.0,1.0,0.0,1,1,0,0.10419753086419753,0.10469135802469136,14,147,14--147,3,51,3,51,153,1,0.5,1,1,3,32,"[""96"", ""53"", ""60"", ""51"", ""343"", ""147"", ""363"", ""62"", ""118"", ""220"", ""364"", ""142"", ""143"", ""144"", ""145"", ""52"", ""82"", ""83"", ""440"", ""109"", ""149"", ""121"", ""154"", ""398"", ""85"", ""307"", ""404"", ""322"", ""299"", ""414"", ""324"", ""207""]",26f5cf15c40e9f62bbded0e4bb9dc8a0f2ce5fd0d0d46d65547b96c9cf021adf,"{""boundary"": 12, ""community_rep"": 6, ""degree_core"": 10, ""random_fill"": 4}","{""degree_3_4"": 2, ""degree_5_8"": 3, ""degree_9_plus"": 27}","{""0"": 1, ""1"": 7, ""2"": 2, ""3"": 9, ""4"": 8, ""5"": 1, ""6"": 1, ""7"": 1, ""8"": 1, ""9"": 1}",261,"{""backend"": ""evaluate_m19_theory_calibrated.candidate_features"", ""delta_mode"": ""none"", ""k_max"": 512, ""k_min"": 64, ""variant"": ""conservative""}",261,0.14388092613009923,1.0,1.0,0.0,0.9655172413793104,"{""dp_17_64"": 0.019157088122605363, ""dp_257_plus"": 0.9042145593869731, ""dp_65_256"": 0.07662835249042145}","{""cn_0"": 0.946360153256705, ""cn_1"": 0.019157088122605363, ""cn_2_3"": 0.022988505747126436, ""cn_4_8"": 0.011494252873563218}",0.12643678160919541,1520.4329501915709,sasb_candidate_builder,ab5b8219d6982a2fad4ec201b079541b07d27f45575e9a9a2f2ad7a3979a53bd,261,ab5b8219d6982a2fad4ec201b079541b07d27f45575e9a9a2f2ad7a3979a53bd,"{""sasb_builder"": 261}",0,0,0,0,{},0.0,"{""common_neighbor_bin_l1"": 0.0, ""degree_product_bin_l1"": 0.0, ""is_boundary_edge_l1"": 0.0, ""is_bridge_edge_l1"": 0.0, ""is_inter_community_edge_l1"": 0.0, ""is_low_common_neighbor_edge_l1"": 0.0, ""mean_l1"": 0.0}",1,32,32,341.41498363768585,0
realworld_completed,bio_celegans,SASB-candidate,sasb,SASB-structured,20260513,212,early,1.0,1.0,0.0,1,1,0,0.10469135802469136,0.10518518518518519,118,139,118--139,41,5,5,41,205,0,0.0,1,3,4,32,"[""96"", ""53"", ""60"", ""51"", ""343"", ""363"", ""147"", ""62"", ""118"", ""220"", ""364"", ""142"", ""143"", ""144"", ""145"", ""52"", ""82"", ""83"", ""440"", ""109"", ""149"", ""121"", ""154"", ""398"", ""85"", ""307"", ""404"", ""322"", ""135"", ""133"", ""291"", ""294""]",bca604c79f24cd7e1156268d357323ef7c0ccbad0b3d72bff488f3adcd9f195c,"{""boundary"": 12, ""community_rep"": 6, ""degree_core"": 10, ""random_fill"": 4}","{""degree_3_4"": 2, ""degree_5_8"": 3, ""degree_9_plus"": 27}","{""0"": 2, ""1"": 6, ""2"": 1, ""3"": 10, ""4"": 6, ""5"": 2, ""6"": 1, ""7"": 1, ""8"": 2, ""9"": 1}",261,"{""backend"": ""evaluate_m19_theory_calibrated.candidate_features"", ""delta_mode"": ""none"", ""k_max"": 512, ""k_min"": 64, ""variant"": ""conservative""}",261,0.14396028681742967,1.0,1.0,0.0,0.9655172413793104,"{""dp_17_64"": 0.019157088122605363, ""dp_257_plus"": 0.9080459770114943, ""dp_65_256"": 0.07279693486590039}","{""cn_0"": 0.9501915708812261, ""cn_1"": 0.01532567049808429, ""cn_2_3"": 0.022988505747126436, ""cn_4_8"": 0.011494252873563218}",0.12260536398467432,1520.4750957854405,sasb_candidate_builder,22428dee16a4255e9c5cb1b8aa97179254867040da036818e01e2a296b388fcd,261,22428dee16a4255e9c5cb1b8aa97179254867040da036818e01e2a296b388fcd,"{""sasb_builder"": 261}",0,0,0,0,{},0.0,"{""common_neighbor_bin_l1"": 0.0, ""degree_product_bin_l1"": 0.0, ""is_boundary_edge_l1"": 0.0, ""is_bridge_edge_l1"": 0.0, ""is_inter_community_edge_l1"": 0.0, ""is_low_common_neighbor_edge_l1"": 0.0, ""mean_l1"": 0.0}",1,32,32,255.93258874768685,0
realworld_completed,bio_celegans,SASB-candidate,sasb,SASB-structured,20260513,213,early,1.0,1.0,0.0,1,1,0,0.10518518518518519,0.10567901234567902,118,224,118--224,40,5,5,40,200,1,0.25,1,3,1,32,"[""96"", ""53"", ""60"", ""51"", ""343"", ""363"", ""147"", ""62"", ""118"", ""220"", ""364"", ""142"", ""143"", ""144"", ""145"", ""52"", ""82"", ""83"", ""440"", ""109"", ""149"", ""121"", ""154"", ""398"", ""85"", ""307"", ""404"", ""322"", ""38"", ""281"", ""352"", ""333""]",a960fe7b36c5d703ec899fcdfc44e76caefa3d72867b27840e4601209355f191,"{""boundary"": 12, ""community_rep"": 6, ""degree_core"": 10, ""random_fill"": 4}","{""degree_3_4"": 2, ""degree_5_8"": 2, ""degree_9_plus"": 28}","{""0"": 3, ""1"": 6, ""2"": 1, ""3"": 10, ""4"": 6, ""5"": 1, ""6"": 1, ""7"": 1, ""8"": 2, ""9"": 1}",261,"{""backend"": ""evaluate_m19_theory_calibrated.candidate_features"", ""delta_mode"": ""none"", ""k_max"": 512, ""k_min"": 64, ""variant"": ""conservative""}",261,0.14403973509933773,1.0,1.0,0.0,0.9655172413793104,"{""dp_17_64"": 0.019157088122605363, ""dp_257_plus"": 0.9118773946360154, ""dp_65_256"": 0.06896551724137931}","{""cn_0"": 0.9501915708812261, ""cn_1"": 0.01532567049808429, ""cn_2_3"": 0.022988505747126436, ""cn_4_8"": 0.011494252873563218}",0.12260536398467432,1520.0689655172414,sasb_candidate_builder,8f23500a6af83a37fd88c1e35b7d04e91501aa6874ec203d35b5690d677771f6,261,8f23500a6af83a37fd88c1e35b7d04e91501aa6874ec203d35b5690d677771f6,"{""sasb_builder"": 261}",0,0,0,0,{},0.0,"{""common_neighbor_bin_l1"": 0.0, ""degree_product_bin_l1"": 0.0, ""is_boundary_edge_l1"": 0.0, ""is_bridge_edge_l1"": 0.0, ""is_inter_community_edge_l1"": 0.0, ""is_low_common_neighbor_edge_l1"": 0.0, ""mean_l1"": 0.0}",1,32,32,206.93526874697088,0
realworld_completed,bio_celegans,SASB-candidate,sasb,SASB-structured,20260513,214,early,1.0,1.0,0.0,1,1,0,0.10567901234567902,0.10617283950617284,51,61,51--61,88,15,15,88,1320,7,0.5,0,2,2,32,"[""96"", ""53"", ""60"", ""51"", ""343"", ""363"", ""147"", ""62"", ""220"", ""118"", ""364"", ""142"", ""143"", ""144"", ""145"", ""52"", ""82"", ""83"", ""440"", ""109"", ""149"", ""121"", ""154"", ""398"", ""85"", ""307"", ""404"", ""322"", ""160"", ""397"", ""348"", ""289""]",824b38cd377c120b6eace287400cf6d97c82a898c2bb360ea2aab1afeb4842a8,"{""boundary"": 12, ""community_rep"": 6, ""degree_core"": 10, ""random_fill"": 4}","{""degree_3_4"": 1, ""degree_5_8"": 2, ""degree_9_plus"": 29}","{""0"": 1, ""1"": 7, ""2"": 3, ""3"": 9, ""4"": 6, ""5"": 1, ""6"": 1, ""7"": 2, ""8"": 1, ""9"": 1}",261,"{""backend"": ""evaluate_m19_theory_calibrated.candidate_features"", ""delta_mode"": ""none"", ""k_max"": 512, ""k_min"": 64, ""variant"": ""conservative""}",261,0.14411927112092768,1.0,1.0,0.0,0.9616858237547893,"{""dp_17_64"": 0.019157088122605363, ""dp_257_plus"": 0.9157088122605364, ""dp_65_256"": 0.06513409961685823}","{""cn_0"": 0.9501915708812261, ""cn_1"": 0.011494252873563218, ""cn_2_3"": 0.022988505747126436, ""cn_4_8"": 0.01532567049808429}",0.14559386973180077,1522.5095785440612,sasb_candidate_builder,70754b4eb494c473c61b7384b267b88f723e07f79d563913e6d41b25959d9057,261,70754b4eb494c473c61b7384b267b88f723e07f79d563913e6d41b25959d9057,"{""sasb_builder"": 261}",0,0,0,0,{},0.0,"{""common_neighbor_bin_l1"": 0.0, ""degree_product_bin_l1"": 0.0, ""is_boundary_edge_l1"": 0.0, ""is_bridge_edge_l1"": 0.0, ""is_inter_community_edge_l1"": 0.0, ""is_low_common_neighbor_edge_l1"": 0.0, ""mean_l1"": 0.0}",1,32,32,881.2456331806471,0
realworld_completed,bio_celegans,SASB-candidate,sasb,SASB-structured,20260513,215,early,1.0,1.0,0.0,1,1,0,0.10617283950617284,0.10666666666666667,144,388,144--388,54,11,11,54,594,3,0.3,1,1,3,32,"[""96"", ""53"", ""60"", ""51"", ""343"", ""363"", ""147"", ""62"", ""220"", ""118"", ""364"", ""142"", ""143"", ""144"", ""145"", ""52"", ""82"", ""83"", ""440"", ""109"", ""149"", ""121"", ""154"", ""398"", ""85"", ""307"", ""404"", ""322"", ""414"", ""168"", ""192"", ""219""]",f04eb8a5ea4208d07f32efa72ea0b3ae03ebfb3927b043f00cf3e6a7aa6f9c6e,"{""boundary"": 12, ""community_rep"": 6, ""degree_core"": 10, ""random_fill"": 4}","{""degree_3_4"": 1, ""degree_5_8"": 3, ""degree_9_plus"": 28}","{""0"": 1, ""1"": 10, ""2"": 1, ""3"": 9, ""4"": 6, ""5"": 1, ""6"": 1, ""7"": 1, ""8"": 1, ""9"": 1}",261,"{""backend"": ""evaluate_m19_theory_calibrated.candidate_features"", ""delta_mode"": ""none"", ""k_max"": 512, ""k_min"": 64, ""variant"": ""conservative""}",261,0.1441988950276243,1.0,1.0,0.0,0.9655172413793104,"{""dp_17_64"": 0.019157088122605363, ""dp_257_plus"": 0.9157088122605364, ""dp_65_256"": 0.06513409961685823}","{""cn_0"": 0.9540229885057471, ""cn_1"": 0.011494252873563218, ""cn_2_3"": 0.022988505747126436, ""cn_4_8"": 0.011494252873563218}",0.11877394636015326,1519.7739463601533,sasb_candidate_builder,5b48b1fde9f72783af5f12c607d2c59c6cff0c0f2d3f2ca051a8be1dbd17ce4d,261,5b48b1fde9f72783af5f12c607d2c59c6cff0c0f2d3f2ca051a8be1dbd17ce4d,"{""sasb_builder"": 261}",0,0,0,0,{},0.0,"{""common_neighbor_bin_l1"": 0.0, ""degree_product_bin_l1"": 0.0, ""is_boundary_edge_l1"": 0.0, ""is_bridge_edge_l1"": 0.0, ""is_inter_community_edge_l1"": 0.0, ""is_low_common_neighbor_edge_l1"": 0.0, ""mean_l1"": 0.0}",1,32,32,164.13410221935243,0
realworld_completed,bio_celegans,SASB-candidate,sasb,SASB-structured,20260513,216,early,1.0,1.0,0.0,1,1,0,0.10666666666666667,0.10716049382716049,343,449,343--449,67,4,4,67,268,2,0.6666666666666666,1,3,7,32,"[""96"", ""53"", ""60"", ""51"", ""343"", ""363"", ""147"", ""62"", ""220"", ""118"", ""364"", ""142"", ""143"", ""145"", ""144"", ""52"", ""82"", ""83"", ""440"", ""109"", ""149"", ""121"", ""154"", ""398"", ""85"", ""307"", ""404"", ""322"", ""81"", ""438"", ""449"", ""216""]",08e78de8a5e5e0f25b6e393a173e55e8313ac54266beb913491e209bf7662569,"{""boundary"": 12, ""community_rep"": 6, ""degree_core"": 10, ""random_fill"": 4}","{""degree_3_4"": 2, ""degree_5_8"": 3, ""degree_9_plus"": 27}","{""0"": 1, ""1"": 7, ""2"": 1, ""3"": 10, ""4"": 7, ""5"": 1, ""6"": 1, ""7"": 2, ""8"": 1, ""9"": 1}",261,"{""backend"": ""evaluate_m19_theory_calibrated.candidate_features"", ""delta_mode"": ""none"", ""k_max"": 512, ""k_min"": 64, ""variant"": ""conservative""}",261,0.14427860696517414,1.0,1.0,0.0,0.9693486590038314,"{""dp_17_64"": 0.022988505747126436, ""dp_257_plus"": 0.9118773946360154, ""dp_65_256"": 0.06513409961685823}","{""cn_0"": 0.9578544061302682, ""cn_1"": 0.011494252873563218, ""cn_2_3"": 0.019157088122605363, ""cn_4_8"": 0.011494252873563218}",0.10344827586206896,1507.9157088122606,sasb_candidate_builder,7ea23106329fd79abd2d1773eac122a85e06684d70cc25bb9e560e8d54ac4baf,261,7ea23106329fd79abd2d1773eac122a85e06684d70cc25bb9e560e8d54ac4baf,"{""sasb_builder"": 261}",0,0,0,0,{},0.0,"{""common_neighbor_bin_l1"": 0.0, ""degree_product_bin_l1"": 0.0, ""is_boundary_edge_l1"": 0.0, ""is_bridge_edge_l1"": 0.0, ""is_inter_community_edge_l1"": 0.0, ""is_low_common_neighbor_edge_l1"": 0.0, ""mean_l1"": 0.0}",1,32,32,2099.528966922609,0
realworld_completed,bio_celegans,SASB-candidate,sasb,SASB-structured,20260513,217,early,1.0,1.0,0.0,1,1,0,0.10716049382716049,0.10765432098765432,145,388,145--388,54,10,10,54,540,2,0.2222222222222222,1,1,8,32,"[""96"", ""53"", ""60"", ""51"", ""343"", ""363"", ""147"", ""62"", ""220"", ""118"", ""364"", ""142"", ""143"", ""145"", ""144"", ""52"", ""82"", ""83"", ""440"", ""109"", ""149"", ""121"", ""154"", ""398"", ""85"", ""307"", ""404"", ""322"", ""12"", ""249"", ""73"", ""211""]",6d0644f3274f3c112b262e78332c6a6613c9577ae2bf9a485c1f6426261f91a3,"{""boundary"": 12, ""community_rep"": 6, ""degree_core"": 10, ""random_fill"": 4}","{""degree_3_4"": 2, ""degree_5_8"": 3, ""degree_9_plus"": 27}","{""0"": 1, ""1"": 7, ""2"": 2, ""3"": 9, ""4"": 7, ""5"": 1, ""6"": 1, ""7"": 2, ""8"": 1, ""9"": 1}",261,"{""backend"": ""evaluate_m19_theory_calibrated.candidate_features"", ""delta_mode"": ""none"", ""k_max"": 512, ""k_min"": 64, ""variant"": ""conservative""}",261,0.144358407079646,1.0,1.0,0.0,0.9731800766283525,"{""dp_17_64"": 0.022988505747126436, ""dp_257_plus"": 0.9118773946360154, ""dp_65_256"": 0.06513409961685823}","{""cn_0"": 0.9616858237547893, ""cn_1"": 0.011494252873563218, ""cn_2_3"": 0.01532567049808429, ""cn_4_8"": 0.011494252873563218}",0.09578544061302682,1506.272030651341,sasb_candidate_builder,3c31f0ad650c8f130fe11188fd0258733a1f39550e7080c1076e9f020795a6a0,261,3c31f0ad650c8f130fe11188fd0258733a1f39550e7080c1076e9f020795a6a0,"{""sasb_builder"": 261}",0,0,0,0,{},0.0,"{""common_neighbor_bin_l1"": 0.0, ""degree_product_bin_l1"": 0.0, ""is_boundary_edge_l1"": 0.0, ""is_bridge_edge_l1"": 0.0, ""is_inter_community_edge_l1"": 0.0, ""is_low_common_neighbor_edge_l1"": 0.0, ""mean_l1"": 0.0}",1,32,32,191.57767749878067,0
realworld_completed,bio_celegans,SASB-candidate,sasb,SASB-structured,20260513,218,early,1.0,1.0,0.0,1,1,0,0.10765432098765432,0.10814814814814815,53,59,53--59,106,7,7,106,742,3,0.5,0,3,3,32,"[""96"", ""53"", ""60"", ""51"", ""343"", ""363"", ""147"", ""62"", ""220"", ""118"", ""364"", ""142"", ""143"", ""144"", ""145"", ""52"", ""82"", ""83"", ""440"", ""109"", ""149"", ""121"", ""154"", ""398"", ""85"", ""307"", ""404"", ""322"", ""234"", ""162"", ""11"", ""258""]",a23e863358e3a83a30da4656e023d5e6d32e676575ab5c20ae1d56e8c5437728,"{""boundary"": 12, ""community_rep"": 6, ""degree_core"": 10, ""random_fill"": 4}","{""degree_2"": 1, ""degree_3_4"": 1, ""degree_5_8"": 2, ""degree_9_plus"": 28}","{""0"": 2, ""1"": 7, ""2"": 2, ""3"": 10, ""4"": 6, ""5"": 1, ""6"": 1, ""7"": 1, ""8"": 1, ""9"": 1}",260,"{""backend"": ""evaluate_m19_theory_calibrated.candidate_features"", ""delta_mode"": ""none"", ""k_max"": 512, ""k_min"": 64, ""variant"": ""conservative""}",260,0.14388489208633093,1.0,1.0,0.0,0.9730769230769231,"{""dp_17_64"": 0.023076923076923078, ""dp_257_plus"": 0.9115384615384615, ""dp_65_256"": 0.06538461538461539}","{""cn_0"": 0.9615384615384616, ""cn_1"": 0.011538461538461539, ""cn_2_3"": 0.015384615384615385, ""cn_4_8"": 0.011538461538461539}",0.1,1500.126923076923,sasb_candidate_builder,984531ae4fe1f1fb3f86af53a1192a96336378a5466e6706cbc92d3d62cec648,260,984531ae4fe1f1fb3f86af53a1192a96336378a5466e6706cbc92d3d62cec648,"{""sasb_builder"": 260}",0,0,0,0,{},0.0,"{""common_neighbor_bin_l1"": 0.0, ""degree_product_bin_l1"": 0.0, ""is_boundary_edge_l1"": 0.0, ""is_bridge_edge_l1"": 0.0, ""is_inter_community_edge_l1"": 0.0, ""is_low_common_neighbor_edge_l1"": 0.0, ""mean_l1"": 0.0}",1,32,32,239.09266588534842,0
realworld_completed,bio_celegans,SASB-candidate,sasb,SASB-structured,20260513,219,early,1.0,1.0,0.0,1,1,0,0.10814814814814815,0.10864197530864197,117,363,117--363,5,51,5,51,255,1,0.25,1,7,3,32,"[""96"", ""53"", ""60"", ""51"", ""343"", ""363"", ""147"", ""62"", ""220"", ""118"", ""364"", ""142"", ""143"", ""144"", ""145"", ""52"", ""82"", ""83"", ""440"", ""109"", ""149"", ""121"", ""154"", ""398"", ""85"", ""307"", ""404"", ""322"", ""265"", ""290"", ""263"", ""134""]",33f79f195ad9d7453ae3504d9395bcc4c2d55b50d4bbfd4638266861ba4fb92c,"{""boundary"": 12, ""community_rep"": 6, ""degree_core"": 10, ""random_fill"": 4}","{""degree_3_4"": 2, ""degree_5_8"": 2, ""degree_9_plus"": 28}","{""0"": 2, ""1"": 6, ""2"": 1, ""3"": 11, ""4"": 7, ""5"": 1, ""6"": 1, ""7"": 1, ""8"": 1, ""9"": 1}",260,"{""backend"": ""evaluate_m19_theory_calibrated.candidate_features"", ""delta_mode"": ""none"", ""k_max"": 512, ""k_min"": 64, ""variant"": ""conservative""}",260,0.14396456256921372,1.0,1.0,0.0,0.9769230769230769,"{""dp_17_64"": 0.023076923076923078, ""dp_257_plus"": 0.9038461538461539, ""dp_65_256"": 0.07307692307692308}","{""cn_0"": 0.9615384615384616, ""cn_1"": 0.015384615384615385, ""cn_2_3"": 0.011538461538461539, ""cn_4_8"": 0.011538461538461539}",0.09230769230769231,1493.503846153846,sasb_candidate_builder,a9d68c6686056b07cf1136c6e603f54649c094682765fd932d4bd4388e1b9f3a,260,a9d68c6686056b07cf1136c6e603f54649c094682765fd932d4bd4388e1b9f3a,"{""sasb_builder"": 260}",0,0,0,0,{},0.0,"{""common_neighbor_bin_l1"": 0.0, ""degree_product_bin_l1"": 0.0, ""is_boundary_edge_l1"": 0.0, ""is_bridge_edge_l1"": 0.0, ""is_inter_community_edge_l1"": 0.0, ""is_low_common_neighbor_edge_l1"": 0.0, ""mean_l1"": 0.0}",1,32,32,191.0976333079551,0
realworld_completed,bio_celegans,SASB-candidate,sasb,SASB-structured,20260513,220,early,1.0,1.0,0.0,1,1,0,0.10864197530864197,0.1091358024691358,147,364,147--364,50,29,29,50,1450,12,0.42857142857142855,1,2,4,32,"[""96"", ""53"", ""51"", ""60"", ""147"", ""142"", ""143"", ""343"", ""364"", ""62"", ""118"", ""134"", ""144"", ""145"", ""363"", ""52"", ""220"", ""82"", ""83"", ""440"", ""109"", ""149"", ""154"", ""398"", ""307"", ""404"", ""370"", ""278"", ""376"", ""16"", ""345"", ""297""]",fb140962ce293d9ccab62ab40359bc763bc6e7ddabf0d0e8cd53d0f002d14c0d,"{""boundary"": 12, ""community_rep"": 4, ""degree_core"": 10, ""random_fill"": 6}","{""degree_2"": 2, ""degree_3_4"": 2, ""degree_5_8"": 3, ""degree_9_plus"": 25}","{""0"": 3, ""1"": 7, ""2"": 3, ""3"": 8, ""4"": 6, ""5"": 1, ""6"": 1, ""7"": 2, ""8"": 1}",260,"{""backend"": ""evaluate_m19_theory_calibrated.candidate_features"", ""delta_mode"": ""none"", ""k_max"": 512, ""k_min"": 64, ""variant"": ""conservative""}",260,0.1440443213296399,1.0,1.0,0.0,0.9615384615384616,"{""dp_17_64"": 0.011538461538461539, ""dp_257_plus"": 0.9192307692307692, ""dp_5_16"": 0.0038461538461538464, ""dp_65_256"": 0.06538461538461539}","{""cn_0"": 0.9384615384615385, ""cn_1"": 0.023076923076923078, ""cn_2_3"": 0.011538461538461539, ""cn_4_8"": 0.023076923076923078, ""cn_9_plus"": 0.0038461538461538464}",0.2,1491.6576923076923,sasb_candidate_builder,13ed3f8522f10aa01f6048eaaade81c20679db749172ecc25fbd75c95763daca,260,13ed3f8522f10aa01f6048eaaade81c20679db749172ecc25fbd75c95763daca,"{""sasb_builder"": 260}",0,0,0,0,{},0.0,"{""common_neighbor_bin_l1"": 0.0, ""degree_product_bin_l1"": 0.0, ""is_boundary_edge_l1"": 0.0, ""is_bridge_edge_l1"": 0.0, ""is_inter_community_edge_l1"": 0.0, ""is_low_common_neighbor_edge_l1"": 0.0, ""mean_l1"": 0.0}",1,32,32,690.7729519477901,0
realworld_completed,bio_celegans,SASB-candidate,sasb,SASB-structured,20260513,221,early,1.0,1.0,0.0,1,1,0,0.1091358024691358,0.10962962962962963,134,364,134--364,19,28,19,28,532,4,0.2222222222222222,1,3,4,32,"[""96"", ""53"", ""51"", ""60"", ""142"", ""143"", ""147"", ""343"", ""62"", ""364"", ""118"", ""134"", ""144"", ""145"", ""363"", ""52"", ""220"", ""82"", ""83"", ""440"", ""109"", ""149"", ""154"", ""398"", ""307"", ""404"", ""44"", ""268"", ""139"", ""249"", ""287"", ""16""]",6327f59b9eab564e26e4648cf7f36ace685e55b4416fe2eef3ab8df840f90a4f,"{""boundary"": 12, ""community_rep"": 4, ""degree_core"": 10, ""random_fill"": 6}","{""degree_0_1"": 1, ""degree_2"": 1, ""degree_3_4"": 3, ""degree_5_8"": 2, ""degree_9_plus"": 25}","{""0"": 2, ""1"": 7, ""2"": 3, ""3"": 8, ""4"": 8, ""5"": 1, ""6"": 1, ""7"": 1, ""8"": 1}",260,"{""backend"": ""evaluate_m19_theory_calibrated.candidate_features"", ""delta_mode"": ""none"", ""k_max"": 512, ""k_min"": 64, ""variant"": ""conservative""}",260,0.14412416851441243,1.0,1.0,0.0,0.9653846153846154,"{""dp_17_64"": 0.011538461538461539, ""dp_257_plus"": 0.9192307692307692, ""dp_5_16"": 0.0038461538461538464, ""dp_65_256"": 0.06538461538461539}","{""cn_0"": 0.9423076923076923, ""cn_1"": 0.023076923076923078, ""cn_2_3"": 0.011538461538461539, ""cn_4_8"": 0.023076923076923078}",0.14615384615384616,1499.8346153846153,sasb_candidate_builder,95a46490c7ee559e5a11382d9dfd1a8c33d12b7b76ad15f4caf83a873a1c60c1,260,95a46490c7ee559e5a11382d9dfd1a8c33d12b7b76ad15f4caf83a873a1c60c1,"{""sasb_builder"": 260}",0,0,0,0,{},0.0,"{""common_neighbor_bin_l1"": 0.0, ""degree_product_bin_l1"": 0.0, ""is_boundary_edge_l1"": 0.0, ""is_bridge_edge_l1"": 0.0, ""is_inter_community_edge_l1"": 0.0, ""is_low_common_neighbor_edge_l1"": 0.0, ""mean_l1"": 0.0}",1,32,32,559.4299014027677,0
realworld_completed,bio_celegans,SASB-candidate,sasb,SASB-structured,20260513,222,early,1.0,1.0,0.0,1,1,0,0.10962962962962963,0.11012345679012346,10,142,10--142,6,64,6,64,384,2,0.4,1,7,1,32,"[""96"", ""53"", ""51"", ""60"", ""142"", ""143"", ""147"", ""343"", ""62"", ""118"", ""364"", ""220"", ""144"", ""145"", ""363"", ""52"", ""82"", ""83"", ""440"", ""109"", ""149"", ""121"", ""154"", ""398"", ""307"", ""404"", ""288"", ""198"", ""251"", ""292"", ""397"", ""99""]",af84d6b18a14994a53c1776ae779931bc235fe932145fa6e0fcfd790529adbfc,"{""boundary"": 12, ""community_rep"": 4, ""degree_core"": 10, ""random_fill"": 6}","{""degree_3_4"": 5, ""degree_5_8"": 2, ""degree_9_plus"": 25}","{""0"": 2, ""1"": 7, ""2"": 1, ""3"": 10, ""4"": 6, ""5"": 3, ""6"": 1, ""7"": 1, ""8"": 1}",260,"{""backend"": ""evaluate_m19_theory_calibrated.candidate_features"", ""delta_mode"": ""none"", ""k_max"": 512, ""k_min"": 64, ""variant"": ""conservative""}",260,0.14420410427066002,1.0,1.0,0.0,0.9692307692307692,"{""dp_17_64"": 0.011538461538461539, ""dp_257_plus"": 0.9192307692307692, ""dp_5_16"": 0.0038461538461538464, ""dp_65_256"": 0.06538461538461539}","{""cn_0"": 0.9423076923076923, ""cn_1"": 0.026923076923076925, ""cn_2_3"": 0.011538461538461539, ""cn_4_8"": 0.019230769230769232}",0.1346153846153846,1496.5346153846153,sasb_candidate_builder,8d0012a99a78f918a77f59972c2ea131b3b48905a99f3736de789b18cc0ec650,260,8d0012a99a78f918a77f59972c2ea131b3b48905a99f3736de789b18cc0ec650,"{""sasb_builder"": 260}",0,0,0,0,{},0.0,"{""common_neighbor_bin_l1"": 0.0, ""degree_product_bin_l1"": 0.0, ""is_boundary_edge_l1"": 0.0, ""is_bridge_edge_l1"": 0.0, ""is_inter_community_edge_l1"": 0.0, ""is_low_common_neighbor_edge_l1"": 0.0, ""mean_l1"": 0.0}",1,32,32,447.67677030276366,0
realworld_completed,bio_celegans,SASB-candidate,sasb,SASB-structured,20260513,223,early,1.0,1.0,0.0,1,1,0,0.11012345679012346,0.11061728395061729,409,417,409--417,8,10,8,10,80,2,0.2857142857142857,1,2,1,32,"[""96"", ""53"", ""51"", ""60"", ""143"", ""147"", ""142"", ""343"", ""62"", ""118"", ""364"", ""220"", ""144"", ""145"", ""363"", ""52"", ""82"", ""83"", ""440"", ""109"", ""149"", ""121"", ""154"", ""398"", ""307"", ""404"", ""409"", ""419"", ""125"", ""107"", ""137"", ""380""]",dd8853e033da881a814b8b590d8593985b5844100e617d412a873dba7a383328,"{""boundary"": 12, ""community_rep"": 4, ""degree_core"": 10, ""random_fill"": 6}","{""degree_3_4"": 1, ""degree_5_8"": 5, ""degree_9_plus"": 26}","{""0"": 2, ""1"": 7, ""2"": 1, ""3"": 11, ""4"": 6, ""5"": 1, ""6"": 1, ""7"": 1, ""8"": 2}",260,"{""backend"": ""evaluate_m19_theory_calibrated.candidate_features"", ""delta_mode"": ""none"", ""k_max"": 512, ""k_min"": 64, ""variant"": ""conservative""}",260,0.14428412874583796,1.0,1.0,0.0,0.9730769230769231,"{""dp_17_64"": 0.011538461538461539, ""dp_257_plus"": 0.9192307692307692, ""dp_5_16"": 0.0038461538461538464, ""dp_65_256"": 0.06538461538461539}","{""cn_0"": 0.9423076923076923, ""cn_1"": 0.03076923076923077, ""cn_2_3"": 0.007692307692307693, ""cn_4_8"": 0.019230769230769232}",0.13076923076923078,1495.2115384615386,sasb_candidate_builder,04e3b4f9ba7dc3975c43c0f0d0d6ef238520c45fefa793aa6788e71622d01017,260,04e3b4f9ba7dc3975c43c0f0d0d6ef238520c45fefa793aa6788e71622d01017,"{""sasb_builder"": 260}",0,0,0,0,{},0.0,"{""common_neighbor_bin_l1"": 0.0, ""degree_product_bin_l1"": 0.0, ""is_boundary_edge_l1"": 0.0, ""is_bridge_edge_l1"": 0.0, ""is_inter_community_edge_l1"": 0.0, ""is_low_common_neighbor_edge_l1"": 0.0, ""mean_l1"": 0.0}",1,32,32,787.1044693868879,0
realworld_completed,bio_celegans,SASB-candidate,sasb,SASB-structured,20260513,224,early,1.0,1.0,0.0,1,1,0,0.11061728395061729,0.1111111111111111,10,143,10--143,5,64,5,64,320,1,0.25,1,7,1,32,"[""96"", ""53"", ""51"", ""60"", ""143"", ""147"", ""142"", ""343"", ""62"", ""118"", ""364"", ""220"", ""144"", ""145"", ""363"", ""52"", ""82"", ""83"", ""440"", ""109"", ""149"", ""121"", ""154"", ""398"", ""307"", ""404"", ""420"", ""207"", ""297"", ""254"", ""326"", ""4""]",923904c0e8875a1ea44c1cdf9d6d2dec8c3e2f9cfff39b07f06e8c185a21ab75,"{""boundary"": 12, ""community_rep"": 4, ""degree_core"": 10, ""random_fill"": 6}","{""degree_2"": 1, ""degree_3_4"": 3, ""degree_5_8"": 3, ""degree_9_plus"": 25}","{""0"": 1, ""1"": 6, ""2"": 1, ""3"": 10, ""4"": 8, ""5"": 1, ""6"": 1, ""7"": 2, ""8"": 2}",260,"{""backend"": ""evaluate_m19_theory_calibrated.candidate_features"", ""delta_mode"": ""none"", ""k_max"": 512, ""k_min"": 64, ""variant"": ""conservative""}",260,0.14436424208772905,1.0,1.0,0.0,0.9769230769230769,"{""dp_17_64"": 0.015384615384615385, ""dp_257_plus"": 0.9192307692307692, ""dp_5_16"": 0.0038461538461538464, ""dp_65_256"": 0.06153846153846154}","{""cn_0"": 0.9423076923076923, ""cn_1"": 0.03461538461538462, ""cn_2_3"": 0.0038461538461538464, ""cn_4_8"": 0.019230769230769232}",0.12692307692307692,1493.6576923076923,sasb_candidate_builder,d95374700c404428f3c0f55c90d59dac2315e43223b315acc08087d04966101f,260,d95374700c404428f3c0f55c90d59dac2315e43223b315acc08087d04966101f,"{""sasb_builder"": 260}",0,0,0,0,{},0.0,"{""common_neighbor_bin_l1"": 0.0, ""degree_product_bin_l1"": 0.0, ""is_boundary_edge_l1"": 0.0, ""is_bridge_edge_l1"": 0.0, ""is_inter_community_edge_l1"": 0.0, ""is_low_common_neighbor_edge_l1"": 0.0, ""mean_l1"": 0.0}",1,32,32,655.0234750016986,0
realworld_completed,bio_celegans,SASB-candidate,sasb,SASB-structured,20260513,225,early,1.0,1.0,0.0,1,1,0,0.1111111111111111,0.11160493827160493,147,162,147--162,49,10,10,49,490,4,0.4444444444444444,0,3,3,32,"[""96"", ""53"", ""51"", ""60"", ""147"", ""142"", ""143"", ""343"", ""62"", ""118"", ""364"", ""220"", ""144"", ""145"", ""363"", ""52"", ""82"", ""83"", ""440"", ""109"", ""149"", ""121"", ""154"", ""398"", ""307"", ""404"", ""29"", ""291"", ""387"", ""114"", ""243"", ""28""]",be2157d4544f928ac55416505574e7bd86e2c1374766866fe76f6667b6772e58,"{""boundary"": 12, ""community_rep"": 4, ""degree_core"": 10, ""random_fill"": 6}","{""degree_3_4"": 2, ""degree_5_8"": 4, ""degree_9_plus"": 26}","{""0"": 2, ""1"": 6, ""2"": 2, ""3"": 11, ""4"": 6, ""5"": 2, ""6"": 1, ""7"": 1, ""8"": 1}",260,"{""backend"": ""evaluate_m19_theory_calibrated.candidate_features"", ""delta_mode"": ""none"", ""k_max"": 512, ""k_min"": 64, ""variant"": ""conservative""}",260,0.14444444444444443,1.0,1.0,0.0,0.9769230769230769,"{""dp_17_64"": 0.015384615384615385, ""dp_257_plus"": 0.9153846153846154, ""dp_5_16"": 0.0038461538461538464, ""dp_65_256"": 0.06538461538461539}","{""cn_0"": 0.9461538461538461, ""cn_1"": 0.03076923076923077, ""cn_2_3"": 0.0038461538461538464, ""cn_4_8"": 0.019230769230769232}",0.12307692307692308,1492.25,sasb_candidate_builder,f8159ce77527bdc41830b9c6eb7a0c54b9258bb356c4683f315ca4a292167788,260,f8159ce77527bdc41830b9c6eb7a0c54b9258bb356c4683f315ca4a292167788,"{""sasb_builder"": 260}",0,0,0,0,{},0.0,"{""common_neighbor_bin_l1"": 0.0, ""degree_product_bin_l1"": 0.0, ""is_boundary_edge_l1"": 0.0, ""is_bridge_edge_l1"": 0.0, ""is_inter_community_edge_l1"": 0.0, ""is_low_common_neighbor_edge_l1"": 0.0, ""mean_l1"": 0.0}",1,32,32,168.45403495477743,0
realworld_completed,bio_celegans,SASB-candidate,sasb,SASB-structured,20260513,226,early,1.0,1.0,0.0,1,1,0,0.11160493827160493,0.11209876543209876,142,451,142--451,63,5,5,63,315,1,0.25,1,1,2,32,"[""96"", ""53"", ""51"", ""60"", ""142"", ""143"", ""147"", ""343"", ""62"", ""118"", ""364"", ""220"", ""144"", ""145"", ""363"", ""52"", ""82"", ""83"", ""440"", ""109"", ""149"", ""121"", ""154"", ""398"", ""307"", ""404"", ""240"", ""255"", ""40"", ""305"", ""64"", ""244""]",76ad10ed607c1ae29740277ba6855f2eca1790e7428130ee12c96816c690ad1e,"{""boundary"": 12, ""community_rep"": 4, ""degree_core"": 10, ""random_fill"": 6}","{""degree_3_4"": 3, ""degree_5_8"": 2, ""degree_9_plus"": 27}","{""0"": 2, ""1"": 7, ""2"": 2, ""3"": 10, ""4"": 6, ""5"": 1, ""6"": 1, ""7"": 2, ""8"": 1}",260,"{""backend"": ""evaluate_m19_theory_calibrated.candidate_features"", ""delta_mode"": ""none"", ""k_max"": 512, ""k_min"": 64, ""variant"": ""conservative""}",260,0.14452473596442467,1.0,1.0,0.0,0.9846153846153847,"{""dp_17_64"": 0.015384615384615385, ""dp_257_plus"": 0.9153846153846154, ""dp_5_16"": 0.0038461538461538464, ""dp_65_256"": 0.06538461538461539}","{""cn_0"": 0.9538461538461539, ""cn_1"": 0.03076923076923077, ""cn_2_3"": 0.0038461538461538464, ""cn_4_8"": 0.011538461538461539}",0.09230769230769231,1508.7230769230769,sasb_candidate_builder,c126063cb4ff4af8348d1a99ce7bebf8e56a7a858fd6c2bd0ec36ee6633655e7,260,c126063cb4ff4af8348d1a99ce7bebf8e56a7a858fd6c2bd0ec36ee6633655e7,"{""sasb_builder"": 260}",0,0,0,0,{},0.0,"{""common_neighbor_bin_l1"": 0.0, ""degree_product_bin_l1"": 0.0, ""is_boundary_edge_l1"": 0.0, ""is_bridge_edge_l1"": 0.0, ""is_inter_community_edge_l1"": 0.0, ""is_low_common_neighbor_edge_l1"": 0.0, ""mean_l1"": 0.0}",1,32,32,161.1065406085277,0
realworld_completed,bio_celegans,SASB-candidate,sasb,SASB-structured,20260513,227,early,1.0,1.0,0.0,1,1,0,0.11209876543209876,0.11259259259259259,143,451,143--451,63,4,4,63,252,0,0.0,1,1,2,32,"[""96"", ""53"", ""51"", ""60"", ""143"", ""147"", ""142"", ""343"", ""62"", ""118"", ""364"", ""220"", ""144"", ""145"", ""363"", ""52"", ""82"", ""83"", ""440"", ""109"", ""149"", ""121"", ""154"", ""398"", ""307"", ""404"", ""84"", ""270"", ""5"", ""269"", ""21"", ""152""]",0570ad1fca4316e025457a08573342e399dc903836af7a91157265f828a4bf5d,"{""boundary"": 12, ""community_rep"": 4, ""degree_core"": 10, ""random_fill"": 6}","{""degree_3_4"": 3, ""degree_5_8"": 3, ""degree_9_plus"": 26}","{""0"": 1, ""1"": 6, ""2"": 3, ""3"": 10, ""4"": 8, ""5"": 1, ""6"": 1, ""7"": 1, ""8"": 1}",260,"{""backend"": ""evaluate_m19_theory_calibrated.candidate_features"", ""delta_mode"": ""none"", ""k_max"": 512, ""k_min"": 64, ""variant"": ""conservative""}",260,0.1446051167964405,1.0,1.0,0.0,0.9846153846153847,"{""dp_17_64"": 0.015384615384615385, ""dp_257_plus"": 0.9115384615384615, ""dp_5_16"": 0.0038461538461538464, ""dp_65_256"": 0.06923076923076923}","{""cn_0"": 0.9615384615384616, ""cn_1"": 0.023076923076923078, ""cn_2_3"": 0.0038461538461538464, ""cn_4_8"": 0.011538461538461539}",0.08461538461538462,1507.7730769230768,sasb_candidate_builder,8bc37ee417b61096e4a0cde48b099530f7612fd2bc256fd239c9980fde0e0d98,260,8bc37ee417b61096e4a0cde48b099530f7612fd2bc256fd239c9980fde0e0d98,"{""sasb_builder"": 260}",0,0,0,0,{},0.0,"{""common_neighbor_bin_l1"": 0.0, ""degree_product_bin_l1"": 0.0, ""is_boundary_edge_l1"": 0.0, ""is_bridge_edge_l1"": 0.0, ""is_inter_community_edge_l1"": 0.0, ""is_low_common_neighbor_edge_l1"": 0.0, ""mean_l1"": 0.0}",1,32,32,227.6718618252022,0
realworld_completed,bio_celegans,SASB-candidate,sasb,SASB-structured,20260513,228,early,1.0,1.0,0.0,1,1,0,0.11259259259259259,0.11308641975308642,118,344,118--344,39,11,11,39,429,4,0.4,1,8,4,32,"[""96"", ""53"", ""51"", ""60"", ""147"", ""142"", ""143"", ""343"", ""62"", ""118"", ""364"", ""220"", ""144"", ""145"", ""363"", ""52"", ""82"", ""83"", ""440"", ""109"", ""149"", ""121"", ""154"", ""398"", ""307"", ""404"", ""276"", ""399"", ""435"", ""337"", ""124"", ""427""]",757ec37b105c344588dfda56ae234b4927de5b2b72256a791f69d39bc3bafee2,"{""boundary"": 12, ""community_rep"": 4, ""degree_core"": 10, ""random_fill"": 6}","{""degree_3_4"": 2, ""degree_5_8"": 5, ""degree_9_plus"": 25}","{""0"": 2, ""1"": 8, ""2"": 1, ""3"": 9, ""4"": 7, ""5"": 1, ""6"": 1, ""7"": 1, ""8"": 2}",260,"{""backend"": ""evaluate_m19_theory_calibrated.candidate_features"", ""delta_mode"": ""none"", ""k_max"": 512, ""k_min"": 64, ""variant"": ""conservative""}",260,0.14468558708959378,1.0,1.0,0.0,0.9846153846153847,"{""dp_17_64"": 0.019230769230769232, ""dp_257_plus"": 0.9153846153846154, ""dp_5_16"": 0.0038461538461538464, ""dp_65_256"": 0.06153846153846154}","{""cn_0"": 0.9615384615384616, ""cn_1"": 0.023076923076923078, ""cn_2_3"": 0.0038461538461538464, ""cn_4_8"": 0.011538461538461539}",0.08461538461538462,1511.4692307692308,sasb_candidate_builder,213ce3240bc2525cf6b90d59597ab0238bc0f871be56136205db696bf1c3f505,260,213ce3240bc2525cf6b90d59597ab0238bc0f871be56136205db696bf1c3f505,"{""sasb_builder"": 260}",0,0,0,0,{},0.0,"{""common_neighbor_bin_l1"": 0.0, ""degree_product_bin_l1"": 0.0, ""is_boundary_edge_l1"": 0.0, ""is_bridge_edge_l1"": 0.0, ""is_inter_community_edge_l1"": 0.0, ""is_low_common_neighbor_edge_l1"": 0.0, ""mean_l1"": 0.0}",1,32,32,164.852743508015,0
realworld_completed,bio_celegans,SASB-candidate,sasb,SASB-structured,20260513,229,early,1.0,1.0,0.0,1,1,0,0.11308641975308642,0.11358024691358025,147,439,147--439,48,9,9,48,432,4,0.5,1,3,5,32,"[""96"", ""53"", ""51"", ""60"", ""147"", ""142"", ""143"", ""343"", ""62"", ""364"", ""118"", ""220"", ""144"", ""145"", ""363"", ""52"", ""82"", ""83"", ""440"", ""109"", ""149"", ""121"", ""154"", ""398"", ""307"", ""404"", ""183"", ""439"", ""370"", ""140"", ""321"", ""159""]",4b7938fe21bf9c141330e501a8ce6e9979886a8c129375272c4a82f90d339d3f,"{""boundary"": 12, ""community_rep"": 4, ""degree_core"": 10, ""random_fill"": 6}","{""degree_0_1"": 1, ""degree_3_4"": 2, ""degree_5_8"": 2, ""degree_9_plus"": 27}","{""0"": 1, ""1"": 9, ""2"": 1, ""3"": 8, ""4"": 8, ""5"": 1, ""6"": 2, ""7"": 1, ""8"": 1}",260,"{""backend"": ""evaluate_m19_theory_calibrated.candidate_features"", ""delta_mode"": ""none"", ""k_max"": 512, ""k_min"": 64, ""variant"": ""conservative""}",260,0.1447661469933185,1.0,1.0,0.0,0.9846153846153847,"{""dp_17_64"": 0.019230769230769232, ""dp_257_plus"": 0.9153846153846154, ""dp_5_16"": 0.0038461538461538464, ""dp_65_256"": 0.06153846153846154}","{""cn_0"": 0.9615384615384616, ""cn_1"": 0.023076923076923078, ""cn_2_3"": 0.007692307692307693, ""cn_4_8"": 0.007692307692307693}",0.08076923076923077,1509.7576923076922,sasb_candidate_builder,e9ce5201dddff1ae4cf4766a06be6dae93faa746733947d7825eb4b4752f51c7,260,e9ce5201dddff1ae4cf4766a06be6dae93faa746733947d7825eb4b4752f51c7,"{""sasb_builder"": 260}",0,0,0,0,{},0.0,"{""common_neighbor_bin_l1"": 0.0, ""degree_product_bin_l1"": 0.0, ""is_boundary_edge_l1"": 0.0, ""is_bridge_edge_l1"": 0.0, ""is_inter_community_edge_l1"": 0.0, ""is_low_common_neighbor_edge_l1"": 0.0, ""mean_l1"": 0.0}",1,32,32,984.9739894383794,0
realworld_completed,bio_celegans,SASB-candidate,sasb,SASB-structured,20260513,230,early,1.0,1.0,0.0,1,1,0,0.11358024691358025,0.11407407407407408,60,82,60--82,56,31,31,56,1736,4,0.13333333333333333,1,5,4,32,"[""96"", ""53"", ""60"", ""51"", ""62"", ""142"", ""143"", ""343"", ""147"", ""220"", ""363"", ""118"", ""144"", ""145"", ""52"", ""82"", ""83"", ""440"", ""364"", ""109"", ""149"", ""121"", ""154"", ""398"", ""307"", ""404"", ""322"", ""49"", ""376"", ""354"", ""433"", ""337""]",8b4c66dd23ce4cf5baf4f18da06e9612445707725e96e049cbd293af70cfb5fc,"{""boundary"": 12, ""community_rep"": 5, ""degree_core"": 10, ""random_fill"": 5}","{""degree_2"": 1, ""degree_5_8"": 4, ""degree_9_plus"": 27}","{""0"": 3, ""1"": 6, ""2"": 1, ""3"": 10, ""4"": 5, ""5"": 3, ""6"": 1, ""7"": 1, ""8"": 1, ""9"": 1}",260,"{""backend"": ""evaluate_m19_theory_calibrated.candidate_features"", ""delta_mode"": ""none"", ""k_max"": 512, ""k_min"": 64, ""variant"": ""conservative""}",260,0.14484679665738162,1.0,1.0,0.0,0.9769230769230769,"{""dp_17_64"": 0.011538461538461539, ""dp_257_plus"": 0.95, ""dp_65_256"": 0.038461538461538464}","{""cn_0"": 0.9653846153846154, ""cn_1"": 0.011538461538461539, ""cn_2_3"": 0.0038461538461538464, ""cn_4_8"": 0.015384615384615385, ""cn_9_plus"": 0.0038461538461538464}",0.14615384615384616,1536.1576923076923,sasb_candidate_builder,3ef8230299d85b2af757466f3a2a38af767f5a8a0c7e81c5fac98193f7edda72,260,3ef8230299d85b2af757466f3a2a38af767f5a8a0c7e81c5fac98193f7edda72,"{""sasb_builder"": 260}",0,0,0,0,{},0.0,"{""common_neighbor_bin_l1"": 0.0, ""degree_product_bin_l1"": 0.0, ""is_boundary_edge_l1"": 0.0, ""is_bridge_edge_l1"": 0.0, ""is_inter_community_edge_l1"": 0.0, ""is_low_common_neighbor_edge_l1"": 0.0, ""mean_l1"": 0.0}",1,32,32,2387.4252354750806,0
realworld_completed,bio_celegans,SASB-candidate,sasb,SASB-structured,20260513,231,early,1.0,1.0,0.0,1,1,0,0.11407407407407408,0.1145679012345679,60,83,60--83,55,29,29,55,1595,3,0.10714285714285714,1,5,4,32,"[""96"", ""53"", ""60"", ""51"", ""62"", ""142"", ""143"", ""343"", ""147"", ""220"", ""363"", ""118"", ""144"", ""145"", ""52"", ""82"", ""83"", ""440"", ""364"", ""109"", ""149"", ""121"", ""154"", ""398"", ""307"", ""404"", ""322"", ""215"", ""21"", ""75"", ""166"", ""131""]",d9f3b9ac92bd788139f1310dd73c8fad96fd078741e34adb11473a9cc1a8202c,"{""boundary"": 12, ""community_rep"": 5, ""degree_core"": 10, ""random_fill"": 5}","{""degree_3_4"": 1, ""degree_5_8"": 4, ""degree_9_plus"": 27}","{""0"": 2, ""1"": 6, ""2"": 2, ""3"": 9, ""4"": 5, ""5"": 3, ""6"": 1, ""7"": 2, ""8"": 1, ""9"": 1}",260,"{""backend"": ""evaluate_m19_theory_calibrated.candidate_features"", ""delta_mode"": ""none"", ""k_max"": 512, ""k_min"": 64, ""variant"": ""conservative""}",260,0.14492753623188406,1.0,1.0,0.0,0.9769230769230769,"{""dp_17_64"": 0.011538461538461539, ""dp_257_plus"": 0.95, ""dp_65_256"": 0.038461538461538464}","{""cn_0"": 0.9653846153846154, ""cn_1"": 0.011538461538461539, ""cn_2_3"": 0.007692307692307693, ""cn_4_8"": 0.011538461538461539, ""cn_9_plus"": 0.0038461538461538464}",0.1423076923076923,1515.1307692307691,sasb_candidate_builder,dbb8af7e1f325a6e07555f036f40878615e1676d57b502252c3259ac5a912788,260,dbb8af7e1f325a6e07555f036f40878615e1676d57b502252c3259ac5a912788,"{""sasb_builder"": 260}",0,0,0,0,{},0.0,"{""common_neighbor_bin_l1"": 0.0, ""degree_product_bin_l1"": 0.0, ""is_boundary_edge_l1"": 0.0, ""is_bridge_edge_l1"": 0.0, ""is_inter_community_edge_l1"": 0.0, ""is_low_common_neighbor_edge_l1"": 0.0, ""mean_l1"": 0.0}",1,32,32,3493.397527187309,0
realworld_completed,bio_celegans,SASB-candidate,sasb,SASB-structured,20260513,232,early,1.0,1.0,0.0,1,1,0,0.1145679012345679,0.11506172839506174,60,62,60--62,54,51,51,54,2754,14,0.28,1,5,4,32,"[""96"", ""53"", ""51"", ""60"", ""62"", ""142"", ""143"", ""343"", ""147"", ""220"", ""363"", ""118"", ""144"", ""145"", ""52"", ""82"", ""440"", ""83"", ""364"", ""109"", ""149"", ""121"", ""154"", ""398"", ""307"", ""404"", ""322"", ""377"", ""330"", ""445"", ""212"", ""208""]",39f3089cc9c30e38b74377e7f57f0e08dd7ba9e0629931405c7f141794283c65,"{""boundary"": 12, ""community_rep"": 5, ""degree_core"": 10, ""random_fill"": 5}","{""degree_3_4"": 1, ""degree_5_8"": 4, ""degree_9_plus"": 27}","{""0"": 1, ""1"": 6, ""2"": 3, ""3"": 10, ""4"": 5, ""5"": 3, ""6"": 1, ""7"": 1, ""8"": 1, ""9"": 1}",259,"{""backend"": ""evaluate_m19_theory_calibrated.candidate_features"", ""delta_mode"": ""none"", ""k_max"": 512, ""k_min"": 64, ""variant"": ""conservative""}",259,0.14445064138315672,1.0,1.0,0.0,0.9806949806949807,"{""dp_17_64"": 0.011583011583011582, ""dp_257_plus"": 0.9498069498069498, ""dp_65_256"": 0.03861003861003861}","{""cn_0"": 0.9691119691119691, ""cn_1"": 0.011583011583011582, ""cn_2_3"": 0.003861003861003861, ""cn_4_8"": 0.011583011583011582, ""cn_9_plus"": 0.003861003861003861}",0.13127413127413126,1513.2007722007722,sasb_candidate_builder,78f0acc84e96901ef84460ae41a77c0b34d332f8495d9abb45f09bad0b048be5,259,78f0acc84e96901ef84460ae41a77c0b34d332f8495d9abb45f09bad0b048be5,"{""sasb_builder"": 259}",0,0,0,0,{},0.0,"{""common_neighbor_bin_l1"": 0.0, ""degree_product_bin_l1"": 0.0, ""is_boundary_edge_l1"": 0.0, ""is_bridge_edge_l1"": 0.0, ""is_inter_community_edge_l1"": 0.0, ""is_low_common_neighbor_edge_l1"": 0.0, ""mean_l1"": 0.0}",1,32,32,1756.7788504196449,0
realworld_completed,bio_celegans,SASB-candidate,sasb,SASB-structured,20260513,233,early,1.0,1.0,0.0,1,1,0,0.11506172839506174,0.11555555555555555,398,410,398--410,17,6,6,17,102,1,0.2,1,9,0,32,"[""96"", ""53"", ""51"", ""60"", ""142"", ""143"", ""62"", ""343"", ""147"", ""220"", ""363"", ""118"", ""144"", ""145"", ""52"", ""82"", ""440"", ""83"", ""364"", ""109"", ""149"", ""121"", ""154"", ""398"", ""307"", ""404"", ""322"", ""37"", ""413"", ""298"", ""297"", ""272""]",20caa081db8b398aa01a5d3011d1602c16ba1bbabd6eb5d1bdd1891625d753cf,"{""boundary"": 12, ""community_rep"": 5, ""degree_core"": 10, ""random_fill"": 5}","{""degree_2"": 1, ""degree_3_4"": 3, ""degree_5_8"": 2, ""degree_9_plus"": 26}","{""0"": 1, ""1"": 6, ""2"": 1, ""3"": 11, ""4"": 5, ""5"": 3, ""6"": 1, ""7"": 1, ""8"": 2, ""9"": 1}",259,"{""backend"": ""evaluate_m19_theory_calibrated.candidate_features"", ""delta_mode"": ""none"", ""k_max"": 512, ""k_min"": 64, ""variant"": ""conservative""}",259,0.14453125,1.0,1.0,0.0,0.9845559845559846,"{""dp_17_64"": 0.011583011583011582, ""dp_257_plus"": 0.9498069498069498, ""dp_65_256"": 0.03861003861003861}","{""cn_0"": 0.9691119691119691, ""cn_1"": 0.015444015444015444, ""cn_2_3"": 0.003861003861003861, ""cn_4_8"": 0.011583011583011582}",0.08108108108108109,1501.4131274131273,sasb_candidate_builder,8526a029bb06d1d90c4accfab01b1387eccee3df7c5425c5e1f05410b3706e03,259,8526a029bb06d1d90c4accfab01b1387eccee3df7c5425c5e1f05410b3706e03,"{""sasb_builder"": 259}",0,0,0,0,{},0.0,"{""common_neighbor_bin_l1"": 0.0, ""degree_product_bin_l1"": 0.0, ""is_boundary_edge_l1"": 0.0, ""is_bridge_edge_l1"": 0.0, ""is_inter_community_edge_l1"": 0.0, ""is_low_common_neighbor_edge_l1"": 0.0, ""mean_l1"": 0.0}",1,32,32,1613.4568790034757,0
realworld_completed,bio_celegans,SASB-candidate,sasb,SASB-structured,20260513,234,early,1.0,1.0,0.0,1,1,0,0.11555555555555555,0.11604938271604938,350,363,350--363,13,50,13,50,650,4,0.3333333333333333,1,4,8,32,"[""96"", ""53"", ""51"", ""60"", ""142"", ""143"", ""62"", ""343"", ""147"", ""220"", ""363"", ""118"", ""144"", ""145"", ""52"", ""82"", ""440"", ""83"", ""364"", ""109"", ""149"", ""121"", ""154"", ""398"", ""307"", ""404"", ""322"", ""346"", ""362"", ""260"", ""315"", ""115""]",d656d02e7bb11762a27b9079b11dba4b0ddba0ae40a562135869e6a1cd389101,"{""boundary"": 12, ""community_rep"": 5, ""degree_core"": 10, ""random_fill"": 5}","{""degree_3_4"": 1, ""degree_5_8"": 3, ""degree_9_plus"": 28}","{""0"": 1, ""1"": 5, ""2"": 1, ""3"": 11, ""4"": 5, ""5"": 4, ""6"": 2, ""7"": 1, ""8"": 1, ""9"": 1}",259,"{""backend"": ""evaluate_m19_theory_calibrated.candidate_features"", ""delta_mode"": ""none"", ""k_max"": 512, ""k_min"": 64, ""variant"": ""conservative""}",259,0.14461194863204913,1.0,1.0,0.0,0.9845559845559846,"{""dp_17_64"": 0.015444015444015444, ""dp_257_plus"": 0.9498069498069498, ""dp_65_256"": 0.03474903474903475}","{""cn_0"": 0.972972972972973, ""cn_1"": 0.011583011583011582, ""cn_2_3"": 0.003861003861003861, ""cn_4_8"": 0.011583011583011582}",0.07722007722007722,1500.5096525096526,sasb_candidate_builder,91b29f076b29ff8e79eef546cdcc3e99e279b7285cd89065007e43d891920216,259,91b29f076b29ff8e79eef546cdcc3e99e279b7285cd89065007e43d891920216,"{""sasb_builder"": 259}",0,0,0,0,{},0.0,"{""common_neighbor_bin_l1"": 0.0, ""degree_product_bin_l1"": 0.0, ""is_boundary_edge_l1"": 0.0, ""is_bridge_edge_l1"": 0.0, ""is_inter_community_edge_l1"": 0.0, ""is_low_common_neighbor_edge_l1"": 0.0, ""mean_l1"": 0.0}",1,32,32,307.2026594042565,0
realworld_completed,bio_celegans,SASB-candidate,sasb,SASB-structured,20260513,235,early,1.0,1.0,0.0,1,1,0,0.11604938271604938,0.11654320987654321,137,398,137--398,4,16,4,16,64,0,0.0,1,5,8,32,"[""96"", ""53"", ""51"", ""60"", ""142"", ""143"", ""62"", ""343"", ""147"", ""220"", ""363"", ""118"", ""144"", ""145"", ""52"", ""82"", ""440"", ""83"", ""364"", ""109"", ""149"", ""121"", ""154"", ""398"", ""307"", ""404"", ""322"", ""217"", ""185"", ""10"", ""282"", ""163""]",27082ba6332ad571b87b07ef233464e54013da2f9e2e4602ec638e46bcf9bcad,"{""boundary"": 12, ""community_rep"": 5, ""degree_core"": 10, ""random_fill"": 5}","{""degree_3_4"": 2, ""degree_5_8"": 2, ""degree_9_plus"": 28}","{""0"": 1, ""1"": 5, ""2"": 2, ""3"": 11, ""4"": 4, ""5"": 3, ""6"": 1, ""7"": 3, ""8"": 1, ""9"": 1}",259,"{""backend"": ""evaluate_m19_theory_calibrated.candidate_features"", ""delta_mode"": ""none"", ""k_max"": 512, ""k_min"": 64, ""variant"": ""conservative""}",259,0.14469273743016758,1.0,1.0,0.0,0.9884169884169884,"{""dp_17_64"": 0.015444015444015444, ""dp_257_plus"": 0.9498069498069498, ""dp_65_256"": 0.03474903474903475}","{""cn_0"": 0.9768339768339769, ""cn_1"": 0.011583011583011582, ""cn_2_3"": 0.003861003861003861, ""cn_4_8"": 0.007722007722007722}",0.06177606177606178,1497.7876447876447,sasb_candidate_builder,2e924bd691b2202b20f69cc649a88c2bc0a160a77da49b775e598ded73281e8b,259,2e924bd691b2202b20f69cc649a88c2bc0a160a77da49b775e598ded73281e8b,"{""sasb_builder"": 259}",0,0,0,0,{},0.0,"{""common_neighbor_bin_l1"": 0.0, ""degree_product_bin_l1"": 0.0, ""is_boundary_edge_l1"": 0.0, ""is_bridge_edge_l1"": 0.0, ""is_inter_community_edge_l1"": 0.0, ""is_low_common_neighbor_edge_l1"": 0.0, ""mean_l1"": 0.0}",1,32,32,327.1739184123694,0
realworld_completed,bio_celegans,SASB-candidate,sasb,SASB-structured,20260513,236,early,1.0,1.0,0.0,1,1,0,0.11654320987654321,0.11703703703703704,217,220,217--220,15,31,15,31,465,6,0.42857142857142855,1,2,4,32,"[""96"", ""53"", ""51"", ""60"", ""142"", ""143"", ""62"", ""343"", ""147"", ""220"", ""363"", ""118"", ""144"", ""145"", ""52"", ""82"", ""440"", ""83"", ""364"", ""109"", ""149"", ""121"", ""154"", ""398"", ""307"", ""404"", ""322"", ""302"", ""366"", ""299"", ""237"", ""25""]",7850b6c625335a8a74bcc13be31be15a0ee130b7f1bf199135a49a776f96bc96,"{""boundary"": 12, ""community_rep"": 5, ""degree_core"": 10, ""random_fill"": 5}","{""degree_3_4"": 2, ""degree_5_8"": 3, ""degree_9_plus"": 27}","{""0"": 2, ""1"": 6, ""2"": 3, ""3"": 9, ""4"": 4, ""5"": 3, ""6"": 2, ""7"": 1, ""8"": 1, ""9"": 1}",259,"{""backend"": ""evaluate_m19_theory_calibrated.candidate_features"", ""delta_mode"": ""none"", ""k_max"": 512, ""k_min"": 64, ""variant"": ""conservative""}",259,0.14477361654555618,1.0,1.0,0.0,0.9884169884169884,"{""dp_17_64"": 0.011583011583011582, ""dp_257_plus"": 0.9498069498069498, ""dp_65_256"": 0.03861003861003861}","{""cn_0"": 0.9768339768339769, ""cn_1"": 0.011583011583011582, ""cn_2_3"": 0.003861003861003861, ""cn_4_8"": 0.007722007722007722}",0.06177606177606178,1498.5057915057914,sasb_candidate_builder,07b5885a6bf406501be85e33217bd280b6e5ded8e601c3b5f35720e9386635ae,259,07b5885a6bf406501be85e33217bd280b6e5ded8e601c3b5f35720e9386635ae,"{""sasb_builder"": 259}",0,0,0,0,{},0.0,"{""common_neighbor_bin_l1"": 0.0, ""degree_product_bin_l1"": 0.0, ""is_boundary_edge_l1"": 0.0, ""is_bridge_edge_l1"": 0.0, ""is_inter_community_edge_l1"": 0.0, ""is_low_common_neighbor_edge_l1"": 0.0, ""mean_l1"": 0.0}",1,32,32,141.5936453737235,0
realworld_completed,bio_celegans,SASB-candidate,sasb,SASB-structured,20260513,237,early,1.0,1.0,0.0,1,1,0,0.11703703703703704,0.11753086419753087,35,51,35--51,6,87,6,87,522,5,1.0,1,6,10,32,"[""96"", ""53"", ""51"", ""60"", ""142"", ""143"", ""62"", ""343"", ""147"", ""220"", ""363"", ""118"", ""144"", ""145"", ""52"", ""82"", ""440"", ""83"", ""364"", ""109"", ""149"", ""121"", ""154"", ""398"", ""307"", ""404"", ""322"", ""110"", ""386"", ""123"", ""228"", ""137""]",bb3f684a6ce0e6aafb43d47359f68ee37b8f031a4dc27b597629c0c6f7197386,"{""boundary"": 12, ""community_rep"": 5, ""degree_core"": 10, ""random_fill"": 5}","{""degree_3_4"": 2, ""degree_5_8"": 4, ""degree_9_plus"": 26}","{""0"": 2, ""1"": 6, ""2"": 1, ""3"": 11, ""4"": 4, ""5"": 4, ""6"": 1, ""7"": 1, ""8"": 1, ""9"": 1}",259,"{""backend"": ""evaluate_m19_theory_calibrated.candidate_features"", ""delta_mode"": ""none"", ""k_max"": 512, ""k_min"": 64, ""variant"": ""conservative""}",259,0.1448545861297539,1.0,1.0,0.0,0.9884169884169884,"{""dp_17_64"": 0.011583011583011582, ""dp_257_plus"": 0.9498069498069498, ""dp_65_256"": 0.03861003861003861}","{""cn_0"": 0.9768339768339769, ""cn_1"": 0.011583011583011582, ""cn_2_3"": 0.003861003861003861, ""cn_4_8"": 0.007722007722007722}",0.05791505791505792,1496.3629343629343,sasb_candidate_builder,5710cbfbfb307b83af78d3437cd587fa52c251dcdb75ad82a67e6cd992e9c6ef,259,5710cbfbfb307b83af78d3437cd587fa52c251dcdb75ad82a67e6cd992e9c6ef,"{""sasb_builder"": 259}",0,0,0,0,{},0.0,"{""common_neighbor_bin_l1"": 0.0, ""degree_product_bin_l1"": 0.0, ""is_boundary_edge_l1"": 0.0, ""is_bridge_edge_l1"": 0.0, ""is_inter_community_edge_l1"": 0.0, ""is_low_common_neighbor_edge_l1"": 0.0, ""mean_l1"": 0.0}",1,32,32,151.21873774109184,0
realworld_completed,bio_celegans,SASB-candidate,sasb,SASB-structured,20260513,238,early,1.0,1.0,0.0,1,1,0,0.11753086419753087,0.1180246913580247,155,160,155--160,5,12,5,12,60,1,0.25,1,1,2,32,"[""96"", ""53"", ""51"", ""60"", ""142"", ""143"", ""62"", ""343"", ""147"", ""220"", ""363"", ""118"", ""144"", ""145"", ""52"", ""82"", ""440"", ""83"", ""364"", ""109"", ""149"", ""121"", ""154"", ""398"", ""307"", ""404"", ""322"", ""148"", ""359"", ""183"", ""303"", ""436""]",193a7d01d297c40b35f9b2827976867f30c7f4f703949687f84cfa2f0ee1b09f,"{""boundary"": 12, ""community_rep"": 5, ""degree_core"": 10, ""random_fill"": 5}","{""degree_2"": 2, ""degree_3_4"": 1, ""degree_5_8"": 2, ""degree_9_plus"": 27}","{""0"": 1, ""1"": 7, ""2"": 1, ""3"": 9, ""4"": 5, ""5"": 4, ""6"": 2, ""7"": 1, ""8"": 1, ""9"": 1}",259,"{""backend"": ""evaluate_m19_theory_calibrated.candidate_features"", ""delta_mode"": ""none"", ""k_max"": 512, ""k_min"": 64, ""variant"": ""conservative""}",259,0.14493564633463907,1.0,1.0,0.0,0.9922779922779923,"{""dp_17_64"": 0.011583011583011582, ""dp_257_plus"": 0.9498069498069498, ""dp_65_256"": 0.03861003861003861}","{""cn_0"": 0.9806949806949807, ""cn_1"": 0.011583011583011582, ""cn_2_3"": 0.003861003861003861, ""cn_4_8"": 0.003861003861003861}",0.03861003861003861,1494.6988416988418,sasb_candidate_builder,e7dec87f17c5daaa8a7203b2c1e5a51ba1dc9daf912ec6ef5fc5d65e6ec35240,259,e7dec87f17c5daaa8a7203b2c1e5a51ba1dc9daf912ec6ef5fc5d65e6ec35240,"{""sasb_builder"": 259}",0,0,0,0,{},0.0,"{""common_neighbor_bin_l1"": 0.0, ""degree_product_bin_l1"": 0.0, ""is_boundary_edge_l1"": 0.0, ""is_bridge_edge_l1"": 0.0, ""is_inter_community_edge_l1"": 0.0, ""is_low_common_neighbor_edge_l1"": 0.0, ""mean_l1"": 0.0}",1,32,32,134.5074870166903,0
realworld_completed,bio_celegans,SASB-candidate,sasb,SASB-structured,20260513,239,early,1.0,1.0,0.0,1,1,0,0.1180246913580247,0.11851851851851852,87,88,87--88,4,2,2,4,8,0,0.0,1,1,10,32,"[""96"", ""53"", ""51"", ""60"", ""142"", ""143"", ""62"", ""343"", ""147"", ""220"", ""363"", ""118"", ""144"", ""145"", ""52"", ""82"", ""440"", ""83"", ""364"", ""109"", ""149"", ""121"", ""154"", ""398"", ""307"", ""404"", ""322"", ""150"", ""114"", ""286"", ""84"", ""396""]",924802e5a3ffad629701c90936fecbb6f1f6ff773c64cb5655179cc83bd29837,"{""boundary"": 12, ""community_rep"": 5, ""degree_core"": 10, ""random_fill"": 5}","{""degree_3_4"": 2, ""degree_5_8"": 4, ""degree_9_plus"": 26}","{""0"": 1, ""1"": 6, ""2"": 1, ""3"": 10, ""4"": 4, ""5"": 5, ""6"": 2, ""7"": 1, ""8"": 1, ""9"": 1}",259,"{""backend"": ""evaluate_m19_theory_calibrated.candidate_features"", ""delta_mode"": ""none"", ""k_max"": 512, ""k_min"": 64, ""variant"": ""conservative""}",259,0.14501679731243,1.0,1.0,0.0,0.9922779922779923,"{""dp_17_64"": 0.007722007722007722, ""dp_257_plus"": 0.9498069498069498, ""dp_5_16"": 0.003861003861003861, ""dp_65_256"": 0.03861003861003861}","{""cn_0"": 0.9845559845559846, ""cn_1"": 0.007722007722007722, ""cn_2_3"": 0.003861003861003861, ""cn_4_8"": 0.003861003861003861}",0.03474903474903475,1492.984555984556,sasb_candidate_builder,03626302cc4fd6081052b5c12b221eba8f144c185ca4273c0a645b4bd5722d47,259,03626302cc4fd6081052b5c12b221eba8f144c185ca4273c0a645b4bd5722d47,"{""sasb_builder"": 259}",0,0,0,0,{},0.0,"{""common_neighbor_bin_l1"": 0.0, ""degree_product_bin_l1"": 0.0, ""is_boundary_edge_l1"": 0.0, ""is_bridge_edge_l1"": 0.0, ""is_inter_community_edge_l1"": 0.0, ""is_low_common_neighbor_edge_l1"": 0.0, ""mean_l1"": 0.0}",1,32,32,343.5451420322035,0
realworld_completed,bio_celegans,SASB-candidate,sasb,SASB-structured,20260513,240,early,1.0,1.0,0.0,1,1,0,0.11851851851851852,0.11901234567901235,52,65,52--65,33,5,5,33,165,1,0.25,1,8,2,32,"[""96"", ""53"", ""51"", ""60"", ""343"", ""142"", ""143"", ""118"", ""147"", ""363"", ""62"", ""52"", ""144"", ""145"", ""220"", ""82"", ""440"", ""83"", ""364"", ""109"", ""149"", ""121"", ""154"", ""85"", ""307"", ""404"", ""431"", ""174"", ""178"", ""122"", ""156"", ""64""]",481e662e02a4c67243e8fcf325e5b6655439535d16b1a4f17b764956efd61211,"{""boundary"": 12, ""community_rep"": 4, ""degree_core"": 10, ""random_fill"": 6}","{""degree_2"": 1, ""degree_3_4"": 3, ""degree_5_8"": 2, ""degree_9_plus"": 26}","{""0"": 4, ""1"": 5, ""10"": 3, ""2"": 3, ""3"": 3, ""4"": 4, ""5"": 3, ""6"": 1, ""7"": 1, ""8"": 3, ""9"": 2}",259,"{""backend"": ""evaluate_m19_theory_calibrated.candidate_features"", ""delta_mode"": ""none"", ""k_max"": 512, ""k_min"": 64, ""variant"": ""conservative""}",259,0.1450980392156863,1.0,1.0,0.0,0.9845559845559846,"{""dp_17_64"": 0.007722007722007722, ""dp_257_plus"": 0.9227799227799228, ""dp_65_256"": 0.0694980694980695}","{""cn_0"": 0.9652509652509652, ""cn_1"": 0.019305019305019305, ""cn_2_3"": 0.015444015444015444}",0.05405405405405406,1472.934362934363,sasb_candidate_builder,9618408dda8da38378736dc03d084a6e877ff0fabc54e6ed19d124b83251ff79,259,9618408dda8da38378736dc03d084a6e877ff0fabc54e6ed19d124b83251ff79,"{""sasb_builder"": 259}",0,0,0,0,{},0.0,"{""common_neighbor_bin_l1"": 0.0, ""degree_product_bin_l1"": 0.0, ""is_boundary_edge_l1"": 0.0, ""is_bridge_edge_l1"": 0.0, ""is_inter_community_edge_l1"": 0.0, ""is_low_common_neighbor_edge_l1"": 0.0, ""mean_l1"": 0.0}",1,32,32,478.37873521750373,0
realworld_completed,bio_celegans,SASB-candidate,sasb,SASB-structured,20260513,241,early,1.0,1.0,0.0,1,1,0,0.11901234567901235,0.11950617283950617,241,343,241--343,9,66,9,66,594,1,0.125,0,4,4,32,"[""96"", ""53"", ""51"", ""60"", ""343"", ""142"", ""143"", ""118"", ""147"", ""363"", ""62"", ""52"", ""144"", ""145"", ""220"", ""82"", ""440"", ""83"", ""364"", ""109"", ""149"", ""121"", ""154"", ""85"", ""307"", ""404"", ""424"", ""452"", ""243"", ""437"", ""420"", ""22""]",bab17f8feb3d9e134d3eef442beedd29f63b218a2a1e73dd78a3157490ca0717,"{""boundary"": 12, ""community_rep"": 4, ""degree_core"": 10, ""random_fill"": 6}","{""degree_3_4"": 1, ""degree_5_8"": 6, ""degree_9_plus"": 25}","{""0"": 1, ""1"": 6, ""10"": 4, ""2"": 1, ""3"": 4, ""4"": 4, ""5"": 4, ""6"": 1, ""7"": 1, ""8"": 4, ""9"": 2}",259,"{""backend"": ""evaluate_m19_theory_calibrated.candidate_features"", ""delta_mode"": ""none"", ""k_max"": 512, ""k_min"": 64, ""variant"": ""conservative""}",259,0.14517937219730942,1.0,1.0,0.0,0.9884169884169884,"{""dp_17_64"": 0.007722007722007722, ""dp_257_plus"": 0.9227799227799228, ""dp_65_256"": 0.0694980694980695}","{""cn_0"": 0.9691119691119691, ""cn_1"": 0.019305019305019305, ""cn_2_3"": 0.011583011583011582}",0.04633204633204633,1475.6911196911196,sasb_candidate_builder,bacb1720b29fc0e85dec331b1d1c4839fc53d1a0700f56eb6b3bbd273a47f2c0,259,bacb1720b29fc0e85dec331b1d1c4839fc53d1a0700f56eb6b3bbd273a47f2c0,"{""sasb_builder"": 259}",0,0,0,0,{},0.0,"{""common_neighbor_bin_l1"": 0.0, ""degree_product_bin_l1"": 0.0, ""is_boundary_edge_l1"": 0.0, ""is_bridge_edge_l1"": 0.0, ""is_inter_community_edge_l1"": 0.0, ""is_low_common_neighbor_edge_l1"": 0.0, ""mean_l1"": 0.0}",1,32,32,490.2593638955985,0
realworld_completed,bio_celegans,SASB-candidate,sasb,SASB-structured,20260513,242,early,1.0,1.0,0.0,1,1,0,0.11950617283950617,0.12,52,66,52--66,32,9,9,32,288,1,0.125,1,7,8,32,"[""96"", ""53"", ""51"", ""60"", ""343"", ""142"", ""143"", ""118"", ""147"", ""363"", ""62"", ""52"", ""144"", ""145"", ""220"", ""82"", ""440"", ""83"", ""364"", ""109"", ""149"", ""121"", ""154"", ""85"", ""307"", ""404"", ""426"", ""56"", ""26"", ""278"", ""412"", ""382""]",924e2f567d1c381e9790ac8ca84191174f76d9183c39176d9285a76616b0a651,"{""boundary"": 12, ""community_rep"": 4, ""degree_core"": 10, ""random_fill"": 6}","{""degree_2"": 1, ""degree_3_4"": 2, ""degree_5_8"": 4, ""degree_9_plus"": 25}","{""0"": 2, ""1"": 6, ""10"": 4, ""2"": 3, ""3"": 4, ""4"": 4, ""5"": 3, ""6"": 1, ""7"": 1, ""8"": 3, ""9"": 1}",259,"{""backend"": ""evaluate_m19_theory_calibrated.candidate_features"", ""delta_mode"": ""none"", ""k_max"": 512, ""k_min"": 64, ""variant"": ""conservative""}",259,0.14526079641054404,1.0,1.0,0.0,0.9884169884169884,"{""dp_17_64"": 0.007722007722007722, ""dp_257_plus"": 0.9227799227799228, ""dp_65_256"": 0.0694980694980695}","{""cn_0"": 0.972972972972973, ""cn_1"": 0.015444015444015444, ""cn_2_3"": 0.011583011583011582}",0.04247104247104247,1476.046332046332,sasb_candidate_builder,1af5c46902d44a0bc5c9aca13aa1d37709c2f3e43d59741c9656a6fa049f3677,259,1af5c46902d44a0bc5c9aca13aa1d37709c2f3e43d59741c9656a6fa049f3677,"{""sasb_builder"": 259}",0,0,0,0,{},0.0,"{""common_neighbor_bin_l1"": 0.0, ""degree_product_bin_l1"": 0.0, ""is_boundary_edge_l1"": 0.0, ""is_bridge_edge_l1"": 0.0, ""is_inter_community_edge_l1"": 0.0, ""is_low_common_neighbor_edge_l1"": 0.0, ""mean_l1"": 0.0}",1,32,32,568.5061475023656,0
realworld_completed,bio_celegans,SASB-candidate,sasb,SASB-structured,20260513,243,early,1.0,1.0,0.0,1,1,0,0.12,0.12049382716049382,52,75,52--75,31,7,7,31,217,1,0.16666666666666666,1,7,2,32,"[""96"", ""53"", ""51"", ""60"", ""343"", ""142"", ""143"", ""118"", ""147"", ""363"", ""62"", ""52"", ""144"", ""145"", ""220"", ""82"", ""440"", ""83"", ""364"", ""109"", ""149"", ""121"", ""154"", ""85"", ""307"", ""404"", ""391"", ""322"", ""78"", ""127"", ""368"", ""90""]",00495a3ffb374d01d76a2fca771109915070f1745b5f3bd816fe5111840e8ab4,"{""boundary"": 12, ""community_rep"": 4, ""degree_core"": 10, ""random_fill"": 6}","{""degree_3_4"": 2, ""degree_5_8"": 3, ""degree_9_plus"": 27}","{""0"": 2, ""1"": 6, ""10"": 4, ""2"": 2, ""3"": 4, ""4"": 4, ""5"": 3, ""6"": 1, ""7"": 1, ""8"": 3, ""9"": 2}",259,"{""backend"": ""evaluate_m19_theory_calibrated.candidate_features"", ""delta_mode"": ""none"", ""k_max"": 512, ""k_min"": 64, ""variant"": ""conservative""}",259,0.14534231200897868,1.0,1.0,0.0,0.9884169884169884,"{""dp_17_64"": 0.007722007722007722, ""dp_257_plus"": 0.918918918918919, ""dp_65_256"": 0.07335907335907337}","{""cn_0"": 0.9768339768339769, ""cn_1"": 0.011583011583011582, ""cn_2_3"": 0.011583011583011582}",0.03861003861003861,1472.3552123552124,sasb_candidate_builder,62d6abf9010f5d436fa8aaa2563002d87b9dc7a6393da0cc91f88de249dac73f,259,62d6abf9010f5d436fa8aaa2563002d87b9dc7a6393da0cc91f88de249dac73f,"{""sasb_builder"": 259}",0,0,0,0,{},0.0,"{""common_neighbor_bin_l1"": 0.0, ""degree_product_bin_l1"": 0.0, ""is_boundary_edge_l1"": 0.0, ""is_bridge_edge_l1"": 0.0, ""is_inter_community_edge_l1"": 0.0, ""is_low_common_neighbor_edge_l1"": 0.0, ""mean_l1"": 0.0}",1,32,32,858.2605676100306,0
realworld_completed,bio_celegans,SASB-candidate,sasb,SASB-structured,20260513,244,early,1.0,1.0,0.0,1,1,0,0.12049382716049382,0.12098765432098765,40,75,40--75,16,6,6,16,96,0,0.0,1,3,9,32,"[""96"", ""53"", ""51"", ""60"", ""343"", ""142"", ""143"", ""118"", ""147"", ""363"", ""62"", ""52"", ""144"", ""145"", ""220"", ""82"", ""440"", ""83"", ""364"", ""109"", ""149"", ""121"", ""154"", ""85"", ""307"", ""404"", ""380"", ""252"", ""5"", ""378"", ""351"", ""398""]",eaea0a3e3ef2c8a78f38e12bc32e8cf5038e9ed134f43f281e6b525c50307ca7,"{""boundary"": 12, ""community_rep"": 4, ""degree_core"": 10, ""random_fill"": 6}","{""degree_2"": 1, ""degree_3_4"": 1, ""degree_5_8"": 4, ""degree_9_plus"": 26}","{""0"": 1, ""1"": 5, ""10"": 3, ""2"": 3, ""3"": 5, ""4"": 5, ""5"": 4, ""6"": 1, ""7"": 1, ""8"": 3, ""9"": 1}",259,"{""backend"": ""evaluate_m19_theory_calibrated.candidate_features"", ""delta_mode"": ""none"", ""k_max"": 512, ""k_min"": 64, ""variant"": ""conservative""}",259,0.14542391914654687,1.0,1.0,0.0,0.9884169884169884,"{""dp_17_64"": 0.011583011583011582, ""dp_257_plus"": 0.918918918918919, ""dp_65_256"": 0.0694980694980695}","{""cn_0"": 0.9806949806949807, ""cn_1"": 0.007722007722007722, ""cn_2_3"": 0.011583011583011582}",0.03474903474903475,1471.6563706563707,sasb_candidate_builder,e5d0bb0e7a5f25541737b7a19843bb8aebbcfdd14142607941b52e07546610f2,259,e5d0bb0e7a5f25541737b7a19843bb8aebbcfdd14142607941b52e07546610f2,"{""sasb_builder"": 259}",0,0,0,0,{},0.0,"{""common_neighbor_bin_l1"": 0.0, ""degree_product_bin_l1"": 0.0, ""is_boundary_edge_l1"": 0.0, ""is_bridge_edge_l1"": 0.0, ""is_inter_community_edge_l1"": 0.0, ""is_low_common_neighbor_edge_l1"": 0.0, ""mean_l1"": 0.0}",1,32,32,428.28013977785173,0
realworld_completed,bio_celegans,SASB-candidate,sasb,SASB-structured,20260513,245,early,1.0,1.0,0.0,1,1,0,0.12098765432098765,0.12148148148148148,1,343,1--343,2,65,2,65,130,1,1.0,1,2,7,32,"[""96"", ""53"", ""51"", ""60"", ""343"", ""142"", ""143"", ""118"", ""147"", ""363"", ""62"", ""52"", ""144"", ""145"", ""220"", ""82"", ""440"", ""83"", ""364"", ""109"", ""149"", ""121"", ""154"", ""85"", ""307"", ""404"", ""73"", ""193"", ""105"", ""233"", ""12"", ""175""]",f46de14647f3abdd740916bc033aecf8ee03b30663b27d3887dbd27270c64976,"{""boundary"": 12, ""community_rep"": 4, ""degree_core"": 10, ""random_fill"": 6}","{""degree_3_4"": 3, ""degree_5_8"": 3, ""degree_9_plus"": 26}","{""0"": 2, ""1"": 6, ""10"": 3, ""2"": 2, ""3"": 3, ""4"": 5, ""5"": 4, ""6"": 1, ""7"": 1, ""8"": 4, ""9"": 1}",259,"{""backend"": ""evaluate_m19_theory_calibrated.candidate_features"", ""delta_mode"": ""none"", ""k_max"": 512, ""k_min"": 64, ""variant"": ""conservative""}",259,0.1455056179775281,1.0,1.0,0.0,0.9884169884169884,"{""dp_17_64"": 0.007722007722007722, ""dp_257_plus"": 0.9266409266409267, ""dp_65_256"": 0.06563706563706563}","{""cn_0"": 0.9806949806949807, ""cn_1"": 0.007722007722007722, ""cn_2_3"": 0.011583011583011582}",0.03474903474903475,1478.7413127413126,sasb_candidate_builder,30c4248b2247848d050d05755eb80665151cf0771fb3c06d3c2a76762194ecff,259,30c4248b2247848d050d05755eb80665151cf0771fb3c06d3c2a76762194ecff,"{""sasb_builder"": 259}",0,0,0,0,{},0.0,"{""common_neighbor_bin_l1"": 0.0, ""degree_product_bin_l1"": 0.0, ""is_boundary_edge_l1"": 0.0, ""is_bridge_edge_l1"": 0.0, ""is_inter_community_edge_l1"": 0.0, ""is_low_common_neighbor_edge_l1"": 0.0, ""mean_l1"": 0.0}",1,32,32,368.0679053725764,0
realworld_completed,bio_celegans,SASB-candidate,sasb,SASB-structured,20260513,246,early,1.0,1.0,0.0,1,1,0,0.12148148148148148,0.12197530864197531,112,343,112--343,6,64,6,64,384,1,0.2,1,2,3,32,"[""96"", ""53"", ""51"", ""60"", ""343"", ""142"", ""143"", ""118"", ""147"", ""363"", ""62"", ""52"", ""144"", ""145"", ""220"", ""82"", ""440"", ""83"", ""364"", ""109"", ""149"", ""121"", ""154"", ""85"", ""307"", ""404"", ""76"", ""360"", ""188"", ""347"", ""305"", ""395""]",31d990739d055f301e4bf39d92b24857655303feee039a3273f5743c1a8bb25d,"{""boundary"": 12, ""community_rep"": 4, ""degree_core"": 10, ""random_fill"": 6}","{""degree_3_4"": 3, ""degree_5_8"": 4, ""degree_9_plus"": 25}","{""0"": 2, ""1"": 7, ""10"": 3, ""2"": 1, ""3"": 3, ""4"": 5, ""5"": 3, ""6"": 3, ""7"": 1, ""8"": 3, ""9"": 1}",258,"{""backend"": ""evaluate_m19_theory_calibrated.candidate_features"", ""delta_mode"": ""none"", ""k_max"": 512, ""k_min"": 64, ""variant"": ""conservative""}",258,0.14502529510961215,1.0,1.0,0.0,0.9922480620155039,"{""dp_17_64"": 0.007751937984496124, ""dp_257_plus"": 0.9302325581395349, ""dp_65_256"": 0.06201550387596899}","{""cn_0"": 0.9844961240310077, ""cn_1"": 0.007751937984496124, ""cn_2_3"": 0.007751937984496124}",0.027131782945736434,1482.5852713178294,sasb_candidate_builder,75db8d681adfff67b3e5c86663ca1b82fbec21c311db7410b6cb4a09adf5814e,258,75db8d681adfff67b3e5c86663ca1b82fbec21c311db7410b6cb4a09adf5814e,"{""sasb_builder"": 258}",0,0,0,0,{},0.0,"{""common_neighbor_bin_l1"": 0.0, ""degree_product_bin_l1"": 0.0, ""is_boundary_edge_l1"": 0.0, ""is_bridge_edge_l1"": 0.0, ""is_inter_community_edge_l1"": 0.0, ""is_low_common_neighbor_edge_l1"": 0.0, ""mean_l1"": 0.0}",1,32,32,259.01887374986694,0
realworld_completed,bio_celegans,SASB-candidate,sasb,SASB-structured,20260513,247,early,1.0,1.0,0.0,1,1,0,0.12197530864197531,0.12246913580246914,109,344,109--344,23,10,10,23,230,3,0.3333333333333333,1,3,4,32,"[""96"", ""53"", ""51"", ""60"", ""343"", ""142"", ""143"", ""118"", ""147"", ""363"", ""62"", ""52"", ""144"", ""145"", ""220"", ""82"", ""440"", ""83"", ""364"", ""109"", ""149"", ""121"", ""154"", ""85"", ""307"", ""404"", ""445"", ""36"", ""58"", ""305"", ""75"", ""29""]",987b147410a5e51239eecf276b5c8dc1209603940f9079f2c024f4f27824bf7c,"{""boundary"": 12, ""community_rep"": 4, ""degree_core"": 10, ""random_fill"": 6}","{""degree_3_4"": 2, ""degree_5_8"": 4, ""degree_9_plus"": 26}","{""0"": 1, ""1"": 6, ""10"": 5, ""2"": 3, ""3"": 4, ""4"": 4, ""5"": 3, ""6"": 1, ""7"": 1, ""8"": 3, ""9"": 1}",258,"{""backend"": ""evaluate_m19_theory_calibrated.candidate_features"", ""delta_mode"": ""none"", ""k_max"": 512, ""k_min"": 64, ""variant"": ""conservative""}",258,0.14510686164229472,1.0,1.0,0.0,0.9922480620155039,"{""dp_17_64"": 0.011627906976744186, ""dp_257_plus"": 0.9263565891472868, ""dp_65_256"": 0.06201550387596899}","{""cn_0"": 0.9883720930232558, ""cn_1"": 0.003875968992248062, ""cn_2_3"": 0.007751937984496124}",0.023255813953488372,1479.1705426356589,sasb_candidate_builder,3aa837cbdd93f8d6c487c949bb3612956a2acc0e53af432522d9239dbafb7825,258,3aa837cbdd93f8d6c487c949bb3612956a2acc0e53af432522d9239dbafb7825,"{""sasb_builder"": 258}",0,0,0,0,{},0.0,"{""common_neighbor_bin_l1"": 0.0, ""degree_product_bin_l1"": 0.0, ""is_boundary_edge_l1"": 0.0, ""is_bridge_edge_l1"": 0.0, ""is_inter_community_edge_l1"": 0.0, ""is_low_common_neighbor_edge_l1"": 0.0, ""mean_l1"": 0.0}",1,32,32,161.4811062215543,0
realworld_completed,bio_celegans,SASB-candidate,sasb,SASB-structured,20260513,248,early,1.0,1.0,0.0,1,1,0,0.12246913580246914,0.12296296296296297,241,358,241--358,8,5,5,8,40,0,0.0,1,7,1,32,"[""96"", ""53"", ""51"", ""60"", ""343"", ""142"", ""143"", ""118"", ""147"", ""363"", ""62"", ""52"", ""144"", ""145"", ""220"", ""82"", ""440"", ""83"", ""364"", ""149"", ""109"", ""121"", ""154"", ""85"", ""307"", ""404"", ""351"", ""15"", ""418"", ""235"", ""432"", ""217""]",e56a68efbdc2441fd0e49f645a661acb0646b4693d80e65661923af7dce8cd2f,"{""boundary"": 12, ""community_rep"": 4, ""degree_core"": 10, ""random_fill"": 6}","{""degree_2"": 1, ""degree_3_4"": 1, ""degree_5_8"": 4, ""degree_9_plus"": 26}","{""0"": 3, ""1"": 6, ""10"": 3, ""2"": 1, ""3"": 5, ""4"": 4, ""5"": 4, ""6"": 1, ""7"": 1, ""8"": 3, ""9"": 1}",258,"{""backend"": ""evaluate_m19_theory_calibrated.candidate_features"", ""delta_mode"": ""none"", ""k_max"": 512, ""k_min"": 64, ""variant"": ""conservative""}",258,0.14518851997749016,1.0,1.0,0.0,0.9961240310077519,"{""dp_17_64"": 0.011627906976744186, ""dp_257_plus"": 0.9263565891472868, ""dp_65_256"": 0.06201550387596899}","{""cn_0"": 0.9922480620155039, ""cn_1"": 0.003875968992248062, ""cn_2_3"": 0.003875968992248062}",0.011627906976744186,1477.0038759689924,sasb_candidate_builder,fca74547cd05098a069f04a977355301ac13db9cf4efe991e82f0eb49bb8a60f,258,fca74547cd05098a069f04a977355301ac13db9cf4efe991e82f0eb49bb8a60f,"{""sasb_builder"": 258}",0,0,0,0,{},0.0,"{""common_neighbor_bin_l1"": 0.0, ""degree_product_bin_l1"": 0.0, ""is_boundary_edge_l1"": 0.0, ""is_bridge_edge_l1"": 0.0, ""is_inter_community_edge_l1"": 0.0, ""is_low_common_neighbor_edge_l1"": 0.0, ""mean_l1"": 0.0}",1,32,32,113.0767227259415,0
realworld_completed,bio_celegans,SASB-candidate,sasb,SASB-structured,20260513,249,early,1.0,1.0,0.0,1,1,0,0.12296296296296297,0.12345679012345678,129,295,129--295,8,14,8,14,112,1,0.14285714285714285,1,4,9,32,"[""96"", ""53"", ""51"", ""60"", ""343"", ""142"", ""143"", ""118"", ""147"", ""363"", ""62"", ""52"", ""144"", ""145"", ""220"", ""82"", ""440"", ""83"", ""364"", ""149"", ""109"", ""121"", ""154"", ""85"", ""307"", ""404"", ""359"", ""449"", ""7"", ""2"", ""190"", ""184""]",a17b8334a1b1445ce0892c415509511d281cc984e17a84ac5690ac5459a4348c,"{""boundary"": 12, ""community_rep"": 4, ""degree_core"": 10, ""random_fill"": 6}","{""degree_2"": 1, ""degree_3_4"": 1, ""degree_5_8"": 4, ""degree_9_plus"": 26}","{""0"": 1, ""1"": 6, ""10"": 3, ""2"": 1, ""3"": 3, ""4"": 6, ""5"": 4, ""6"": 1, ""7"": 1, ""8"": 5, ""9"": 1}",258,"{""backend"": ""evaluate_m19_theory_calibrated.candidate_features"", ""delta_mode"": ""none"", ""k_max"": 512, ""k_min"": 64, ""variant"": ""conservative""}",258,0.14527027027027026,1.0,1.0,0.0,0.9961240310077519,"{""dp_17_64"": 0.007751937984496124, ""dp_257_plus"": 0.9302325581395349, ""dp_65_256"": 0.06201550387596899}","{""cn_0"": 0.9922480620155039, ""cn_1"": 0.003875968992248062, ""cn_2_3"": 0.003875968992248062}",0.011627906976744186,1478.2984496124031,sasb_candidate_builder,3db1d96a889c8835adb9cd2e7d33ecde5bacfa4e47c9c5c5daa0b913dc4c782e,258,3db1d96a889c8835adb9cd2e7d33ecde5bacfa4e47c9c5c5daa0b913dc4c782e,"{""sasb_builder"": 258}",0,0,0,0,{},0.0,"{""common_neighbor_bin_l1"": 0.0, ""degree_product_bin_l1"": 0.0, ""is_boundary_edge_l1"": 0.0, ""is_bridge_edge_l1"": 0.0, ""is_inter_community_edge_l1"": 0.0, ""is_low_common_neighbor_edge_l1"": 0.0, ""mean_l1"": 0.0}",1,32,32,106.35423217633546,0
realworld_completed,bio_celegans,SASB-candidate,sasb,SASB-structured,20260513,250,early,1.0,1.0,0.0,1,1,0,0.12345679012345678,0.12395061728395061,134,147,134--147,18,47,18,47,846,7,0.4117647058823529,1,5,3,32,"[""96"", ""53"", ""60"", ""51"", ""142"", ""143"", ""62"", ""147"", ""343"", ""363"", ""118"", ""220"", ""144"", ""145"", ""52"", ""82"", ""440"", ""83"", ""364"", ""149"", ""109"", ""121"", ""154"", ""85"", ""398"", ""307"", ""404"", ""107"", ""184"", ""151"", ""259"", ""234""]",f97d1fe25185c8f642b35888b42f172e6038f885c4a29155b7a9e29427f13004,"{""boundary"": 12, ""community_rep"": 5, ""degree_core"": 10, ""random_fill"": 5}","{""degree_2"": 1, ""degree_3_4"": 2, ""degree_5_8"": 3, ""degree_9_plus"": 26}","{""0"": 1, ""1"": 5, ""2"": 1, ""3"": 13, ""4"": 4, ""5"": 4, ""6"": 1, ""7"": 1, ""8"": 1, ""9"": 1}",258,"{""backend"": ""evaluate_m19_theory_calibrated.candidate_features"", ""delta_mode"": ""none"", ""k_max"": 512, ""k_min"": 64, ""variant"": ""conservative""}",258,0.14535211267605633,1.0,1.0,0.0,0.9844961240310077,"{""dp_17_64"": 0.007751937984496124, ""dp_257_plus"": 0.9496124031007752, ""dp_65_256"": 0.04263565891472868}","{""cn_0"": 0.9806201550387597, ""cn_1"": 0.003875968992248062, ""cn_2_3"": 0.007751937984496124, ""cn_4_8"": 0.007751937984496124}",0.06589147286821706,1506.9573643410852,sasb_candidate_builder,c93a67858bc173849145e6878adcfbb60169e5e461a008a9421bae5fb50e424f,258,c93a67858bc173849145e6878adcfbb60169e5e461a008a9421bae5fb50e424f,"{""sasb_builder"": 258}",0,0,0,0,{},0.0,"{""common_neighbor_bin_l1"": 0.0, ""degree_product_bin_l1"": 0.0, ""is_boundary_edge_l1"": 0.0, ""is_bridge_edge_l1"": 0.0, ""is_inter_community_edge_l1"": 0.0, ""is_low_common_neighbor_edge_l1"": 0.0, ""mean_l1"": 0.0}",1,32,32,276.4083184032161,0
realworld_completed,bio_celegans,SASB-candidate,sasb,SASB-structured,20260513,251,early,1.0,1.0,0.0,1,1,0,0.12395061728395061,0.12444444444444444,114,147,114--147,6,46,6,46,276,2,0.4,1,5,3,32,"[""96"", ""53"", ""60"", ""51"", ""142"", ""143"", ""62"", ""147"", ""343"", ""363"", ""118"", ""220"", ""144"", ""145"", ""52"", ""82"", ""440"", ""83"", ""364"", ""149"", ""109"", ""121"", ""154"", ""85"", ""398"", ""307"", ""404"", ""424"", ""289"", ""31"", ""241"", ""294""]",5b4ef443f43c22c6cee2a86fea67ae6f859afcbec7499375b98a2c2df305339d,"{""boundary"": 12, ""community_rep"": 5, ""degree_core"": 10, ""random_fill"": 5}","{""degree_3_4"": 1, ""degree_5_8"": 4, ""degree_9_plus"": 27}","{""0"": 1, ""1"": 5, ""2"": 1, ""3"": 13, ""4"": 4, ""5"": 3, ""6"": 1, ""7"": 1, ""8"": 2, ""9"": 1}",258,"{""backend"": ""evaluate_m19_theory_calibrated.candidate_features"", ""delta_mode"": ""none"", ""k_max"": 512, ""k_min"": 64, ""variant"": ""conservative""}",258,0.14543404735062007,1.0,1.0,0.0,0.9806201550387597,"{""dp_17_64"": 0.007751937984496124, ""dp_257_plus"": 0.9496124031007752, ""dp_65_256"": 0.04263565891472868}","{""cn_0"": 0.9767441860465116, ""cn_1"": 0.003875968992248062, ""cn_2_3"": 0.011627906976744186, ""cn_4_8"": 0.007751937984496124}",0.07364341085271318,1502.2403100775193,sasb_candidate_builder,5dde921a6f93effba94f9ecdfef1d8b900b43fe3ac6db8578368f04c43f0a2a7,258,5dde921a6f93effba94f9ecdfef1d8b900b43fe3ac6db8578368f04c43f0a2a7,"{""sasb_builder"": 258}",0,0,0,0,{},0.0,"{""common_neighbor_bin_l1"": 0.0, ""degree_product_bin_l1"": 0.0, ""is_boundary_edge_l1"": 0.0, ""is_bridge_edge_l1"": 0.0, ""is_inter_community_edge_l1"": 0.0, ""is_low_common_neighbor_edge_l1"": 0.0, ""mean_l1"": 0.0}",1,32,32,127.90344907849504,0
realworld_completed,bio_celegans,SASB-candidate,sasb,SASB-structured,20260513,252,early,1.0,1.0,0.0,1,1,0,0.12444444444444444,0.12493827160493827,295,373,295--373,13,15,13,15,195,3,0.25,1,3,1,32,"[""96"", ""53"", ""60"", ""51"", ""142"", ""143"", ""62"", ""147"", ""343"", ""363"", ""118"", ""220"", ""144"", ""145"", ""52"", ""82"", ""440"", ""83"", ""364"", ""149"", ""109"", ""121"", ""154"", ""85"", ""398"", ""307"", ""404"", ""49"", ""379"", ""270"", ""452"", ""216""]",dff982b0cef1a8e324da2f5637ee430d122e41c739a54c8c340546ed4d8681ec,"{""boundary"": 12, ""community_rep"": 5, ""degree_core"": 10, ""random_fill"": 5}","{""degree_3_4"": 1, ""degree_5_8"": 3, ""degree_9_plus"": 28}","{""0"": 1, ""1"": 7, ""2"": 1, ""3"": 11, ""4"": 4, ""5"": 3, ""6"": 1, ""7"": 2, ""8"": 1, ""9"": 1}",258,"{""backend"": ""evaluate_m19_theory_calibrated.candidate_features"", ""delta_mode"": ""none"", ""k_max"": 512, ""k_min"": 64, ""variant"": ""conservative""}",258,0.1455160744500846,1.0,1.0,0.0,0.9844961240310077,"{""dp_17_64"": 0.007751937984496124, ""dp_257_plus"": 0.9496124031007752, ""dp_65_256"": 0.04263565891472868}","{""cn_0"": 0.9806201550387597, ""cn_1"": 0.003875968992248062, ""cn_2_3"": 0.007751937984496124, ""cn_4_8"": 0.007751937984496124}",0.06201550387596899,1502.3062015503876,sasb_candidate_builder,01a6876fc53f1053d5490edaf861be355c14d11f376fb4e10d04810198418920,258,01a6876fc53f1053d5490edaf861be355c14d11f376fb4e10d04810198418920,"{""sasb_builder"": 258}",0,0,0,0,{},0.0,"{""common_neighbor_bin_l1"": 0.0, ""degree_product_bin_l1"": 0.0, ""is_boundary_edge_l1"": 0.0, ""is_bridge_edge_l1"": 0.0, ""is_inter_community_edge_l1"": 0.0, ""is_low_common_neighbor_edge_l1"": 0.0, ""mean_l1"": 0.0}",1,32,32,114.57976885718172,0
realworld_completed,bio_celegans,SASB-candidate,sasb,SASB-structured,20260513,253,early,1.0,1.0,0.0,1,1,0,0.12493827160493827,0.1254320987654321,115,118,115--118,14,38,14,38,532,4,0.3076923076923077,1,5,9,32,"[""96"", ""53"", ""60"", ""51"", ""142"", ""143"", ""62"", ""147"", ""343"", ""363"", ""118"", ""220"", ""144"", ""145"", ""52"", ""82"", ""440"", ""83"", ""364"", ""149"", ""109"", ""121"", ""154"", ""85"", ""398"", ""307"", ""404"", ""164"", ""377"", ""133"", ""430"", ""152""]",45ef5ccdac36a890b98a193189930e058b1a77235b62f536caca3b56379c0d20,"{""boundary"": 12, ""community_rep"": 5, ""degree_core"": 10, ""random_fill"": 5}","{""degree_3_4"": 3, ""degree_5_8"": 2, ""degree_9_plus"": 27}","{""0"": 3, ""1"": 6, ""2"": 1, ""3"": 10, ""4"": 4, ""5"": 3, ""6"": 1, ""7"": 2, ""8"": 1, ""9"": 1}",258,"{""backend"": ""evaluate_m19_theory_calibrated.candidate_features"", ""delta_mode"": ""none"", ""k_max"": 512, ""k_min"": 64, ""variant"": ""conservative""}",258,0.1455981941309255,1.0,1.0,0.0,0.9883720930232558,"{""dp_17_64"": 0.007751937984496124, ""dp_257_plus"": 0.9534883720930233, ""dp_65_256"": 0.03875968992248062}","{""cn_0"": 0.9844961240310077, ""cn_1"": 0.003875968992248062, ""cn_2_3"": 0.003875968992248062, ""cn_4_8"": 0.007751937984496124}",0.050387596899224806,1503.3488372093022,sasb_candidate_builder,c67e7c92ee35a23404bbc955a21dce04319f3731f545737cc9152bec476ebdb0,258,c67e7c92ee35a23404bbc955a21dce04319f3731f545737cc9152bec476ebdb0,"{""sasb_builder"": 258}",0,0,0,0,{},0.0,"{""common_neighbor_bin_l1"": 0.0, ""degree_product_bin_l1"": 0.0, ""is_boundary_edge_l1"": 0.0, ""is_bridge_edge_l1"": 0.0, ""is_inter_community_edge_l1"": 0.0, ""is_low_common_neighbor_edge_l1"": 0.0, ""mean_l1"": 0.0}",1,32,32,126.86024915520284,0
realworld_completed,bio_celegans,SASB-candidate,sasb,SASB-structured,20260513,254,early,1.0,1.0,0.0,1,1,0,0.1254320987654321,0.1259259259259259,115,147,115--147,13,45,13,45,585,6,0.5,1,6,7,32,"[""96"", ""53"", ""60"", ""51"", ""142"", ""143"", ""62"", ""147"", ""343"", ""363"", ""118"", ""220"", ""144"", ""145"", ""52"", ""82"", ""440"", ""83"", ""364"", ""149"", ""109"", ""121"", ""154"", ""85"", ""398"", ""307"", ""404"", ""114"", ""370"", ""345"", ""312"", ""3""]",b0ae26edf563f6fb1d750ede9dbb197acc6688bcb8717728b88556992a026466,"{""boundary"": 12, ""community_rep"": 5, ""degree_core"": 10, ""random_fill"": 5}","{""degree_3_4"": 2, ""degree_5_8"": 4, ""degree_9_plus"": 26}","{""0"": 1, ""1"": 7, ""2"": 1, ""3"": 10, ""4"": 4, ""5"": 4, ""6"": 1, ""7"": 2, ""8"": 1, ""9"": 1}",258,"{""backend"": ""evaluate_m19_theory_calibrated.candidate_features"", ""delta_mode"": ""none"", ""k_max"": 512, ""k_min"": 64, ""variant"": ""conservative""}",258,0.14568040654997177,1.0,1.0,0.0,0.9922480620155039,"{""dp_17_64"": 0.007751937984496124, ""dp_257_plus"": 0.9496124031007752, ""dp_65_256"": 0.04263565891472868}","{""cn_0"": 0.9883720930232558, ""cn_1"": 0.003875968992248062, ""cn_2_3"": 0.003875968992248062, ""cn_4_8"": 0.003875968992248062}",0.03488372093023256,1498.8372093023256,sasb_candidate_builder,759752437c8c5e2d9f45043aa3e7d33e96cf2e9d636245cdbc791eca2a2f505d,258,759752437c8c5e2d9f45043aa3e7d33e96cf2e9d636245cdbc791eca2a2f505d,"{""sasb_builder"": 258}",0,0,0,0,{},0.0,"{""common_neighbor_bin_l1"": 0.0, ""degree_product_bin_l1"": 0.0, ""is_boundary_edge_l1"": 0.0, ""is_bridge_edge_l1"": 0.0, ""is_inter_community_edge_l1"": 0.0, ""is_low_common_neighbor_edge_l1"": 0.0, ""mean_l1"": 0.0}",1,32,32,174.18594617752456,0
realworld_completed,bio_celegans,SASB-candidate,sasb,SASB-structured,20260513,255,early,1.0,1.0,0.0,1,1,0,0.1259259259259259,0.12641975308641976,356,363,356--363,3,49,3,49,147,2,1.0,1,9,7,32,"[""96"", ""53"", ""60"", ""51"", ""142"", ""143"", ""62"", ""343"", ""147"", ""363"", ""118"", ""220"", ""144"", ""145"", ""52"", ""82"", ""440"", ""83"", ""364"", ""149"", ""109"", ""121"", ""154"", ""85"", ""398"", ""307"", ""404"", ""310"", ""327"", ""428"", ""8"", ""392""]",1af391665a00ee62455be0bbbd05150eb99a489d3eef1bbb05ffe13dd6e31a6f,"{""boundary"": 12, ""community_rep"": 5, ""degree_core"": 10, ""random_fill"": 5}","{""degree_3_4"": 2, ""degree_5_8"": 4, ""degree_9_plus"": 26}","{""0"": 2, ""1"": 5, ""2"": 1, ""3"": 9, ""4"": 7, ""5"": 3, ""6"": 1, ""7"": 2, ""8"": 1, ""9"": 1}",258,"{""backend"": ""evaluate_m19_theory_calibrated.candidate_features"", ""delta_mode"": ""none"", ""k_max"": 512, ""k_min"": 64, ""variant"": ""conservative""}",258,0.14576271186440679,1.0,1.0,0.0,0.9961240310077519,"{""dp_17_64"": 0.011627906976744186, ""dp_257_plus"": 0.9496124031007752, ""dp_65_256"": 0.03875968992248062}","{""cn_0"": 0.9922480620155039, ""cn_1"": 0.003875968992248062, ""cn_2_3"": 0.003875968992248062}",0.011627906976744186,1500.077519379845,sasb_candidate_builder,f2531b97b339a7cb85b0aacfe2f9dde8446d47446398890647a8fe78aee50cdf,258,f2531b97b339a7cb85b0aacfe2f9dde8446d47446398890647a8fe78aee50cdf,"{""sasb_builder"": 258}",0,0,0,0,{},0.0,"{""common_neighbor_bin_l1"": 0.0, ""degree_product_bin_l1"": 0.0, ""is_boundary_edge_l1"": 0.0, ""is_bridge_edge_l1"": 0.0, ""is_inter_community_edge_l1"": 0.0, ""is_low_common_neighbor_edge_l1"": 0.0, ""mean_l1"": 0.0}",1,32,32,107.11272887684125,0
realworld_completed,bio_celegans,SASB-candidate,sasb,SASB-structured,20260513,256,early,1.0,1.0,0.0,1,1,0,0.12641975308641976,0.12691358024691357,85,94,85--94,17,15,15,17,255,7,0.5,1,8,9,32,"[""96"", ""53"", ""60"", ""51"", ""142"", ""143"", ""62"", ""343"", ""147"", ""363"", ""118"", ""220"", ""144"", ""145"", ""52"", ""82"", ""440"", ""83"", ""364"", ""149"", ""109"", ""121"", ""154"", ""85"", ""398"", ""307"", ""404"", ""372"", ""174"", ""249"", ""71"", ""111""]",c53d03202d4a240393329b38c527c289c57d2a92b929fbec68d68b8cf864dfc4,"{""boundary"": 12, ""community_rep"": 5, ""degree_core"": 10, ""random_fill"": 5}","{""degree_3_4"": 2, ""degree_5_8"": 4, ""degree_9_plus"": 26}","{""0"": 2, ""1"": 5, ""2"": 1, ""3"": 10, ""4"": 5, ""5"": 3, ""6"": 1, ""7"": 3, ""8"": 1, ""9"": 1}",258,"{""backend"": ""evaluate_m19_theory_calibrated.candidate_features"", ""delta_mode"": ""none"", ""k_max"": 512, ""k_min"": 64, ""variant"": ""conservative""}",258,0.14584511023176935,1.0,1.0,0.0,0.9961240310077519,"{""dp_17_64"": 0.011627906976744186, ""dp_257_plus"": 0.9496124031007752, ""dp_65_256"": 0.03875968992248062}","{""cn_0"": 0.9922480620155039, ""cn_1"": 0.003875968992248062, ""cn_4_8"": 0.003875968992248062}",0.031007751937984496,1493.9728682170542,sasb_candidate_builder,918e34c380a846faedb744a043da40d1e375b8d818a69d7fd235b067964a16b6,258,918e34c380a846faedb744a043da40d1e375b8d818a69d7fd235b067964a16b6,"{""sasb_builder"": 258}",0,0,0,0,{},0.0,"{""common_neighbor_bin_l1"": 0.0, ""degree_product_bin_l1"": 0.0, ""is_boundary_edge_l1"": 0.0, ""is_bridge_edge_l1"": 0.0, ""is_inter_community_edge_l1"": 0.0, ""is_low_common_neighbor_edge_l1"": 0.0, ""mean_l1"": 0.0}",1,32,32,278.1801686536042,0
realworld_completed,bio_celegans,SASB-candidate,sasb,SASB-structured,20260513,257,early,1.0,1.0,0.0,1,1,0,0.12691358024691357,0.1274074074074074,341,342,341--342,5,4,4,5,20,1,0.3333333333333333,1,1,7,32,"[""96"", ""53"", ""60"", ""51"", ""142"", ""143"", ""62"", ""343"", ""147"", ""363"", ""118"", ""220"", ""144"", ""145"", ""52"", ""82"", ""440"", ""83"", ""364"", ""149"", ""109"", ""121"", ""154"", ""85"", ""398"", ""307"", ""404"", ""369"", ""428"", ""389"", ""297"", ""197""]",48e45552546ef609d921160a77e46e7e63bf87131d2102ffbd1b1c5d7d70bcc1,"{""boundary"": 12, ""community_rep"": 5, ""degree_core"": 10, ""random_fill"": 5}","{""degree_2"": 1, ""degree_3_4"": 1, ""degree_5_8"": 3, ""degree_9_plus"": 27}","{""0"": 2, ""1"": 5, ""2"": 1, ""3"": 11, ""4"": 5, ""5"": 4, ""6"": 1, ""7"": 1, ""8"": 1, ""9"": 1}",258,"{""backend"": ""evaluate_m19_theory_calibrated.candidate_features"", ""delta_mode"": ""none"", ""k_max"": 512, ""k_min"": 64, ""variant"": ""conservative""}",258,0.14592760180995476,1.0,1.0,0.0,1.0,"{""dp_17_64"": 0.011627906976744186, ""dp_257_plus"": 0.9496124031007752, ""dp_65_256"": 0.03875968992248062}","{""cn_0"": 0.9961240310077519, ""cn_1"": 0.003875968992248062}",0.003875968992248062,1492.5426356589148,sasb_candidate_builder,3aa83bdc5b7d37a4fb43b20b7136b3c30cda3c48d559d9f3d6de7fcd49adecee,258,3aa83bdc5b7d37a4fb43b20b7136b3c30cda3c48d559d9f3d6de7fcd49adecee,"{""sasb_builder"": 258}",0,0,0,0,{},0.0,"{""common_neighbor_bin_l1"": 0.0, ""degree_product_bin_l1"": 0.0, ""is_boundary_edge_l1"": 0.0, ""is_bridge_edge_l1"": 0.0, ""is_inter_community_edge_l1"": 0.0, ""is_low_common_neighbor_edge_l1"": 0.0, ""mean_l1"": 0.0}",1,32,32,43.52831696347429,0
realworld_completed,bio_celegans,SASB-candidate,sasb,SASB-structured,20260513,258,early,1.0,1.0,0.0,1,1,0,0.1274074074074074,0.12790123456790123,100,96,100--96,4,196,4,196,784,1,0.3333333333333333,1,6,0,32,"[""96"", ""53"", ""60"", ""51"", ""142"", ""143"", ""62"", ""343"", ""147"", ""363"", ""118"", ""220"", ""144"", ""145"", ""52"", ""82"", ""440"", ""83"", ""364"", ""149"", ""109"", ""121"", ""154"", ""85"", ""398"", ""307"", ""404"", ""310"", ""275"", ""396"", ""229"", ""353""]",32f8cd4902e75a7821210fdf13af46a57836456ba20ab2e293f586febb5c935a,"{""boundary"": 12, ""community_rep"": 5, ""degree_core"": 10, ""random_fill"": 5}","{""degree_3_4"": 2, ""degree_5_8"": 3, ""degree_9_plus"": 27}","{""0"": 2, ""1"": 5, ""2"": 1, ""3"": 11, ""4"": 5, ""5"": 3, ""6"": 1, ""7"": 2, ""8"": 1, ""9"": 1}",258,"{""backend"": ""evaluate_m19_theory_calibrated.candidate_features"", ""delta_mode"": ""none"", ""k_max"": 512, ""k_min"": 64, ""variant"": ""conservative""}",258,0.1460101867572156,1.0,1.0,0.0,1.0,"{""dp_17_64"": 0.007751937984496124, ""dp_257_plus"": 0.9534883720930233, ""dp_65_256"": 0.03875968992248062}","{""cn_0"": 1.0}",0.0,1498.3372093023256,sasb_candidate_builder,5f62586ef50c4344f18c14e5e821c9a36cf3c05cf8f0d2627c8113441a861e80,258,5f62586ef50c4344f18c14e5e821c9a36cf3c05cf8f0d2627c8113441a861e80,"{""sasb_builder"": 258}",0,0,0,0,{},0.0,"{""common_neighbor_bin_l1"": 0.0, ""degree_product_bin_l1"": 0.0, ""is_boundary_edge_l1"": 0.0, ""is_bridge_edge_l1"": 0.0, ""is_inter_community_edge_l1"": 0.0, ""is_low_common_neighbor_edge_l1"": 0.0, ""mean_l1"": 0.0}",1,32,32,0.0,0
realworld_completed,bio_celegans,SASB-candidate,sasb,SASB-structured,20260513,259,early,1.0,1.0,0.0,1,1,0,0.12790123456790123,0.12839506172839507,102,96,102--96,5,195,5,195,975,4,1.0,1,1,0,32,"[""96"", ""53"", ""60"", ""51"", ""142"", ""143"", ""62"", ""343"", ""147"", ""363"", ""118"", ""220"", ""144"", ""145"", ""52"", ""82"", ""440"", ""83"", ""364"", ""149"", ""109"", ""121"", ""154"", ""85"", ""398"", ""307"", ""404"", ""407"", ""157"", ""326"", ""187"", ""86""]",5bc3a56bf68eaf10e7755827406403778d865299641767dcc11c7f4514c1fd8f,"{""boundary"": 12, ""community_rep"": 5, ""degree_core"": 10, ""random_fill"": 5}","{""degree_3_4"": 3, ""degree_5_8"": 3, ""degree_9_plus"": 26}","{""0"": 1, ""1"": 6, ""2"": 1, ""3"": 10, ""4"": 5, ""5"": 4, ""6"": 1, ""7"": 1, ""8"": 2, ""9"": 1}",258,"{""backend"": ""evaluate_m19_theory_calibrated.candidate_features"", ""delta_mode"": ""none"", ""k_max"": 512, ""k_min"": 64, ""variant"": ""conservative""}",258,0.14609286523216308,1.0,1.0,0.0,1.0,"{""dp_17_64"": 0.007751937984496124, ""dp_257_plus"": 0.9534883720930233, ""dp_65_256"": 0.03875968992248062}","{""cn_0"": 1.0}",0.0,1495.8410852713178,sasb_candidate_builder,06c3dc13162903e3680635ad45bf8d9ec1ee156e6eebf4600b1d41927176c465,258,06c3dc13162903e3680635ad45bf8d9ec1ee156e6eebf4600b1d41927176c465,"{""sasb_builder"": 258}",0,0,0,0,{},0.0,"{""common_neighbor_bin_l1"": 0.0, ""degree_product_bin_l1"": 0.0, ""is_boundary_edge_l1"": 0.0, ""is_bridge_edge_l1"": 0.0, ""is_inter_community_edge_l1"": 0.0, ""is_low_common_neighbor_edge_l1"": 0.0, ""mean_l1"": 0.0}",1,32,32,0.0,0
realworld_completed,bio_celegans,SASB-candidate,sasb,SASB-structured,20260513,260,early,1.0,1.0,0.0,1,1,0,0.12839506172839507,0.1288888888888889,134,377,134--377,17,10,10,17,170,3,0.3333333333333333,1,6,4,32,"[""96"", ""53"", ""60"", ""51"", ""142"", ""143"", ""62"", ""343"", ""363"", ""220"", ""147"", ""118"", ""144"", ""145"", ""52"", ""82"", ""440"", ""83"", ""364"", ""149"", ""109"", ""121"", ""154"", ""85"", ""398"", ""307"", ""404"", ""322"", ""428"", ""132"", ""200"", ""406""]",da3d0be437888848d1930d2ccecf50556da96c44a0c2e7d387ccdac7ddfcaf7c,"{""boundary"": 12, ""community_rep"": 6, ""degree_core"": 10, ""random_fill"": 4}","{""degree_5_8"": 5, ""degree_9_plus"": 27}","{""0"": 1, ""1"": 6, ""10"": 10, ""2"": 6, ""3"": 1, ""4"": 1, ""5"": 1, ""6"": 3, ""7"": 1, ""8"": 1, ""9"": 1}",257,"{""backend"": ""evaluate_m19_theory_calibrated.candidate_features"", ""delta_mode"": ""none"", ""k_max"": 512, ""k_min"": 64, ""variant"": ""conservative""}",257,0.14560906515580738,1.0,1.0,0.0,0.9961089494163424,"{""dp_17_64"": 0.007782101167315175, ""dp_257_plus"": 0.9494163424124513, ""dp_65_256"": 0.042801556420233464}","{""cn_0"": 0.9961089494163424, ""cn_2_3"": 0.0038910505836575876}",0.011673151750972763,1488.4708171206225,sasb_candidate_builder,4c116eae862510c84b5033beb3796af655535911402d52023623e434ba3f8de4,257,4c116eae862510c84b5033beb3796af655535911402d52023623e434ba3f8de4,"{""sasb_builder"": 257}",0,0,0,0,{},0.0,"{""common_neighbor_bin_l1"": 0.0, ""degree_product_bin_l1"": 0.0, ""is_boundary_edge_l1"": 0.0, ""is_bridge_edge_l1"": 0.0, ""is_inter_community_edge_l1"": 0.0, ""is_low_common_neighbor_edge_l1"": 0.0, ""mean_l1"": 0.0}",1,32,32,40.70916815391213,0
realworld_completed,bio_celegans,SASB-candidate,sasb,SASB-structured,20260513,261,early,1.0,1.0,0.0,1,1,0,0.1288888888888889,0.12938271604938273,108,96,108--96,8,194,8,194,1552,5,0.7142857142857143,1,9,0,32,"[""96"", ""53"", ""60"", ""51"", ""142"", ""143"", ""62"", ""343"", ""363"", ""220"", ""147"", ""118"", ""144"", ""145"", ""52"", ""82"", ""440"", ""83"", ""364"", ""149"", ""109"", ""121"", ""154"", ""85"", ""398"", ""307"", ""404"", ""322"", ""152"", ""40"", ""353"", ""427""]",722b74ed1aa16bab394b389c1ea2231f74f8a15d0fae2f05c7cccecb6371dcc8,"{""boundary"": 12, ""community_rep"": 6, ""degree_core"": 10, ""random_fill"": 4}","{""degree_3_4"": 1, ""degree_5_8"": 2, ""degree_9_plus"": 29}","{""0"": 1, ""1"": 6, ""10"": 12, ""2"": 4, ""3"": 1, ""4"": 1, ""5"": 1, ""6"": 3, ""7"": 1, ""8"": 1, ""9"": 1}",257,"{""backend"": ""evaluate_m19_theory_calibrated.candidate_features"", ""delta_mode"": ""none"", ""k_max"": 512, ""k_min"": 64, ""variant"": ""conservative""}",257,0.14569160997732428,1.0,1.0,0.0,1.0,"{""dp_17_64"": 0.007782101167315175, ""dp_257_plus"": 0.953307392996109, ""dp_65_256"": 0.038910505836575876}","{""cn_0"": 1.0}",0.0,1492.1439688715952,sasb_candidate_builder,3b98effaac24d3922c16aa90388b564e07c5128ee763c84b4da70bc3b5c346cb,257,3b98effaac24d3922c16aa90388b564e07c5128ee763c84b4da70bc3b5c346cb,"{""sasb_builder"": 257}",0,0,0,0,{},0.0,"{""common_neighbor_bin_l1"": 0.0, ""degree_product_bin_l1"": 0.0, ""is_boundary_edge_l1"": 0.0, ""is_bridge_edge_l1"": 0.0, ""is_inter_community_edge_l1"": 0.0, ""is_low_common_neighbor_edge_l1"": 0.0, ""mean_l1"": 0.0}",1,32,32,0.0,0
realworld_completed,bio_celegans,SASB-candidate,sasb,SASB-structured,20260513,262,early,1.0,1.0,0.0,1,1,0,0.12938271604938273,0.12987654320987654,109,85,109--85,22,16,16,22,352,3,0.2,1,3,8,32,"[""96"", ""53"", ""60"", ""51"", ""142"", ""143"", ""62"", ""343"", ""363"", ""220"", ""147"", ""118"", ""144"", ""145"", ""52"", ""82"", ""440"", ""83"", ""364"", ""149"", ""109"", ""121"", ""154"", ""85"", ""398"", ""307"", ""404"", ""322"", ""298"", ""413"", ""61"", ""309""]",8c10730dd1d021d88f804984c4f2efc458751df8e77fbed841d198f50390febe,"{""boundary"": 12, ""community_rep"": 6, ""degree_core"": 10, ""random_fill"": 4}","{""degree_3_4"": 2, ""degree_5_8"": 2, ""degree_9_plus"": 28}","{""0"": 1, ""1"": 6, ""10"": 9, ""2"": 5, ""3"": 1, ""4"": 3, ""5"": 1, ""6"": 3, ""7"": 1, ""8"": 1, ""9"": 1}",257,"{""backend"": ""evaluate_m19_theory_calibrated.candidate_features"", ""delta_mode"": ""none"", ""k_max"": 512, ""k_min"": 64, ""variant"": ""conservative""}",257,0.14577424844015882,1.0,1.0,0.0,1.0,"{""dp_17_64"": 0.007782101167315175, ""dp_257_plus"": 0.953307392996109, ""dp_65_256"": 0.038910505836575876}","{""cn_0"": 1.0}",0.0,1486.5836575875487,sasb_candidate_builder,774f3ed13870cd80d7e1b1012c13a156e3a6fac8e04d92393a54847fa6ee04b9,257,774f3ed13870cd80d7e1b1012c13a156e3a6fac8e04d92393a54847fa6ee04b9,"{""sasb_builder"": 257}",0,0,0,0,{},0.0,"{""common_neighbor_bin_l1"": 0.0, ""degree_product_bin_l1"": 0.0, ""is_boundary_edge_l1"": 0.0, ""is_bridge_edge_l1"": 0.0, ""is_inter_community_edge_l1"": 0.0, ""is_low_common_neighbor_edge_l1"": 0.0, ""mean_l1"": 0.0}",1,32,32,0.0,0
realworld_completed,bio_celegans,SASB-candidate,sasb,SASB-structured,20260513,263,early,1.0,1.0,0.0,1,1,0,0.12987654320987654,0.13037037037037036,109,96,109--96,21,193,21,193,4053,9,0.45,1,3,0,32,"[""96"", ""53"", ""60"", ""51"", ""142"", ""143"", ""62"", ""343"", ""363"", ""220"", ""147"", ""118"", ""144"", ""145"", ""52"", ""82"", ""440"", ""83"", ""364"", ""149"", ""121"", ""32"", ""154"", ""85"", ""398"", ""307"", ""404"", ""322"", ""15"", ""258"", ""408"", ""68""]",543761fab807adfaff07c503d178e1c4ab3d579b15408b9a0a69573522b730b7,"{""boundary"": 12, ""community_rep"": 6, ""degree_core"": 10, ""random_fill"": 4}","{""degree_2"": 1, ""degree_3_4"": 2, ""degree_5_8"": 2, ""degree_9_plus"": 27}","{""0"": 2, ""1"": 5, ""10"": 11, ""2"": 4, ""3"": 1, ""4"": 1, ""5"": 1, ""6"": 3, ""7"": 2, ""8"": 1, ""9"": 1}",257,"{""backend"": ""evaluate_m19_theory_calibrated.candidate_features"", ""delta_mode"": ""none"", ""k_max"": 512, ""k_min"": 64, ""variant"": ""conservative""}",257,0.14585698070374575,1.0,1.0,0.0,1.0,"{""dp_17_64"": 0.007782101167315175, ""dp_257_plus"": 0.953307392996109, ""dp_65_256"": 0.038910505836575876}","{""cn_0"": 1.0}",0.0,1487.4241245136186,sasb_candidate_builder,7b63616688fb01a0a2a5f70807a35933bc51b8b447b44135d09593d14757c2db,257,7b63616688fb01a0a2a5f70807a35933bc51b8b447b44135d09593d14757c2db,"{""sasb_builder"": 257}",0,0,0,0,{},0.0,"{""common_neighbor_bin_l1"": 0.0, ""degree_product_bin_l1"": 0.0, ""is_boundary_edge_l1"": 0.0, ""is_bridge_edge_l1"": 0.0, ""is_inter_community_edge_l1"": 0.0, ""is_low_common_neighbor_edge_l1"": 0.0, ""mean_l1"": 0.0}",1,32,32,0.0,0
realworld_completed,bio_celegans,SASB-candidate,sasb,SASB-structured,20260513,264,early,1.0,1.0,0.0,1,1,0,0.13037037037037036,0.1308641975308642,142,359,142--359,62,11,11,62,682,5,0.5,1,1,6,32,"[""96"", ""53"", ""60"", ""51"", ""142"", ""143"", ""62"", ""343"", ""363"", ""220"", ""147"", ""118"", ""144"", ""145"", ""52"", ""82"", ""440"", ""83"", ""364"", ""149"", ""121"", ""32"", ""154"", ""85"", ""398"", ""307"", ""404"", ""322"", ""318"", ""426"", ""90"", ""217""]",57fd0557946d9d35e35db789a9b221ca12f00aa715e628634ad8493e11f76f07,"{""boundary"": 12, ""community_rep"": 6, ""degree_core"": 10, ""random_fill"": 4}","{""degree_3_4"": 2, ""degree_5_8"": 2, ""degree_9_plus"": 28}","{""0"": 2, ""1"": 5, ""10"": 11, ""2"": 4, ""3"": 1, ""4"": 1, ""5"": 1, ""6"": 3, ""7"": 2, ""8"": 1, ""9"": 1}",257,"{""backend"": ""evaluate_m19_theory_calibrated.candidate_features"", ""delta_mode"": ""none"", ""k_max"": 512, ""k_min"": 64, ""variant"": ""conservative""}",257,0.1459398069278819,1.0,1.0,0.0,0.9961089494163424,"{""dp_17_64"": 0.007782101167315175, ""dp_257_plus"": 0.953307392996109, ""dp_65_256"": 0.038910505836575876}","{""cn_0"": 0.9961089494163424, ""cn_4_8"": 0.0038910505836575876}",0.019455252918287938,1468.8326848249028,sasb_candidate_builder,e32e8330adbdac870944928e75a2f3103af5ce1d644523455a3cfb0a277fa40a,257,e32e8330adbdac870944928e75a2f3103af5ce1d644523455a3cfb0a277fa40a,"{""sasb_builder"": 257}",0,0,0,0,{},0.0,"{""common_neighbor_bin_l1"": 0.0, ""degree_product_bin_l1"": 0.0, ""is_boundary_edge_l1"": 0.0, ""is_bridge_edge_l1"": 0.0, ""is_inter_community_edge_l1"": 0.0, ""is_low_common_neighbor_edge_l1"": 0.0, ""mean_l1"": 0.0}",1,32,32,278.9803652473344,0
realworld_completed,bio_celegans,SASB-candidate,sasb,SASB-structured,20260513,265,early,1.0,1.0,0.0,1,1,0,0.1308641975308642,0.13135802469135802,143,359,143--359,62,10,10,62,620,4,0.4444444444444444,1,1,6,32,"[""96"", ""53"", ""60"", ""51"", ""143"", ""142"", ""62"", ""343"", ""363"", ""220"", ""147"", ""118"", ""144"", ""145"", ""52"", ""82"", ""440"", ""83"", ""364"", ""149"", ""121"", ""32"", ""154"", ""85"", ""398"", ""307"", ""404"", ""322"", ""244"", ""427"", ""86"", ""314""]",29a29c088eced24f2bf58dc040891cf83eaf6fdfdcf667ddf5f6ec8e2d2a4421,"{""boundary"": 12, ""community_rep"": 6, ""degree_core"": 10, ""random_fill"": 4}","{""degree_3_4"": 2, ""degree_5_8"": 2, ""degree_9_plus"": 28}","{""0"": 1, ""1"": 8, ""10"": 10, ""2"": 4, ""3"": 1, ""4"": 1, ""5"": 1, ""6"": 3, ""7"": 1, ""8"": 1, ""9"": 1}",257,"{""backend"": ""evaluate_m19_theory_calibrated.candidate_features"", ""delta_mode"": ""none"", ""k_max"": 512, ""k_min"": 64, ""variant"": ""conservative""}",257,0.14602272727272728,1.0,1.0,0.0,0.9961089494163424,"{""dp_17_64"": 0.007782101167315175, ""dp_257_plus"": 0.953307392996109, ""dp_65_256"": 0.038910505836575876}","{""cn_0"": 0.9961089494163424, ""cn_4_8"": 0.0038910505836575876}",0.01556420233463035,1466.8054474708172,sasb_candidate_builder,256069580e8dcc8646756cca0fe51d9c769051d47639ec678f4318ea1ea4bb17,257,256069580e8dcc8646756cca0fe51d9c769051d47639ec678f4318ea1ea4bb17,"{""sasb_builder"": 257}",0,0,0,0,{},0.0,"{""common_neighbor_bin_l1"": 0.0, ""degree_product_bin_l1"": 0.0, ""is_boundary_edge_l1"": 0.0, ""is_bridge_edge_l1"": 0.0, ""is_inter_community_edge_l1"": 0.0, ""is_low_common_neighbor_edge_l1"": 0.0, ""mean_l1"": 0.0}",1,32,32,307.2142256059287,0
realworld_completed,bio_celegans,SASB-candidate,sasb,SASB-structured,20260513,266,early,1.0,1.0,0.0,1,1,0,0.13135802469135802,0.13185185185185186,112,96,112--96,5,192,5,192,960,2,0.5,1,2,0,32,"[""96"", ""53"", ""60"", ""51"", ""142"", ""143"", ""62"", ""343"", ""363"", ""220"", ""147"", ""118"", ""144"", ""145"", ""52"", ""82"", ""440"", ""83"", ""364"", ""149"", ""121"", ""32"", ""154"", ""85"", ""398"", ""307"", ""404"", ""322"", ""11"", ""358"", ""263"", ""171""]",2b4f669186965ef202170b31643c6055941558afd15a681fed49c70928b15cd0,"{""boundary"": 12, ""community_rep"": 6, ""degree_core"": 10, ""random_fill"": 4}","{""degree_3_4"": 2, ""degree_5_8"": 3, ""degree_9_plus"": 27}","{""0"": 2, ""1"": 7, ""10"": 10, ""2"": 4, ""3"": 1, ""4"": 1, ""5"": 1, ""6"": 3, ""7"": 1, ""8"": 1, ""9"": 1}",257,"{""backend"": ""evaluate_m19_theory_calibrated.candidate_features"", ""delta_mode"": ""none"", ""k_max"": 512, ""k_min"": 64, ""variant"": ""conservative""}",257,0.14610574189880615,1.0,1.0,0.0,1.0,"{""dp_17_64"": 0.007782101167315175, ""dp_257_plus"": 0.953307392996109, ""dp_65_256"": 0.038910505836575876}","{""cn_0"": 1.0}",0.0,1464.3579766536966,sasb_candidate_builder,19660789848c88b0e0d9fdab4744062b041ff1bf89d0c1d85bc05e741677e8d8,257,19660789848c88b0e0d9fdab4744062b041ff1bf89d0c1d85bc05e741677e8d8,"{""sasb_builder"": 257}",0,0,0,0,{},0.0,"{""common_neighbor_bin_l1"": 0.0, ""degree_product_bin_l1"": 0.0, ""is_boundary_edge_l1"": 0.0, ""is_bridge_edge_l1"": 0.0, ""is_inter_community_edge_l1"": 0.0, ""is_low_common_neighbor_edge_l1"": 0.0, ""mean_l1"": 0.0}",1,32,32,0.0,0
realworld_completed,bio_celegans,SASB-candidate,sasb,SASB-structured,20260513,267,early,1.0,1.0,0.0,1,1,0,0.13185185185185186,0.13234567901234567,114,96,114--96,5,191,5,191,955,4,1.0,1,6,0,32,"[""96"", ""53"", ""60"", ""51"", ""142"", ""143"", ""62"", ""343"", ""363"", ""220"", ""147"", ""118"", ""144"", ""145"", ""52"", ""82"", ""440"", ""83"", ""364"", ""149"", ""121"", ""32"", ""154"", ""85"", ""398"", ""307"", ""404"", ""322"", ""192"", ""227"", ""76"", ""205""]",eeaaae6816a3cd5f291bfbb95d77573d076e24d146ff3f2b2b37cb1d7be9c7ea,"{""boundary"": 12, ""community_rep"": 6, ""degree_core"": 10, ""random_fill"": 4}","{""degree_3_4"": 1, ""degree_5_8"": 3, ""degree_9_plus"": 28}","{""0"": 2, ""1"": 7, ""10"": 10, ""2"": 4, ""3"": 1, ""4"": 1, ""5"": 1, ""6"": 3, ""7"": 1, ""8"": 1, ""9"": 1}",257,"{""backend"": ""evaluate_m19_theory_calibrated.candidate_features"", ""delta_mode"": ""none"", ""k_max"": 512, ""k_min"": 64, ""variant"": ""conservative""}",257,0.14618885096700796,1.0,1.0,0.0,1.0,"{""dp_17_64"": 0.007782101167315175, ""dp_257_plus"": 0.953307392996109, ""dp_65_256"": 0.038910505836575876}","{""cn_0"": 1.0}",0.0,1457.1906614785992,sasb_candidate_builder,bd10a254abea032676e6bcf6c9be6c9ea13fcf1803ee7bf7d715b22c1cb59d21,257,bd10a254abea032676e6bcf6c9be6c9ea13fcf1803ee7bf7d715b22c1cb59d21,"{""sasb_builder"": 257}",0,0,0,0,{},0.0,"{""common_neighbor_bin_l1"": 0.0, ""degree_product_bin_l1"": 0.0, ""is_boundary_edge_l1"": 0.0, ""is_bridge_edge_l1"": 0.0, ""is_inter_community_edge_l1"": 0.0, ""is_low_common_neighbor_edge_l1"": 0.0, ""mean_l1"": 0.0}",1,32,32,0.0,0
realworld_completed,bio_celegans,SASB-candidate,sasb,SASB-structured,20260513,268,early,1.0,1.0,0.0,1,1,0,0.13234567901234567,0.13283950617283952,115,35,115--35,12,5,5,12,60,0,0.0,1,4,5,32,"[""96"", ""53"", ""60"", ""51"", ""142"", ""143"", ""62"", ""343"", ""363"", ""220"", ""147"", ""118"", ""144"", ""145"", ""52"", ""82"", ""440"", ""83"", ""364"", ""149"", ""121"", ""32"", ""154"", ""85"", ""398"", ""307"", ""404"", ""322"", ""384"", ""387"", ""443"", ""248""]",0f8b78d8a7fbad69bbe54821fcad13a975a05f33c0883068ab1b7f022c27274f,"{""boundary"": 12, ""community_rep"": 6, ""degree_core"": 10, ""random_fill"": 4}","{""degree_3_4"": 3, ""degree_5_8"": 2, ""degree_9_plus"": 27}","{""0"": 3, ""1"": 6, ""10"": 10, ""2"": 4, ""3"": 1, ""4"": 1, ""5"": 1, ""6"": 3, ""7"": 1, ""8"": 1, ""9"": 1}",257,"{""backend"": ""evaluate_m19_theory_calibrated.candidate_features"", ""delta_mode"": ""none"", ""k_max"": 512, ""k_min"": 64, ""variant"": ""conservative""}",257,0.1462720546385885,1.0,1.0,0.0,1.0,"{""dp_17_64"": 0.007782101167315175, ""dp_257_plus"": 0.953307392996109, ""dp_65_256"": 0.038910505836575876}","{""cn_0"": 1.0}",0.0,1449.4902723735408,sasb_candidate_builder,4fbc10f5ccb1fee55571d46955e5f4c6ac8029ed0faaf9aa233833bd8e88ef43,257,4fbc10f5ccb1fee55571d46955e5f4c6ac8029ed0faaf9aa233833bd8e88ef43,"{""sasb_builder"": 257}",0,0,0,0,{},0.0,"{""common_neighbor_bin_l1"": 0.0, ""degree_product_bin_l1"": 0.0, ""is_boundary_edge_l1"": 0.0, ""is_bridge_edge_l1"": 0.0, ""is_inter_community_edge_l1"": 0.0, ""is_low_common_neighbor_edge_l1"": 0.0, ""mean_l1"": 0.0}",1,32,32,0.0,0
realworld_completed,bio_celegans,SASB-candidate,sasb,SASB-structured,20260513,269,early,1.0,1.0,0.0,1,1,0,0.13283950617283952,0.13333333333333333,51,59,51--59,86,6,6,86,516,2,0.4,1,3,6,32,"[""96"", ""53"", ""60"", ""51"", ""142"", ""143"", ""62"", ""343"", ""363"", ""220"", ""147"", ""118"", ""144"", ""145"", ""52"", ""82"", ""440"", ""83"", ""364"", ""149"", ""121"", ""32"", ""154"", ""85"", ""398"", ""307"", ""404"", ""322"", ""148"", ""361"", ""384"", ""29""]",0b97d819a01e4706a65e651cd1300f08799a141efe76a4d6ade27fe65a41dc0d,"{""boundary"": 12, ""community_rep"": 6, ""degree_core"": 10, ""random_fill"": 4}","{""degree_2"": 1, ""degree_3_4"": 1, ""degree_5_8"": 2, ""degree_9_plus"": 28}","{""0"": 1, ""1"": 7, ""10"": 11, ""2"": 4, ""3"": 1, ""4"": 1, ""5"": 1, ""6"": 3, ""7"": 1, ""8"": 1, ""9"": 1}",257,"{""backend"": ""evaluate_m19_theory_calibrated.candidate_features"", ""delta_mode"": ""none"", ""k_max"": 512, ""k_min"": 64, ""variant"": ""conservative""}",257,0.14635535307517084,1.0,1.0,0.0,0.9961089494163424,"{""dp_17_64"": 0.0038910505836575876, ""dp_257_plus"": 0.953307392996109, ""dp_65_256"": 0.042801556420233464}","{""cn_0"": 0.9961089494163424, ""cn_2_3"": 0.0038910505836575876}",0.007782101167315175,1449.3929961089493,sasb_candidate_builder,d5ef24566ea5c037717dd8a98d6705239b05d91897288c3d4f81e3cd0ad2cf13,257,d5ef24566ea5c037717dd8a98d6705239b05d91897288c3d4f81e3cd0ad2cf13,"{""sasb_builder"": 257}",0,0,0,0,{},0.0,"{""common_neighbor_bin_l1"": 0.0, ""degree_product_bin_l1"": 0.0, ""is_boundary_edge_l1"": 0.0, ""is_bridge_edge_l1"": 0.0, ""is_inter_community_edge_l1"": 0.0, ""is_low_common_neighbor_edge_l1"": 0.0, ""mean_l1"": 0.0}",1,32,32,357.40777016568967,0
realworld_completed,bio_celegans,SASB-candidate,sasb,SASB-structured,20260513,270,early,1.0,1.0,0.0,1,1,0,0.13333333333333333,0.13382716049382717,82,84,82--84,30,5,5,30,150,1,0.25,1,4,7,32,"[""96"", ""53"", ""60"", ""51"", ""343"", ""62"", ""142"", ""143"", ""363"", ""118"", ""147"", ""220"", ""144"", ""145"", ""52"", ""82"", ""440"", ""83"", ""364"", ""149"", ""121"", ""32"", ""154"", ""85"", ""307"", ""404"", ""322"", ""48"", ""190"", ""120"", ""375"", ""214""]",3e2353be76696d5b44aa39d8f77014677dd89f36b54e34975b7bfb2c5320b413,"{""boundary"": 12, ""community_rep"": 5, ""degree_core"": 10, ""random_fill"": 5}","{""degree_3_4"": 1, ""degree_5_8"": 4, ""degree_9_plus"": 27}","{""0"": 1, ""1"": 9, ""10"": 1, ""2"": 1, ""3"": 6, ""4"": 5, ""5"": 1, ""6"": 3, ""7"": 3, ""8"": 1, ""9"": 1}",257,"{""backend"": ""evaluate_m19_theory_calibrated.candidate_features"", ""delta_mode"": ""none"", ""k_max"": 512, ""k_min"": 64, ""variant"": ""conservative""}",257,0.14643874643874644,1.0,1.0,0.0,0.980544747081712,"{""dp_17_64"": 0.007782101167315175, ""dp_257_plus"": 0.9221789883268483, ""dp_65_256"": 0.07003891050583658}","{""cn_0"": 0.9766536964980544, ""cn_1"": 0.0038910505836575876, ""cn_2_3"": 0.011673151750972763, ""cn_4_8"": 0.007782101167315175}",0.058365758754863814,1446.7198443579766,sasb_candidate_builder,8a11a6f75d639ddb1a82c2f687b5801f87236a3f7645b82419ed8f69128cc307,257,8a11a6f75d639ddb1a82c2f687b5801f87236a3f7645b82419ed8f69128cc307,"{""sasb_builder"": 257}",0,0,0,0,{},0.0,"{""common_neighbor_bin_l1"": 0.0, ""degree_product_bin_l1"": 0.0, ""is_boundary_edge_l1"": 0.0, ""is_bridge_edge_l1"": 0.0, ""is_inter_community_edge_l1"": 0.0, ""is_low_common_neighbor_edge_l1"": 0.0, ""mean_l1"": 0.0}",1,32,32,327.3029118206087,0
realworld_completed,bio_celegans,SASB-candidate,sasb,SASB-structured,20260513,271,early,1.0,1.0,0.0,1,1,0,0.13382716049382717,0.134320987654321,162,363,162--363,9,48,9,48,432,4,0.5,1,9,3,32,"[""96"", ""53"", ""60"", ""51"", ""343"", ""62"", ""142"", ""143"", ""363"", ""118"", ""147"", ""220"", ""144"", ""145"", ""52"", ""82"", ""440"", ""83"", ""364"", ""149"", ""121"", ""32"", ""154"", ""85"", ""307"", ""404"", ""322"", ""3"", ""417"", ""383"", ""22"", ""105""]",376aa25d8a739afb4723762d3e928fe940cc30a5b01f0ce647e8d62f2ca3ef77,"{""boundary"": 12, ""community_rep"": 5, ""degree_core"": 10, ""random_fill"": 5}","{""degree_3_4"": 2, ""degree_5_8"": 3, ""degree_9_plus"": 27}","{""0"": 2, ""1"": 7, ""10"": 1, ""2"": 1, ""3"": 8, ""4"": 4, ""5"": 1, ""6"": 2, ""7"": 4, ""8"": 1, ""9"": 1}",257,"{""backend"": ""evaluate_m19_theory_calibrated.candidate_features"", ""delta_mode"": ""none"", ""k_max"": 512, ""k_min"": 64, ""variant"": ""conservative""}",257,0.14652223489167618,1.0,1.0,0.0,0.980544747081712,"{""dp_17_64"": 0.007782101167315175, ""dp_257_plus"": 0.9260700389105059, ""dp_65_256"": 0.06614785992217899}","{""cn_0"": 0.980544747081712, ""cn_2_3"": 0.011673151750972763, ""cn_4_8"": 0.007782101167315175}",0.054474708171206226,1451.0778210116732,sasb_candidate_builder,98fa490d697e08921859a2f6d702d0f7224736c9f140a45df714bc188d601c2a,257,98fa490d697e08921859a2f6d702d0f7224736c9f140a45df714bc188d601c2a,"{""sasb_builder"": 257}",0,0,0,0,{},0.0,"{""common_neighbor_bin_l1"": 0.0, ""degree_product_bin_l1"": 0.0, ""is_boundary_edge_l1"": 0.0, ""is_bridge_edge_l1"": 0.0, ""is_inter_community_edge_l1"": 0.0, ""is_low_common_neighbor_edge_l1"": 0.0, ""mean_l1"": 0.0}",1,32,32,290.45637407856736,0
realworld_completed,bio_celegans,SASB-candidate,sasb,SASB-structured,20260513,272,early,1.0,1.0,0.0,1,1,0,0.134320987654321,0.1348148148148148,144,279,144--279,53,6,6,53,318,2,0.4,1,1,3,32,"[""96"", ""53"", ""60"", ""51"", ""343"", ""62"", ""142"", ""143"", ""118"", ""363"", ""147"", ""220"", ""144"", ""145"", ""52"", ""82"", ""440"", ""83"", ""364"", ""149"", ""121"", ""32"", ""154"", ""85"", ""307"", ""404"", ""322"", ""131"", ""308"", ""295"", ""67"", ""183""]",bd9a46efa3bb5e267a61109ac77aec294d4af067f73b66fd8936efa278d7022f,"{""boundary"": 12, ""community_rep"": 5, ""degree_core"": 10, ""random_fill"": 5}","{""degree_0_1"": 1, ""degree_3_4"": 2, ""degree_5_8"": 2, ""degree_9_plus"": 27}","{""0"": 2, ""1"": 7, ""10"": 1, ""2"": 1, ""3"": 7, ""4"": 5, ""5"": 1, ""6"": 2, ""7"": 3, ""8"": 2, ""9"": 1}",257,"{""backend"": ""evaluate_m19_theory_calibrated.candidate_features"", ""delta_mode"": ""none"", ""k_max"": 512, ""k_min"": 64, ""variant"": ""conservative""}",257,0.1466058185966914,1.0,1.0,0.0,0.9844357976653697,"{""dp_17_64"": 0.007782101167315175, ""dp_257_plus"": 0.9221789883268483, ""dp_65_256"": 0.07003891050583658}","{""cn_0"": 0.9844357976653697, ""cn_2_3"": 0.011673151750972763, ""cn_4_8"": 0.0038910505836575876}",0.038910505836575876,1448.1400778210116,sasb_candidate_builder,dcbe8d53e55e80d74d40069488cead60256e6f0b2cc63c3374470f784eba45a9,257,dcbe8d53e55e80d74d40069488cead60256e6f0b2cc63c3374470f784eba45a9,"{""sasb_builder"": 257}",0,0,0,0,{},0.0,"{""common_neighbor_bin_l1"": 0.0, ""degree_product_bin_l1"": 0.0, ""is_boundary_edge_l1"": 0.0, ""is_bridge_edge_l1"": 0.0, ""is_inter_community_edge_l1"": 0.0, ""is_low_common_neighbor_edge_l1"": 0.0, ""mean_l1"": 0.0}",1,32,32,243.6860547726865,0
realworld_completed,bio_celegans,SASB-candidate,sasb,SASB-structured,20260513,273,early,1.0,1.0,0.0,1,1,0,0.1348148148148148,0.13530864197530865,145,279,145--279,53,5,5,53,265,1,0.25,1,1,6,32,"[""96"", ""53"", ""60"", ""51"", ""343"", ""62"", ""142"", ""143"", ""118"", ""363"", ""147"", ""220"", ""145"", ""144"", ""52"", ""82"", ""440"", ""83"", ""364"", ""149"", ""121"", ""32"", ""154"", ""85"", ""307"", ""404"", ""322"", ""408"", ""234"", ""407"", ""127"", ""166""]",d27da06e0c120bf9d1ada4203749d9b72f7d4d2794428ff8fad447bf305c457f,"{""boundary"": 12, ""community_rep"": 5, ""degree_core"": 10, ""random_fill"": 5}","{""degree_3_4"": 2, ""degree_5_8"": 4, ""degree_9_plus"": 26}","{""0"": 1, ""1"": 6, ""10"": 1, ""2"": 1, ""3"": 8, ""4"": 4, ""5"": 1, ""6"": 3, ""7"": 4, ""8"": 1, ""9"": 2}",256,"{""backend"": ""evaluate_m19_theory_calibrated.candidate_features"", ""delta_mode"": ""none"", ""k_max"": 512, ""k_min"": 64, ""variant"": ""conservative""}",256,0.1461187214611872,1.0,1.0,0.0,0.9921875,"{""dp_17_64"": 0.0078125, ""dp_257_plus"": 0.921875, ""dp_65_256"": 0.0703125}","{""cn_0"": 0.98828125, ""cn_1"": 0.00390625, ""cn_2_3"": 0.00390625, ""cn_4_8"": 0.00390625}",0.02734375,1451.1484375,sasb_candidate_builder,2e9f6c950e33fe81c26c763e9df69f12de75811ed33795a9dde7a22900307640,256,2e9f6c950e33fe81c26c763e9df69f12de75811ed33795a9dde7a22900307640,"{""sasb_builder"": 256}",0,0,0,0,{},0.0,"{""common_neighbor_bin_l1"": 0.0, ""degree_product_bin_l1"": 0.0, ""is_boundary_edge_l1"": 0.0, ""is_bridge_edge_l1"": 0.0, ""is_inter_community_edge_l1"": 0.0, ""is_low_common_neighbor_edge_l1"": 0.0, ""mean_l1"": 0.0}",1,32,32,269.12989767354264,0
realworld_completed,bio_celegans,SASB-candidate,sasb,SASB-structured,20260513,274,early,1.0,1.0,0.0,1,1,0,0.13530864197530865,0.13580246913580246,17,60,17--60,4,53,4,53,212,2,0.6666666666666666,0,1,1,32,"[""96"", ""53"", ""60"", ""51"", ""343"", ""62"", ""142"", ""143"", ""118"", ""363"", ""147"", ""220"", ""144"", ""145"", ""52"", ""82"", ""440"", ""83"", ""364"", ""149"", ""121"", ""32"", ""154"", ""85"", ""307"", ""404"", ""322"", ""358"", ""296"", ""15"", ""375"", ""272""]",3a3d91e0cb4674236341251aa5a4e57de9d2761053c2a2566978355e698e418a,"{""boundary"": 12, ""community_rep"": 5, ""degree_core"": 10, ""random_fill"": 5}","{""degree_3_4"": 4, ""degree_5_8"": 2, ""degree_9_plus"": 26}","{""0"": 1, ""1"": 7, ""10"": 2, ""2"": 1, ""3"": 7, ""4"": 4, ""5"": 1, ""6"": 3, ""7"": 4, ""8"": 1, ""9"": 1}",256,"{""backend"": ""evaluate_m19_theory_calibrated.candidate_features"", ""delta_mode"": ""none"", ""k_max"": 512, ""k_min"": 64, ""variant"": ""conservative""}",256,0.14620217018846374,1.0,1.0,0.0,0.9921875,"{""dp_17_64"": 0.0078125, ""dp_257_plus"": 0.921875, ""dp_65_256"": 0.0703125}","{""cn_0"": 0.9921875, ""cn_2_3"": 0.00390625, ""cn_4_8"": 0.00390625}",0.0234375,1455.59375,sasb_candidate_builder,413806dbb4406efa237979695f632cd2516e30f086468030a7a65aa70965bc5b,256,413806dbb4406efa237979695f632cd2516e30f086468030a7a65aa70965bc5b,"{""sasb_builder"": 256}",0,0,0,0,{},0.0,"{""common_neighbor_bin_l1"": 0.0, ""degree_product_bin_l1"": 0.0, ""is_boundary_edge_l1"": 0.0, ""is_bridge_edge_l1"": 0.0, ""is_inter_community_edge_l1"": 0.0, ""is_low_common_neighbor_edge_l1"": 0.0, ""mean_l1"": 0.0}",1,32,32,223.14334296218485,0
realworld_completed,bio_celegans,SASB-candidate,sasb,SASB-structured,20260513,275,early,1.0,1.0,0.0,1,1,0,0.13580246913580246,0.1362962962962963,118,162,118--162,37,8,8,37,296,4,0.5714285714285714,1,3,8,32,"[""96"", ""53"", ""51"", ""60"", ""343"", ""62"", ""142"", ""143"", ""118"", ""363"", ""147"", ""220"", ""144"", ""145"", ""52"", ""82"", ""440"", ""83"", ""364"", ""149"", ""121"", ""32"", ""154"", ""85"", ""307"", ""404"", ""322"", ""231"", ""292"", ""439"", ""297"", ""422""]",849acc6976142ed9f69b58b06d2afbdc621492297b8e4d2d356e96ebadeaf192,"{""boundary"": 12, ""community_rep"": 5, ""degree_core"": 10, ""random_fill"": 5}","{""degree_2"": 1, ""degree_3_4"": 3, ""degree_5_8"": 2, ""degree_9_plus"": 26}","{""0"": 3, ""1"": 6, ""10"": 2, ""2"": 1, ""3"": 6, ""4"": 4, ""5"": 1, ""6"": 4, ""7"": 3, ""8"": 1, ""9"": 1}",256,"{""backend"": ""evaluate_m19_theory_calibrated.candidate_features"", ""delta_mode"": ""none"", ""k_max"": 512, ""k_min"": 64, ""variant"": ""conservative""}",256,0.1462857142857143,1.0,1.0,0.0,0.9921875,"{""dp_17_64"": 0.0078125, ""dp_257_plus"": 0.921875, ""dp_65_256"": 0.0703125}","{""cn_0"": 0.9921875, ""cn_2_3"": 0.00390625, ""cn_4_8"": 0.00390625}",0.0234375,1453.15625,sasb_candidate_builder,d26b4056d2002c89e826917b0286c4918faffab194361f0d602249426ec767db,256,d26b4056d2002c89e826917b0286c4918faffab194361f0d602249426ec767db,"{""sasb_builder"": 256}",0,0,0,0,{},0.0,"{""common_neighbor_bin_l1"": 0.0, ""degree_product_bin_l1"": 0.0, ""is_boundary_edge_l1"": 0.0, ""is_bridge_edge_l1"": 0.0, ""is_inter_community_edge_l1"": 0.0, ""is_low_common_neighbor_edge_l1"": 0.0, ""mean_l1"": 0.0}",1,32,32,169.19618122699777,0
realworld_completed,bio_celegans,SASB-candidate,sasb,SASB-structured,20260513,276,early,1.0,1.0,0.0,1,1,0,0.1362962962962963,0.13679012345679012,343,446,343--446,63,6,6,63,378,2,0.4,1,3,2,32,"[""96"", ""53"", ""51"", ""60"", ""343"", ""62"", ""142"", ""143"", ""363"", ""147"", ""118"", ""220"", ""144"", ""145"", ""52"", ""82"", ""440"", ""83"", ""364"", ""149"", ""121"", ""32"", ""154"", ""85"", ""307"", ""404"", ""322"", ""223"", ""303"", ""394"", ""353"", ""407""]",388d106d4d0bf1d5609c4cfed0ef652d5fcb18df8702ea690fbaed5fa594a95e,"{""boundary"": 12, ""community_rep"": 5, ""degree_core"": 10, ""random_fill"": 5}","{""degree_2"": 1, ""degree_5_8"": 4, ""degree_9_plus"": 27}","{""0"": 1, ""1"": 6, ""10"": 1, ""2"": 1, ""3"": 7, ""4"": 5, ""5"": 2, ""6"": 2, ""7"": 5, ""8"": 1, ""9"": 1}",256,"{""backend"": ""evaluate_m19_theory_calibrated.candidate_features"", ""delta_mode"": ""none"", ""k_max"": 512, ""k_min"": 64, ""variant"": ""conservative""}",256,0.14636935391652373,1.0,1.0,0.0,0.99609375,"{""dp_17_64"": 0.0078125, ""dp_257_plus"": 0.92578125, ""dp_65_256"": 0.06640625}","{""cn_0"": 0.99609375, ""cn_2_3"": 0.00390625}",0.0078125,1452.8984375,sasb_candidate_builder,23b7d33b2c34c4af236b24573f0cd87baa396bb69c30f202a0c762001b79c12b,256,23b7d33b2c34c4af236b24573f0cd87baa396bb69c30f202a0c762001b79c12b,"{""sasb_builder"": 256}",0,0,0,0,{},0.0,"{""common_neighbor_bin_l1"": 0.0, ""degree_product_bin_l1"": 0.0, ""is_boundary_edge_l1"": 0.0, ""is_bridge_edge_l1"": 0.0, ""is_inter_community_edge_l1"": 0.0, ""is_low_common_neighbor_edge_l1"": 0.0, ""mean_l1"": 0.0}",1,32,32,203.17354441772844,0
realworld_completed,bio_celegans,SASB-candidate,sasb,SASB-structured,20260513,277,early,1.0,1.0,0.0,1,1,0,0.13679012345679012,0.13728395061728396,66,72,66--72,8,7,7,8,56,0,0.0,1,8,1,32,"[""96"", ""53"", ""51"", ""60"", ""343"", ""62"", ""142"", ""143"", ""363"", ""147"", ""118"", ""220"", ""144"", ""145"", ""52"", ""82"", ""440"", ""83"", ""364"", ""149"", ""121"", ""32"", ""154"", ""85"", ""307"", ""404"", ""322"", ""289"", ""382"", ""236"", ""250"", ""388""]",2994729e524d9875612dd887f3ec366a3060584720ce6097f1cfc994d1fe32f3,"{""boundary"": 12, ""community_rep"": 5, ""degree_core"": 10, ""random_fill"": 5}","{""degree_3_4"": 1, ""degree_5_8"": 3, ""degree_9_plus"": 28}","{""0"": 1, ""1"": 6, ""10"": 1, ""2"": 1, ""3"": 8, ""4"": 4, ""5"": 1, ""6"": 2, ""7"": 5, ""8"": 2, ""9"": 1}",256,"{""backend"": ""evaluate_m19_theory_calibrated.candidate_features"", ""delta_mode"": ""none"", ""k_max"": 512, ""k_min"": 64, ""variant"": ""conservative""}",256,0.14645308924485126,1.0,1.0,0.0,1.0,"{""dp_17_64"": 0.01171875, ""dp_257_plus"": 0.921875, ""dp_65_256"": 0.06640625}","{""cn_0"": 1.0}",0.0,1450.35546875,sasb_candidate_builder,0af71f2af55e5da341434900b33ee5802c42c2ccd8030b5a2a79dd0eed589c14,256,0af71f2af55e5da341434900b33ee5802c42c2ccd8030b5a2a79dd0eed589c14,"{""sasb_builder"": 256}",0,0,0,0,{},0.0,"{""common_neighbor_bin_l1"": 0.0, ""degree_product_bin_l1"": 0.0, ""is_boundary_edge_l1"": 0.0, ""is_bridge_edge_l1"": 0.0, ""is_inter_community_edge_l1"": 0.0, ""is_low_common_neighbor_edge_l1"": 0.0, ""mean_l1"": 0.0}",1,32,32,112.34183654104353,0
realworld_completed,bio_celegans,SASB-candidate,sasb,SASB-structured,20260513,278,early,1.0,1.0,0.0,1,1,0,0.13728395061728396,0.13777777777777778,115,51,115--51,11,85,11,85,935,2,0.2,1,6,3,32,"[""96"", ""53"", ""51"", ""60"", ""343"", ""62"", ""142"", ""143"", ""363"", ""147"", ""118"", ""220"", ""144"", ""145"", ""52"", ""82"", ""440"", ""83"", ""364"", ""149"", ""121"", ""32"", ""154"", ""85"", ""307"", ""404"", ""322"", ""9"", ""102"", ""242"", ""178"", ""64""]",216294e8944e8f9fadb27f0014f2f535d7b32f9a6d2180fb308a28cc1e12827d,"{""boundary"": 12, ""community_rep"": 5, ""degree_core"": 10, ""random_fill"": 5}","{""degree_3_4"": 2, ""degree_5_8"": 3, ""degree_9_plus"": 27}","{""0"": 3, ""1"": 7, ""10"": 1, ""2"": 1, ""3"": 6, ""4"": 5, ""5"": 1, ""6"": 2, ""7"": 3, ""8"": 2, ""9"": 1}",256,"{""backend"": ""evaluate_m19_theory_calibrated.candidate_features"", ""delta_mode"": ""none"", ""k_max"": 512, ""k_min"": 64, ""variant"": ""conservative""}",256,0.14653692043503147,1.0,1.0,0.0,1.0,"{""dp_17_64"": 0.0078125, ""dp_257_plus"": 0.921875, ""dp_65_256"": 0.0703125}","{""cn_0"": 1.0}",0.0,1450.421875,sasb_candidate_builder,4d19b5380a8fb1f1e026fe07b51a714365892aa8c53fb7d67894a41bb6969a54,256,4d19b5380a8fb1f1e026fe07b51a714365892aa8c53fb7d67894a41bb6969a54,"{""sasb_builder"": 256}",0,0,0,0,{},0.0,"{""common_neighbor_bin_l1"": 0.0, ""degree_product_bin_l1"": 0.0, ""is_boundary_edge_l1"": 0.0, ""is_bridge_edge_l1"": 0.0, ""is_inter_community_edge_l1"": 0.0, ""is_low_common_neighbor_edge_l1"": 0.0, ""mean_l1"": 0.0}",1,32,32,0.0,0
realworld_completed,bio_celegans,SASB-candidate,sasb,SASB-structured,20260513,279,early,1.0,1.0,0.0,1,1,0,0.13777777777777778,0.1382716049382716,100,147,100--147,3,44,3,44,132,1,0.5,1,6,3,32,"[""96"", ""53"", ""60"", ""51"", ""343"", ""62"", ""142"", ""143"", ""363"", ""147"", ""118"", ""220"", ""144"", ""145"", ""52"", ""82"", ""440"", ""83"", ""364"", ""149"", ""121"", ""32"", ""154"", ""85"", ""307"", ""404"", ""322"", ""420"", ""171"", ""132"", ""446"", ""160""]",9abb42985555aeb09d9734db4bdd332fba2b3da40464feb3b72a09985a75f635,"{""boundary"": 12, ""community_rep"": 5, ""degree_core"": 10, ""random_fill"": 5}","{""degree_3_4"": 2, ""degree_5_8"": 3, ""degree_9_plus"": 27}","{""0"": 3, ""1"": 7, ""10"": 1, ""2"": 1, ""3"": 6, ""4"": 4, ""5"": 1, ""6"": 2, ""7"": 3, ""8"": 2, ""9"": 2}",256,"{""backend"": ""evaluate_m19_theory_calibrated.candidate_features"", ""delta_mode"": ""none"", ""k_max"": 512, ""k_min"": 64, ""variant"": ""conservative""}",256,0.1466208476517755,1.0,1.0,0.0,1.0,"{""dp_17_64"": 0.0078125, ""dp_257_plus"": 0.91796875, ""dp_65_256"": 0.07421875}","{""cn_0"": 0.99609375, ""cn_1"": 0.00390625}",0.00390625,1445.32421875,sasb_candidate_builder,dcb22c0a3d6b781341deeec8f05cd1a62ab6c730c0580088b7f5d391ba6b35c6,256,dcb22c0a3d6b781341deeec8f05cd1a62ab6c730c0580088b7f5d391ba6b35c6,"{""sasb_builder"": 256}",0,0,0,0,{},0.0,"{""common_neighbor_bin_l1"": 0.0, ""degree_product_bin_l1"": 0.0, ""is_boundary_edge_l1"": 0.0, ""is_bridge_edge_l1"": 0.0, ""is_inter_community_edge_l1"": 0.0, ""is_low_common_neighbor_edge_l1"": 0.0, ""mean_l1"": 0.0}",1,32,32,334.622626270788,0
realworld_completed,bio_celegans,SASB-candidate,sasb,SASB-structured,20260513,280,early,1.0,1.0,0.0,1,1,0,0.1382716049382716,0.13876543209876543,10,417,10--417,4,9,4,9,36,0,0.0,1,8,1,32,"[""96"", ""60"", ""53"", ""142"", ""143"", ""62"", ""51"", ""363"", ""343"", ""147"", ""220"", ""118"", ""144"", ""145"", ""52"", ""82"", ""440"", ""83"", ""364"", ""149"", ""121"", ""32"", ""85"", ""154"", ""307"", ""404"", ""322"", ""41"", ""115"", ""334"", ""368"", ""346""]",ace857147ecd8a2639a6ed9b267f6cd4895975e286c4a0e7335640c0509d0b49,"{""boundary"": 12, ""community_rep"": 5, ""degree_core"": 10, ""random_fill"": 5}","{""degree_2"": 1, ""degree_5_8"": 3, ""degree_9_plus"": 28}","{""0"": 2, ""1"": 7, ""2"": 1, ""3"": 10, ""4"": 5, ""5"": 1, ""6"": 3, ""7"": 1, ""8"": 1, ""9"": 1}",256,"{""backend"": ""evaluate_m19_theory_calibrated.candidate_features"", ""delta_mode"": ""none"", ""k_max"": 512, ""k_min"": 64, ""variant"": ""conservative""}",256,0.1467048710601719,1.0,1.0,0.0,0.99609375,"{""dp_17_64"": 0.0078125, ""dp_257_plus"": 0.93359375, ""dp_65_256"": 0.05859375}","{""cn_0"": 0.9921875, ""cn_1"": 0.00390625, ""cn_4_8"": 0.00390625}",0.02734375,1442.6875,sasb_candidate_builder,01a909e39fb28a676e6631a4780c3c7bd85334bb597029027d59552b339c5663,256,01a909e39fb28a676e6631a4780c3c7bd85334bb597029027d59552b339c5663,"{""sasb_builder"": 256}",0,0,0,0,{},0.0,"{""common_neighbor_bin_l1"": 0.0, ""degree_product_bin_l1"": 0.0, ""is_boundary_edge_l1"": 0.0, ""is_bridge_edge_l1"": 0.0, ""is_inter_community_edge_l1"": 0.0, ""is_low_common_neighbor_edge_l1"": 0.0, ""mean_l1"": 0.0}",1,32,32,618.9357944139192,0
realworld_completed,bio_celegans,SASB-candidate,sasb,SASB-structured,20260513,281,early,1.0,1.0,0.0,1,1,0,0.13876543209876543,0.13925925925925925,206,363,206--363,14,47,14,47,658,6,0.46153846153846156,1,8,3,32,"[""96"", ""60"", ""53"", ""142"", ""143"", ""62"", ""51"", ""363"", ""343"", ""147"", ""220"", ""118"", ""144"", ""145"", ""52"", ""82"", ""440"", ""83"", ""364"", ""149"", ""121"", ""32"", ""85"", ""154"", ""307"", ""404"", ""322"", ""237"", ""390"", ""433"", ""208"", ""326""]",5476be4a2959a091300a7100ad96d36a6aad62fd769eb37b4f080e89df76fd48,"{""boundary"": 12, ""community_rep"": 5, ""degree_core"": 10, ""random_fill"": 5}","{""degree_3_4"": 1, ""degree_5_8"": 5, ""degree_9_plus"": 26}","{""0"": 3, ""1"": 7, ""2"": 1, ""3"": 9, ""4"": 6, ""5"": 1, ""6"": 2, ""7"": 1, ""8"": 1, ""9"": 1}",256,"{""backend"": ""evaluate_m19_theory_calibrated.candidate_features"", ""delta_mode"": ""none"", ""k_max"": 512, ""k_min"": 64, ""variant"": ""conservative""}",256,0.14678899082568808,1.0,1.0,0.0,0.99609375,"{""dp_17_64"": 0.00390625, ""dp_257_plus"": 0.9375, ""dp_65_256"": 0.05859375}","{""cn_0"": 0.9921875, ""cn_1"": 0.00390625, ""cn_4_8"": 0.00390625}",0.02734375,1444.04296875,sasb_candidate_builder,8d1508e1a86a58413fae3ed315c8cb2297f729f247acaa3cb643dc52a4511438,256,8d1508e1a86a58413fae3ed315c8cb2297f729f247acaa3cb643dc52a4511438,"{""sasb_builder"": 256}",0,0,0,0,{},0.0,"{""common_neighbor_bin_l1"": 0.0, ""degree_product_bin_l1"": 0.0, ""is_boundary_edge_l1"": 0.0, ""is_bridge_edge_l1"": 0.0, ""is_inter_community_edge_l1"": 0.0, ""is_low_common_neighbor_edge_l1"": 0.0, ""mean_l1"": 0.0}",1,32,32,262.79070164283917,0
realworld_completed,bio_celegans,SASB-candidate,sasb,SASB-structured,20260513,282,early,1.0,1.0,0.0,1,1,0,0.13925925925925925,0.1397530864197531,343,447,343--447,62,3,3,62,186,1,0.5,1,3,9,32,"[""96"", ""60"", ""53"", ""142"", ""143"", ""62"", ""51"", ""363"", ""343"", ""147"", ""220"", ""118"", ""144"", ""145"", ""52"", ""82"", ""440"", ""83"", ""364"", ""149"", ""121"", ""32"", ""85"", ""154"", ""307"", ""404"", ""322"", ""212"", ""46"", ""334"", ""346"", ""112""]",31967f275fabb2576b6c4e9fa71a84b40a6908642c292cbf9efe7a6517133f21,"{""boundary"": 12, ""community_rep"": 5, ""degree_core"": 10, ""random_fill"": 5}","{""degree_2"": 1, ""degree_3_4"": 2, ""degree_5_8"": 3, ""degree_9_plus"": 26}","{""0"": 2, ""1"": 7, ""2"": 1, ""3"": 9, ""4"": 5, ""5"": 1, ""6"": 2, ""7"": 2, ""8"": 2, ""9"": 1}",256,"{""backend"": ""evaluate_m19_theory_calibrated.candidate_features"", ""delta_mode"": ""none"", ""k_max"": 512, ""k_min"": 64, ""variant"": ""conservative""}",256,0.14687320711417096,1.0,1.0,0.0,1.0,"{""dp_17_64"": 0.00390625, ""dp_257_plus"": 0.93359375, ""dp_65_256"": 0.0625}","{""cn_0"": 0.99609375, ""cn_1"": 0.00390625}",0.00390625,1439.12890625,sasb_candidate_builder,5b60f2ce304292766a6bb8d54080ee9a155413b2dc94d0b957919c7b6fa245b5,256,5b60f2ce304292766a6bb8d54080ee9a155413b2dc94d0b957919c7b6fa245b5,"{""sasb_builder"": 256}",0,0,0,0,{},0.0,"{""common_neighbor_bin_l1"": 0.0, ""degree_product_bin_l1"": 0.0, ""is_boundary_edge_l1"": 0.0, ""is_bridge_edge_l1"": 0.0, ""is_inter_community_edge_l1"": 0.0, ""is_low_common_neighbor_edge_l1"": 0.0, ""mean_l1"": 0.0}",1,32,32,162.4042675395257,0
realworld_completed,bio_celegans,SASB-candidate,sasb,SASB-structured,20260513,283,early,1.0,1.0,0.0,1,1,0,0.1397530864197531,0.1402469135802469,115,53,115--53,10,105,10,105,1050,2,0.2222222222222222,1,4,2,32,"[""96"", ""60"", ""53"", ""142"", ""143"", ""62"", ""51"", ""363"", ""343"", ""147"", ""220"", ""118"", ""144"", ""145"", ""52"", ""82"", ""440"", ""83"", ""364"", ""149"", ""121"", ""32"", ""85"", ""154"", ""307"", ""404"", ""322"", ""105"", ""244"", ""119"", ""171"", ""288""]",5289d64f2d2c169890ee8373883cd7041ec4290b2fa488323731274965844109,"{""boundary"": 12, ""community_rep"": 5, ""degree_core"": 10, ""random_fill"": 5}","{""degree_3_4"": 4, ""degree_5_8"": 2, ""degree_9_plus"": 26}","{""0"": 4, ""1"": 7, ""2"": 1, ""3"": 10, ""4"": 4, ""5"": 1, ""6"": 2, ""7"": 1, ""8"": 1, ""9"": 1}",256,"{""backend"": ""evaluate_m19_theory_calibrated.candidate_features"", ""delta_mode"": ""none"", ""k_max"": 512, ""k_min"": 64, ""variant"": ""conservative""}",256,0.14695752009184845,1.0,1.0,0.0,1.0,"{""dp_17_64"": 0.00390625, ""dp_257_plus"": 0.93359375, ""dp_65_256"": 0.0625}","{""cn_0"": 1.0}",0.0,1437.265625,sasb_candidate_builder,29177fc1ae91c9f596e1ff5e948b67088fa607f94c9d139f34c6c4c46225d9d9,256,29177fc1ae91c9f596e1ff5e948b67088fa607f94c9d139f34c6c4c46225d9d9,"{""sasb_builder"": 256}",0,0,0,0,{},0.0,"{""common_neighbor_bin_l1"": 0.0, ""degree_product_bin_l1"": 0.0, ""is_boundary_edge_l1"": 0.0, ""is_bridge_edge_l1"": 0.0, ""is_inter_community_edge_l1"": 0.0, ""is_low_common_neighbor_edge_l1"": 0.0, ""mean_l1"": 0.0}",1,32,32,0.0,0
realworld_completed,bio_celegans,SASB-candidate,sasb,SASB-structured,20260513,284,early,1.0,1.0,0.0,1,1,0,0.1402469135802469,0.14074074074074075,115,96,115--96,9,190,9,190,1710,6,0.75,1,8,0,32,"[""96"", ""60"", ""53"", ""142"", ""143"", ""62"", ""51"", ""363"", ""343"", ""147"", ""220"", ""118"", ""144"", ""145"", ""52"", ""82"", ""440"", ""83"", ""364"", ""149"", ""121"", ""32"", ""85"", ""154"", ""307"", ""404"", ""322"", ""78"", ""216"", ""174"", ""61"", ""157""]",d54bff5d44760ac88cf087f6c7acb2b80bcadfa6fd15388b99b984e31851dee2,"{""boundary"": 12, ""community_rep"": 5, ""degree_core"": 10, ""random_fill"": 5}","{""degree_3_4"": 2, ""degree_5_8"": 3, ""degree_9_plus"": 27}","{""0"": 2, ""1"": 6, ""2"": 1, ""3"": 10, ""4"": 5, ""5"": 1, ""6"": 2, ""7"": 2, ""8"": 2, ""9"": 1}",256,"{""backend"": ""evaluate_m19_theory_calibrated.candidate_features"", ""delta_mode"": ""none"", ""k_max"": 512, ""k_min"": 64, ""variant"": ""conservative""}",256,0.14704192992533027,1.0,1.0,0.0,1.0,"{""dp_17_64"": 0.00390625, ""dp_257_plus"": 0.93359375, ""dp_65_256"": 0.0625}","{""cn_0"": 1.0}",0.0,1434.2578125,sasb_candidate_builder,de245de0840274a907f04b01cc1be4b085e3b19c58a2ccce86f9fcd6fe38b8c3,256,de245de0840274a907f04b01cc1be4b085e3b19c58a2ccce86f9fcd6fe38b8c3,"{""sasb_builder"": 256}",0,0,0,0,{},0.0,"{""common_neighbor_bin_l1"": 0.0, ""degree_product_bin_l1"": 0.0, ""is_boundary_edge_l1"": 0.0, ""is_bridge_edge_l1"": 0.0, ""is_inter_community_edge_l1"": 0.0, ""is_low_common_neighbor_edge_l1"": 0.0, ""mean_l1"": 0.0}",1,32,32,0.0,0
realworld_completed,bio_celegans,SASB-candidate,sasb,SASB-structured,20260513,285,early,1.0,1.0,0.0,1,1,0,0.14074074074074075,0.14123456790123456,116,96,116--96,4,189,4,189,756,3,1.0,1,8,0,32,"[""96"", ""60"", ""53"", ""142"", ""143"", ""62"", ""51"", ""363"", ""343"", ""147"", ""220"", ""118"", ""144"", ""145"", ""52"", ""82"", ""440"", ""83"", ""364"", ""149"", ""121"", ""32"", ""85"", ""154"", ""307"", ""404"", ""322"", ""41"", ""443"", ""188"", ""13"", ""388""]",35beaaa1b9cb6b9b3c2f3f5aa7644af1f7340f23827fbb4616bb1b67a22cca4b,"{""boundary"": 12, ""community_rep"": 5, ""degree_core"": 10, ""random_fill"": 5}","{""degree_3_4"": 3, ""degree_5_8"": 1, ""degree_9_plus"": 28}","{""0"": 2, ""1"": 7, ""2"": 1, ""3"": 11, ""4"": 4, ""5"": 1, ""6"": 2, ""7"": 2, ""8"": 1, ""9"": 1}",256,"{""backend"": ""evaluate_m19_theory_calibrated.candidate_features"", ""delta_mode"": ""none"", ""k_max"": 512, ""k_min"": 64, ""variant"": ""conservative""}",256,0.1471264367816092,1.0,1.0,0.0,1.0,"{""dp_17_64"": 0.00390625, ""dp_257_plus"": 0.93359375, ""dp_65_256"": 0.0625}","{""cn_0"": 1.0}",0.0,1424.9765625,sasb_candidate_builder,5a2514d4e0ebdd0b4bc3d7d04f460fc098b6bb527d513ff5b9f8faf5f5b3b2a3,256,5a2514d4e0ebdd0b4bc3d7d04f460fc098b6bb527d513ff5b9f8faf5f5b3b2a3,"{""sasb_builder"": 256}",0,0,0,0,{},0.0,"{""common_neighbor_bin_l1"": 0.0, ""degree_product_bin_l1"": 0.0, ""is_boundary_edge_l1"": 0.0, ""is_bridge_edge_l1"": 0.0, ""is_inter_community_edge_l1"": 0.0, ""is_low_common_neighbor_edge_l1"": 0.0, ""mean_l1"": 0.0}",1,32,32,0.0,0
realworld_completed,bio_celegans,SASB-candidate,sasb,SASB-structured,20260513,286,early,1.0,1.0,0.0,1,1,0,0.14123456790123456,0.1417283950617284,279,379,279--379,4,7,4,7,28,0,0.0,1,3,1,32,"[""96"", ""60"", ""53"", ""142"", ""143"", ""62"", ""51"", ""363"", ""343"", ""147"", ""220"", ""118"", ""144"", ""145"", ""52"", ""82"", ""440"", ""83"", ""364"", ""149"", ""121"", ""32"", ""85"", ""154"", ""307"", ""404"", ""322"", ""81"", ""379"", ""383"", ""185"", ""125""]",5452067efd17d2bb7c31ebf240c29fc4221f16cc93b26c7f33cca7551887416e,"{""boundary"": 12, ""community_rep"": 5, ""degree_core"": 10, ""random_fill"": 5}","{""degree_3_4"": 1, ""degree_5_8"": 4, ""degree_9_plus"": 27}","{""0"": 1, ""1"": 8, ""2"": 1, ""3"": 11, ""4"": 5, ""5"": 1, ""6"": 2, ""7"": 1, ""8"": 1, ""9"": 1}",256,"{""backend"": ""evaluate_m19_theory_calibrated.candidate_features"", ""delta_mode"": ""none"", ""k_max"": 512, ""k_min"": 64, ""variant"": ""conservative""}",256,0.1472110408280621,1.0,1.0,0.0,1.0,"{""dp_17_64"": 0.0078125, ""dp_257_plus"": 0.9296875, ""dp_65_256"": 0.0625}","{""cn_0"": 1.0}",0.0,1416.703125,sasb_candidate_builder,5c1ff7ac86c160e12705d00fed71349b726857efb12a4bbeea1562333892a877,256,5c1ff7ac86c160e12705d00fed71349b726857efb12a4bbeea1562333892a877,"{""sasb_builder"": 256}",0,0,0,0,{},0.0,"{""common_neighbor_bin_l1"": 0.0, ""degree_product_bin_l1"": 0.0, ""is_boundary_edge_l1"": 0.0, ""is_bridge_edge_l1"": 0.0, ""is_inter_community_edge_l1"": 0.0, ""is_low_common_neighbor_edge_l1"": 0.0, ""mean_l1"": 0.0}",1,32,32,497.24048007851843,0
realworld_completed,bio_celegans,SASB-candidate,sasb,SASB-structured,20260513,287,early,1.0,1.0,0.0,1,1,0,0.1417283950617284,0.14222222222222222,117,96,117--96,4,188,4,188,752,2,0.6666666666666666,0,0,0,32,"[""96"", ""60"", ""53"", ""142"", ""143"", ""62"", ""51"", ""363"", ""343"", ""147"", ""220"", ""118"", ""144"", ""145"", ""52"", ""82"", ""440"", ""83"", ""364"", ""149"", ""121"", ""32"", ""85"", ""154"", ""307"", ""404"", ""322"", ""377"", ""124"", ""291"", ""380"", ""303""]",080d14c7440b0a02557a5f057b18d14a1f27eaa06d5e4a83496d6dda5e3db4a5,"{""boundary"": 12, ""community_rep"": 5, ""degree_core"": 10, ""random_fill"": 5}","{""degree_2"": 1, ""degree_3_4"": 2, ""degree_5_8"": 2, ""degree_9_plus"": 27}","{""0"": 1, ""1"": 6, ""2"": 1, ""3"": 10, ""4"": 4, ""5"": 2, ""6"": 3, ""7"": 2, ""8"": 2, ""9"": 1}",255,"{""backend"": ""evaluate_m19_theory_calibrated.candidate_features"", ""delta_mode"": ""none"", ""k_max"": 512, ""k_min"": 64, ""variant"": ""conservative""}",255,0.14672036823935558,1.0,1.0,0.0,1.0,"{""dp_17_64"": 0.00392156862745098, ""dp_257_plus"": 0.9333333333333333, ""dp_65_256"": 0.06274509803921569}","{""cn_0"": 1.0}",0.0,1422.5882352941176,sasb_candidate_builder,dc69bf818e3c504984c2a03225bbec4719bef384707be4d543615f02249dcd63,255,dc69bf818e3c504984c2a03225bbec4719bef384707be4d543615f02249dcd63,"{""sasb_builder"": 255}",0,0,0,0,{},0.0,"{""common_neighbor_bin_l1"": 0.0, ""degree_product_bin_l1"": 0.0, ""is_boundary_edge_l1"": 0.0, ""is_bridge_edge_l1"": 0.0, ""is_inter_community_edge_l1"": 0.0, ""is_low_common_neighbor_edge_l1"": 0.0, ""mean_l1"": 0.0}",1,32,32,0.0,0
realworld_completed,bio_celegans,SASB-candidate,sasb,SASB-structured,20260513,288,early,1.0,1.0,0.0,1,1,0,0.14222222222222222,0.14271604938271604,118,17,118--17,36,3,3,36,108,0,0.0,1,3,1,32,"[""96"", ""60"", ""53"", ""142"", ""143"", ""62"", ""51"", ""363"", ""343"", ""147"", ""220"", ""118"", ""144"", ""145"", ""52"", ""82"", ""440"", ""83"", ""364"", ""149"", ""121"", ""32"", ""85"", ""154"", ""307"", ""404"", ""322"", ""101"", ""303"", ""95"", ""227"", ""294""]",4b12c3b3eae511e84461fbc64f977fd6a00f858a92c1f5126dcaa874364fbd7f,"{""boundary"": 12, ""community_rep"": 5, ""degree_core"": 10, ""random_fill"": 5}","{""degree_2"": 1, ""degree_3_4"": 1, ""degree_5_8"": 4, ""degree_9_plus"": 26}","{""0"": 1, ""1"": 6, ""2"": 1, ""3"": 11, ""4"": 4, ""5"": 3, ""6"": 2, ""7"": 2, ""8"": 1, ""9"": 1}",255,"{""backend"": ""evaluate_m19_theory_calibrated.candidate_features"", ""delta_mode"": ""none"", ""k_max"": 512, ""k_min"": 64, ""variant"": ""conservative""}",255,0.14680483592400692,1.0,1.0,0.0,1.0,"{""dp_17_64"": 0.00392156862745098, ""dp_257_plus"": 0.9333333333333333, ""dp_65_256"": 0.06274509803921569}","{""cn_0"": 1.0}",0.0,1416.9529411764706,sasb_candidate_builder,ac8c44c5ebeb4bf12c04b4fa664b58173a5a6219c97f29bb986137690c245a1d,255,ac8c44c5ebeb4bf12c04b4fa664b58173a5a6219c97f29bb986137690c245a1d,"{""sasb_builder"": 255}",0,0,0,0,{},0.0,"{""common_neighbor_bin_l1"": 0.0, ""degree_product_bin_l1"": 0.0, ""is_boundary_edge_l1"": 0.0, ""is_bridge_edge_l1"": 0.0, ""is_inter_community_edge_l1"": 0.0, ""is_low_common_neighbor_edge_l1"": 0.0, ""mean_l1"": 0.0}",1,32,32,0.0,0
realworld_completed,bio_celegans,SASB-candidate,sasb,SASB-structured,20260513,289,early,1.0,1.0,0.0,1,1,0,0.14271604938271604,0.14320987654320988,147,377,147--377,43,9,9,43,387,3,0.375,1,3,2,32,"[""96"", ""60"", ""53"", ""142"", ""143"", ""62"", ""51"", ""363"", ""343"", ""147"", ""220"", ""149"", ""144"", ""145"", ""118"", ""52"", ""82"", ""440"", ""83"", ""364"", ""121"", ""32"", ""85"", ""154"", ""307"", ""404"", ""322"", ""88"", ""97"", ""111"", ""434"", ""436""]",a197a91bddfc1ac7de1a141b60257f5f0ea7dfbcff8f2769eb99c25ec3a0bcb2,"{""boundary"": 12, ""community_rep"": 5, ""degree_core"": 10, ""random_fill"": 5}","{""degree_0_1"": 1, ""degree_5_8"": 4, ""degree_9_plus"": 27}","{""0"": 1, ""1"": 8, ""2"": 1, ""3"": 10, ""4"": 4, ""5"": 2, ""6"": 2, ""7"": 2, ""8"": 1, ""9"": 1}",255,"{""backend"": ""evaluate_m19_theory_calibrated.candidate_features"", ""delta_mode"": ""none"", ""k_max"": 512, ""k_min"": 64, ""variant"": ""conservative""}",255,0.14688940092165897,1.0,1.0,0.0,0.996078431372549,"{""dp_17_64"": 0.00392156862745098, ""dp_257_plus"": 0.9372549019607843, ""dp_65_256"": 0.058823529411764705}","{""cn_0"": 0.996078431372549, ""cn_2_3"": 0.00392156862745098}",0.011764705882352941,1416.9960784313726,sasb_candidate_builder,8071672415ac127f472ee5b8eb9a779e859c9afa3be9e46be9c66b0247522c0f,255,8071672415ac127f472ee5b8eb9a779e859c9afa3be9e46be9c66b0247522c0f,"{""sasb_builder"": 255}",0,0,0,0,{},0.0,"{""common_neighbor_bin_l1"": 0.0, ""degree_product_bin_l1"": 0.0, ""is_boundary_edge_l1"": 0.0, ""is_bridge_edge_l1"": 0.0, ""is_inter_community_edge_l1"": 0.0, ""is_low_common_neighbor_edge_l1"": 0.0, ""mean_l1"": 0.0}",1,32,32,146.4959007240495,0
realworld_completed,bio_celegans,SASB-candidate,sasb,SASB-structured,20260513,290,early,1.0,1.0,0.0,1,1,0,0.14320987654320988,0.1437037037037037,130,363,130--363,8,46,8,46,368,2,0.2857142857142857,1,6,3,32,"[""96"", ""60"", ""53"", ""51"", ""142"", ""143"", ""343"", ""62"", ""363"", ""147"", ""364"", ""118"", ""144"", ""145"", ""220"", ""52"", ""82"", ""440"", ""83"", ""149"", ""121"", ""32"", ""154"", ""398"", ""307"", ""404"", ""442"", ""17"", ""158"", ""221"", ""14"", ""379""]",da0d9b1d88f4968fb144b5bd8a639ab33ae9ae96eff8080e98544e79a46e110d,"{""boundary"": 12, ""community_rep"": 4, ""degree_core"": 10, ""random_fill"": 6}","{""degree_2"": 2, ""degree_3_4"": 1, ""degree_5_8"": 3, ""degree_9_plus"": 26}","{""0"": 1, ""1"": 10, ""2"": 1, ""3"": 11, ""4"": 4, ""5"": 1, ""6"": 1, ""7"": 1, ""8"": 2}",255,"{""backend"": ""evaluate_m19_theory_calibrated.candidate_features"", ""delta_mode"": ""none"", ""k_max"": 512, ""k_min"": 64, ""variant"": ""conservative""}",255,0.14697406340057637,1.0,1.0,0.0,0.9882352941176471,"{""dp_17_64"": 0.00392156862745098, ""dp_257_plus"": 0.9372549019607843, ""dp_65_256"": 0.058823529411764705}","{""cn_0"": 0.9882352941176471, ""cn_2_3"": 0.00784313725490196, ""cn_4_8"": 0.00392156862745098}",0.03529411764705882,1379.443137254902,sasb_candidate_builder,241a829811a1e072083fdadfeb4bf70ec24c207839c9725179c0e6a44effd1fc,255,241a829811a1e072083fdadfeb4bf70ec24c207839c9725179c0e6a44effd1fc,"{""sasb_builder"": 255}",0,0,0,0,{},0.0,"{""common_neighbor_bin_l1"": 0.0, ""degree_product_bin_l1"": 0.0, ""is_boundary_edge_l1"": 0.0, ""is_bridge_edge_l1"": 0.0, ""is_inter_community_edge_l1"": 0.0, ""is_low_common_neighbor_edge_l1"": 0.0, ""mean_l1"": 0.0}",1,32,32,170.9078043206723,0
realworld_completed,bio_celegans,SASB-candidate,sasb,SASB-structured,20260513,291,early,1.0,1.0,0.0,1,1,0,0.1437037037037037,0.14419753086419754,154,348,154--348,20,11,11,20,220,4,0.4,1,2,6,32,"[""96"", ""60"", ""53"", ""51"", ""142"", ""143"", ""343"", ""62"", ""363"", ""147"", ""364"", ""118"", ""144"", ""145"", ""220"", ""52"", ""82"", ""440"", ""83"", ""149"", ""121"", ""32"", ""154"", ""398"", ""307"", ""404"", ""246"", ""348"", ""221"", ""425"", ""201"", ""433""]",65b22283a9d37e10e281f878979c9ca62e0ac30bd7509de83fae0fb755e3ea59,"{""boundary"": 12, ""community_rep"": 4, ""degree_core"": 10, ""random_fill"": 6}","{""degree_5_8"": 5, ""degree_9_plus"": 27}","{""0"": 1, ""1"": 9, ""2"": 1, ""3"": 11, ""4"": 5, ""5"": 1, ""6"": 2, ""7"": 1, ""8"": 1}",255,"{""backend"": ""evaluate_m19_theory_calibrated.candidate_features"", ""delta_mode"": ""none"", ""k_max"": 512, ""k_min"": 64, ""variant"": ""conservative""}",255,0.14705882352941177,1.0,1.0,0.0,0.996078431372549,"{""dp_17_64"": 0.00784313725490196, ""dp_257_plus"": 0.9333333333333333, ""dp_65_256"": 0.058823529411764705}","{""cn_0"": 0.996078431372549, ""cn_4_8"": 0.00392156862745098}",0.01568627450980392,1376.2156862745098,sasb_candidate_builder,a21bbdc01dd9f95dad98ab54f39b3957282e7bf8814d46f352462f22be7e0d50,255,a21bbdc01dd9f95dad98ab54f39b3957282e7bf8814d46f352462f22be7e0d50,"{""sasb_builder"": 255}",0,0,0,0,{},0.0,"{""common_neighbor_bin_l1"": 0.0, ""degree_product_bin_l1"": 0.0, ""is_boundary_edge_l1"": 0.0, ""is_bridge_edge_l1"": 0.0, ""is_inter_community_edge_l1"": 0.0, ""is_low_common_neighbor_edge_l1"": 0.0, ""mean_l1"": 0.0}",1,32,32,629.8890476631833,0
realworld_completed,bio_celegans,SASB-candidate,sasb,SASB-structured,20260513,292,early,1.0,1.0,0.0,1,1,0,0.14419753086419754,0.14469135802469135,409,451,409--451,7,3,3,7,21,0,0.0,1,2,10,32,"[""96"", ""60"", ""53"", ""51"", ""142"", ""143"", ""343"", ""62"", ""363"", ""147"", ""364"", ""118"", ""144"", ""145"", ""220"", ""52"", ""82"", ""440"", ""83"", ""149"", ""121"", ""32"", ""154"", ""398"", ""307"", ""404"", ""210"", ""195"", ""194"", ""359"", ""393"", ""117""]",e6513910385451d798b5bad74b978a4f28e8f817b33f11182974fafeb4d9e9a6,"{""boundary"": 12, ""community_rep"": 4, ""degree_core"": 10, ""random_fill"": 6}","{""degree_0_1"": 1, ""degree_3_4"": 3, ""degree_5_8"": 2, ""degree_9_plus"": 26}","{""0"": 1, ""1"": 7, ""2"": 1, ""3"": 10, ""4"": 6, ""5"": 2, ""6"": 2, ""7"": 2, ""8"": 1}",255,"{""backend"": ""evaluate_m19_theory_calibrated.candidate_features"", ""delta_mode"": ""none"", ""k_max"": 512, ""k_min"": 64, ""variant"": ""conservative""}",255,0.14714368147720716,1.0,1.0,0.0,0.996078431372549,"{""dp_17_64"": 0.00784313725490196, ""dp_257_plus"": 0.9333333333333333, ""dp_65_256"": 0.058823529411764705}","{""cn_0"": 0.996078431372549, ""cn_2_3"": 0.00392156862745098}",0.00784313725490196,1373.7450980392157,sasb_candidate_builder,9886c16115a68f225af161514c1e29ec34e4f62b1f64a73814589e68aa70d0f4,255,9886c16115a68f225af161514c1e29ec34e4f62b1f64a73814589e68aa70d0f4,"{""sasb_builder"": 255}",0,0,0,0,{},0.0,"{""common_neighbor_bin_l1"": 0.0, ""degree_product_bin_l1"": 0.0, ""is_boundary_edge_l1"": 0.0, ""is_bridge_edge_l1"": 0.0, ""is_inter_community_edge_l1"": 0.0, ""is_low_common_neighbor_edge_l1"": 0.0, ""mean_l1"": 0.0}",1,32,32,151.12458383258559,0
realworld_completed,bio_celegans,SASB-candidate,sasb,SASB-structured,20260513,293,early,1.0,1.0,0.0,1,1,0,0.14469135802469135,0.1451851851851852,154,382,154--382,19,8,8,19,152,2,0.2857142857142857,0,7,7,32,"[""96"", ""60"", ""53"", ""51"", ""142"", ""143"", ""343"", ""62"", ""363"", ""147"", ""364"", ""118"", ""144"", ""145"", ""220"", ""52"", ""82"", ""440"", ""83"", ""149"", ""121"", ""32"", ""154"", ""398"", ""307"", ""404"", ""161"", ""70"", ""282"", ""242"", ""442"", ""69""]",4bd740eaf3a28a0a746dc65f5edef46df76939314f744a3b1d60db4df0ce5b1d,"{""boundary"": 12, ""community_rep"": 4, ""degree_core"": 10, ""random_fill"": 6}","{""degree_3_4"": 2, ""degree_5_8"": 4, ""degree_9_plus"": 26}","{""0"": 2, ""1"": 7, ""2"": 3, ""3"": 11, ""4"": 5, ""5"": 1, ""6"": 1, ""7"": 1, ""8"": 1}",255,"{""backend"": ""evaluate_m19_theory_calibrated.candidate_features"", ""delta_mode"": ""none"", ""k_max"": 512, ""k_min"": 64, ""variant"": ""conservative""}",255,0.14722863741339492,1.0,1.0,0.0,0.996078431372549,"{""dp_17_64"": 0.00392156862745098, ""dp_257_plus"": 0.9333333333333333, ""dp_65_256"": 0.06274509803921569}","{""cn_0"": 0.996078431372549, ""cn_2_3"": 0.00392156862745098}",0.00784313725490196,1373.2,sasb_candidate_builder,09b5241a28bd1b922ab40f1478098aca1dcfc7ebaa2873d8081c0f58926d3e6d,255,09b5241a28bd1b922ab40f1478098aca1dcfc7ebaa2873d8081c0f58926d3e6d,"{""sasb_builder"": 255}",0,0,0,0,{},0.0,"{""common_neighbor_bin_l1"": 0.0, ""degree_product_bin_l1"": 0.0, ""is_boundary_edge_l1"": 0.0, ""is_bridge_edge_l1"": 0.0, ""is_inter_community_edge_l1"": 0.0, ""is_low_common_neighbor_edge_l1"": 0.0, ""mean_l1"": 0.0}",1,32,32,107.1518402621704,0
realworld_completed,bio_celegans,SASB-candidate,sasb,SASB-structured,20260513,294,early,1.0,1.0,0.0,1,1,0,0.1451851851851852,0.145679012345679,325,364,325--364,13,27,13,27,351,5,0.4166666666666667,0,4,4,32,"[""96"", ""60"", ""53"", ""51"", ""142"", ""143"", ""343"", ""62"", ""363"", ""147"", ""364"", ""118"", ""144"", ""145"", ""220"", ""52"", ""82"", ""440"", ""83"", ""149"", ""121"", ""32"", ""154"", ""398"", ""307"", ""404"", ""284"", ""283"", ""238"", ""20"", ""31"", ""42""]",ff731b4b3ad7d23a439269bcc13f84a3f0c8700fe2f61d2395c5f77b8d6472ef,"{""boundary"": 12, ""community_rep"": 4, ""degree_core"": 10, ""random_fill"": 6}","{""degree_3_4"": 2, ""degree_5_8"": 4, ""degree_9_plus"": 26}","{""0"": 3, ""1"": 8, ""2"": 3, ""3"": 10, ""4"": 4, ""5"": 1, ""6"": 1, ""7"": 1, ""8"": 1}",255,"{""backend"": ""evaluate_m19_theory_calibrated.candidate_features"", ""delta_mode"": ""none"", ""k_max"": 512, ""k_min"": 64, ""variant"": ""conservative""}",255,0.14731369150779897,1.0,1.0,0.0,0.996078431372549,"{""dp_17_64"": 0.00392156862745098, ""dp_257_plus"": 0.9372549019607843, ""dp_65_256"": 0.058823529411764705}","{""cn_0"": 0.996078431372549, ""cn_4_8"": 0.00392156862745098}",0.0196078431372549,1371.7764705882353,sasb_candidate_builder,fccdf6c40cc908f378eba2b885f23459392c2a1d6c123c9657f4ec698e36c11f,255,fccdf6c40cc908f378eba2b885f23459392c2a1d6c123c9657f4ec698e36c11f,"{""sasb_builder"": 255}",0,0,0,0,{},0.0,"{""common_neighbor_bin_l1"": 0.0, ""degree_product_bin_l1"": 0.0, ""is_boundary_edge_l1"": 0.0, ""is_bridge_edge_l1"": 0.0, ""is_inter_community_edge_l1"": 0.0, ""is_low_common_neighbor_edge_l1"": 0.0, ""mean_l1"": 0.0}",1,32,32,215.42770410546854,0
realworld_completed,bio_celegans,SASB-candidate,sasb,SASB-structured,20260513,295,early,1.0,1.0,0.0,1,1,0,0.145679012345679,0.14617283950617285,104,314,104--314,10,12,10,12,120,0,0.0,1,9,1,32,"[""96"", ""60"", ""53"", ""51"", ""142"", ""143"", ""343"", ""62"", ""363"", ""147"", ""364"", ""118"", ""144"", ""145"", ""220"", ""52"", ""82"", ""440"", ""83"", ""149"", ""121"", ""32"", ""154"", ""398"", ""307"", ""404"", ""15"", ""246"", ""382"", ""191"", ""311"", ""182""]",dbf4cfbade65f882b0cb869deb9847afbc747fb8d98530806fa18a8a759e0c87,"{""boundary"": 12, ""community_rep"": 4, ""degree_core"": 10, ""random_fill"": 6}","{""degree_2"": 1, ""degree_3_4"": 2, ""degree_5_8"": 4, ""degree_9_plus"": 25}","{""0"": 1, ""1"": 7, ""2"": 1, ""3"": 12, ""4"": 5, ""5"": 1, ""6"": 3, ""7"": 1, ""8"": 1}",255,"{""backend"": ""evaluate_m19_theory_calibrated.candidate_features"", ""delta_mode"": ""none"", ""k_max"": 512, ""k_min"": 64, ""variant"": ""conservative""}",255,0.14739884393063585,1.0,1.0,0.0,1.0,"{""dp_17_64"": 0.00392156862745098, ""dp_257_plus"": 0.9333333333333333, ""dp_65_256"": 0.06274509803921569}","{""cn_0"": 1.0}",0.0,1368.7098039215687,sasb_candidate_builder,504618f5bc4a6dc96e7eb6f15fa1cb8f2ea053673f678022d3bb0584ebe4ae96,255,504618f5bc4a6dc96e7eb6f15fa1cb8f2ea053673f678022d3bb0584ebe4ae96,"{""sasb_builder"": 255}",0,0,0,0,{},0.0,"{""common_neighbor_bin_l1"": 0.0, ""degree_product_bin_l1"": 0.0, ""is_boundary_edge_l1"": 0.0, ""is_bridge_edge_l1"": 0.0, ""is_inter_community_edge_l1"": 0.0, ""is_low_common_neighbor_edge_l1"": 0.0, ""mean_l1"": 0.0}",1,32,32,111.10880856013901,0
realworld_completed,bio_celegans,SASB-candidate,sasb,SASB-structured,20260513,296,early,1.0,1.0,0.0,1,1,0,0.14617283950617285,0.14666666666666667,147,217,147--217,42,14,14,42,588,5,0.38461538461538464,0,4,4,32,"[""96"", ""60"", ""53"", ""51"", ""142"", ""143"", ""343"", ""62"", ""363"", ""147"", ""364"", ""118"", ""144"", ""145"", ""220"", ""52"", ""82"", ""440"", ""83"", ""149"", ""121"", ""32"", ""154"", ""398"", ""307"", ""404"", ""72"", ""137"", ""23"", ""9"", ""264"", ""390""]",d90b0d58ac17f56f8fe1687b4fba1dc525a88a85e5c3d90871ef1951cab75f4f,"{""boundary"": 12, ""community_rep"": 4, ""degree_core"": 10, ""random_fill"": 6}","{""degree_3_4"": 2, ""degree_5_8"": 5, ""degree_9_plus"": 25}","{""0"": 1, ""1"": 9, ""2"": 1, ""3"": 9, ""4"": 7, ""5"": 1, ""6"": 2, ""7"": 1, ""8"": 1}",255,"{""backend"": ""evaluate_m19_theory_calibrated.candidate_features"", ""delta_mode"": ""none"", ""k_max"": 512, ""k_min"": 64, ""variant"": ""conservative""}",255,0.1474840948525159,1.0,1.0,0.0,0.996078431372549,"{""dp_17_64"": 0.00392156862745098, ""dp_257_plus"": 0.9372549019607843, ""dp_65_256"": 0.058823529411764705}","{""cn_0"": 0.996078431372549, ""cn_4_8"": 0.00392156862745098}",0.0196078431372549,1369.8117647058823,sasb_candidate_builder,cee695898442dec091d97d91cf6d207fbc9efbd8247882c41b03b8ed248d18b5,255,cee695898442dec091d97d91cf6d207fbc9efbd8247882c41b03b8ed248d18b5,"{""sasb_builder"": 255}",0,0,0,0,{},0.0,"{""common_neighbor_bin_l1"": 0.0, ""degree_product_bin_l1"": 0.0, ""is_boundary_edge_l1"": 0.0, ""is_bridge_edge_l1"": 0.0, ""is_inter_community_edge_l1"": 0.0, ""is_low_common_neighbor_edge_l1"": 0.0, ""mean_l1"": 0.0}",1,32,32,409.2050671362085,0
realworld_completed,bio_celegans,SASB-candidate,sasb,SASB-structured,20260513,297,early,1.0,1.0,0.0,1,1,0,0.14666666666666667,0.14716049382716048,130,343,130--343,7,61,7,61,427,3,0.5,1,6,3,32,"[""96"", ""60"", ""53"", ""51"", ""142"", ""143"", ""343"", ""62"", ""363"", ""147"", ""364"", ""118"", ""144"", ""145"", ""220"", ""52"", ""82"", ""440"", ""83"", ""149"", ""121"", ""32"", ""154"", ""398"", ""307"", ""404"", ""146"", ""309"", ""94"", ""161"", ""385"", ""262""]",3d2ba8576667ebf26daf14af163f0f5e864f9b545ecd706f10320a873975f846,"{""boundary"": 12, ""community_rep"": 4, ""degree_core"": 10, ""random_fill"": 6}","{""degree_3_4"": 2, ""degree_5_8"": 2, ""degree_9_plus"": 28}","{""0"": 2, ""1"": 7, ""2"": 3, ""3"": 11, ""4"": 5, ""5"": 1, ""6"": 1, ""7"": 1, ""8"": 1}",255,"{""backend"": ""evaluate_m19_theory_calibrated.candidate_features"", ""delta_mode"": ""none"", ""k_max"": 512, ""k_min"": 64, ""variant"": ""conservative""}",255,0.14756944444444445,1.0,1.0,0.0,0.996078431372549,"{""dp_17_64"": 0.00392156862745098, ""dp_257_plus"": 0.9372549019607843, ""dp_65_256"": 0.058823529411764705}","{""cn_0"": 0.996078431372549, ""cn_2_3"": 0.00392156862745098}",0.011764705882352941,1366.764705882353,sasb_candidate_builder,5f4a90c764e1f8ca2b0fafa356adaa667cbc40578165a6db6604226c50b10ee8,255,5f4a90c764e1f8ca2b0fafa356adaa667cbc40578165a6db6604226c50b10ee8,"{""sasb_builder"": 255}",0,0,0,0,{},0.0,"{""common_neighbor_bin_l1"": 0.0, ""degree_product_bin_l1"": 0.0, ""is_boundary_edge_l1"": 0.0, ""is_bridge_edge_l1"": 0.0, ""is_inter_community_edge_l1"": 0.0, ""is_low_common_neighbor_edge_l1"": 0.0, ""mean_l1"": 0.0}",1,32,32,105.46708720308325,0
realworld_completed,bio_celegans,SASB-candidate,sasb,SASB-structured,20260513,298,early,1.0,1.0,0.0,1,1,0,0.14716049382716048,0.14765432098765433,328,364,328--364,9,26,9,26,234,3,0.375,1,4,6,32,"[""96"", ""60"", ""53"", ""51"", ""142"", ""143"", ""343"", ""62"", ""363"", ""147"", ""364"", ""118"", ""144"", ""145"", ""220"", ""52"", ""82"", ""440"", ""83"", ""149"", ""121"", ""32"", ""154"", ""398"", ""307"", ""404"", ""401"", ""123"", ""278"", ""379"", ""360"", ""5""]",bda9206ae897cbe588ac789a30b7871fc355c4970d8c0cd51efd8f18e75c8844,"{""boundary"": 12, ""community_rep"": 4, ""degree_core"": 10, ""random_fill"": 6}","{""degree_2"": 1, ""degree_3_4"": 1, ""degree_5_8"": 5, ""degree_9_plus"": 25}","{""0"": 1, ""1"": 8, ""2"": 1, ""3"": 10, ""4"": 5, ""5"": 2, ""6"": 2, ""7"": 1, ""8"": 2}",255,"{""backend"": ""evaluate_m19_theory_calibrated.candidate_features"", ""delta_mode"": ""none"", ""k_max"": 512, ""k_min"": 64, ""variant"": ""conservative""}",255,0.14765489287782282,1.0,1.0,0.0,0.996078431372549,"{""dp_17_64"": 0.00392156862745098, ""dp_257_plus"": 0.9333333333333333, ""dp_65_256"": 0.06274509803921569}","{""cn_0"": 0.996078431372549, ""cn_2_3"": 0.00392156862745098}",0.011764705882352941,1363.5411764705882,sasb_candidate_builder,dc6558178ba81a6c4c38d802e8b95e3ab3b45223bfe93498df3272d7ffc374d8,255,dc6558178ba81a6c4c38d802e8b95e3ab3b45223bfe93498df3272d7ffc374d8,"{""sasb_builder"": 255}",0,0,0,0,{},0.0,"{""common_neighbor_bin_l1"": 0.0, ""degree_product_bin_l1"": 0.0, ""is_boundary_edge_l1"": 0.0, ""is_bridge_edge_l1"": 0.0, ""is_inter_community_edge_l1"": 0.0, ""is_low_common_neighbor_edge_l1"": 0.0, ""mean_l1"": 0.0}",1,32,32,172.38546511297875,0
realworld_completed,bio_celegans,SASB-candidate,sasb,SASB-structured,20260513,299,early,1.0,1.0,0.0,1,1,0,0.14765432098765433,0.14814814814814814,191,364,191--364,6,25,6,25,150,1,0.2,1,4,6,32,"[""96"", ""60"", ""53"", ""51"", ""142"", ""143"", ""343"", ""62"", ""363"", ""147"", ""364"", ""118"", ""144"", ""145"", ""220"", ""52"", ""82"", ""440"", ""83"", ""149"", ""121"", ""32"", ""154"", ""398"", ""307"", ""404"", ""104"", ""33"", ""411"", ""265"", ""131"", ""219""]",c19b2c2f1950f292f085ff775404f3d7943c4a27ba311b7447e48012506104c4,"{""boundary"": 12, ""community_rep"": 4, ""degree_core"": 10, ""random_fill"": 6}","{""degree_3_4"": 2, ""degree_5_8"": 3, ""degree_9_plus"": 27}","{""0"": 3, ""1"": 9, ""2"": 1, ""3"": 10, ""4"": 4, ""5"": 1, ""6"": 2, ""7"": 1, ""8"": 1}",255,"{""backend"": ""evaluate_m19_theory_calibrated.candidate_features"", ""delta_mode"": ""none"", ""k_max"": 512, ""k_min"": 64, ""variant"": ""conservative""}",255,0.1477404403244496,1.0,1.0,0.0,1.0,"{""dp_17_64"": 0.00392156862745098, ""dp_257_plus"": 0.9333333333333333, ""dp_65_256"": 0.06274509803921569}","{""cn_0"": 0.996078431372549, ""cn_1"": 0.00392156862745098}",0.00392156862745098,1361.5176470588235,sasb_candidate_builder,1480f19e4f1c6b5afc0a35390382c66d565bb9766924587a1cb8ceb62cbcbe06,255,1480f19e4f1c6b5afc0a35390382c66d565bb9766924587a1cb8ceb62cbcbe06,"{""sasb_builder"": 255}",0,0,0,0,{},0.0,"{""common_neighbor_bin_l1"": 0.0, ""degree_product_bin_l1"": 0.0, ""is_boundary_edge_l1"": 0.0, ""is_bridge_edge_l1"": 0.0, ""is_inter_community_edge_l1"": 0.0, ""is_low_common_neighbor_edge_l1"": 0.0, ""mean_l1"": 0.0}",1,32,32,275.9428477235268,0
realworld_completed,bio_celegans,SASB-candidate,sasb,SASB-structured,20260513,300,early,1.0,1.0,0.0,1,1,0,0.14814814814814814,0.14864197530864198,118,35,118--35,35,4,4,35,140,0,0.0,1,2,5,32,"[""96"", ""53"", ""60"", ""51"", ""62"", ""343"", ""363"", ""142"", ""143"", ""220"", ""364"", ""147"", ""144"", ""145"", ""118"", ""52"", ""82"", ""440"", ""83"", ""149"", ""121"", ""32"", ""154"", ""85"", ""61"", ""307"", ""404"", ""81"", ""413"", ""432"", ""315"", ""148""]",d842b3593fa0d487d5f77eae26f7ef6d39716bfff082e2933bf451521c945592,"{""boundary"": 12, ""community_rep"": 5, ""degree_core"": 10, ""random_fill"": 5}","{""degree_2"": 1, ""degree_5_8"": 4, ""degree_9_plus"": 27}","{""0"": 1, ""1"": 9, ""2"": 10, ""3"": 1, ""4"": 6, ""5"": 1, ""6"": 1, ""7"": 1, ""8"": 1, ""9"": 1}",255,"{""backend"": ""evaluate_m19_theory_calibrated.candidate_features"", ""delta_mode"": ""none"", ""k_max"": 512, ""k_min"": 64, ""variant"": ""conservative""}",255,0.14782608695652175,1.0,1.0,0.0,1.0,"{""dp_17_64"": 0.00392156862745098, ""dp_257_plus"": 0.9372549019607843, ""dp_65_256"": 0.058823529411764705}","{""cn_0"": 1.0}",0.0,1373.6745098039216,sasb_candidate_builder,19fbfba063964b282282d5f181e142296c298c578c6af37fb5afc6c8223d76ee,255,19fbfba063964b282282d5f181e142296c298c578c6af37fb5afc6c8223d76ee,"{""sasb_builder"": 255}",0,0,0,0,{},0.0,"{""common_neighbor_bin_l1"": 0.0, ""degree_product_bin_l1"": 0.0, ""is_boundary_edge_l1"": 0.0, ""is_bridge_edge_l1"": 0.0, ""is_inter_community_edge_l1"": 0.0, ""is_low_common_neighbor_edge_l1"": 0.0, ""mean_l1"": 0.0}",1,32,32,0.0,0
realworld_completed,bio_celegans,SASB-candidate,sasb,SASB-structured,20260513,301,early,1.0,1.0,0.0,1,1,0,0.14864197530864198,0.1491358024691358,118,60,118--60,34,52,34,52,1768,2,0.06060606060606061,1,3,4,32,"[""96"", ""53"", ""60"", ""51"", ""62"", ""343"", ""363"", ""142"", ""143"", ""220"", ""364"", ""147"", ""144"", ""145"", ""118"", ""52"", ""82"", ""440"", ""83"", ""149"", ""121"", ""32"", ""154"", ""85"", ""61"", ""307"", ""404"", ""322"", ""426"", ""319"", ""106"", ""415""]",c617d2c9f31030d12ffa1503cf591eec91ed30a023c8675c0e91b9edd07f2db5,"{""boundary"": 12, ""community_rep"": 5, ""degree_core"": 10, ""random_fill"": 5}","{""degree_3_4"": 2, ""degree_5_8"": 3, ""degree_9_plus"": 27}","{""0"": 4, ""1"": 6, ""2"": 11, ""3"": 1, ""4"": 5, ""5"": 1, ""6"": 1, ""7"": 1, ""8"": 1, ""9"": 1}",254,"{""backend"": ""evaluate_m19_theory_calibrated.candidate_features"", ""delta_mode"": ""none"", ""k_max"": 512, ""k_min"": 64, ""variant"": ""conservative""}",254,0.14733178654292342,1.0,1.0,0.0,1.0,"{""dp_17_64"": 0.003937007874015748, ""dp_257_plus"": 0.9409448818897638, ""dp_65_256"": 0.05511811023622047}","{""cn_0"": 1.0}",0.0,1377.2795275590552,sasb_candidate_builder,9b2068c259da402b98214fe804a3adf7fbdf3e6b2a8cf4192f2f0ef861a204e4,254,9b2068c259da402b98214fe804a3adf7fbdf3e6b2a8cf4192f2f0ef861a204e4,"{""sasb_builder"": 254}",0,0,0,0,{},0.0,"{""common_neighbor_bin_l1"": 0.0, ""degree_product_bin_l1"": 0.0, ""is_boundary_edge_l1"": 0.0, ""is_bridge_edge_l1"": 0.0, ""is_inter_community_edge_l1"": 0.0, ""is_low_common_neighbor_edge_l1"": 0.0, ""mean_l1"": 0.0}",1,32,32,0.0,0
realworld_completed,bio_celegans,SASB-candidate,sasb,SASB-structured,20260513,302,early,1.0,1.0,0.0,1,1,0,0.1491358024691358,0.14962962962962964,118,80,118--80,33,5,5,33,165,1,0.25,1,3,1,32,"[""96"", ""53"", ""60"", ""51"", ""62"", ""343"", ""363"", ""142"", ""143"", ""220"", ""364"", ""147"", ""144"", ""145"", ""118"", ""52"", ""82"", ""440"", ""83"", ""149"", ""121"", ""32"", ""154"", ""85"", ""61"", ""307"", ""404"", ""127"", ""292"", ""357"", ""286"", ""187""]",66ae16d034e94fb0129f6916ca43ec278ae90484e9d2260f07e6724907775d4c,"{""boundary"": 12, ""community_rep"": 5, ""degree_core"": 10, ""random_fill"": 5}","{""degree_3_4"": 5, ""degree_5_8"": 1, ""degree_9_plus"": 26}","{""0"": 1, ""1"": 8, ""2"": 9, ""3"": 1, ""4"": 6, ""5"": 1, ""6"": 3, ""7"": 1, ""8"": 1, ""9"": 1}",254,"{""backend"": ""evaluate_m19_theory_calibrated.candidate_features"", ""delta_mode"": ""none"", ""k_max"": 512, ""k_min"": 64, ""variant"": ""conservative""}",254,0.1474172954149739,1.0,1.0,0.0,1.0,"{""dp_17_64"": 0.003937007874015748, ""dp_257_plus"": 0.9330708661417323, ""dp_65_256"": 0.06299212598425197}","{""cn_0"": 1.0}",0.0,1373.255905511811,sasb_candidate_builder,ac295dd0855a2cf3c2c6af54570d9c94372d524231787290de35a3f96799254b,254,ac295dd0855a2cf3c2c6af54570d9c94372d524231787290de35a3f96799254b,"{""sasb_builder"": 254}",0,0,0,0,{},0.0,"{""common_neighbor_bin_l1"": 0.0, ""degree_product_bin_l1"": 0.0, ""is_boundary_edge_l1"": 0.0, ""is_bridge_edge_l1"": 0.0, ""is_inter_community_edge_l1"": 0.0, ""is_low_common_neighbor_edge_l1"": 0.0, ""mean_l1"": 0.0}",1,32,32,0.0,0
realworld_completed,bio_celegans,SASB-candidate,sasb,SASB-structured,20260513,303,early,1.0,1.0,0.0,1,1,0,0.14962962962962964,0.15012345679012346,118,19,118--19,32,6,6,32,192,0,0.0,1,3,1,32,"[""96"", ""53"", ""60"", ""51"", ""62"", ""343"", ""363"", ""142"", ""143"", ""220"", ""364"", ""147"", ""144"", ""145"", ""118"", ""52"", ""82"", ""440"", ""83"", ""149"", ""121"", ""32"", ""154"", ""85"", ""61"", ""307"", ""404"", ""198"", ""446"", ""10"", ""68"", ""101""]",fe31e4f02b679a64cd5fe05526abd27a7098b0383fd0f45f6ffc2b84e5a377d1,"{""boundary"": 12, ""community_rep"": 5, ""degree_core"": 10, ""random_fill"": 5}","{""degree_3_4"": 4, ""degree_5_8"": 2, ""degree_9_plus"": 26}","{""0"": 1, ""1"": 6, ""2"": 9, ""3"": 1, ""4"": 5, ""5"": 1, ""6"": 2, ""7"": 2, ""8"": 3, ""9"": 2}",254,"{""backend"": ""evaluate_m19_theory_calibrated.candidate_features"", ""delta_mode"": ""none"", ""k_max"": 512, ""k_min"": 64, ""variant"": ""conservative""}",254,0.14750290360046459,1.0,1.0,0.0,1.0,"{""dp_17_64"": 0.003937007874015748, ""dp_257_plus"": 0.9330708661417323, ""dp_65_256"": 0.06299212598425197}","{""cn_0"": 1.0}",0.0,1372.5314960629921,sasb_candidate_builder,571c7bc9d3c51cfb287e60cc8a4b457ba154a9c621fb53bc9df33df2346ba048,254,571c7bc9d3c51cfb287e60cc8a4b457ba154a9c621fb53bc9df33df2346ba048,"{""sasb_builder"": 254}",0,0,0,0,{},0.0,"{""common_neighbor_bin_l1"": 0.0, ""degree_product_bin_l1"": 0.0, ""is_boundary_edge_l1"": 0.0, ""is_bridge_edge_l1"": 0.0, ""is_inter_community_edge_l1"": 0.0, ""is_low_common_neighbor_edge_l1"": 0.0, ""mean_l1"": 0.0}",1,32,32,0.0,0
realworld_completed,bio_celegans,SASB-candidate,sasb,SASB-structured,20260513,304,early,1.0,1.0,0.0,1,1,0,0.15012345679012346,0.1506172839506173,118,96,118--96,31,187,31,187,5797,7,0.23333333333333334,1,3,0,32,"[""96"", ""53"", ""60"", ""51"", ""62"", ""343"", ""363"", ""142"", ""143"", ""220"", ""364"", ""147"", ""144"", ""145"", ""118"", ""52"", ""82"", ""440"", ""83"", ""149"", ""121"", ""32"", ""154"", ""85"", ""61"", ""307"", ""404"", ""129"", ""449"", ""256"", ""207"", ""173""]",65c0c5017e70c97bf1be30a0d192c2ff1a53a883c88af8398aa2d4a640b78167,"{""boundary"": 12, ""community_rep"": 5, ""degree_core"": 10, ""random_fill"": 5}","{""degree_3_4"": 2, ""degree_5_8"": 4, ""degree_9_plus"": 26}","{""0"": 3, ""1"": 6, ""2"": 9, ""3"": 1, ""4"": 7, ""5"": 1, ""6"": 1, ""7"": 2, ""8"": 1, ""9"": 1}",254,"{""backend"": ""evaluate_m19_theory_calibrated.candidate_features"", ""delta_mode"": ""none"", ""k_max"": 512, ""k_min"": 64, ""variant"": ""conservative""}",254,0.147588611272516,1.0,1.0,0.0,1.0,"{""dp_17_64"": 0.003937007874015748, ""dp_257_plus"": 0.937007874015748, ""dp_65_256"": 0.05905511811023622}","{""cn_0"": 1.0}",0.0,1373.4960629921259,sasb_candidate_builder,571dc3d83d7ec661be78c1731e884bfcd52a1f4dabdab44d3b5854a5c4c41314,254,571dc3d83d7ec661be78c1731e884bfcd52a1f4dabdab44d3b5854a5c4c41314,"{""sasb_builder"": 254}",0,0,0,0,{},0.0,"{""common_neighbor_bin_l1"": 0.0, ""degree_product_bin_l1"": 0.0, ""is_boundary_edge_l1"": 0.0, ""is_bridge_edge_l1"": 0.0, ""is_inter_community_edge_l1"": 0.0, ""is_low_common_neighbor_edge_l1"": 0.0, ""mean_l1"": 0.0}",1,32,32,0.0,0
realworld_completed,bio_celegans,SASB-candidate,sasb,SASB-structured,20260513,305,early,1.0,1.0,0.0,1,1,0,0.1506172839506173,0.1511111111111111,119,51,119--51,5,84,5,84,420,1,0.25,1,1,6,32,"[""96"", ""53"", ""60"", ""51"", ""62"", ""343"", ""363"", ""142"", ""143"", ""220"", ""364"", ""147"", ""144"", ""145"", ""118"", ""52"", ""82"", ""440"", ""83"", ""149"", ""121"", ""32"", ""154"", ""85"", ""61"", ""307"", ""404"", ""436"", ""416"", ""382"", ""305"", ""146""]",12f6f7245dba07aa3aec7eaa08c6332b06e7e7522cb6bcc170ce132e7a92a24c,"{""boundary"": 12, ""community_rep"": 5, ""degree_core"": 10, ""random_fill"": 5}","{""degree_3_4"": 1, ""degree_5_8"": 5, ""degree_9_plus"": 26}","{""0"": 2, ""1"": 9, ""2"": 9, ""3"": 1, ""4"": 5, ""5"": 1, ""6"": 1, ""7"": 1, ""8"": 1, ""9"": 2}",254,"{""backend"": ""evaluate_m19_theory_calibrated.candidate_features"", ""delta_mode"": ""none"", ""k_max"": 512, ""k_min"": 64, ""variant"": ""conservative""}",254,0.14767441860465116,1.0,1.0,0.0,1.0,"{""dp_17_64"": 0.003937007874015748, ""dp_257_plus"": 0.937007874015748, ""dp_65_256"": 0.05905511811023622}","{""cn_0"": 1.0}",0.0,1346.7047244094488,sasb_candidate_builder,cc245238ed56ebb25ab66dee2c6a639eff32be3d7e3b29bbcaf3810b4498120c,254,cc245238ed56ebb25ab66dee2c6a639eff32be3d7e3b29bbcaf3810b4498120c,"{""sasb_builder"": 254}",0,0,0,0,{},0.0,"{""common_neighbor_bin_l1"": 0.0, ""degree_product_bin_l1"": 0.0, ""is_boundary_edge_l1"": 0.0, ""is_bridge_edge_l1"": 0.0, ""is_inter_community_edge_l1"": 0.0, ""is_low_common_neighbor_edge_l1"": 0.0, ""mean_l1"": 0.0}",1,32,32,0.0,0
realworld_completed,bio_celegans,SASB-candidate,sasb,SASB-structured,20260513,306,early,1.0,1.0,0.0,1,1,0,0.1511111111111111,0.15160493827160493,119,53,119--53,4,104,4,104,416,0,0.0,1,1,3,32,"[""96"", ""53"", ""60"", ""51"", ""62"", ""343"", ""363"", ""142"", ""143"", ""220"", ""364"", ""147"", ""144"", ""145"", ""118"", ""52"", ""82"", ""440"", ""83"", ""149"", ""121"", ""32"", ""154"", ""85"", ""61"", ""307"", ""404"", ""210"", ""201"", ""179"", ""265"", ""432""]",eeed715dafafccc5c952d0144ecf0b3429f95467545c9cbc50f4882c9908db98,"{""boundary"": 12, ""community_rep"": 5, ""degree_core"": 10, ""random_fill"": 5}","{""degree_3_4"": 1, ""degree_5_8"": 5, ""degree_9_plus"": 26}","{""0"": 2, ""1"": 9, ""2"": 9, ""3"": 1, ""4"": 6, ""5"": 1, ""6"": 1, ""7"": 1, ""8"": 1, ""9"": 1}",254,"{""backend"": ""evaluate_m19_theory_calibrated.candidate_features"", ""delta_mode"": ""none"", ""k_max"": 512, ""k_min"": 64, ""variant"": ""conservative""}",254,0.14776032577079698,1.0,1.0,0.0,1.0,"{""dp_17_64"": 0.003937007874015748, ""dp_257_plus"": 0.937007874015748, ""dp_65_256"": 0.05905511811023622}","{""cn_0"": 1.0}",0.0,1349.0354330708662,sasb_candidate_builder,c3fe0308d73c25ab2364a72a869513709b3779b8f3ebf65d26a1d59887aff5ef,254,c3fe0308d73c25ab2364a72a869513709b3779b8f3ebf65d26a1d59887aff5ef,"{""sasb_builder"": 254}",0,0,0,0,{},0.0,"{""common_neighbor_bin_l1"": 0.0, ""degree_product_bin_l1"": 0.0, ""is_boundary_edge_l1"": 0.0, ""is_bridge_edge_l1"": 0.0, ""is_inter_community_edge_l1"": 0.0, ""is_low_common_neighbor_edge_l1"": 0.0, ""mean_l1"": 0.0}",1,32,32,0.0,0
realworld_completed,bio_celegans,SASB-candidate,sasb,SASB-structured,20260513,307,early,1.0,1.0,0.0,1,1,0,0.15160493827160493,0.15209876543209877,125,439,125--439,10,8,8,10,80,1,0.14285714285714285,1,1,6,32,"[""96"", ""53"", ""60"", ""51"", ""62"", ""343"", ""363"", ""142"", ""143"", ""220"", ""364"", ""147"", ""144"", ""145"", ""118"", ""52"", ""82"", ""440"", ""83"", ""149"", ""121"", ""32"", ""154"", ""85"", ""61"", ""307"", ""404"", ""165"", ""114"", ""388"", ""212"", ""9""]",2f014d50378fec159a31e683bf2801fbc11f239038159af2f75f22999a6d2961,"{""boundary"": 12, ""community_rep"": 5, ""degree_core"": 10, ""random_fill"": 5}","{""degree_3_4"": 1, ""degree_5_8"": 4, ""degree_9_plus"": 27}","{""0"": 1, ""1"": 7, ""2"": 11, ""3"": 1, ""4"": 6, ""5"": 1, ""6"": 2, ""7"": 1, ""8"": 1, ""9"": 1}",254,"{""backend"": ""evaluate_m19_theory_calibrated.candidate_features"", ""delta_mode"": ""none"", ""k_max"": 512, ""k_min"": 64, ""variant"": ""conservative""}",254,0.1478463329452852,1.0,1.0,0.0,1.0,"{""dp_17_64"": 0.003937007874015748, ""dp_257_plus"": 0.9330708661417323, ""dp_65_256"": 0.06299212598425197}","{""cn_0"": 0.9960629921259843, ""cn_1"": 0.003937007874015748}",0.003937007874015748,1346.523622047244,sasb_candidate_builder,66d9d3ff65e7bbfec86c501d87d60a64c181d13689016116ee61919a31557a30,254,66d9d3ff65e7bbfec86c501d87d60a64c181d13689016116ee61919a31557a30,"{""sasb_builder"": 254}",0,0,0,0,{},0.0,"{""common_neighbor_bin_l1"": 0.0, ""degree_product_bin_l1"": 0.0, ""is_boundary_edge_l1"": 0.0, ""is_bridge_edge_l1"": 0.0, ""is_inter_community_edge_l1"": 0.0, ""is_low_common_neighbor_edge_l1"": 0.0, ""mean_l1"": 0.0}",1,32,32,222.10560657619234,0
realworld_completed,bio_celegans,SASB-candidate,sasb,SASB-structured,20260513,308,early,1.0,1.0,0.0,1,1,0,0.15209876543209877,0.15259259259259259,154,366,154--366,18,6,6,18,108,2,0.4,1,8,3,32,"[""96"", ""53"", ""60"", ""51"", ""62"", ""343"", ""363"", ""142"", ""143"", ""220"", ""364"", ""147"", ""144"", ""145"", ""118"", ""52"", ""82"", ""440"", ""83"", ""149"", ""121"", ""32"", ""154"", ""85"", ""61"", ""307"", ""404"", ""141"", ""93"", ""14"", ""272"", ""319""]",3295fafff4b53da49f58f71a09b6ce86ae978cdaff3f03a901e78fac8f41c3a5,"{""boundary"": 12, ""community_rep"": 5, ""degree_core"": 10, ""random_fill"": 5}","{""degree_2"": 1, ""degree_3_4"": 1, ""degree_5_8"": 3, ""degree_9_plus"": 27}","{""0"": 1, ""1"": 6, ""2"": 12, ""3"": 1, ""4"": 6, ""5"": 2, ""6"": 1, ""7"": 1, ""8"": 1, ""9"": 1}",254,"{""backend"": ""evaluate_m19_theory_calibrated.candidate_features"", ""delta_mode"": ""none"", ""k_max"": 512, ""k_min"": 64, ""variant"": ""conservative""}",254,0.14793244030285382,1.0,1.0,0.0,0.9960629921259843,"{""dp_17_64"": 0.003937007874015748, ""dp_257_plus"": 0.9330708661417323, ""dp_65_256"": 0.06299212598425197}","{""cn_0"": 0.9960629921259843, ""cn_2_3"": 0.003937007874015748}",0.007874015748031496,1344.236220472441,sasb_candidate_builder,fa38b1ef5a1a2372501f66f0c9d2b667976724a0248774ed781aa428a6c1837e,254,fa38b1ef5a1a2372501f66f0c9d2b667976724a0248774ed781aa428a6c1837e,"{""sasb_builder"": 254}",0,0,0,0,{},0.0,"{""common_neighbor_bin_l1"": 0.0, ""degree_product_bin_l1"": 0.0, ""is_boundary_edge_l1"": 0.0, ""is_bridge_edge_l1"": 0.0, ""is_inter_community_edge_l1"": 0.0, ""is_low_common_neighbor_edge_l1"": 0.0, ""mean_l1"": 0.0}",1,32,32,88.38544989018335,0
realworld_completed,bio_celegans,SASB-candidate,sasb,SASB-structured,20260513,309,early,1.0,1.0,0.0,1,1,0,0.15259259259259259,0.15308641975308643,134,188,134--188,16,4,4,16,64,1,0.3333333333333333,1,7,1,32,"[""96"", ""53"", ""60"", ""51"", ""62"", ""343"", ""363"", ""142"", ""143"", ""220"", ""364"", ""147"", ""144"", ""145"", ""118"", ""52"", ""82"", ""440"", ""83"", ""149"", ""121"", ""32"", ""154"", ""85"", ""61"", ""307"", ""404"", ""102"", ""19"", ""100"", ""74"", ""55""]",944298b3ac28d02d328c6b79d6e164560677b8f6ebb50dbd690ef66ca9af79f6,"{""boundary"": 12, ""community_rep"": 5, ""degree_core"": 10, ""random_fill"": 5}","{""degree_2"": 1, ""degree_3_4"": 1, ""degree_5_8"": 4, ""degree_9_plus"": 26}","{""0"": 1, ""1"": 8, ""2"": 9, ""3"": 1, ""4"": 6, ""5"": 1, ""6"": 2, ""7"": 1, ""8"": 1, ""9"": 2}",254,"{""backend"": ""evaluate_m19_theory_calibrated.candidate_features"", ""delta_mode"": ""none"", ""k_max"": 512, ""k_min"": 64, ""variant"": ""conservative""}",254,0.14801864801864803,1.0,1.0,0.0,1.0,"{""dp_17_64"": 0.007874015748031496, ""dp_257_plus"": 0.9330708661417323, ""dp_65_256"": 0.05905511811023622}","{""cn_0"": 0.9960629921259843, ""cn_1"": 0.003937007874015748}",0.003937007874015748,1341.8661417322835,sasb_candidate_builder,04de827cae899c96a402518ce7011ed48e4d1e237ad418cb9cf4739c89049016,254,04de827cae899c96a402518ce7011ed48e4d1e237ad418cb9cf4739c89049016,"{""sasb_builder"": 254}",0,0,0,0,{},0.0,"{""common_neighbor_bin_l1"": 0.0, ""degree_product_bin_l1"": 0.0, ""is_boundary_edge_l1"": 0.0, ""is_bridge_edge_l1"": 0.0, ""is_inter_community_edge_l1"": 0.0, ""is_low_common_neighbor_edge_l1"": 0.0, ""mean_l1"": 0.0}",1,32,32,67.9243099412021,0
realworld_completed,bio_celegans,SASB-candidate,sasb,SASB-structured,20260513,310,early,1.0,1.0,0.0,1,1,0,0.15308641975308643,0.15358024691358024,126,364,126--364,5,24,5,24,120,2,0.5,1,1,6,32,"[""96"", ""53"", ""60"", ""51"", ""142"", ""143"", ""363"", ""62"", ""343"", ""364"", ""147"", ""149"", ""144"", ""145"", ""118"", ""220"", ""52"", ""82"", ""440"", ""83"", ""121"", ""32"", ""85"", ""154"", ""61"", ""307"", ""404"", ""24"", ""67"", ""176"", ""259"", ""284""]",bb0eb693565eeb10acaf3564493c032541f95a2ef6b1a2168d529f56f5de4a3d,"{""boundary"": 12, ""community_rep"": 5, ""degree_core"": 10, ""random_fill"": 5}","{""degree_3_4"": 3, ""degree_5_8"": 3, ""degree_9_plus"": 26}","{""0"": 1, ""1"": 7, ""2"": 1, ""3"": 12, ""4"": 5, ""5"": 1, ""6"": 1, ""7"": 1, ""8"": 1, ""9"": 2}",254,"{""backend"": ""evaluate_m19_theory_calibrated.candidate_features"", ""delta_mode"": ""none"", ""k_max"": 512, ""k_min"": 64, ""variant"": ""conservative""}",254,0.14810495626822157,1.0,1.0,0.0,0.9960629921259843,"{""dp_17_64"": 0.007874015748031496, ""dp_257_plus"": 0.9291338582677166, ""dp_65_256"": 0.06299212598425197}","{""cn_0"": 0.9960629921259843, ""cn_2_3"": 0.003937007874015748}",0.007874015748031496,1334.4015748031495,sasb_candidate_builder,fde83eb0c1a3c301a5c2e155ac3e498d8a7880e620d6d5ffedd5a8ebd075a5c5,254,fde83eb0c1a3c301a5c2e155ac3e498d8a7880e620d6d5ffedd5a8ebd075a5c5,"{""sasb_builder"": 254}",0,0,0,0,{},0.0,"{""common_neighbor_bin_l1"": 0.0, ""degree_product_bin_l1"": 0.0, ""is_boundary_edge_l1"": 0.0, ""is_bridge_edge_l1"": 0.0, ""is_inter_community_edge_l1"": 0.0, ""is_low_common_neighbor_edge_l1"": 0.0, ""mean_l1"": 0.0}",1,32,32,271.02150297793537,0
realworld_completed,bio_celegans,SASB-candidate,sasb,SASB-structured,20260513,311,early,1.0,1.0,0.0,1,1,0,0.15358024691358024,0.15407407407407409,104,440,104--440,9,28,9,28,252,3,0.375,1,6,1,32,"[""96"", ""53"", ""60"", ""51"", ""142"", ""143"", ""363"", ""62"", ""343"", ""364"", ""147"", ""149"", ""144"", ""145"", ""118"", ""220"", ""52"", ""82"", ""440"", ""83"", ""121"", ""32"", ""85"", ""154"", ""61"", ""307"", ""404"", ""332"", ""9"", ""290"", ""378"", ""261""]",58db295b903a62b3ee139c7de8b864295f667fa188fc2f68ca2348ac5eab001a,"{""boundary"": 12, ""community_rep"": 5, ""degree_core"": 10, ""random_fill"": 5}","{""degree_3_4"": 1, ""degree_5_8"": 4, ""degree_9_plus"": 27}","{""0"": 1, ""1"": 6, ""2"": 1, ""3"": 11, ""4"": 7, ""5"": 1, ""6"": 1, ""7"": 1, ""8"": 2, ""9"": 1}",254,"{""backend"": ""evaluate_m19_theory_calibrated.candidate_features"", ""delta_mode"": ""none"", ""k_max"": 512, ""k_min"": 64, ""variant"": ""conservative""}",254,0.14819136522753792,1.0,1.0,0.0,0.9960629921259843,"{""dp_17_64"": 0.007874015748031496, ""dp_257_plus"": 0.9291338582677166, ""dp_65_256"": 0.06299212598425197}","{""cn_0"": 0.9960629921259843, ""cn_2_3"": 0.003937007874015748}",0.011811023622047244,1333.1732283464567,sasb_candidate_builder,98fe93d5bb95c547fa9e9e386c6bde3302f0b629d9b19ef82436f69c238d9195,254,98fe93d5bb95c547fa9e9e386c6bde3302f0b629d9b19ef82436f69c238d9195,"{""sasb_builder"": 254}",0,0,0,0,{},0.0,"{""common_neighbor_bin_l1"": 0.0, ""degree_product_bin_l1"": 0.0, ""is_boundary_edge_l1"": 0.0, ""is_bridge_edge_l1"": 0.0, ""is_inter_community_edge_l1"": 0.0, ""is_low_common_neighbor_edge_l1"": 0.0, ""mean_l1"": 0.0}",1,32,32,229.23263786673772,0
realworld_completed,bio_celegans,SASB-candidate,sasb,SASB-structured,20260513,312,early,1.0,1.0,0.0,1,1,0,0.15407407407407409,0.1545679012345679,139,440,139--440,4,27,4,27,108,1,0.3333333333333333,1,2,1,32,"[""96"", ""53"", ""60"", ""51"", ""142"", ""143"", ""363"", ""62"", ""343"", ""364"", ""147"", ""149"", ""144"", ""145"", ""118"", ""220"", ""52"", ""82"", ""83"", ""440"", ""121"", ""32"", ""85"", ""154"", ""61"", ""307"", ""404"", ""146"", ""67"", ""277"", ""417"", ""448""]",ae64c9a784dd9b8ccc9d34e60c6579aa8f1907ed3c58356fde2c100a6b0d8e30,"{""boundary"": 12, ""community_rep"": 5, ""degree_core"": 10, ""random_fill"": 5}","{""degree_3_4"": 1, ""degree_5_8"": 5, ""degree_9_plus"": 26}","{""0"": 1, ""1"": 8, ""2"": 1, ""3"": 10, ""4"": 7, ""5"": 1, ""6"": 1, ""7"": 1, ""8"": 1, ""9"": 1}",254,"{""backend"": ""evaluate_m19_theory_calibrated.candidate_features"", ""delta_mode"": ""none"", ""k_max"": 512, ""k_min"": 64, ""variant"": ""conservative""}",254,0.14827787507297138,1.0,1.0,0.0,1.0,"{""dp_17_64"": 0.007874015748031496, ""dp_257_plus"": 0.9291338582677166, ""dp_65_256"": 0.06299212598425197}","{""cn_0"": 0.9960629921259843, ""cn_1"": 0.003937007874015748}",0.003937007874015748,1331.8740157480315,sasb_candidate_builder,455ffd08b15c422f7cd73aac04a2597990b27ac0175d022a1e35ab38cff0ef03,254,455ffd08b15c422f7cd73aac04a2597990b27ac0175d022a1e35ab38cff0ef03,"{""sasb_builder"": 254}",0,0,0,0,{},0.0,"{""common_neighbor_bin_l1"": 0.0, ""degree_product_bin_l1"": 0.0, ""is_boundary_edge_l1"": 0.0, ""is_bridge_edge_l1"": 0.0, ""is_inter_community_edge_l1"": 0.0, ""is_low_common_neighbor_edge_l1"": 0.0, ""mean_l1"": 0.0}",1,32,32,228.392832247979,0
realworld_completed,bio_celegans,SASB-candidate,sasb,SASB-structured,20260513,313,early,1.0,1.0,0.0,1,1,0,0.1545679012345679,0.15506172839506172,3,436,3--436,4,7,4,7,28,0,0.0,1,6,1,32,"[""96"", ""53"", ""60"", ""51"", ""142"", ""143"", ""363"", ""62"", ""343"", ""364"", ""147"", ""149"", ""144"", ""145"", ""118"", ""220"", ""52"", ""82"", ""83"", ""440"", ""121"", ""32"", ""85"", ""154"", ""61"", ""307"", ""404"", ""348"", ""347"", ""334"", ""203"", ""17""]",dcafd53264b7ff9967f4b6c7004a18033a2999256f6d5479ccbdc586fc80483f,"{""boundary"": 12, ""community_rep"": 5, ""degree_core"": 10, ""random_fill"": 5}","{""degree_2"": 2, ""degree_3_4"": 1, ""degree_5_8"": 2, ""degree_9_plus"": 27}","{""0"": 2, ""1"": 8, ""2"": 1, ""3"": 9, ""4"": 5, ""5"": 2, ""6"": 1, ""7"": 1, ""8"": 2, ""9"": 1}",254,"{""backend"": ""evaluate_m19_theory_calibrated.candidate_features"", ""delta_mode"": ""none"", ""k_max"": 512, ""k_min"": 64, ""variant"": ""conservative""}",254,0.1483644859813084,1.0,1.0,0.0,1.0,"{""dp_17_64"": 0.011811023622047244, ""dp_257_plus"": 0.9291338582677166, ""dp_65_256"": 0.05905511811023622}","{""cn_0"": 1.0}",0.0,1330.8937007874015,sasb_candidate_builder,4f930f9129b51a3ed75102d49ba46c10bad63dd5e22c396930446d867f8511dd,254,4f930f9129b51a3ed75102d49ba46c10bad63dd5e22c396930446d867f8511dd,"{""sasb_builder"": 254}",0,0,0,0,{},0.0,"{""common_neighbor_bin_l1"": 0.0, ""degree_product_bin_l1"": 0.0, ""is_boundary_edge_l1"": 0.0, ""is_bridge_edge_l1"": 0.0, ""is_inter_community_edge_l1"": 0.0, ""is_low_common_neighbor_edge_l1"": 0.0, ""mean_l1"": 0.0}",1,32,32,216.34183492006179,0
realworld_completed,bio_celegans,SASB-candidate,sasb,SASB-structured,20260513,314,early,1.0,1.0,0.0,1,1,0,0.15506172839506172,0.15555555555555556,120,96,120--96,9,186,9,186,1674,6,0.75,1,1,0,32,"[""96"", ""53"", ""60"", ""51"", ""142"", ""143"", ""363"", ""62"", ""343"", ""364"", ""147"", ""149"", ""144"", ""145"", ""118"", ""220"", ""52"", ""82"", ""83"", ""440"", ""121"", ""32"", ""85"", ""154"", ""61"", ""307"", ""404"", ""423"", ""80"", ""285"", ""352"", ""75""]",5097e333e52fb811baad0d57318989c85bde1b391172c2a71f4fcbf7a39e870e,"{""boundary"": 12, ""community_rep"": 5, ""degree_core"": 10, ""random_fill"": 5}","{""degree_3_4"": 2, ""degree_5_8"": 4, ""degree_9_plus"": 26}","{""0"": 2, ""1"": 7, ""2"": 2, ""3"": 10, ""4"": 5, ""5"": 1, ""6"": 1, ""7"": 1, ""8"": 1, ""9"": 2}",253,"{""backend"": ""evaluate_m19_theory_calibrated.candidate_features"", ""delta_mode"": ""none"", ""k_max"": 512, ""k_min"": 64, ""variant"": ""conservative""}",253,0.1478667445938048,1.0,1.0,0.0,1.0,"{""dp_17_64"": 0.007905138339920948, ""dp_257_plus"": 0.932806324110672, ""dp_65_256"": 0.05928853754940711}","{""cn_0"": 1.0}",0.0,1335.308300395257,sasb_candidate_builder,241a78811fb542290e2e379b5a036cf3d628f263f7502ebe642f11f63bb04c66,253,241a78811fb542290e2e379b5a036cf3d628f263f7502ebe642f11f63bb04c66,"{""sasb_builder"": 253}",0,0,0,0,{},0.0,"{""common_neighbor_bin_l1"": 0.0, ""degree_product_bin_l1"": 0.0, ""is_boundary_edge_l1"": 0.0, ""is_bridge_edge_l1"": 0.0, ""is_inter_community_edge_l1"": 0.0, ""is_low_common_neighbor_edge_l1"": 0.0, ""mean_l1"": 0.0}",1,32,32,0.0,0
realworld_completed,bio_celegans,SASB-candidate,sasb,SASB-structured,20260513,315,early,1.0,1.0,0.0,1,1,0,0.15555555555555556,0.15604938271604937,121,60,121--60,22,51,22,51,1122,3,0.14285714285714285,1,3,4,32,"[""96"", ""53"", ""60"", ""51"", ""142"", ""143"", ""363"", ""62"", ""343"", ""364"", ""147"", ""149"", ""144"", ""145"", ""118"", ""220"", ""52"", ""82"", ""83"", ""440"", ""121"", ""32"", ""85"", ""154"", ""61"", ""307"", ""404"", ""224"", ""344"", ""311"", ""104"", ""133""]",bee6d26dcea5653254fa1230ccf703acee7e107a73837ff5760de86edc77cc47,"{""boundary"": 12, ""community_rep"": 5, ""degree_core"": 10, ""random_fill"": 5}","{""degree_2"": 1, ""degree_3_4"": 2, ""degree_5_8"": 2, ""degree_9_plus"": 27}","{""0"": 2, ""1"": 7, ""2"": 1, ""3"": 10, ""4"": 6, ""5"": 1, ""6"": 2, ""7"": 1, ""8"": 1, ""9"": 1}",253,"{""backend"": ""evaluate_m19_theory_calibrated.candidate_features"", ""delta_mode"": ""none"", ""k_max"": 512, ""k_min"": 64, ""variant"": ""conservative""}",253,0.147953216374269,1.0,1.0,0.0,1.0,"{""dp_17_64"": 0.007905138339920948, ""dp_257_plus"": 0.932806324110672, ""dp_65_256"": 0.05928853754940711}","{""cn_0"": 1.0}",0.0,1327.110671936759,sasb_candidate_builder,5e58634636bd4b831158db712b2ae8296d71aa2362bbdff70c0a774e64c0ae94,253,5e58634636bd4b831158db712b2ae8296d71aa2362bbdff70c0a774e64c0ae94,"{""sasb_builder"": 253}",0,0,0,0,{},0.0,"{""common_neighbor_bin_l1"": 0.0, ""degree_product_bin_l1"": 0.0, ""is_boundary_edge_l1"": 0.0, ""is_bridge_edge_l1"": 0.0, ""is_inter_community_edge_l1"": 0.0, ""is_low_common_neighbor_edge_l1"": 0.0, ""mean_l1"": 0.0}",1,32,32,0.0,0
realworld_completed,bio_celegans,SASB-candidate,sasb,SASB-structured,20260513,316,early,1.0,1.0,0.0,1,1,0,0.15604938271604937,0.15654320987654322,104,126,104--126,8,4,4,8,32,1,0.3333333333333333,0,8,8,32,"[""96"", ""53"", ""60"", ""51"", ""142"", ""143"", ""363"", ""62"", ""343"", ""364"", ""147"", ""149"", ""144"", ""145"", ""118"", ""220"", ""52"", ""82"", ""83"", ""440"", ""32"", ""121"", ""85"", ""154"", ""61"", ""307"", ""404"", ""231"", ""3"", ""6"", ""290"", ""152""]",02695f655a3186667f4704000043210725fd2ea13f4fb4426da3c863aff59a0e,"{""boundary"": 12, ""community_rep"": 5, ""degree_core"": 10, ""random_fill"": 5}","{""degree_3_4"": 4, ""degree_5_8"": 2, ""degree_9_plus"": 26}","{""0"": 2, ""1"": 6, ""2"": 1, ""3"": 11, ""4"": 6, ""5"": 1, ""6"": 2, ""7"": 1, ""8"": 1, ""9"": 1}",253,"{""backend"": ""evaluate_m19_theory_calibrated.candidate_features"", ""delta_mode"": ""none"", ""k_max"": 512, ""k_min"": 64, ""variant"": ""conservative""}",253,0.14803978935049736,1.0,1.0,0.0,1.0,"{""dp_17_64"": 0.011857707509881422, ""dp_257_plus"": 0.9288537549407114, ""dp_65_256"": 0.05928853754940711}","{""cn_0"": 0.9960474308300395, ""cn_1"": 0.003952569169960474}",0.003952569169960474,1320.6126482213438,sasb_candidate_builder,00b0343937ede6beadf234b79ee6b2c100a176ee97a6328064bd83e00038b138,253,00b0343937ede6beadf234b79ee6b2c100a176ee97a6328064bd83e00038b138,"{""sasb_builder"": 253}",0,0,0,0,{},0.0,"{""common_neighbor_bin_l1"": 0.0, ""degree_product_bin_l1"": 0.0, ""is_boundary_edge_l1"": 0.0, ""is_bridge_edge_l1"": 0.0, ""is_inter_community_edge_l1"": 0.0, ""is_low_common_neighbor_edge_l1"": 0.0, ""mean_l1"": 0.0}",1,32,32,93.46806297383084,0
realworld_completed,bio_celegans,SASB-candidate,sasb,SASB-structured,20260513,317,early,1.0,1.0,0.0,1,1,0,0.15654320987654322,0.15703703703703703,123,192,123--192,8,10,8,10,80,2,0.2857142857142857,1,6,1,32,"[""96"", ""53"", ""60"", ""51"", ""142"", ""143"", ""363"", ""62"", ""343"", ""364"", ""147"", ""149"", ""144"", ""145"", ""118"", ""220"", ""52"", ""82"", ""83"", ""440"", ""32"", ""121"", ""85"", ""154"", ""61"", ""307"", ""404"", ""195"", ""295"", ""365"", ""238"", ""140""]",62ba30b4ee217c521b9fb0efd733c965ef90bb1c76b483aad7255f9e481403c1,"{""boundary"": 12, ""community_rep"": 5, ""degree_core"": 10, ""random_fill"": 5}","{""degree_3_4"": 4, ""degree_5_8"": 1, ""degree_9_plus"": 27}","{""0"": 2, ""1"": 6, ""2"": 2, ""3"": 11, ""4"": 5, ""5"": 1, ""6"": 1, ""7"": 2, ""8"": 1, ""9"": 1}",253,"{""backend"": ""evaluate_m19_theory_calibrated.candidate_features"", ""delta_mode"": ""none"", ""k_max"": 512, ""k_min"": 64, ""variant"": ""conservative""}",253,0.1481264637002342,1.0,1.0,0.0,0.9920948616600791,"{""dp_17_64"": 0.011857707509881422, ""dp_257_plus"": 0.924901185770751, ""dp_65_256"": 0.06324110671936758}","{""cn_0"": 0.9920948616600791, ""cn_2_3"": 0.007905138339920948}",0.015810276679841896,1317.4822134387352,sasb_candidate_builder,8cfb69e0a7851b8cbcf97928a92ebbf572d5fd0f57333369ac5e71a5000f4e9e,253,8cfb69e0a7851b8cbcf97928a92ebbf572d5fd0f57333369ac5e71a5000f4e9e,"{""sasb_builder"": 253}",0,0,0,0,{},0.0,"{""common_neighbor_bin_l1"": 0.0, ""degree_product_bin_l1"": 0.0, ""is_boundary_edge_l1"": 0.0, ""is_bridge_edge_l1"": 0.0, ""is_inter_community_edge_l1"": 0.0, ""is_low_common_neighbor_edge_l1"": 0.0, ""mean_l1"": 0.0}",1,32,32,25.48720221629636,0
realworld_completed,bio_celegans,SASB-candidate,sasb,SASB-structured,20260513,318,early,1.0,1.0,0.0,1,1,0,0.15703703703703703,0.15753086419753087,301,368,301--368,4,6,4,6,24,0,0.0,1,8,1,32,"[""96"", ""53"", ""60"", ""51"", ""142"", ""143"", ""363"", ""62"", ""343"", ""364"", ""147"", ""149"", ""144"", ""145"", ""118"", ""220"", ""52"", ""82"", ""83"", ""440"", ""32"", ""121"", ""85"", ""154"", ""61"", ""307"", ""404"", ""341"", ""287"", ""444"", ""305"", ""302""]",febe76d5f5d0024ab54439f7368d1885b01b7678c4c664aba3dae7fb02b59ad1,"{""boundary"": 12, ""community_rep"": 5, ""degree_core"": 10, ""random_fill"": 5}","{""degree_0_1"": 1, ""degree_3_4"": 2, ""degree_5_8"": 2, ""degree_9_plus"": 27}","{""0"": 1, ""1"": 8, ""2"": 1, ""3"": 11, ""4"": 5, ""5"": 2, ""6"": 1, ""7"": 1, ""8"": 1, ""9"": 1}",253,"{""backend"": ""evaluate_m19_theory_calibrated.candidate_features"", ""delta_mode"": ""none"", ""k_max"": 512, ""k_min"": 64, ""variant"": ""conservative""}",253,0.14821323960164032,1.0,1.0,0.0,0.9960474308300395,"{""dp_17_64"": 0.015810276679841896, ""dp_257_plus"": 0.924901185770751, ""dp_65_256"": 0.05928853754940711}","{""cn_0"": 0.9960474308300395, ""cn_2_3"": 0.003952569169960474}",0.007905138339920948,1315.798418972332,sasb_candidate_builder,e94d03ac91b1d19896e0e17a3f2118bcee4a1dfb66dda34818074315b62dbfcd,253,e94d03ac91b1d19896e0e17a3f2118bcee4a1dfb66dda34818074315b62dbfcd,"{""sasb_builder"": 253}",0,0,0,0,{},0.0,"{""common_neighbor_bin_l1"": 0.0, ""degree_product_bin_l1"": 0.0, ""is_boundary_edge_l1"": 0.0, ""is_bridge_edge_l1"": 0.0, ""is_inter_community_edge_l1"": 0.0, ""is_low_common_neighbor_edge_l1"": 0.0, ""mean_l1"": 0.0}",1,32,32,72.5005568211136,0
realworld_completed,bio_celegans,SASB-candidate,sasb,SASB-structured,20260513,319,early,1.0,1.0,0.0,1,1,0,0.15753086419753087,0.1580246913580247,34,388,34--388,4,9,4,9,36,0,0.0,1,1,3,32,"[""96"", ""53"", ""60"", ""51"", ""142"", ""143"", ""363"", ""62"", ""343"", ""364"", ""147"", ""149"", ""144"", ""145"", ""118"", ""220"", ""52"", ""82"", ""83"", ""440"", ""32"", ""121"", ""85"", ""154"", ""61"", ""307"", ""404"", ""1"", ""171"", ""352"", ""30"", ""31""]",c7a9d8eafc4844ff4b513e42be751e20a88f363d9edda8b79006525896d5f2b4,"{""boundary"": 12, ""community_rep"": 5, ""degree_core"": 10, ""random_fill"": 5}","{""degree_0_1"": 1, ""degree_3_4"": 2, ""degree_5_8"": 2, ""degree_9_plus"": 27}","{""0"": 3, ""1"": 6, ""2"": 2, ""3"": 11, ""4"": 5, ""5"": 1, ""6"": 1, ""7"": 1, ""8"": 1, ""9"": 1}",253,"{""backend"": ""evaluate_m19_theory_calibrated.candidate_features"", ""delta_mode"": ""none"", ""k_max"": 512, ""k_min"": 64, ""variant"": ""conservative""}",253,0.14830011723329425,1.0,1.0,0.0,0.9960474308300395,"{""dp_17_64"": 0.015810276679841896, ""dp_257_plus"": 0.9288537549407114, ""dp_65_256"": 0.05533596837944664}","{""cn_0"": 0.9960474308300395, ""cn_2_3"": 0.003952569169960474}",0.007905138339920948,1318.6126482213438,sasb_candidate_builder,053094730eb20165e2fc3f683ab3cc39558c3b474e5bcb00e310ca64b03aa295,253,053094730eb20165e2fc3f683ab3cc39558c3b474e5bcb00e310ca64b03aa295,"{""sasb_builder"": 253}",0,0,0,0,{},0.0,"{""common_neighbor_bin_l1"": 0.0, ""degree_product_bin_l1"": 0.0, ""is_boundary_edge_l1"": 0.0, ""is_bridge_edge_l1"": 0.0, ""is_inter_community_edge_l1"": 0.0, ""is_low_common_neighbor_edge_l1"": 0.0, ""mean_l1"": 0.0}",1,32,32,119.49265177146869,0
realworld_completed,bio_celegans,SASB-candidate,sasb,SASB-structured,20260513,320,early,1.0,1.0,0.0,1,1,0,0.1580246913580247,0.15851851851851853,185,343,185--343,4,60,4,60,240,2,0.6666666666666666,1,9,3,32,"[""96"", ""60"", ""53"", ""51"", ""62"", ""343"", ""142"", ""143"", ""363"", ""220"", ""147"", ""364"", ""144"", ""145"", ""118"", ""52"", ""82"", ""83"", ""440"", ""149"", ""32"", ""121"", ""154"", ""398"", ""307"", ""404"", ""322"", ""337"", ""188"", ""132"", ""418"", ""422""]",3964b36216e6b80185ebe1dae29d175f987ed48bc61b06b32981c7a934dcce5b,"{""boundary"": 12, ""community_rep"": 5, ""degree_core"": 10, ""random_fill"": 5}","{""degree_3_4"": 2, ""degree_5_8"": 4, ""degree_9_plus"": 26}","{""0"": 3, ""1"": 8, ""2"": 1, ""3"": 9, ""4"": 6, ""5"": 1, ""6"": 1, ""7"": 1, ""8"": 1, ""9"": 1}",253,"{""backend"": ""evaluate_m19_theory_calibrated.candidate_features"", ""delta_mode"": ""none"", ""k_max"": 512, ""k_min"": 64, ""variant"": ""conservative""}",253,0.14838709677419354,1.0,1.0,0.0,0.9841897233201581,"{""dp_17_64"": 0.011857707509881422, ""dp_257_plus"": 0.9051383399209486, ""dp_65_256"": 0.08300395256916997}","{""cn_0"": 0.9841897233201581, ""cn_2_3"": 0.011857707509881422, ""cn_4_8"": 0.003952569169960474}",0.043478260869565216,1336.3359683794467,sasb_candidate_builder,bb2562ba0d0f86b138624dcb305ff07b813122e152acbd1da11e804279d1a183,253,bb2562ba0d0f86b138624dcb305ff07b813122e152acbd1da11e804279d1a183,"{""sasb_builder"": 253}",0,0,0,0,{},0.0,"{""common_neighbor_bin_l1"": 0.0, ""degree_product_bin_l1"": 0.0, ""is_boundary_edge_l1"": 0.0, ""is_bridge_edge_l1"": 0.0, ""is_inter_community_edge_l1"": 0.0, ""is_low_common_neighbor_edge_l1"": 0.0, ""mean_l1"": 0.0}",1,32,32,304.73460507861296,0
realworld_completed,bio_celegans,SASB-candidate,sasb,SASB-structured,20260513,321,early,1.0,1.0,0.0,1,1,0,0.15851851851851853,0.15901234567901235,398,409,398--409,15,6,6,15,90,1,0.2,0,8,8,32,"[""96"", ""60"", ""53"", ""51"", ""62"", ""343"", ""142"", ""143"", ""363"", ""220"", ""147"", ""364"", ""144"", ""145"", ""118"", ""52"", ""82"", ""83"", ""440"", ""149"", ""32"", ""121"", ""154"", ""398"", ""307"", ""404"", ""322"", ""284"", ""352"", ""423"", ""339"", ""258""]",a475572682574847387c708e9e2ce0aec50b4f48956d25b08b019b1892816e82,"{""boundary"": 12, ""community_rep"": 5, ""degree_core"": 10, ""random_fill"": 5}","{""degree_2"": 1, ""degree_5_8"": 5, ""degree_9_plus"": 26}","{""0"": 2, ""1"": 6, ""2"": 1, ""3"": 12, ""4"": 5, ""5"": 1, ""6"": 1, ""7"": 1, ""8"": 2, ""9"": 1}",253,"{""backend"": ""evaluate_m19_theory_calibrated.candidate_features"", ""delta_mode"": ""none"", ""k_max"": 512, ""k_min"": 64, ""variant"": ""conservative""}",253,0.14847417840375587,1.0,1.0,0.0,0.9920948616600791,"{""dp_17_64"": 0.011857707509881422, ""dp_257_plus"": 0.9051383399209486, ""dp_65_256"": 0.08300395256916997}","{""cn_0"": 0.9841897233201581, ""cn_1"": 0.007905138339920948, ""cn_2_3"": 0.003952569169960474, ""cn_4_8"": 0.003952569169960474}",0.03557312252964427,1334.411067193676,sasb_candidate_builder,02a69d8554e9d78a4c43604102a0fd694515fceb738a8d93e4c06887911e1e05,253,02a69d8554e9d78a4c43604102a0fd694515fceb738a8d93e4c06887911e1e05,"{""sasb_builder"": 253}",0,0,0,0,{},0.0,"{""common_neighbor_bin_l1"": 0.0, ""degree_product_bin_l1"": 0.0, ""is_boundary_edge_l1"": 0.0, ""is_bridge_edge_l1"": 0.0, ""is_inter_community_edge_l1"": 0.0, ""is_low_common_neighbor_edge_l1"": 0.0, ""mean_l1"": 0.0}",1,32,32,1286.1556648281635,0
realworld_completed,bio_celegans,SASB-candidate,sasb,SASB-structured,20260513,322,early,1.0,1.0,0.0,1,1,0,0.15901234567901235,0.15950617283950616,12,343,12--343,4,59,4,59,236,1,0.3333333333333333,1,9,3,32,"[""96"", ""60"", ""53"", ""51"", ""62"", ""343"", ""142"", ""143"", ""363"", ""220"", ""147"", ""364"", ""144"", ""145"", ""118"", ""52"", ""82"", ""83"", ""440"", ""149"", ""32"", ""121"", ""154"", ""398"", ""307"", ""404"", ""322"", ""258"", ""306"", ""284"", ""157"", ""391""]",b2ee9064ef119c4e020ae411e7f2f5d05283237dc3aef709ffc600971e3762af,"{""boundary"": 12, ""community_rep"": 5, ""degree_core"": 10, ""random_fill"": 5}","{""degree_2"": 1, ""degree_3_4"": 1, ""degree_5_8"": 3, ""degree_9_plus"": 27}","{""0"": 2, ""1"": 6, ""2"": 1, ""3"": 10, ""4"": 6, ""5"": 1, ""6"": 1, ""7"": 1, ""8"": 3, ""9"": 1}",253,"{""backend"": ""evaluate_m19_theory_calibrated.candidate_features"", ""delta_mode"": ""none"", ""k_max"": 512, ""k_min"": 64, ""variant"": ""conservative""}",253,0.14856136230182032,1.0,1.0,0.0,0.9920948616600791,"{""dp_17_64"": 0.011857707509881422, ""dp_257_plus"": 0.9090909090909091, ""dp_65_256"": 0.07905138339920949}","{""cn_0"": 0.9881422924901185, ""cn_1"": 0.003952569169960474, ""cn_2_3"": 0.003952569169960474, ""cn_4_8"": 0.003952569169960474}",0.03162055335968379,1336.0869565217392,sasb_candidate_builder,adcb36fa90505a1a8d5e28e1791b01bd641e6ddd7c1244fe371fa636150db94e,253,adcb36fa90505a1a8d5e28e1791b01bd641e6ddd7c1244fe371fa636150db94e,"{""sasb_builder"": 253}",0,0,0,0,{},0.0,"{""common_neighbor_bin_l1"": 0.0, ""degree_product_bin_l1"": 0.0, ""is_boundary_edge_l1"": 0.0, ""is_bridge_edge_l1"": 0.0, ""is_inter_community_edge_l1"": 0.0, ""is_low_common_neighbor_edge_l1"": 0.0, ""mean_l1"": 0.0}",1,32,32,320.41218218821615,0
realworld_completed,bio_celegans,SASB-candidate,sasb,SASB-structured,20260513,323,early,1.0,1.0,0.0,1,1,0,0.15950617283950616,0.16,343,353,343--353,58,9,9,58,522,5,0.625,1,3,10,32,"[""96"", ""60"", ""53"", ""51"", ""62"", ""142"", ""143"", ""343"", ""363"", ""220"", ""147"", ""364"", ""144"", ""145"", ""118"", ""52"", ""82"", ""83"", ""440"", ""149"", ""32"", ""121"", ""154"", ""398"", ""307"", ""404"", ""322"", ""88"", ""450"", ""11"", ""5"", ""257""]",1554838fc835ead67753ae7d573cf9b7ab7ae79ac21e923e885de2c7f2bbdc0c,"{""boundary"": 12, ""community_rep"": 5, ""degree_core"": 10, ""random_fill"": 5}","{""degree_0_1"": 1, ""degree_3_4"": 1, ""degree_5_8"": 4, ""degree_9_plus"": 26}","{""0"": 1, ""1"": 8, ""2"": 1, ""3"": 9, ""4"": 6, ""5"": 2, ""6"": 1, ""7"": 1, ""8"": 2, ""9"": 1}",253,"{""backend"": ""evaluate_m19_theory_calibrated.candidate_features"", ""delta_mode"": ""none"", ""k_max"": 512, ""k_min"": 64, ""variant"": ""conservative""}",253,0.14864864864864866,1.0,1.0,0.0,0.9881422924901185,"{""dp_17_64"": 0.011857707509881422, ""dp_257_plus"": 0.9130434782608695, ""dp_65_256"": 0.07509881422924901}","{""cn_0"": 0.9881422924901185, ""cn_2_3"": 0.003952569169960474, ""cn_4_8"": 0.007905138339920948}",0.04743083003952569,1335.901185770751,sasb_candidate_builder,4cb0b92455b11354b3ae68c7cd102446c0c7f572058d65612ef1c1b264918079,253,4cb0b92455b11354b3ae68c7cd102446c0c7f572058d65612ef1c1b264918079,"{""sasb_builder"": 253}",0,0,0,0,{},0.0,"{""common_neighbor_bin_l1"": 0.0, ""degree_product_bin_l1"": 0.0, ""is_boundary_edge_l1"": 0.0, ""is_bridge_edge_l1"": 0.0, ""is_inter_community_edge_l1"": 0.0, ""is_low_common_neighbor_edge_l1"": 0.0, ""mean_l1"": 0.0}",1,32,32,206.37912378908547,0
realworld_completed,bio_celegans,SASB-candidate,sasb,SASB-structured,20260513,324,early,1.0,1.0,0.0,1,1,0,0.16,0.16049382716049382,217,363,217--363,13,45,13,45,585,5,0.4166666666666667,1,6,3,32,"[""96"", ""60"", ""53"", ""51"", ""62"", ""142"", ""143"", ""363"", ""343"", ""220"", ""147"", ""364"", ""144"", ""145"", ""118"", ""52"", ""82"", ""83"", ""440"", ""149"", ""32"", ""121"", ""154"", ""398"", ""307"", ""404"", ""322"", ""257"", ""195"", ""198"", ""213"", ""183""]",057cf48d4ed3218b552c7f0cd70bf33c2834eeca6e133f655a128595ff574a0e,"{""boundary"": 12, ""community_rep"": 5, ""degree_core"": 10, ""random_fill"": 5}","{""degree_3_4"": 4, ""degree_5_8"": 2, ""degree_9_plus"": 26}","{""0"": 1, ""1"": 6, ""2"": 1, ""3"": 11, ""4"": 7, ""5"": 2, ""6"": 1, ""7"": 1, ""8"": 1, ""9"": 1}",253,"{""backend"": ""evaluate_m19_theory_calibrated.candidate_features"", ""delta_mode"": ""none"", ""k_max"": 512, ""k_min"": 64, ""variant"": ""conservative""}",253,0.14873603762492651,1.0,1.0,0.0,0.9920948616600791,"{""dp_17_64"": 0.011857707509881422, ""dp_257_plus"": 0.9090909090909091, ""dp_65_256"": 0.07905138339920949}","{""cn_0"": 0.9920948616600791, ""cn_2_3"": 0.003952569169960474, ""cn_4_8"": 0.003952569169960474}",0.02766798418972332,1331.9565217391305,sasb_candidate_builder,116aaf3fc245bbc82c0d38091c7eb40562a890b1bb1ccd41b3d2033761bb9bd2,253,116aaf3fc245bbc82c0d38091c7eb40562a890b1bb1ccd41b3d2033761bb9bd2,"{""sasb_builder"": 253}",0,0,0,0,{},0.0,"{""common_neighbor_bin_l1"": 0.0, ""degree_product_bin_l1"": 0.0, ""is_boundary_edge_l1"": 0.0, ""is_bridge_edge_l1"": 0.0, ""is_inter_community_edge_l1"": 0.0, ""is_low_common_neighbor_edge_l1"": 0.0, ""mean_l1"": 0.0}",1,32,32,210.98071330253458,0
realworld_completed,bio_celegans,SASB-candidate,sasb,SASB-structured,20260513,325,early,1.0,1.0,0.0,1,1,0,0.16049382716049382,0.16098765432098766,130,193,130--193,6,10,6,10,60,2,0.4,1,6,1,32,"[""96"", ""60"", ""53"", ""51"", ""62"", ""142"", ""143"", ""343"", ""363"", ""220"", ""147"", ""364"", ""144"", ""145"", ""118"", ""52"", ""82"", ""83"", ""440"", ""149"", ""32"", ""121"", ""154"", ""398"", ""307"", ""404"", ""322"", ""413"", ""202"", ""268"", ""399"", ""126""]",54e4f8a996fd5da2b47b3c3ad01b7d15370b605fc12476237b8918eafd9cbac5,"{""boundary"": 12, ""community_rep"": 5, ""degree_core"": 10, ""random_fill"": 5}","{""degree_2"": 1, ""degree_3_4"": 3, ""degree_5_8"": 2, ""degree_9_plus"": 26}","{""0"": 2, ""1"": 8, ""2"": 1, ""3"": 10, ""4"": 6, ""5"": 1, ""6"": 1, ""7"": 1, ""8"": 1, ""9"": 1}",253,"{""backend"": ""evaluate_m19_theory_calibrated.candidate_features"", ""delta_mode"": ""none"", ""k_max"": 512, ""k_min"": 64, ""variant"": ""conservative""}",253,0.14882352941176472,1.0,1.0,0.0,0.9960474308300395,"{""dp_17_64"": 0.015810276679841896, ""dp_257_plus"": 0.9051383399209486, ""dp_65_256"": 0.07905138339920949}","{""cn_0"": 0.9960474308300395, ""cn_2_3"": 0.003952569169960474}",0.007905138339920948,1327.300395256917,sasb_candidate_builder,4425c83c800eb06deaef83d75acff4b86acd2cfb272f387d957c77b84c7309cd,253,4425c83c800eb06deaef83d75acff4b86acd2cfb272f387d957c77b84c7309cd,"{""sasb_builder"": 253}",0,0,0,0,{},0.0,"{""common_neighbor_bin_l1"": 0.0, ""degree_product_bin_l1"": 0.0, ""is_boundary_edge_l1"": 0.0, ""is_bridge_edge_l1"": 0.0, ""is_inter_community_edge_l1"": 0.0, ""is_low_common_neighbor_edge_l1"": 0.0, ""mean_l1"": 0.0}",1,32,32,11.1834375,0
realworld_completed,bio_celegans,SASB-candidate,sasb,SASB-structured,20260513,326,early,1.0,1.0,0.0,1,1,0,0.16098765432098766,0.16148148148148148,192,222,192--222,9,13,9,13,117,1,0.125,1,1,3,32,"[""96"", ""60"", ""53"", ""51"", ""62"", ""142"", ""143"", ""343"", ""363"", ""220"", ""147"", ""364"", ""144"", ""145"", ""118"", ""52"", ""82"", ""83"", ""440"", ""149"", ""32"", ""121"", ""154"", ""398"", ""307"", ""404"", ""322"", ""75"", ""369"", ""196"", ""94"", ""129""]",d72da4fe7d47d1f5865b987db26a8a63ea2eff089314d19b9bbbf9ed60a96fd7,"{""boundary"": 12, ""community_rep"": 5, ""degree_core"": 10, ""random_fill"": 5}","{""degree_5_8"": 4, ""degree_9_plus"": 28}","{""0"": 1, ""1"": 6, ""2"": 1, ""3"": 11, ""4"": 7, ""5"": 1, ""6"": 1, ""7"": 1, ""8"": 1, ""9"": 2}",253,"{""backend"": ""evaluate_m19_theory_calibrated.candidate_features"", ""delta_mode"": ""none"", ""k_max"": 512, ""k_min"": 64, ""variant"": ""conservative""}",253,0.1489111241907004,1.0,1.0,0.0,1.0,"{""dp_17_64"": 0.011857707509881422, ""dp_257_plus"": 0.9051383399209486, ""dp_65_256"": 0.08300395256916997}","{""cn_0"": 0.9960474308300395, ""cn_1"": 0.003952569169960474}",0.003952569169960474,1325.2490118577075,sasb_candidate_builder,c37f88150070b2685f7d33bca02b0c13a8c81f913a33c2743b3fee2d9d398a38,253,c37f88150070b2685f7d33bca02b0c13a8c81f913a33c2743b3fee2d9d398a38,"{""sasb_builder"": 253}",0,0,0,0,{},0.0,"{""common_neighbor_bin_l1"": 0.0, ""degree_product_bin_l1"": 0.0, ""is_boundary_edge_l1"": 0.0, ""is_bridge_edge_l1"": 0.0, ""is_inter_community_edge_l1"": 0.0, ""is_low_common_neighbor_edge_l1"": 0.0, ""mean_l1"": 0.0}",1,32,32,112.62764180720596,0
realworld_completed,bio_celegans,SASB-candidate,sasb,SASB-structured,20260513,327,early,1.0,1.0,0.0,1,1,0,0.16148148148148148,0.16197530864197532,118,61,118--61,30,14,14,30,420,1,0.07692307692307693,1,3,2,32,"[""96"", ""60"", ""53"", ""51"", ""62"", ""142"", ""143"", ""343"", ""363"", ""220"", ""147"", ""364"", ""144"", ""145"", ""118"", ""52"", ""82"", ""83"", ""440"", ""149"", ""32"", ""121"", ""154"", ""398"", ""307"", ""404"", ""322"", ""77"", ""342"", ""68"", ""196"", ""446""]",6ee3c4e8c7f867f88194df5cb9815f26ab76a556eba0371a71eb0416e7e6b1d5,"{""boundary"": 12, ""community_rep"": 5, ""degree_core"": 10, ""random_fill"": 5}","{""degree_3_4"": 2, ""degree_5_8"": 4, ""degree_9_plus"": 26}","{""0"": 1, ""1"": 6, ""2"": 1, ""3"": 9, ""4"": 6, ""5"": 1, ""6"": 1, ""7"": 1, ""8"": 4, ""9"": 2}",253,"{""backend"": ""evaluate_m19_theory_calibrated.candidate_features"", ""delta_mode"": ""none"", ""k_max"": 512, ""k_min"": 64, ""variant"": ""conservative""}",253,0.14899882214369847,1.0,1.0,0.0,1.0,"{""dp_17_64"": 0.011857707509881422, ""dp_257_plus"": 0.9090909090909091, ""dp_65_256"": 0.07905138339920949}","{""cn_0"": 1.0}",0.0,1324.905138339921,sasb_candidate_builder,512b2f0179f5053faa2036ce16c66a1d3707d62b667335b2e4734e8e4a9eebbf,253,512b2f0179f5053faa2036ce16c66a1d3707d62b667335b2e4734e8e4a9eebbf,"{""sasb_builder"": 253}",0,0,0,0,{},0.0,"{""common_neighbor_bin_l1"": 0.0, ""degree_product_bin_l1"": 0.0, ""is_boundary_edge_l1"": 0.0, ""is_bridge_edge_l1"": 0.0, ""is_inter_community_edge_l1"": 0.0, ""is_low_common_neighbor_edge_l1"": 0.0, ""mean_l1"": 0.0}",1,32,32,0.0,0
realworld_completed,bio_celegans,SASB-candidate,sasb,SASB-structured,20260513,328,early,1.0,1.0,0.0,1,1,0,0.16197530864197532,0.16246913580246913,121,96,121--96,21,185,21,185,3885,6,0.3,1,3,0,32,"[""96"", ""60"", ""53"", ""51"", ""62"", ""142"", ""143"", ""343"", ""363"", ""220"", ""147"", ""364"", ""144"", ""145"", ""52"", ""118"", ""82"", ""83"", ""440"", ""149"", ""32"", ""121"", ""154"", ""398"", ""307"", ""404"", ""322"", ""403"", ""25"", ""311"", ""99"", ""18""]",bcea889042a57b974a47c54b81fb7909481360238c2ca1dc56b5104d7c16b8a6,"{""boundary"": 12, ""community_rep"": 5, ""degree_core"": 10, ""random_fill"": 5}","{""degree_2"": 1, ""degree_3_4"": 4, ""degree_5_8"": 1, ""degree_9_plus"": 26}","{""0"": 2, ""1"": 7, ""2"": 1, ""3"": 10, ""4"": 5, ""5"": 1, ""6"": 2, ""7"": 1, ""8"": 2, ""9"": 1}",252,"{""backend"": ""evaluate_m19_theory_calibrated.candidate_features"", ""delta_mode"": ""none"", ""k_max"": 512, ""k_min"": 64, ""variant"": ""conservative""}",252,0.14849734826163818,1.0,1.0,0.0,1.0,"{""dp_17_64"": 0.011904761904761904, ""dp_257_plus"": 0.9087301587301587, ""dp_65_256"": 0.07936507936507936}","{""cn_0"": 1.0}",0.0,1327.9325396825398,sasb_candidate_builder,62db5b2b141afcd1ca0ec099ad15838fcb71acbbc323a4093ab5b15b62c66175,252,62db5b2b141afcd1ca0ec099ad15838fcb71acbbc323a4093ab5b15b62c66175,"{""sasb_builder"": 252}",0,0,0,0,{},0.0,"{""common_neighbor_bin_l1"": 0.0, ""degree_product_bin_l1"": 0.0, ""is_boundary_edge_l1"": 0.0, ""is_bridge_edge_l1"": 0.0, ""is_inter_community_edge_l1"": 0.0, ""is_low_common_neighbor_edge_l1"": 0.0, ""mean_l1"": 0.0}",1,32,32,0.0,0
realworld_completed,bio_celegans,SASB-candidate,sasb,SASB-structured,20260513,329,early,1.0,1.0,0.0,1,1,0,0.16246913580246913,0.16296296296296298,147,216,147--216,41,3,3,41,123,1,0.5,1,3,7,32,"[""96"", ""60"", ""53"", ""51"", ""62"", ""142"", ""143"", ""343"", ""363"", ""220"", ""147"", ""364"", ""144"", ""145"", ""52"", ""118"", ""82"", ""83"", ""440"", ""149"", ""32"", ""109"", ""154"", ""398"", ""307"", ""404"", ""322"", ""104"", ""120"", ""269"", ""103"", ""77""]",06f95059c35ffd81a504ad8f0f159db00cc372f29f735f1a47d4e480f913a22d,"{""boundary"": 12, ""community_rep"": 5, ""degree_core"": 10, ""random_fill"": 5}","{""degree_2"": 1, ""degree_3_4"": 1, ""degree_5_8"": 4, ""degree_9_plus"": 26}","{""0"": 2, ""1"": 7, ""2"": 1, ""3"": 9, ""4"": 5, ""5"": 2, ""6"": 2, ""7"": 1, ""8"": 1, ""9"": 2}",252,"{""backend"": ""evaluate_m19_theory_calibrated.candidate_features"", ""delta_mode"": ""none"", ""k_max"": 512, ""k_min"": 64, ""variant"": ""conservative""}",252,0.14858490566037735,1.0,1.0,0.0,1.0,"{""dp_17_64"": 0.011904761904761904, ""dp_257_plus"": 0.9047619047619048, ""dp_65_256"": 0.08333333333333333}","{""cn_0"": 0.996031746031746, ""cn_1"": 0.003968253968253968}",0.003968253968253968,1307.9880952380952,sasb_candidate_builder,edbcf61e587e4eb05df3e37f82d7170d88f89413091883d8ed400af55d553d97,252,edbcf61e587e4eb05df3e37f82d7170d88f89413091883d8ed400af55d553d97,"{""sasb_builder"": 252}",0,0,0,0,{},0.0,"{""common_neighbor_bin_l1"": 0.0, ""degree_product_bin_l1"": 0.0, ""is_boundary_edge_l1"": 0.0, ""is_bridge_edge_l1"": 0.0, ""is_inter_community_edge_l1"": 0.0, ""is_low_common_neighbor_edge_l1"": 0.0, ""mean_l1"": 0.0}",1,32,32,148.31607969465782,0
realworld_completed,bio_celegans,SASB-candidate,sasb,SASB-structured,20260513,330,early,1.0,1.0,0.0,1,1,0,0.16296296296296298,0.1634567901234568,123,96,123--96,7,184,7,184,1288,3,0.5,1,6,0,32,"[""96"", ""53"", ""60"", ""51"", ""142"", ""143"", ""62"", ""343"", ""220"", ""364"", ""147"", ""363"", ""144"", ""145"", ""52"", ""118"", ""82"", ""83"", ""440"", ""149"", ""32"", ""109"", ""154"", ""398"", ""85"", ""307"", ""404"", ""399"", ""255"", ""366"", ""355"", ""377""]",377a8b66dff22e9072b392033ece5a4c4c1d84ac1ef5a706b61eed1138bbd7d1,"{""boundary"": 12, ""community_rep"": 5, ""degree_core"": 10, ""random_fill"": 5}","{""degree_3_4"": 3, ""degree_5_8"": 3, ""degree_9_plus"": 26}","{""0"": 2, ""1"": 6, ""2"": 3, ""3"": 11, ""4"": 5, ""5"": 1, ""6"": 1, ""7"": 1, ""8"": 1, ""9"": 1}",252,"{""backend"": ""evaluate_m19_theory_calibrated.candidate_features"", ""delta_mode"": ""none"", ""k_max"": 512, ""k_min"": 64, ""variant"": ""conservative""}",252,0.1486725663716814,1.0,1.0,0.0,1.0,"{""dp_17_64"": 0.007936507936507936, ""dp_257_plus"": 0.9325396825396826, ""dp_65_256"": 0.05952380952380952}","{""cn_0"": 1.0}",0.0,1308.0912698412699,sasb_candidate_builder,63dd857019189aa77248c1f427b9c7fb8e9bc95a6f308ac62fd59dc2ef50a836,252,63dd857019189aa77248c1f427b9c7fb8e9bc95a6f308ac62fd59dc2ef50a836,"{""sasb_builder"": 252}",0,0,0,0,{},0.0,"{""common_neighbor_bin_l1"": 0.0, ""degree_product_bin_l1"": 0.0, ""is_boundary_edge_l1"": 0.0, ""is_bridge_edge_l1"": 0.0, ""is_inter_community_edge_l1"": 0.0, ""is_low_common_neighbor_edge_l1"": 0.0, ""mean_l1"": 0.0}",1,32,32,0.0,0
realworld_completed,bio_celegans,SASB-candidate,sasb,SASB-structured,20260513,331,early,1.0,1.0,0.0,1,1,0,0.1634567901234568,0.1639506172839506,125,51,125--51,9,83,9,83,747,2,0.25,1,1,7,32,"[""96"", ""53"", ""60"", ""51"", ""142"", ""143"", ""62"", ""343"", ""220"", ""364"", ""147"", ""363"", ""144"", ""145"", ""52"", ""118"", ""82"", ""83"", ""440"", ""149"", ""32"", ""109"", ""154"", ""398"", ""85"", ""307"", ""404"", ""337"", ""27"", ""350"", ""64"", ""205""]",89ec38864a4263bc56a9ad1cd8fe7bd3d507ec0bb9ca08b779a53430ff6f376e,"{""boundary"": 12, ""community_rep"": 5, ""degree_core"": 10, ""random_fill"": 5}","{""degree_3_4"": 2, ""degree_5_8"": 2, ""degree_9_plus"": 28}","{""0"": 2, ""1"": 6, ""2"": 1, ""3"": 9, ""4"": 7, ""5"": 1, ""6"": 1, ""7"": 2, ""8"": 2, ""9"": 1}",252,"{""backend"": ""evaluate_m19_theory_calibrated.candidate_features"", ""delta_mode"": ""none"", ""k_max"": 512, ""k_min"": 64, ""variant"": ""conservative""}",252,0.1487603305785124,1.0,1.0,0.0,1.0,"{""dp_17_64"": 0.007936507936507936, ""dp_257_plus"": 0.9285714285714286, ""dp_65_256"": 0.06349206349206349}","{""cn_0"": 1.0}",0.0,1298.7936507936508,sasb_candidate_builder,4feb6e4993ce0a425d0e5699768c80a6448e984d959a0ea3c5d4e46ef4132245,252,4feb6e4993ce0a425d0e5699768c80a6448e984d959a0ea3c5d4e46ef4132245,"{""sasb_builder"": 252}",0,0,0,0,{},0.0,"{""common_neighbor_bin_l1"": 0.0, ""degree_product_bin_l1"": 0.0, ""is_boundary_edge_l1"": 0.0, ""is_bridge_edge_l1"": 0.0, ""is_inter_community_edge_l1"": 0.0, ""is_low_common_neighbor_edge_l1"": 0.0, ""mean_l1"": 0.0}",1,32,32,0.0,0
realworld_completed,bio_celegans,SASB-candidate,sasb,SASB-structured,20260513,332,early,1.0,1.0,0.0,1,1,0,0.1639506172839506,0.16444444444444445,344,364,344--364,9,23,9,23,207,4,0.5,1,4,8,32,"[""96"", ""53"", ""60"", ""51"", ""142"", ""143"", ""62"", ""343"", ""220"", ""364"", ""147"", ""363"", ""144"", ""145"", ""52"", ""118"", ""82"", ""83"", ""440"", ""149"", ""32"", ""109"", ""154"", ""398"", ""85"", ""307"", ""404"", ""130"", ""77"", ""303"", ""222"", ""286""]",b4e86c91e92235da11813920bc3f783ebb9b713f14d47e91522cb315a58d81c2,"{""boundary"": 12, ""community_rep"": 5, ""degree_core"": 10, ""random_fill"": 5}","{""degree_2"": 1, ""degree_3_4"": 1, ""degree_5_8"": 3, ""degree_9_plus"": 27}","{""0"": 1, ""1"": 7, ""2"": 1, ""3"": 10, ""4"": 5, ""5"": 2, ""6"": 2, ""7"": 1, ""8"": 2, ""9"": 1}",252,"{""backend"": ""evaluate_m19_theory_calibrated.candidate_features"", ""delta_mode"": ""none"", ""k_max"": 512, ""k_min"": 64, ""variant"": ""conservative""}",252,0.1488481984642646,1.0,1.0,0.0,0.996031746031746,"{""dp_17_64"": 0.007936507936507936, ""dp_257_plus"": 0.9246031746031746, ""dp_65_256"": 0.06746031746031746}","{""cn_0"": 0.996031746031746, ""cn_4_8"": 0.003968253968253968}",0.015873015873015872,1294.623015873016,sasb_candidate_builder,0be5ebc3c4d2b32d6c88f6f2cd321c853728655e0ef362292a193d381064b308,252,0be5ebc3c4d2b32d6c88f6f2cd321c853728655e0ef362292a193d381064b308,"{""sasb_builder"": 252}",0,0,0,0,{},0.0,"{""common_neighbor_bin_l1"": 0.0, ""degree_product_bin_l1"": 0.0, ""is_boundary_edge_l1"": 0.0, ""is_bridge_edge_l1"": 0.0, ""is_inter_community_edge_l1"": 0.0, ""is_low_common_neighbor_edge_l1"": 0.0, ""mean_l1"": 0.0}",1,32,32,271.3884229725675,0
realworld_completed,bio_celegans,SASB-candidate,sasb,SASB-structured,20260513,333,early,1.0,1.0,0.0,1,1,0,0.16444444444444445,0.16493827160493826,125,53,125--53,8,103,8,103,824,1,0.14285714285714285,1,1,6,32,"[""96"", ""53"", ""60"", ""51"", ""142"", ""143"", ""62"", ""343"", ""220"", ""147"", ""364"", ""363"", ""144"", ""145"", ""52"", ""118"", ""82"", ""83"", ""440"", ""149"", ""32"", ""109"", ""154"", ""398"", ""85"", ""307"", ""404"", ""184"", ""312"", ""240"", ""11"", ""430""]",d7d5290dc90c946dea0a060f15cc3cc222fc6d8de0add26181289ad0047b4910,"{""boundary"": 12, ""community_rep"": 5, ""degree_core"": 10, ""random_fill"": 5}","{""degree_2"": 1, ""degree_3_4"": 1, ""degree_5_8"": 4, ""degree_9_plus"": 26}","{""0"": 2, ""1"": 9, ""2"": 1, ""3"": 9, ""4"": 6, ""5"": 1, ""6"": 1, ""7"": 1, ""8"": 1, ""9"": 1}",252,"{""backend"": ""evaluate_m19_theory_calibrated.candidate_features"", ""delta_mode"": ""none"", ""k_max"": 512, ""k_min"": 64, ""variant"": ""conservative""}",252,0.14893617021276595,1.0,1.0,0.0,1.0,"{""dp_17_64"": 0.011904761904761904, ""dp_257_plus"": 0.9246031746031746, ""dp_65_256"": 0.06349206349206349}","{""cn_0"": 1.0}",0.0,1291.4325396825398,sasb_candidate_builder,811f7fcb1ea32f9e1deb7b174386048144973607c778dfc4d245e87a7ca82926,252,811f7fcb1ea32f9e1deb7b174386048144973607c778dfc4d245e87a7ca82926,"{""sasb_builder"": 252}",0,0,0,0,{},0.0,"{""common_neighbor_bin_l1"": 0.0, ""degree_product_bin_l1"": 0.0, ""is_boundary_edge_l1"": 0.0, ""is_bridge_edge_l1"": 0.0, ""is_inter_community_edge_l1"": 0.0, ""is_low_common_neighbor_edge_l1"": 0.0, ""mean_l1"": 0.0}",1,32,32,0.0,0
realworld_completed,bio_celegans,SASB-candidate,sasb,SASB-structured,20260513,334,early,1.0,1.0,0.0,1,1,0,0.16493827160493826,0.1654320987654321,125,96,125--96,7,183,7,183,1281,5,0.8333333333333334,1,1,0,32,"[""96"", ""53"", ""60"", ""51"", ""142"", ""143"", ""62"", ""343"", ""220"", ""147"", ""364"", ""363"", ""144"", ""145"", ""52"", ""118"", ""82"", ""83"", ""440"", ""149"", ""32"", ""109"", ""154"", ""398"", ""85"", ""307"", ""404"", ""266"", ""296"", ""68"", ""366"", ""255""]",26a7859fb20c8c6c18416dfe9d74eac07d7ea67e9b57fda99b4d7ab09f782bb0,"{""boundary"": 12, ""community_rep"": 5, ""degree_core"": 10, ""random_fill"": 5}","{""degree_3_4"": 4, ""degree_5_8"": 2, ""degree_9_plus"": 26}","{""0"": 1, ""1"": 6, ""2"": 2, ""3"": 12, ""4"": 5, ""5"": 1, ""6"": 1, ""7"": 1, ""8"": 1, ""9"": 2}",252,"{""backend"": ""evaluate_m19_theory_calibrated.candidate_features"", ""delta_mode"": ""none"", ""k_max"": 512, ""k_min"": 64, ""variant"": ""conservative""}",252,0.14902424600827913,1.0,1.0,0.0,1.0,"{""dp_17_64"": 0.011904761904761904, ""dp_257_plus"": 0.9206349206349206, ""dp_65_256"": 0.06746031746031746}","{""cn_0"": 1.0}",0.0,1286.8214285714287,sasb_candidate_builder,bc864dbaa0a2c65c4550785abdb7ad10cee2e1bc408bc9b6b27e504814f937ec,252,bc864dbaa0a2c65c4550785abdb7ad10cee2e1bc408bc9b6b27e504814f937ec,"{""sasb_builder"": 252}",0,0,0,0,{},0.0,"{""common_neighbor_bin_l1"": 0.0, ""degree_product_bin_l1"": 0.0, ""is_boundary_edge_l1"": 0.0, ""is_bridge_edge_l1"": 0.0, ""is_inter_community_edge_l1"": 0.0, ""is_low_common_neighbor_edge_l1"": 0.0, ""mean_l1"": 0.0}",1,32,32,0.0,0
realworld_completed,bio_celegans,SASB-candidate,sasb,SASB-structured,20260513,335,early,1.0,1.0,0.0,1,1,0,0.1654320987654321,0.16592592592592592,129,96,129--96,7,182,7,182,1274,5,0.8333333333333334,1,4,0,32,"[""96"", ""53"", ""60"", ""51"", ""142"", ""143"", ""62"", ""343"", ""220"", ""147"", ""364"", ""363"", ""144"", ""145"", ""52"", ""118"", ""82"", ""83"", ""440"", ""149"", ""32"", ""109"", ""154"", ""398"", ""85"", ""307"", ""404"", ""184"", ""64"", ""284"", ""125"", ""103""]",4bc017559ccd7c9dcf20a584e3c5e8b8f572836cee887c4c70a885fb13781df9,"{""boundary"": 12, ""community_rep"": 5, ""degree_core"": 10, ""random_fill"": 5}","{""degree_2"": 2, ""degree_5_8"": 3, ""degree_9_plus"": 27}","{""0"": 1, ""1"": 7, ""2"": 2, ""3"": 9, ""4"": 6, ""5"": 2, ""6"": 1, ""7"": 1, ""8"": 2, ""9"": 1}",252,"{""backend"": ""evaluate_m19_theory_calibrated.candidate_features"", ""delta_mode"": ""none"", ""k_max"": 512, ""k_min"": 64, ""variant"": ""conservative""}",252,0.14911242603550295,1.0,1.0,0.0,1.0,"{""dp_17_64"": 0.011904761904761904, ""dp_257_plus"": 0.9166666666666666, ""dp_65_256"": 0.07142857142857142}","{""cn_0"": 1.0}",0.0,1277.8849206349207,sasb_candidate_builder,a6167e272cb8d92a88abf700a492eb3f9783eb1cc3d0c66250de3e90d34b3e21,252,a6167e272cb8d92a88abf700a492eb3f9783eb1cc3d0c66250de3e90d34b3e21,"{""sasb_builder"": 252}",0,0,0,0,{},0.0,"{""common_neighbor_bin_l1"": 0.0, ""degree_product_bin_l1"": 0.0, ""is_boundary_edge_l1"": 0.0, ""is_bridge_edge_l1"": 0.0, ""is_inter_community_edge_l1"": 0.0, ""is_low_common_neighbor_edge_l1"": 0.0, ""mean_l1"": 0.0}",1,32,32,0.0,0
realworld_completed,bio_celegans,SASB-candidate,sasb,SASB-structured,20260513,336,early,1.0,1.0,0.0,1,1,0,0.16592592592592592,0.16641975308641976,130,53,130--53,5,102,5,102,510,1,0.25,1,6,3,32,"[""96"", ""53"", ""60"", ""51"", ""142"", ""143"", ""62"", ""343"", ""220"", ""147"", ""364"", ""363"", ""144"", ""145"", ""52"", ""118"", ""82"", ""83"", ""440"", ""149"", ""32"", ""109"", ""154"", ""398"", ""85"", ""307"", ""404"", ""89"", ""423"", ""26"", ""46"", ""217""]",a93d5d5b58b6e52832d8a8c6409248401d57946428b5048461c5b2e0ab2022ea,"{""boundary"": 12, ""community_rep"": 5, ""degree_core"": 10, ""random_fill"": 5}","{""degree_3_4"": 3, ""degree_5_8"": 2, ""degree_9_plus"": 27}","{""0"": 1, ""1"": 8, ""2"": 1, ""3"": 10, ""4"": 5, ""5"": 1, ""6"": 2, ""7"": 1, ""8"": 1, ""9"": 2}",252,"{""backend"": ""evaluate_m19_theory_calibrated.candidate_features"", ""delta_mode"": ""none"", ""k_max"": 512, ""k_min"": 64, ""variant"": ""conservative""}",252,0.1492007104795737,1.0,1.0,0.0,1.0,"{""dp_17_64"": 0.011904761904761904, ""dp_257_plus"": 0.9166666666666666, ""dp_65_256"": 0.07142857142857142}","{""cn_0"": 1.0}",0.0,1269.4404761904761,sasb_candidate_builder,21fe1846e5985df298975d6c579d0fade38c85bcc1c858c887b85f63c44bcfc6,252,21fe1846e5985df298975d6c579d0fade38c85bcc1c858c887b85f63c44bcfc6,"{""sasb_builder"": 252}",0,0,0,0,{},0.0,"{""common_neighbor_bin_l1"": 0.0, ""degree_product_bin_l1"": 0.0, ""is_boundary_edge_l1"": 0.0, ""is_bridge_edge_l1"": 0.0, ""is_inter_community_edge_l1"": 0.0, ""is_low_common_neighbor_edge_l1"": 0.0, ""mean_l1"": 0.0}",1,32,32,0.0,0
realworld_completed,bio_celegans,SASB-candidate,sasb,SASB-structured,20260513,337,early,1.0,1.0,0.0,1,1,0,0.16641975308641976,0.16691358024691358,130,96,130--96,4,181,4,181,724,0,0.0,1,6,0,32,"[""96"", ""60"", ""53"", ""51"", ""142"", ""143"", ""62"", ""343"", ""220"", ""147"", ""364"", ""363"", ""144"", ""145"", ""52"", ""118"", ""82"", ""83"", ""440"", ""149"", ""32"", ""109"", ""154"", ""398"", ""85"", ""307"", ""404"", ""416"", ""86"", ""298"", ""251"", ""314""]",7986d8651ca70cae071cc67046a757e6468e87a636975f5e86be892a59a0567b,"{""boundary"": 12, ""community_rep"": 5, ""degree_core"": 10, ""random_fill"": 5}","{""degree_3_4"": 4, ""degree_5_8"": 1, ""degree_9_plus"": 27}","{""0"": 2, ""1"": 8, ""2"": 1, ""3"": 10, ""4"": 6, ""5"": 1, ""6"": 1, ""7"": 1, ""8"": 1, ""9"": 1}",252,"{""backend"": ""evaluate_m19_theory_calibrated.candidate_features"", ""delta_mode"": ""none"", ""k_max"": 512, ""k_min"": 64, ""variant"": ""conservative""}",252,0.14928909952606634,1.0,1.0,0.0,1.0,"{""dp_17_64"": 0.011904761904761904, ""dp_257_plus"": 0.9166666666666666, ""dp_65_256"": 0.07142857142857142}","{""cn_0"": 1.0}",0.0,1266.8174603174602,sasb_candidate_builder,edc8ec91157e57e4886070b8c9064e19fe479b1497ac2c3ea20f1e0ebe5f704c,252,edc8ec91157e57e4886070b8c9064e19fe479b1497ac2c3ea20f1e0ebe5f704c,"{""sasb_builder"": 252}",0,0,0,0,{},0.0,"{""common_neighbor_bin_l1"": 0.0, ""degree_product_bin_l1"": 0.0, ""is_boundary_edge_l1"": 0.0, ""is_bridge_edge_l1"": 0.0, ""is_inter_community_edge_l1"": 0.0, ""is_low_common_neighbor_edge_l1"": 0.0, ""mean_l1"": 0.0}",1,32,32,0.0,0
realworld_completed,bio_celegans,SASB-candidate,sasb,SASB-structured,20260513,338,early,1.0,1.0,0.0,1,1,0,0.16691358024691358,0.1674074074074074,131,60,131--60,8,50,8,50,400,2,0.2857142857142857,1,8,4,32,"[""96"", ""60"", ""53"", ""51"", ""142"", ""143"", ""62"", ""343"", ""220"", ""147"", ""364"", ""363"", ""144"", ""145"", ""52"", ""118"", ""82"", ""83"", ""440"", ""149"", ""32"", ""109"", ""154"", ""398"", ""85"", ""307"", ""404"", ""125"", ""156"", ""46"", ""166"", ""390""]",e206e2de1dd2f9bd32571f1a910f243766692dbed83edd085487792506323aa8,"{""boundary"": 12, ""community_rep"": 5, ""degree_core"": 10, ""random_fill"": 5}","{""degree_3_4"": 1, ""degree_5_8"": 5, ""degree_9_plus"": 26}","{""0"": 1, ""1"": 7, ""2"": 2, ""3"": 9, ""4"": 6, ""5"": 1, ""6"": 1, ""7"": 1, ""8"": 1, ""9"": 3}",252,"{""backend"": ""evaluate_m19_theory_calibrated.candidate_features"", ""delta_mode"": ""none"", ""k_max"": 512, ""k_min"": 64, ""variant"": ""conservative""}",252,0.14937759336099585,1.0,1.0,0.0,1.0,"{""dp_17_64"": 0.011904761904761904, ""dp_257_plus"": 0.9166666666666666, ""dp_65_256"": 0.07142857142857142}","{""cn_0"": 1.0}",0.0,1261.9246031746031,sasb_candidate_builder,c52b7767863704a97260143afdbac1e8933d493122c7123e092865718726ddfb,252,c52b7767863704a97260143afdbac1e8933d493122c7123e092865718726ddfb,"{""sasb_builder"": 252}",0,0,0,0,{},0.0,"{""common_neighbor_bin_l1"": 0.0, ""degree_product_bin_l1"": 0.0, ""is_boundary_edge_l1"": 0.0, ""is_bridge_edge_l1"": 0.0, ""is_inter_community_edge_l1"": 0.0, ""is_low_common_neighbor_edge_l1"": 0.0, ""mean_l1"": 0.0}",1,32,32,0.0,0
realworld_completed,bio_celegans,SASB-candidate,sasb,SASB-structured,20260513,339,early,1.0,1.0,0.0,1,1,0,0.1674074074074074,0.16790123456790124,131,404,131--404,7,5,5,7,35,0,0.0,1,0,2,32,"[""96"", ""53"", ""60"", ""51"", ""142"", ""143"", ""62"", ""343"", ""220"", ""147"", ""364"", ""363"", ""144"", ""145"", ""52"", ""118"", ""82"", ""83"", ""440"", ""149"", ""32"", ""109"", ""154"", ""398"", ""85"", ""307"", ""404"", ""235"", ""272"", ""10"", ""217"", ""262""]",fdf98f02c989e9371e2270241fda085e598bd00df1a3d3ae02b8cf2c5d07ea13,"{""boundary"": 12, ""community_rep"": 5, ""degree_core"": 10, ""random_fill"": 5}","{""degree_3_4"": 2, ""degree_5_8"": 2, ""degree_9_plus"": 28}","{""0"": 2, ""1"": 6, ""2"": 1, ""3"": 11, ""4"": 5, ""5"": 1, ""6"": 2, ""7"": 1, ""8"": 2, ""9"": 1}",252,"{""backend"": ""evaluate_m19_theory_calibrated.candidate_features"", ""delta_mode"": ""none"", ""k_max"": 512, ""k_min"": 64, ""variant"": ""conservative""}",252,0.1494661921708185,1.0,1.0,0.0,1.0,"{""dp_17_64"": 0.015873015873015872, ""dp_257_plus"": 0.9126984126984127, ""dp_65_256"": 0.07142857142857142}","{""cn_0"": 1.0}",0.0,1258.654761904762,sasb_candidate_builder,c42eced4d513713fbf76456266cbab72a52252a36902a44c3dbb940fdf7ad2dc,252,c42eced4d513713fbf76456266cbab72a52252a36902a44c3dbb940fdf7ad2dc,"{""sasb_builder"": 252}",0,0,0,0,{},0.0,"{""common_neighbor_bin_l1"": 0.0, ""degree_product_bin_l1"": 0.0, ""is_boundary_edge_l1"": 0.0, ""is_bridge_edge_l1"": 0.0, ""is_inter_community_edge_l1"": 0.0, ""is_low_common_neighbor_edge_l1"": 0.0, ""mean_l1"": 0.0}",1,32,32,2561.7737777451866,0
realworld_completed,bio_celegans,SASB-candidate,sasb,SASB-structured,20260513,340,early,1.0,1.0,0.0,1,1,0,0.16790123456790124,0.16839506172839505,45,60,45--60,5,49,5,49,245,2,0.5,1,1,4,32,"[""96"", ""60"", ""53"", ""51"", ""62"", ""343"", ""220"", ""147"", ""364"", ""144"", ""145"", ""363"", ""142"", ""143"", ""52"", ""118"", ""82"", ""83"", ""440"", ""149"", ""32"", ""109"", ""154"", ""398"", ""85"", ""307"", ""404"", ""138"", ""434"", ""102"", ""6"", ""180""]",7deeae65c79e09a2b0388b707493e74f250ee6a8b235bc2b79fe48bfa6d3da7f,"{""boundary"": 12, ""community_rep"": 5, ""degree_core"": 10, ""random_fill"": 5}","{""degree_2"": 1, ""degree_3_4"": 2, ""degree_5_8"": 3, ""degree_9_plus"": 26}","{""0"": 1, ""1"": 10, ""2"": 1, ""3"": 10, ""4"": 5, ""5"": 1, ""6"": 1, ""7"": 1, ""8"": 1, ""9"": 1}",252,"{""backend"": ""evaluate_m19_theory_calibrated.candidate_features"", ""delta_mode"": ""none"", ""k_max"": 512, ""k_min"": 64, ""variant"": ""conservative""}",252,0.14955489614243322,1.0,1.0,0.003968253968253968,0.996031746031746,"{""dp_17_64"": 0.011904761904761904, ""dp_257_plus"": 0.9206349206349206, ""dp_65_256"": 0.06746031746031746}","{""cn_0"": 0.996031746031746, ""cn_2_3"": 0.003968253968253968}",0.007936507936507936,1272.4325396825398,sasb_candidate_builder,f10a93e79295abd34e3885dbe125a0739ee4dd71196657f93436c2676f0c97f2,252,f10a93e79295abd34e3885dbe125a0739ee4dd71196657f93436c2676f0c97f2,"{""sasb_builder"": 252}",0,0,0,0,{},0.0,"{""common_neighbor_bin_l1"": 0.0, ""degree_product_bin_l1"": 0.0, ""is_boundary_edge_l1"": 0.0, ""is_bridge_edge_l1"": 0.0, ""is_inter_community_edge_l1"": 0.0, ""is_low_common_neighbor_edge_l1"": 0.0, ""mean_l1"": 0.0}",1,32,32,265.75935739897585,0
realworld_completed,bio_celegans,SASB-candidate,sasb,SASB-structured,20260513,341,early,1.0,1.0,0.0,1,1,0,0.16839506172839505,0.1688888888888889,134,32,134--32,15,22,15,22,330,2,0.14285714285714285,1,6,9,32,"[""96"", ""53"", ""60"", ""51"", ""62"", ""343"", ""220"", ""147"", ""364"", ""144"", ""145"", ""363"", ""142"", ""143"", ""52"", ""118"", ""82"", ""83"", ""440"", ""149"", ""32"", ""109"", ""154"", ""398"", ""85"", ""307"", ""404"", ""174"", ""137"", ""31"", ""339"", ""325""]",f0331473a2fea7193c0d0d3942c08e54ba3f80a3c50ef1fc6b29a48c7b8f7bad,"{""boundary"": 12, ""community_rep"": 5, ""degree_core"": 10, ""random_fill"": 5}","{""degree_3_4"": 3, ""degree_5_8"": 1, ""degree_9_plus"": 28}","{""0"": 1, ""1"": 6, ""2"": 1, ""3"": 10, ""4"": 6, ""5"": 1, ""6"": 1, ""7"": 2, ""8"": 3, ""9"": 1}",251,"{""backend"": ""evaluate_m19_theory_calibrated.candidate_features"", ""delta_mode"": ""none"", ""k_max"": 512, ""k_min"": 64, ""variant"": ""conservative""}",251,0.1490498812351544,1.0,1.0,0.00398406374501992,1.0,"{""dp_17_64"": 0.01195219123505976, ""dp_257_plus"": 0.9243027888446215, ""dp_65_256"": 0.06374501992031872}","{""cn_0"": 1.0}",0.0,1274.7131474103585,sasb_candidate_builder,edc15482136f04736a9d023e46073cd42e0d0c4cc6ac15f006bd8dd9ed7a14a0,251,edc15482136f04736a9d023e46073cd42e0d0c4cc6ac15f006bd8dd9ed7a14a0,"{""sasb_builder"": 251}",0,0,0,0,{},0.0,"{""common_neighbor_bin_l1"": 0.0, ""degree_product_bin_l1"": 0.0, ""is_boundary_edge_l1"": 0.0, ""is_bridge_edge_l1"": 0.0, ""is_inter_community_edge_l1"": 0.0, ""is_low_common_neighbor_edge_l1"": 0.0, ""mean_l1"": 0.0}",1,32,32,0.0,0
realworld_completed,bio_celegans,SASB-candidate,sasb,SASB-structured,20260513,342,early,1.0,1.0,0.0,1,1,0,0.1688888888888889,0.1693827160493827,134,31,134--31,14,9,9,14,126,0,0.0,1,8,3,32,"[""96"", ""53"", ""60"", ""51"", ""62"", ""343"", ""220"", ""147"", ""364"", ""144"", ""145"", ""363"", ""142"", ""143"", ""52"", ""118"", ""82"", ""83"", ""440"", ""149"", ""32"", ""109"", ""154"", ""398"", ""85"", ""307"", ""404"", ""433"", ""209"", ""368"", ""351"", ""210""]",7f8d12e28ada9c98fc05530f2ef6306896f36466695520ef288eb04a7739ab45,"{""boundary"": 12, ""community_rep"": 5, ""degree_core"": 10, ""random_fill"": 5}","{""degree_2"": 1, ""degree_3_4"": 1, ""degree_5_8"": 4, ""degree_9_plus"": 26}","{""0"": 1, ""1"": 8, ""2"": 1, ""3"": 9, ""4"": 8, ""5"": 1, ""6"": 1, ""7"": 1, ""8"": 1, ""9"": 1}",251,"{""backend"": ""evaluate_m19_theory_calibrated.candidate_features"", ""delta_mode"": ""none"", ""k_max"": 512, ""k_min"": 64, ""variant"": ""conservative""}",251,0.14913844325609033,1.0,1.0,0.00398406374501992,1.0,"{""dp_17_64"": 0.01195219123505976, ""dp_257_plus"": 0.9203187250996016, ""dp_65_256"": 0.06772908366533864}","{""cn_0"": 1.0}",0.0,1272.3784860557769,sasb_candidate_builder,1acc9319c74c52c4650706b7480683d72a6439c44aa0ed9abcc0f86031e2ceb3,251,1acc9319c74c52c4650706b7480683d72a6439c44aa0ed9abcc0f86031e2ceb3,"{""sasb_builder"": 251}",0,0,0,0,{},0.0,"{""common_neighbor_bin_l1"": 0.0, ""degree_product_bin_l1"": 0.0, ""is_boundary_edge_l1"": 0.0, ""is_bridge_edge_l1"": 0.0, ""is_inter_community_edge_l1"": 0.0, ""is_low_common_neighbor_edge_l1"": 0.0, ""mean_l1"": 0.0}",1,32,32,0.0,0
realworld_completed,bio_celegans,SASB-candidate,sasb,SASB-structured,20260513,343,early,1.0,1.0,0.0,1,1,0,0.1693827160493827,0.16987654320987655,134,60,134--60,13,48,13,48,624,3,0.25,1,9,4,32,"[""96"", ""53"", ""60"", ""51"", ""62"", ""343"", ""220"", ""147"", ""364"", ""144"", ""145"", ""363"", ""142"", ""143"", ""52"", ""118"", ""82"", ""83"", ""440"", ""149"", ""32"", ""109"", ""154"", ""398"", ""85"", ""307"", ""404"", ""201"", ""419"", ""167"", ""318"", ""135""]",ab62bf3d616e4828f047d1b91261f4a51d89d345036d27db58b334da26f6ee2f,"{""boundary"": 12, ""community_rep"": 5, ""degree_core"": 10, ""random_fill"": 5}","{""degree_3_4"": 2, ""degree_5_8"": 4, ""degree_9_plus"": 26}","{""0"": 2, ""1"": 7, ""2"": 1, ""3"": 12, ""4"": 5, ""5"": 1, ""6"": 1, ""7"": 1, ""8"": 1, ""9"": 1}",251,"{""backend"": ""evaluate_m19_theory_calibrated.candidate_features"", ""delta_mode"": ""none"", ""k_max"": 512, ""k_min"": 64, ""variant"": ""conservative""}",251,0.1492271105826397,1.0,1.0,0.00398406374501992,1.0,"{""dp_17_64"": 0.01195219123505976, ""dp_257_plus"": 0.9203187250996016, ""dp_65_256"": 0.06772908366533864}","{""cn_0"": 1.0}",0.0,1271.406374501992,sasb_candidate_builder,01af6ae03662e93c60d2cd3dd42153eec3141aaf7b2df92a9373d6e222edd2e3,251,01af6ae03662e93c60d2cd3dd42153eec3141aaf7b2df92a9373d6e222edd2e3,"{""sasb_builder"": 251}",0,0,0,0,{},0.0,"{""common_neighbor_bin_l1"": 0.0, ""degree_product_bin_l1"": 0.0, ""is_boundary_edge_l1"": 0.0, ""is_bridge_edge_l1"": 0.0, ""is_inter_community_edge_l1"": 0.0, ""is_low_common_neighbor_edge_l1"": 0.0, ""mean_l1"": 0.0}",1,32,32,0.0,0
realworld_completed,bio_celegans,SASB-candidate,sasb,SASB-structured,20260513,344,early,1.0,1.0,0.0,1,1,0,0.16987654320987655,0.17037037037037037,134,62,134--62,12,50,12,50,600,3,0.2727272727272727,1,6,4,32,"[""96"", ""53"", ""60"", ""51"", ""62"", ""343"", ""220"", ""147"", ""364"", ""144"", ""145"", ""363"", ""142"", ""143"", ""52"", ""118"", ""82"", ""83"", ""440"", ""149"", ""32"", ""109"", ""154"", ""398"", ""85"", ""307"", ""404"", ""288"", ""304"", ""409"", ""176"", ""277""]",cb0f94da8aa7a90fff3f1f35018a18ab5312903a1744b3a9a78b3978a2e54c0e,"{""boundary"": 12, ""community_rep"": 5, ""degree_core"": 10, ""random_fill"": 5}","{""degree_3_4"": 3, ""degree_5_8"": 3, ""degree_9_plus"": 26}","{""0"": 1, ""1"": 6, ""2"": 1, ""3"": 11, ""4"": 5, ""5"": 1, ""6"": 1, ""7"": 1, ""8"": 2, ""9"": 3}",251,"{""backend"": ""evaluate_m19_theory_calibrated.candidate_features"", ""delta_mode"": ""none"", ""k_max"": 512, ""k_min"": 64, ""variant"": ""conservative""}",251,0.14931588340273647,1.0,1.0,0.00398406374501992,1.0,"{""dp_17_64"": 0.01195219123505976, ""dp_257_plus"": 0.9203187250996016, ""dp_65_256"": 0.06772908366533864}","{""cn_0"": 1.0}",0.0,1269.0398406374502,sasb_candidate_builder,01ac37c127be47100e0aed0053b6b5eb34d66bfaa4348766a8d87956ddf90472,251,01ac37c127be47100e0aed0053b6b5eb34d66bfaa4348766a8d87956ddf90472,"{""sasb_builder"": 251}",0,0,0,0,{},0.0,"{""common_neighbor_bin_l1"": 0.0, ""degree_product_bin_l1"": 0.0, ""is_boundary_edge_l1"": 0.0, ""is_bridge_edge_l1"": 0.0, ""is_inter_community_edge_l1"": 0.0, ""is_low_common_neighbor_edge_l1"": 0.0, ""mean_l1"": 0.0}",1,32,32,0.0,0
realworld_completed,bio_celegans,SASB-candidate,sasb,SASB-structured,20260513,345,early,1.0,1.0,0.0,1,1,0,0.17037037037037037,0.1708641975308642,217,377,217--377,12,8,8,12,96,3,0.42857142857142855,1,6,9,32,"[""96"", ""53"", ""60"", ""51"", ""62"", ""343"", ""220"", ""147"", ""364"", ""144"", ""145"", ""363"", ""142"", ""143"", ""52"", ""118"", ""82"", ""83"", ""440"", ""149"", ""32"", ""109"", ""154"", ""398"", ""85"", ""307"", ""404"", ""54"", ""243"", ""29"", ""319"", ""233""]",8ea5966d861678c23e7ee991e5d231a04804058ca54557fa689b8800ca3dda85,"{""boundary"": 12, ""community_rep"": 5, ""degree_core"": 10, ""random_fill"": 5}","{""degree_2"": 1, ""degree_3_4"": 1, ""degree_5_8"": 3, ""degree_9_plus"": 27}","{""0"": 1, ""1"": 6, ""2"": 1, ""3"": 12, ""4"": 6, ""5"": 1, ""6"": 1, ""7"": 1, ""8"": 2, ""9"": 1}",251,"{""backend"": ""evaluate_m19_theory_calibrated.candidate_features"", ""delta_mode"": ""none"", ""k_max"": 512, ""k_min"": 64, ""variant"": ""conservative""}",251,0.1494047619047619,1.0,1.0,0.00398406374501992,0.9960159362549801,"{""dp_17_64"": 0.01195219123505976, ""dp_257_plus"": 0.9123505976095617, ""dp_65_256"": 0.07569721115537849}","{""cn_0"": 0.9960159362549801, ""cn_2_3"": 0.00398406374501992}",0.01195219123505976,1264.0358565737051,sasb_candidate_builder,c5da49d07adae908ad229333fd7449ea047e0b405b47fa182f54934747de23e3,251,c5da49d07adae908ad229333fd7449ea047e0b405b47fa182f54934747de23e3,"{""sasb_builder"": 251}",0,0,0,0,{},0.0,"{""common_neighbor_bin_l1"": 0.0, ""degree_product_bin_l1"": 0.0, ""is_boundary_edge_l1"": 0.0, ""is_bridge_edge_l1"": 0.0, ""is_inter_community_edge_l1"": 0.0, ""is_low_common_neighbor_edge_l1"": 0.0, ""mean_l1"": 0.0}",1,32,32,83.77077287316772,0
realworld_completed,bio_celegans,SASB-candidate,sasb,SASB-structured,20260513,346,early,1.0,1.0,0.0,1,1,0,0.1708641975308642,0.17135802469135802,134,96,134--96,11,180,11,180,1980,1,0.1,1,3,0,32,"[""96"", ""53"", ""60"", ""51"", ""62"", ""343"", ""220"", ""147"", ""364"", ""144"", ""145"", ""363"", ""142"", ""143"", ""52"", ""118"", ""82"", ""83"", ""440"", ""149"", ""32"", ""109"", ""154"", ""398"", ""85"", ""307"", ""404"", ""442"", ""57"", ""113"", ""170"", ""263""]",abd43a6a23ea114c01be75b305d73f6cd3836b149a1a6f36fd319b969268596e,"{""boundary"": 12, ""community_rep"": 5, ""degree_core"": 10, ""random_fill"": 5}","{""degree_3_4"": 4, ""degree_5_8"": 2, ""degree_9_plus"": 26}","{""0"": 3, ""1"": 6, ""2"": 1, ""3"": 11, ""4"": 5, ""5"": 1, ""6"": 1, ""7"": 1, ""8"": 2, ""9"": 1}",251,"{""backend"": ""evaluate_m19_theory_calibrated.candidate_features"", ""delta_mode"": ""none"", ""k_max"": 512, ""k_min"": 64, ""variant"": ""conservative""}",251,0.14949374627754616,1.0,1.0,0.00398406374501992,1.0,"{""dp_17_64"": 0.01195219123505976, ""dp_257_plus"": 0.9163346613545816, ""dp_65_256"": 0.07171314741035857}","{""cn_0"": 1.0}",0.0,1264.2948207171314,sasb_candidate_builder,709eee08a746f305145a5ae10fbb3d590070ea316b342f347073d068311e6b29,251,709eee08a746f305145a5ae10fbb3d590070ea316b342f347073d068311e6b29,"{""sasb_builder"": 251}",0,0,0,0,{},0.0,"{""common_neighbor_bin_l1"": 0.0, ""degree_product_bin_l1"": 0.0, ""is_boundary_edge_l1"": 0.0, ""is_bridge_edge_l1"": 0.0, ""is_inter_community_edge_l1"": 0.0, ""is_low_common_neighbor_edge_l1"": 0.0, ""mean_l1"": 0.0}",1,32,32,0.0,0
realworld_completed,bio_celegans,SASB-candidate,sasb,SASB-structured,20260513,347,early,1.0,1.0,0.0,1,1,0,0.17135802469135802,0.17185185185185184,141,96,141--96,5,179,5,179,895,3,0.75,1,5,0,32,"[""96"", ""53"", ""60"", ""51"", ""62"", ""343"", ""220"", ""147"", ""364"", ""144"", ""145"", ""363"", ""142"", ""143"", ""52"", ""118"", ""82"", ""83"", ""440"", ""149"", ""32"", ""109"", ""154"", ""398"", ""85"", ""307"", ""404"", ""128"", ""159"", ""271"", ""25"", ""234""]",2011ee637b1f6fc8774b5e4cdbe122b7f8a12825f25db6d4cf1e17b62a1f9286,"{""boundary"": 12, ""community_rep"": 5, ""degree_core"": 10, ""random_fill"": 5}","{""degree_0_1"": 1, ""degree_2"": 1, ""degree_3_4"": 3, ""degree_9_plus"": 27}","{""0"": 1, ""1"": 9, ""2"": 1, ""3"": 10, ""4"": 6, ""5"": 1, ""6"": 1, ""7"": 1, ""8"": 1, ""9"": 1}",251,"{""backend"": ""evaluate_m19_theory_calibrated.candidate_features"", ""delta_mode"": ""none"", ""k_max"": 512, ""k_min"": 64, ""variant"": ""conservative""}",251,0.14958283671036948,1.0,1.0,0.00398406374501992,1.0,"{""dp_17_64"": 0.01195219123505976, ""dp_257_plus"": 0.9123505976095617, ""dp_65_256"": 0.07569721115537849}","{""cn_0"": 1.0}",0.0,1252.0796812749004,sasb_candidate_builder,620035c2051d1de21bea4e34bd711914e1c117bc023bb4b600c71fe0dc8ac9ab,251,620035c2051d1de21bea4e34bd711914e1c117bc023bb4b600c71fe0dc8ac9ab,"{""sasb_builder"": 251}",0,0,0,0,{},0.0,"{""common_neighbor_bin_l1"": 0.0, ""degree_product_bin_l1"": 0.0, ""is_boundary_edge_l1"": 0.0, ""is_bridge_edge_l1"": 0.0, ""is_inter_community_edge_l1"": 0.0, ""is_low_common_neighbor_edge_l1"": 0.0, ""mean_l1"": 0.0}",1,32,32,0.0,0
realworld_completed,bio_celegans,SASB-candidate,sasb,SASB-structured,20260513,348,early,1.0,1.0,0.0,1,1,0,0.17185185185185184,0.17234567901234568,417,443,417--443,8,3,3,8,24,0,0.0,1,1,7,32,"[""96"", ""53"", ""60"", ""51"", ""62"", ""343"", ""220"", ""147"", ""364"", ""144"", ""145"", ""363"", ""142"", ""143"", ""52"", ""118"", ""82"", ""83"", ""440"", ""149"", ""32"", ""109"", ""154"", ""398"", ""85"", ""307"", ""404"", ""407"", ""73"", ""345"", ""347"", ""31""]",45f96a86a8f3272c392cc77c935183d657a7d05827e3f313d9eb1d6896539aad,"{""boundary"": 12, ""community_rep"": 5, ""degree_core"": 10, ""random_fill"": 5}","{""degree_3_4"": 4, ""degree_5_8"": 2, ""degree_9_plus"": 26}","{""0"": 1, ""1"": 7, ""2"": 1, ""3"": 11, ""4"": 5, ""5"": 2, ""6"": 1, ""7"": 1, ""8"": 1, ""9"": 2}",251,"{""backend"": ""evaluate_m19_theory_calibrated.candidate_features"", ""delta_mode"": ""none"", ""k_max"": 512, ""k_min"": 64, ""variant"": ""conservative""}",251,0.14967203339296362,1.0,1.0,0.00398406374501992,1.0,"{""dp_17_64"": 0.01593625498007968, ""dp_257_plus"": 0.9083665338645418, ""dp_65_256"": 0.07569721115537849}","{""cn_0"": 1.0}",0.0,1243.7529880478087,sasb_candidate_builder,9c8c18a3c28c24998ff6e17ed2aa5063bee8462a2f6110bf059aed51ead20ba5,251,9c8c18a3c28c24998ff6e17ed2aa5063bee8462a2f6110bf059aed51ead20ba5,"{""sasb_builder"": 251}",0,0,0,0,{},0.0,"{""common_neighbor_bin_l1"": 0.0, ""degree_product_bin_l1"": 0.0, ""is_boundary_edge_l1"": 0.0, ""is_bridge_edge_l1"": 0.0, ""is_inter_community_edge_l1"": 0.0, ""is_low_common_neighbor_edge_l1"": 0.0, ""mean_l1"": 0.0}",1,32,32,71.67393127705627,0
realworld_completed,bio_celegans,SASB-candidate,sasb,SASB-structured,20260513,349,early,1.0,1.0,0.0,1,1,0,0.17234567901234568,0.1728395061728395,142,60,142--60,61,47,47,61,2867,9,0.1956521739130435,1,1,4,32,"[""96"", ""53"", ""60"", ""51"", ""62"", ""343"", ""220"", ""147"", ""364"", ""144"", ""145"", ""363"", ""142"", ""143"", ""52"", ""118"", ""82"", ""83"", ""440"", ""149"", ""32"", ""109"", ""154"", ""398"", ""85"", ""307"", ""404"", ""112"", ""331"", ""198"", ""335"", ""413""]",ba730a16503599dd5aa0e7dbb9e6d4d4e4f4909f4607b7bea1800f3da5090216,"{""boundary"": 12, ""community_rep"": 5, ""degree_core"": 10, ""random_fill"": 5}","{""degree_0_1"": 1, ""degree_3_4"": 3, ""degree_5_8"": 2, ""degree_9_plus"": 26}","{""0"": 1, ""1"": 8, ""2"": 1, ""3"": 10, ""4"": 5, ""5"": 2, ""6"": 1, ""7"": 1, ""8"": 1, ""9"": 2}",251,"{""backend"": ""evaluate_m19_theory_calibrated.candidate_features"", ""delta_mode"": ""none"", ""k_max"": 512, ""k_min"": 64, ""variant"": ""conservative""}",251,0.14976133651551313,1.0,1.0,0.00398406374501992,1.0,"{""dp_17_64"": 0.01195219123505976, ""dp_257_plus"": 0.9083665338645418, ""dp_65_256"": 0.0796812749003984}","{""cn_0"": 1.0}",0.0,1242.780876494024,sasb_candidate_builder,4d09380cf9aff3a3e545f8ed62b1afa7663134219be5296975f3e2dbce0009ce,251,4d09380cf9aff3a3e545f8ed62b1afa7663134219be5296975f3e2dbce0009ce,"{""sasb_builder"": 251}",0,0,0,0,{},0.0,"{""common_neighbor_bin_l1"": 0.0, ""degree_product_bin_l1"": 0.0, ""is_boundary_edge_l1"": 0.0, ""is_bridge_edge_l1"": 0.0, ""is_inter_community_edge_l1"": 0.0, ""is_low_common_neighbor_edge_l1"": 0.0, ""mean_l1"": 0.0}",1,32,32,0.0,0
realworld_completed,bio_celegans,SASB-candidate,sasb,SASB-structured,20260513,350,early,1.0,1.0,0.0,1,1,0,0.1728395061728395,0.17333333333333334,149,360,149--360,23,3,3,23,69,1,0.5,1,1,5,32,"[""96"", ""60"", ""53"", ""51"", ""62"", ""343"", ""363"", ""220"", ""147"", ""364"", ""144"", ""145"", ""143"", ""142"", ""52"", ""118"", ""82"", ""83"", ""440"", ""149"", ""32"", ""109"", ""154"", ""398"", ""307"", ""404"", ""322"", ""282"", ""310"", ""105"", ""78"", ""23""]",a0e9da9812f0b397f2666739660a8bcfcaf404da5eefb1631db266dd791566e6,"{""boundary"": 12, ""community_rep"": 5, ""degree_core"": 10, ""random_fill"": 5}","{""degree_3_4"": 4, ""degree_5_8"": 2, ""degree_9_plus"": 26}","{""0"": 2, ""1"": 7, ""2"": 3, ""3"": 1, ""4"": 5, ""5"": 1, ""6"": 1, ""7"": 2, ""8"": 1, ""9"": 9}",251,"{""backend"": ""evaluate_m19_theory_calibrated.candidate_features"", ""delta_mode"": ""none"", ""k_max"": 512, ""k_min"": 64, ""variant"": ""conservative""}",251,0.14985074626865671,1.0,1.0,0.00398406374501992,0.9960159362549801,"{""dp_17_64"": 0.02390438247011952, ""dp_257_plus"": 0.8804780876494024, ""dp_5_16"": 0.00398406374501992, ""dp_65_256"": 0.09163346613545817}","{""cn_0"": 0.9920318725099602, ""cn_1"": 0.00398406374501992, ""cn_2_3"": 0.00398406374501992}",0.01195219123505976,1209.3266932270917,sasb_candidate_builder,d5422e0cfd383de15d892524b07cac3faa1e79aa4a50d4da27c3b00c8fcaae11,251,d5422e0cfd383de15d892524b07cac3faa1e79aa4a50d4da27c3b00c8fcaae11,"{""sasb_builder"": 251}",0,0,0,0,{},0.0,"{""common_neighbor_bin_l1"": 0.0, ""degree_product_bin_l1"": 0.0, ""is_boundary_edge_l1"": 0.0, ""is_bridge_edge_l1"": 0.0, ""is_inter_community_edge_l1"": 0.0, ""is_low_common_neighbor_edge_l1"": 0.0, ""mean_l1"": 0.0}",1,32,32,301.6760300769162,0
realworld_completed,bio_celegans,SASB-candidate,sasb,SASB-structured,20260513,351,early,1.0,1.0,0.0,1,1,0,0.17333333333333334,0.17382716049382715,125,352,125--352,6,5,5,6,30,0,0.0,1,1,9,32,"[""96"", ""60"", ""53"", ""51"", ""62"", ""343"", ""363"", ""220"", ""147"", ""364"", ""144"", ""145"", ""143"", ""142"", ""52"", ""118"", ""82"", ""83"", ""440"", ""149"", ""32"", ""109"", ""154"", ""398"", ""307"", ""404"", ""322"", ""267"", ""414"", ""418"", ""272"", ""395""]",77fd5d65f818332e7b5c22a9d20c5b48f777ca35cdd1d0194766b1e58359bb6b,"{""boundary"": 12, ""community_rep"": 5, ""degree_core"": 10, ""random_fill"": 5}","{""degree_3_4"": 4, ""degree_5_8"": 2, ""degree_9_plus"": 26}","{""0"": 2, ""1"": 8, ""2"": 1, ""3"": 1, ""4"": 5, ""5"": 1, ""6"": 1, ""7"": 1, ""8"": 1, ""9"": 11}",251,"{""backend"": ""evaluate_m19_theory_calibrated.candidate_features"", ""delta_mode"": ""none"", ""k_max"": 512, ""k_min"": 64, ""variant"": ""conservative""}",251,0.14994026284348866,1.0,1.0,0.00398406374501992,0.9960159362549801,"{""dp_17_64"": 0.02390438247011952, ""dp_257_plus"": 0.8844621513944223, ""dp_5_16"": 0.00398406374501992, ""dp_65_256"": 0.08764940239043825}","{""cn_0"": 0.9960159362549801, ""cn_2_3"": 0.00398406374501992}",0.00796812749003984,1210.4382470119522,sasb_candidate_builder,9213f816618be08b83e52861e51c510b73f57bd1817878d08ba5605b7fb67960,251,9213f816618be08b83e52861e51c510b73f57bd1817878d08ba5605b7fb67960,"{""sasb_builder"": 251}",0,0,0,0,{},0.0,"{""common_neighbor_bin_l1"": 0.0, ""degree_product_bin_l1"": 0.0, ""is_boundary_edge_l1"": 0.0, ""is_bridge_edge_l1"": 0.0, ""is_inter_community_edge_l1"": 0.0, ""is_low_common_neighbor_edge_l1"": 0.0, ""mean_l1"": 0.0}",1,32,32,110.73891328966003,0
realworld_completed,bio_celegans,SASB-candidate,sasb,SASB-structured,20260513,352,early,1.0,1.0,0.0,1,1,0,0.17382716049382715,0.174320987654321,15,34,15--34,3,3,3,3,9,0,0.0,1,5,1,32,"[""96"", ""60"", ""53"", ""51"", ""62"", ""343"", ""363"", ""220"", ""147"", ""364"", ""144"", ""145"", ""143"", ""142"", ""52"", ""118"", ""82"", ""83"", ""440"", ""149"", ""32"", ""109"", ""154"", ""398"", ""307"", ""404"", ""322"", ""148"", ""150"", ""293"", ""26"", ""410""]",3c8297b24379a4a40f339b27133cd2fca0381e6aca1d9b2e9afb505e64f18dd9,"{""boundary"": 12, ""community_rep"": 5, ""degree_core"": 10, ""random_fill"": 5}","{""degree_2"": 1, ""degree_3_4"": 3, ""degree_5_8"": 2, ""degree_9_plus"": 26}","{""0"": 1, ""1"": 8, ""2"": 1, ""3"": 2, ""4"": 5, ""5"": 3, ""6"": 1, ""7"": 1, ""8"": 1, ""9"": 9}",251,"{""backend"": ""evaluate_m19_theory_calibrated.candidate_features"", ""delta_mode"": ""none"", ""k_max"": 512, ""k_min"": 64, ""variant"": ""conservative""}",251,0.15002988643156007,1.0,1.0,0.00398406374501992,0.9960159362549801,"{""dp_17_64"": 0.02390438247011952, ""dp_257_plus"": 0.8844621513944223, ""dp_5_16"": 0.00398406374501992, ""dp_65_256"": 0.08764940239043825}","{""cn_0"": 0.9960159362549801, ""cn_2_3"": 0.00398406374501992}",0.00796812749003984,1209.788844621514,sasb_candidate_builder,f493f84fa7ef067a77a8ad0569baab34d71a5114ad16558222eea24f4b1328de,251,f493f84fa7ef067a77a8ad0569baab34d71a5114ad16558222eea24f4b1328de,"{""sasb_builder"": 251}",0,0,0,0,{},0.0,"{""common_neighbor_bin_l1"": 0.0, ""degree_product_bin_l1"": 0.0, ""is_boundary_edge_l1"": 0.0, ""is_bridge_edge_l1"": 0.0, ""is_inter_community_edge_l1"": 0.0, ""is_low_common_neighbor_edge_l1"": 0.0, ""mean_l1"": 0.0}",1,32,32,107.83287966313242,0
realworld_completed,bio_celegans,SASB-candidate,sasb,SASB-structured,20260513,353,early,1.0,1.0,0.0,1,1,0,0.174320987654321,0.1748148148148148,120,131,120--131,8,6,6,8,48,0,0.0,1,1,0,32,"[""96"", ""60"", ""53"", ""51"", ""62"", ""343"", ""363"", ""220"", ""147"", ""364"", ""144"", ""145"", ""143"", ""142"", ""52"", ""118"", ""82"", ""83"", ""440"", ""149"", ""32"", ""109"", ""154"", ""398"", ""307"", ""404"", ""322"", ""21"", ""18"", ""173"", ""434"", ""20""]",19c5d6ebbce54c37fb08f8f4b676653e5e74ec383b0a3e7e79450df7e39abd37,"{""boundary"": 12, ""community_rep"": 5, ""degree_core"": 10, ""random_fill"": 5}","{""degree_3_4"": 4, ""degree_5_8"": 2, ""degree_9_plus"": 26}","{""0"": 2, ""1"": 8, ""2"": 1, ""3"": 1, ""4"": 6, ""5"": 1, ""6"": 1, ""7"": 1, ""8"": 1, ""9"": 10}",251,"{""backend"": ""evaluate_m19_theory_calibrated.candidate_features"", ""delta_mode"": ""none"", ""k_max"": 512, ""k_min"": 64, ""variant"": ""conservative""}",251,0.15011961722488038,1.0,1.0,0.00398406374501992,0.9920318725099602,"{""dp_17_64"": 0.02390438247011952, ""dp_257_plus"": 0.8884462151394422, ""dp_65_256"": 0.08764940239043825}","{""cn_0"": 0.9920318725099602, ""cn_2_3"": 0.00796812749003984}",0.01593625498007968,1211.1354581673306,sasb_candidate_builder,e25e09b84ca31e8bb013a982529c3f8eee3f4eb7a90390e6ddc73696baa5a732,251,e25e09b84ca31e8bb013a982529c3f8eee3f4eb7a90390e6ddc73696baa5a732,"{""sasb_builder"": 251}",0,0,0,0,{},0.0,"{""common_neighbor_bin_l1"": 0.0, ""degree_product_bin_l1"": 0.0, ""is_boundary_edge_l1"": 0.0, ""is_bridge_edge_l1"": 0.0, ""is_inter_community_edge_l1"": 0.0, ""is_low_common_neighbor_edge_l1"": 0.0, ""mean_l1"": 0.0}",1,32,32,79.64524787401695,0
realworld_completed,bio_celegans,SASB-candidate,sasb,SASB-structured,20260513,354,early,1.0,1.0,0.0,1,1,0,0.1748148148148148,0.17530864197530865,136,307,136--307,5,15,5,15,75,2,0.5,1,8,5,32,"[""96"", ""60"", ""53"", ""51"", ""62"", ""343"", ""363"", ""220"", ""147"", ""364"", ""144"", ""145"", ""143"", ""142"", ""52"", ""118"", ""82"", ""83"", ""440"", ""149"", ""32"", ""109"", ""154"", ""398"", ""307"", ""404"", ""322"", ""241"", ""158"", ""418"", ""81"", ""356""]",a21c5a8064565b056a4b7710938eb66c598e829dedfd5eb05214f51f605b6f9a,"{""boundary"": 12, ""community_rep"": 5, ""degree_core"": 10, ""random_fill"": 5}","{""degree_2"": 1, ""degree_3_4"": 2, ""degree_5_8"": 3, ""degree_9_plus"": 26}","{""0"": 2, ""1"": 6, ""2"": 3, ""3"": 1, ""4"": 6, ""5"": 1, ""6"": 1, ""7"": 1, ""8"": 1, ""9"": 10}",251,"{""backend"": ""evaluate_m19_theory_calibrated.candidate_features"", ""delta_mode"": ""none"", ""k_max"": 512, ""k_min"": 64, ""variant"": ""conservative""}",251,0.15020945541591862,1.0,1.0,0.00398406374501992,0.9920318725099602,"{""dp_17_64"": 0.02390438247011952, ""dp_257_plus"": 0.8884462151394422, ""dp_65_256"": 0.08764940239043825}","{""cn_0"": 0.9880478087649402, ""cn_1"": 0.00398406374501992, ""cn_2_3"": 0.00796812749003984}",0.0199203187250996,1210.3346613545816,sasb_candidate_builder,1bc4abd27e27ca028937ccde7a520bb822848488fc84432e61d0a8a96fc02ed8,251,1bc4abd27e27ca028937ccde7a520bb822848488fc84432e61d0a8a96fc02ed8,"{""sasb_builder"": 251}",0,0,0,0,{},0.0,"{""common_neighbor_bin_l1"": 0.0, ""degree_product_bin_l1"": 0.0, ""is_boundary_edge_l1"": 0.0, ""is_bridge_edge_l1"": 0.0, ""is_inter_community_edge_l1"": 0.0, ""is_low_common_neighbor_edge_l1"": 0.0, ""mean_l1"": 0.0}",1,32,32,79.11836753376133,0
realworld_completed,bio_celegans,SASB-candidate,sasb,SASB-structured,20260513,355,early,1.0,1.0,0.0,1,1,0,0.17530864197530865,0.17580246913580247,215,307,215--307,9,14,9,14,126,2,0.25,1,1,5,32,"[""96"", ""60"", ""53"", ""51"", ""62"", ""343"", ""363"", ""220"", ""147"", ""364"", ""144"", ""145"", ""143"", ""142"", ""52"", ""118"", ""82"", ""83"", ""440"", ""149"", ""32"", ""109"", ""154"", ""398"", ""307"", ""404"", ""322"", ""185"", ""297"", ""2"", ""353"", ""213""]",cc0019e2405d9d8133b9d604417c390abe31a45cc0147de11b6b9c36f9b3b207,"{""boundary"": 12, ""community_rep"": 5, ""degree_core"": 10, ""random_fill"": 5}","{""degree_2"": 1, ""degree_3_4"": 2, ""degree_5_8"": 3, ""degree_9_plus"": 26}","{""0"": 1, ""1"": 6, ""2"": 1, ""3"": 1, ""4"": 6, ""5"": 1, ""6"": 1, ""7"": 3, ""8"": 2, ""9"": 10}",250,"{""backend"": ""evaluate_m19_theory_calibrated.candidate_features"", ""delta_mode"": ""none"", ""k_max"": 512, ""k_min"": 64, ""variant"": ""conservative""}",250,0.1497005988023952,1.0,1.0,0.004,0.996,"{""dp_17_64"": 0.024, ""dp_257_plus"": 0.888, ""dp_65_256"": 0.088}","{""cn_0"": 0.988, ""cn_1"": 0.008, ""cn_2_3"": 0.004}",0.016,1211.62,sasb_candidate_builder,a41392d469b8be4d24768a667fb7e127dd1437f2b71aa0888d9658b0a9891fc8,250,a41392d469b8be4d24768a667fb7e127dd1437f2b71aa0888d9658b0a9891fc8,"{""sasb_builder"": 250}",0,0,0,0,{},0.0,"{""common_neighbor_bin_l1"": 0.0, ""degree_product_bin_l1"": 0.0, ""is_boundary_edge_l1"": 0.0, ""is_bridge_edge_l1"": 0.0, ""is_inter_community_edge_l1"": 0.0, ""is_low_common_neighbor_edge_l1"": 0.0, ""mean_l1"": 0.0}",1,32,32,423.14398829186655,0
realworld_completed,bio_celegans,SASB-candidate,sasb,SASB-structured,20260513,356,early,1.0,1.0,0.0,1,1,0,0.17580246913580247,0.17629629629629628,180,397,180--397,5,5,5,5,25,1,0.25,1,3,1,32,"[""96"", ""60"", ""53"", ""51"", ""62"", ""343"", ""363"", ""220"", ""147"", ""364"", ""144"", ""145"", ""143"", ""142"", ""52"", ""118"", ""82"", ""83"", ""440"", ""149"", ""32"", ""109"", ""154"", ""398"", ""307"", ""404"", ""322"", ""207"", ""345"", ""274"", ""161"", ""98""]",8a25f0388a1357a17f6ddc6e7729a5594a2bfe7b13dafdd142daa3cc5fbaf16b,"{""boundary"": 12, ""community_rep"": 5, ""degree_core"": 10, ""random_fill"": 5}","{""degree_3_4"": 3, ""degree_5_8"": 1, ""degree_9_plus"": 28}","{""0"": 1, ""1"": 6, ""2"": 3, ""3"": 1, ""4"": 6, ""5"": 1, ""6"": 1, ""7"": 1, ""8"": 1, ""9"": 11}",250,"{""backend"": ""evaluate_m19_theory_calibrated.candidate_features"", ""delta_mode"": ""none"", ""k_max"": 512, ""k_min"": 64, ""variant"": ""conservative""}",250,0.14979029358897544,1.0,1.0,0.004,1.0,"{""dp_17_64"": 0.024, ""dp_257_plus"": 0.888, ""dp_65_256"": 0.088}","{""cn_0"": 0.992, ""cn_1"": 0.008}",0.008,1209.472,sasb_candidate_builder,fc675224d722cb4d73758d34e33df20f18d82294ff1bf976fd81e6967f14aea6,250,fc675224d722cb4d73758d34e33df20f18d82294ff1bf976fd81e6967f14aea6,"{""sasb_builder"": 250}",0,0,0,0,{},0.0,"{""common_neighbor_bin_l1"": 0.0, ""degree_product_bin_l1"": 0.0, ""is_boundary_edge_l1"": 0.0, ""is_bridge_edge_l1"": 0.0, ""is_inter_community_edge_l1"": 0.0, ""is_low_common_neighbor_edge_l1"": 0.0, ""mean_l1"": 0.0}",1,32,32,47.3233602345899,0
realworld_completed,bio_celegans,SASB-candidate,sasb,SASB-structured,20260513,357,early,1.0,1.0,0.0,1,1,0,0.17629629629629628,0.17679012345679013,136,215,136--215,4,8,4,8,32,1,0.3333333333333333,1,0,1,32,"[""96"", ""60"", ""53"", ""51"", ""62"", ""343"", ""363"", ""220"", ""147"", ""364"", ""144"", ""145"", ""143"", ""142"", ""52"", ""118"", ""82"", ""83"", ""440"", ""149"", ""32"", ""109"", ""154"", ""398"", ""307"", ""404"", ""322"", ""214"", ""434"", ""423"", ""321"", ""42""]",0f6ed03b963f09a59b708190c7b746e23b1b67f70c29d0dac36deb537cd07348,"{""boundary"": 12, ""community_rep"": 5, ""degree_core"": 10, ""random_fill"": 5}","{""degree_3_4"": 1, ""degree_5_8"": 4, ""degree_9_plus"": 27}","{""0"": 2, ""1"": 8, ""2"": 1, ""3"": 1, ""4"": 6, ""5"": 1, ""6"": 1, ""7"": 1, ""8"": 1, ""9"": 10}",250,"{""backend"": ""evaluate_m19_theory_calibrated.candidate_features"", ""delta_mode"": ""none"", ""k_max"": 512, ""k_min"": 64, ""variant"": ""conservative""}",250,0.1498800959232614,1.0,1.0,0.004,1.0,"{""dp_17_64"": 0.02, ""dp_257_plus"": 0.892, ""dp_65_256"": 0.088}","{""cn_0"": 0.996, ""cn_1"": 0.004}",0.004,1209.516,sasb_candidate_builder,c9a1298167e2ccb50865c0e35385927cef3e6f008f1733a1b412a4305fda9e7d,250,c9a1298167e2ccb50865c0e35385927cef3e6f008f1733a1b412a4305fda9e7d,"{""sasb_builder"": 250}",0,0,0,0,{},0.0,"{""common_neighbor_bin_l1"": 0.0, ""degree_product_bin_l1"": 0.0, ""is_boundary_edge_l1"": 0.0, ""is_bridge_edge_l1"": 0.0, ""is_inter_community_edge_l1"": 0.0, ""is_low_common_neighbor_edge_l1"": 0.0, ""mean_l1"": 0.0}",1,32,32,33.5054381127451,0
realworld_completed,bio_celegans,SASB-candidate,sasb,SASB-structured,20260513,358,early,1.0,1.0,0.0,1,1,0,0.17679012345679013,0.17728395061728394,305,398,305--398,8,14,8,14,112,1,0.14285714285714285,1,1,0,32,"[""96"", ""60"", ""53"", ""51"", ""62"", ""343"", ""363"", ""220"", ""147"", ""364"", ""144"", ""145"", ""143"", ""142"", ""52"", ""118"", ""82"", ""83"", ""440"", ""149"", ""32"", ""109"", ""154"", ""398"", ""307"", ""404"", ""322"", ""193"", ""74"", ""69"", ""374"", ""168""]",d27bfa0caf36e19f2d590bedd281fa2e4d4a827e8002c701221b89355c0526b3,"{""boundary"": 12, ""community_rep"": 5, ""degree_core"": 10, ""random_fill"": 5}","{""degree_3_4"": 2, ""degree_5_8"": 3, ""degree_9_plus"": 27}","{""0"": 1, ""1"": 9, ""2"": 1, ""3"": 2, ""4"": 5, ""5"": 1, ""6"": 1, ""7"": 1, ""8"": 1, ""9"": 10}",250,"{""backend"": ""evaluate_m19_theory_calibrated.candidate_features"", ""delta_mode"": ""none"", ""k_max"": 512, ""k_min"": 64, ""variant"": ""conservative""}",250,0.14997000599880023,1.0,1.0,0.004,1.0,"{""dp_17_64"": 0.016, ""dp_257_plus"": 0.892, ""dp_65_256"": 0.092}","{""cn_0"": 0.996, ""cn_1"": 0.004}",0.004,1208.412,sasb_candidate_builder,57b6c945ca391bd918d0933cae28d25e8e5a2bc3fc4640706973fad179dbea60,250,57b6c945ca391bd918d0933cae28d25e8e5a2bc3fc4640706973fad179dbea60,"{""sasb_builder"": 250}",0,0,0,0,{},0.0,"{""common_neighbor_bin_l1"": 0.0, ""degree_product_bin_l1"": 0.0, ""is_boundary_edge_l1"": 0.0, ""is_bridge_edge_l1"": 0.0, ""is_inter_community_edge_l1"": 0.0, ""is_low_common_neighbor_edge_l1"": 0.0, ""mean_l1"": 0.0}",1,32,32,2243.1761579326017,0
realworld_completed,bio_celegans,SASB-candidate,sasb,SASB-structured,20260513,359,early,1.0,1.0,0.0,1,1,0,0.17728395061728394,0.17777777777777778,324,364,324--364,6,22,6,22,132,2,0.4,1,4,6,32,"[""96"", ""60"", ""53"", ""51"", ""62"", ""343"", ""363"", ""220"", ""147"", ""364"", ""144"", ""145"", ""143"", ""142"", ""52"", ""118"", ""82"", ""83"", ""440"", ""149"", ""32"", ""109"", ""154"", ""398"", ""307"", ""404"", ""322"", ""117"", ""425"", ""369"", ""28"", ""248""]",63eb9327c658c22cd9aa91a82be16eeb4353ccb66d8592415313918ac3a36d28,"{""boundary"": 12, ""community_rep"": 5, ""degree_core"": 10, ""random_fill"": 5}","{""degree_3_4"": 3, ""degree_5_8"": 2, ""degree_9_plus"": 27}","{""0"": 1, ""1"": 6, ""2"": 1, ""3"": 1, ""4"": 6, ""5"": 1, ""6"": 1, ""7"": 1, ""8"": 1, ""9"": 13}",250,"{""backend"": ""evaluate_m19_theory_calibrated.candidate_features"", ""delta_mode"": ""none"", ""k_max"": 512, ""k_min"": 64, ""variant"": ""conservative""}",250,0.15006002400960383,1.0,1.0,0.004,0.996,"{""dp_17_64"": 0.016, ""dp_257_plus"": 0.892, ""dp_65_256"": 0.092}","{""cn_0"": 0.996, ""cn_2_3"": 0.004}",0.008,1208.492,sasb_candidate_builder,b7c04b7f11335ca89fef27bbfd28d8913e95289ab2574abae79e05f896491053,250,b7c04b7f11335ca89fef27bbfd28d8913e95289ab2574abae79e05f896491053,"{""sasb_builder"": 250}",0,0,0,0,{},0.0,"{""common_neighbor_bin_l1"": 0.0, ""degree_product_bin_l1"": 0.0, ""is_boundary_edge_l1"": 0.0, ""is_bridge_edge_l1"": 0.0, ""is_inter_community_edge_l1"": 0.0, ""is_low_common_neighbor_edge_l1"": 0.0, ""mean_l1"": 0.0}",1,32,32,265.3700566168113,0
realworld_completed,bio_celegans,SASB-candidate,sasb,SASB-structured,20260513,360,early,1.0,1.0,0.0,1,1,0,0.17777777777777778,0.1782716049382716,147,381,147--381,40,6,6,40,240,2,0.4,1,2,6,32,"[""96"", ""53"", ""60"", ""51"", ""62"", ""343"", ""220"", ""147"", ""363"", ""364"", ""143"", ""144"", ""142"", ""145"", ""52"", ""118"", ""82"", ""83"", ""440"", ""149"", ""32"", ""109"", ""154"", ""398"", ""85"", ""307"", ""404"", ""58"", ""252"", ""448"", ""394"", ""310""]",b9d8950e31e823b760131520121d440582e66fe674a760251b409cb8304daf29,"{""boundary"": 12, ""community_rep"": 5, ""degree_core"": 10, ""random_fill"": 5}","{""degree_3_4"": 4, ""degree_5_8"": 2, ""degree_9_plus"": 26}","{""0"": 1, ""1"": 7, ""2"": 10, ""3"": 1, ""4"": 6, ""5"": 1, ""6"": 1, ""7"": 2, ""8"": 2, ""9"": 1}",250,"{""backend"": ""evaluate_m19_theory_calibrated.candidate_features"", ""delta_mode"": ""none"", ""k_max"": 512, ""k_min"": 64, ""variant"": ""conservative""}",250,0.15015015015015015,1.0,1.0,0.004,0.996,"{""dp_17_64"": 0.016, ""dp_257_plus"": 0.892, ""dp_65_256"": 0.092}","{""cn_0"": 0.996, ""cn_2_3"": 0.004}",0.008,1211.828,sasb_candidate_builder,37e03558afb20c6e42e9f9c048858f142349110d2bb50160378bf73c0aea1e82,250,37e03558afb20c6e42e9f9c048858f142349110d2bb50160378bf73c0aea1e82,"{""sasb_builder"": 250}",0,0,0,0,{},0.0,"{""common_neighbor_bin_l1"": 0.0, ""degree_product_bin_l1"": 0.0, ""is_boundary_edge_l1"": 0.0, ""is_bridge_edge_l1"": 0.0, ""is_inter_community_edge_l1"": 0.0, ""is_low_common_neighbor_edge_l1"": 0.0, ""mean_l1"": 0.0}",1,32,32,182.7258883689995,0
realworld_completed,bio_celegans,SASB-candidate,sasb,SASB-structured,20260513,361,early,1.0,1.0,0.0,1,1,0,0.1782716049382716,0.17876543209876544,116,147,116--147,3,39,3,39,117,0,0.0,1,6,3,32,"[""96"", ""53"", ""60"", ""51"", ""62"", ""343"", ""220"", ""363"", ""147"", ""364"", ""143"", ""144"", ""142"", ""145"", ""52"", ""118"", ""82"", ""83"", ""440"", ""149"", ""32"", ""109"", ""154"", ""398"", ""85"", ""307"", ""404"", ""35"", ""216"", ""203"", ""388"", ""265""]",07a8d014068ccd0ebfff614d5ed6bd6950d1d1ec1e92c4a6a224a5b578b4b600,"{""boundary"": 12, ""community_rep"": 5, ""degree_core"": 10, ""random_fill"": 5}","{""degree_2"": 1, ""degree_3_4"": 3, ""degree_5_8"": 2, ""degree_9_plus"": 26}","{""0"": 1, ""1"": 7, ""2"": 10, ""3"": 1, ""4"": 5, ""5"": 2, ""6"": 2, ""7"": 2, ""8"": 1, ""9"": 1}",250,"{""backend"": ""evaluate_m19_theory_calibrated.candidate_features"", ""delta_mode"": ""none"", ""k_max"": 512, ""k_min"": 64, ""variant"": ""conservative""}",250,0.1502403846153846,1.0,1.0,0.004,1.0,"{""dp_17_64"": 0.012, ""dp_257_plus"": 0.892, ""dp_65_256"": 0.096}","{""cn_0"": 1.0}",0.0,1210.048,sasb_candidate_builder,05b6bc085b6e3c994519bee2c1f2af15dea56f16a3e65c1be54e47016a54376b,250,05b6bc085b6e3c994519bee2c1f2af15dea56f16a3e65c1be54e47016a54376b,"{""sasb_builder"": 250}",0,0,0,0,{},0.0,"{""common_neighbor_bin_l1"": 0.0, ""degree_product_bin_l1"": 0.0, ""is_boundary_edge_l1"": 0.0, ""is_bridge_edge_l1"": 0.0, ""is_inter_community_edge_l1"": 0.0, ""is_low_common_neighbor_edge_l1"": 0.0, ""mean_l1"": 0.0}",1,32,32,313.61831180915334,0
realworld_completed,bio_celegans,SASB-candidate,sasb,SASB-structured,20260513,362,early,1.0,1.0,0.0,1,1,0,0.17876543209876544,0.17925925925925926,127,96,127--96,3,178,3,178,534,0,0.0,1,6,8,32,"[""96"", ""53"", ""60"", ""51"", ""62"", ""343"", ""220"", ""363"", ""364"", ""143"", ""144"", ""145"", ""142"", ""147"", ""52"", ""118"", ""82"", ""83"", ""440"", ""149"", ""32"", ""109"", ""154"", ""398"", ""85"", ""307"", ""404"", ""386"", ""164"", ""360"", ""339"", ""72""]",54ddcc3917e54582c49a69e8a1bec9c238bd4b529da995ce91703fd00665c402,"{""boundary"": 12, ""community_rep"": 5, ""degree_core"": 10, ""random_fill"": 5}","{""degree_2"": 1, ""degree_3_4"": 3, ""degree_5_8"": 2, ""degree_9_plus"": 26}","{""0"": 1, ""1"": 7, ""2"": 9, ""3"": 1, ""4"": 5, ""5"": 2, ""6"": 1, ""7"": 3, ""8"": 1, ""9"": 2}",250,"{""backend"": ""evaluate_m19_theory_calibrated.candidate_features"", ""delta_mode"": ""none"", ""k_max"": 512, ""k_min"": 64, ""variant"": ""conservative""}",250,0.15033072760072158,1.0,1.0,0.004,1.0,"{""dp_17_64"": 0.016, ""dp_257_plus"": 0.892, ""dp_65_256"": 0.092}","{""cn_0"": 1.0}",0.0,1208.788,sasb_candidate_builder,e33456d0fb0a961b4a89a05ebbb9fe58d995f129b63f2fecb1e764771afb83bf,250,e33456d0fb0a961b4a89a05ebbb9fe58d995f129b63f2fecb1e764771afb83bf,"{""sasb_builder"": 250}",0,0,0,0,{},0.0,"{""common_neighbor_bin_l1"": 0.0, ""degree_product_bin_l1"": 0.0, ""is_boundary_edge_l1"": 0.0, ""is_bridge_edge_l1"": 0.0, ""is_inter_community_edge_l1"": 0.0, ""is_low_common_neighbor_edge_l1"": 0.0, ""mean_l1"": 0.0}",1,32,32,0.0,0
realworld_completed,bio_celegans,SASB-candidate,sasb,SASB-structured,20260513,363,early,1.0,1.0,0.0,1,1,0,0.17925925925925926,0.1797530864197531,142,64,142--64,60,10,10,60,600,2,0.2222222222222222,1,1,0,32,"[""96"", ""53"", ""60"", ""51"", ""62"", ""343"", ""220"", ""363"", ""364"", ""143"", ""144"", ""145"", ""142"", ""147"", ""52"", ""118"", ""82"", ""83"", ""440"", ""149"", ""32"", ""109"", ""154"", ""398"", ""85"", ""307"", ""404"", ""438"", ""234"", ""261"", ""120"", ""267""]",c98b4bb68c4b1437cf7f53126003c9df43b4becc32b2c19d7e2e6b64606845a5,"{""boundary"": 12, ""community_rep"": 5, ""degree_core"": 10, ""random_fill"": 5}","{""degree_3_4"": 3, ""degree_5_8"": 2, ""degree_9_plus"": 27}","{""0"": 1, ""1"": 8, ""2"": 11, ""3"": 1, ""4"": 5, ""5"": 1, ""6"": 1, ""7"": 1, ""8"": 2, ""9"": 1}",250,"{""backend"": ""evaluate_m19_theory_calibrated.candidate_features"", ""delta_mode"": ""none"", ""k_max"": 512, ""k_min"": 64, ""variant"": ""conservative""}",250,0.15042117930204574,1.0,1.0,0.004,1.0,"{""dp_17_64"": 0.016, ""dp_257_plus"": 0.892, ""dp_65_256"": 0.092}","{""cn_0"": 1.0}",0.0,1203.384,sasb_candidate_builder,b07ea9de56baa2f0f618c4c17acd9f61ac70fbe03032e24abc4c5f6b5809e495,250,b07ea9de56baa2f0f618c4c17acd9f61ac70fbe03032e24abc4c5f6b5809e495,"{""sasb_builder"": 250}",0,0,0,0,{},0.0,"{""common_neighbor_bin_l1"": 0.0, ""degree_product_bin_l1"": 0.0, ""is_boundary_edge_l1"": 0.0, ""is_bridge_edge_l1"": 0.0, ""is_inter_community_edge_l1"": 0.0, ""is_low_common_neighbor_edge_l1"": 0.0, ""mean_l1"": 0.0}",1,32,32,0.0,0
realworld_completed,bio_celegans,SASB-candidate,sasb,SASB-structured,20260513,364,early,1.0,1.0,0.0,1,1,0,0.1797530864197531,0.18024691358024691,12,370,12--370,3,6,3,6,18,0,0.0,1,0,1,32,"[""96"", ""53"", ""60"", ""51"", ""62"", ""343"", ""220"", ""363"", ""364"", ""143"", ""144"", ""145"", ""142"", ""147"", ""52"", ""118"", ""82"", ""83"", ""440"", ""149"", ""32"", ""109"", ""154"", ""398"", ""85"", ""307"", ""404"", ""19"", ""320"", ""379"", ""408"", ""178""]",637dc0c15165482a1003d33fd415a543f69ea856a347ed995d04896c1a7d7f5b,"{""boundary"": 12, ""community_rep"": 5, ""degree_core"": 10, ""random_fill"": 5}","{""degree_3_4"": 2, ""degree_5_8"": 4, ""degree_9_plus"": 26}","{""0"": 1, ""1"": 8, ""2"": 10, ""3"": 1, ""4"": 6, ""5"": 1, ""6"": 1, ""7"": 2, ""8"": 1, ""9"": 1}",250,"{""backend"": ""evaluate_m19_theory_calibrated.candidate_features"", ""delta_mode"": ""none"", ""k_max"": 512, ""k_min"": 64, ""variant"": ""conservative""}",250,0.15051173991571343,1.0,1.0,0.004,1.0,"{""dp_17_64"": 0.024, ""dp_257_plus"": 0.884, ""dp_65_256"": 0.092}","{""cn_0"": 1.0}",0.0,1198.352,sasb_candidate_builder,4c742bcae1cdd24e1628731f8f590d5e8fddc0d7897b86c1a8b3f45da6c34792,250,4c742bcae1cdd24e1628731f8f590d5e8fddc0d7897b86c1a8b3f45da6c34792,"{""sasb_builder"": 250}",0,0,0,0,{},0.0,"{""common_neighbor_bin_l1"": 0.0, ""degree_product_bin_l1"": 0.0, ""is_boundary_edge_l1"": 0.0, ""is_bridge_edge_l1"": 0.0, ""is_inter_community_edge_l1"": 0.0, ""is_low_common_neighbor_edge_l1"": 0.0, ""mean_l1"": 0.0}",1,32,32,209.16018420242415,0
realworld_completed,bio_celegans,SASB-candidate,sasb,SASB-structured,20260513,365,early,1.0,1.0,0.0,1,1,0,0.18024691358024691,0.18074074074074073,70,72,70--72,3,6,3,6,18,0,0.0,1,8,1,32,"[""96"", ""53"", ""60"", ""51"", ""62"", ""343"", ""220"", ""363"", ""364"", ""143"", ""144"", ""145"", ""142"", ""147"", ""52"", ""118"", ""82"", ""83"", ""440"", ""149"", ""32"", ""109"", ""154"", ""398"", ""85"", ""307"", ""404"", ""20"", ""40"", ""95"", ""80"", ""382""]",8475afe6104f8ce3dd96931ae91b5a570e2608648995548a87839ac4d0f568a1,"{""boundary"": 12, ""community_rep"": 5, ""degree_core"": 10, ""random_fill"": 5}","{""degree_3_4"": 3, ""degree_5_8"": 2, ""degree_9_plus"": 27}","{""0"": 1, ""1"": 8, ""2"": 10, ""3"": 1, ""4"": 5, ""5"": 2, ""6"": 1, ""7"": 1, ""8"": 2, ""9"": 1}",250,"{""backend"": ""evaluate_m19_theory_calibrated.candidate_features"", ""delta_mode"": ""none"", ""k_max"": 512, ""k_min"": 64, ""variant"": ""conservative""}",250,0.15060240963855423,1.0,1.0,0.004,1.0,"{""dp_17_64"": 0.024, ""dp_257_plus"": 0.884, ""dp_65_256"": 0.092}","{""cn_0"": 1.0}",0.0,1197.748,sasb_candidate_builder,763a36b47187184b482f14d8709c03db26467035827976582322da6ae27392e8,250,763a36b47187184b482f14d8709c03db26467035827976582322da6ae27392e8,"{""sasb_builder"": 250}",0,0,0,0,{},0.0,"{""common_neighbor_bin_l1"": 0.0, ""degree_product_bin_l1"": 0.0, ""is_boundary_edge_l1"": 0.0, ""is_bridge_edge_l1"": 0.0, ""is_inter_community_edge_l1"": 0.0, ""is_low_common_neighbor_edge_l1"": 0.0, ""mean_l1"": 0.0}",1,32,32,104.11563140377797,0
realworld_completed,bio_celegans,SASB-candidate,sasb,SASB-structured,20260513,366,early,1.0,1.0,0.0,1,1,0,0.18074074074074073,0.18123456790123457,142,96,142--96,59,177,59,177,10443,25,0.43103448275862066,1,1,0,32,"[""96"", ""53"", ""60"", ""51"", ""62"", ""343"", ""220"", ""363"", ""364"", ""143"", ""144"", ""145"", ""142"", ""147"", ""52"", ""118"", ""82"", ""83"", ""440"", ""149"", ""32"", ""109"", ""154"", ""398"", ""85"", ""307"", ""404"", ""260"", ""452"", ""415"", ""330"", ""64""]",df954b5c89be5663371603c1730953977dc02417ef31d8c786905b6dd22ed838,"{""boundary"": 12, ""community_rep"": 5, ""degree_core"": 10, ""random_fill"": 5}","{""degree_3_4"": 4, ""degree_5_8"": 1, ""degree_9_plus"": 27}","{""0"": 1, ""1"": 7, ""2"": 11, ""3"": 1, ""4"": 5, ""5"": 1, ""6"": 1, ""7"": 2, ""8"": 1, ""9"": 2}",250,"{""backend"": ""evaluate_m19_theory_calibrated.candidate_features"", ""delta_mode"": ""none"", ""k_max"": 512, ""k_min"": 64, ""variant"": ""conservative""}",250,0.1506931886678722,1.0,1.0,0.004,1.0,"{""dp_17_64"": 0.016, ""dp_257_plus"": 0.888, ""dp_5_16"": 0.004, ""dp_65_256"": 0.092}","{""cn_0"": 1.0}",0.0,1199.12,sasb_candidate_builder,9289a5fe86a38bfa5ed120ffd884a0043731f4a6468c7f053df03c4dec5ba1a2,250,9289a5fe86a38bfa5ed120ffd884a0043731f4a6468c7f053df03c4dec5ba1a2,"{""sasb_builder"": 250}",0,0,0,0,{},0.0,"{""common_neighbor_bin_l1"": 0.0, ""degree_product_bin_l1"": 0.0, ""is_boundary_edge_l1"": 0.0, ""is_bridge_edge_l1"": 0.0, ""is_inter_community_edge_l1"": 0.0, ""is_low_common_neighbor_edge_l1"": 0.0, ""mean_l1"": 0.0}",1,32,32,0.0,0
realworld_completed,bio_celegans,SASB-candidate,sasb,SASB-structured,20260513,367,early,1.0,1.0,0.0,1,1,0,0.18123456790123457,0.1817283950617284,109,26,109--26,20,4,4,20,80,0,0.0,1,3,1,32,"[""96"", ""53"", ""60"", ""51"", ""62"", ""343"", ""220"", ""363"", ""364"", ""143"", ""144"", ""145"", ""142"", ""147"", ""52"", ""118"", ""82"", ""83"", ""440"", ""149"", ""32"", ""109"", ""154"", ""398"", ""85"", ""307"", ""404"", ""292"", ""203"", ""3"", ""58"", ""325""]",bfd9a69bbd68883968247df3c4b2e98dc3f56e29d9b7151d3b52016a6f634704,"{""boundary"": 12, ""community_rep"": 5, ""degree_core"": 10, ""random_fill"": 5}","{""degree_3_4"": 4, ""degree_5_8"": 1, ""degree_9_plus"": 27}","{""0"": 1, ""1"": 7, ""2"": 10, ""3"": 1, ""4"": 6, ""5"": 1, ""6"": 2, ""7"": 2, ""8"": 1, ""9"": 1}",250,"{""backend"": ""evaluate_m19_theory_calibrated.candidate_features"", ""delta_mode"": ""none"", ""k_max"": 512, ""k_min"": 64, ""variant"": ""conservative""}",250,0.15078407720144751,1.0,1.0,0.004,1.0,"{""dp_17_64"": 0.016, ""dp_257_plus"": 0.884, ""dp_5_16"": 0.004, ""dp_65_256"": 0.096}","{""cn_0"": 1.0}",0.0,1153.132,sasb_candidate_builder,1298933d7bf391a81f89c1fc3c8fa6b96e46cad46a6eee19b479dcbdbef198dc,250,1298933d7bf391a81f89c1fc3c8fa6b96e46cad46a6eee19b479dcbdbef198dc,"{""sasb_builder"": 250}",0,0,0,0,{},0.0,"{""common_neighbor_bin_l1"": 0.0, ""degree_product_bin_l1"": 0.0, ""is_boundary_edge_l1"": 0.0, ""is_bridge_edge_l1"": 0.0, ""is_inter_community_edge_l1"": 0.0, ""is_low_common_neighbor_edge_l1"": 0.0, ""mean_l1"": 0.0}",1,32,32,0.0,0
realworld_completed,bio_celegans,SASB-candidate,sasb,SASB-structured,20260513,368,early,1.0,1.0,0.0,1,1,0,0.1817283950617284,0.18222222222222223,142,98,142--98,58,13,13,58,754,1,0.08333333333333333,1,1,3,32,"[""96"", ""53"", ""60"", ""51"", ""62"", ""343"", ""220"", ""363"", ""364"", ""143"", ""144"", ""145"", ""142"", ""147"", ""52"", ""118"", ""82"", ""83"", ""440"", ""149"", ""32"", ""121"", ""154"", ""398"", ""85"", ""307"", ""404"", ""186"", ""385"", ""93"", ""110"", ""102""]",ee63076dea2585e9b9c76749529bf871dfc88a465890b3e06a002a6914b3a028,"{""boundary"": 12, ""community_rep"": 5, ""degree_core"": 10, ""random_fill"": 5}","{""degree_3_4"": 3, ""degree_5_8"": 2, ""degree_9_plus"": 27}","{""0"": 1, ""1"": 8, ""2"": 10, ""3"": 1, ""4"": 5, ""5"": 1, ""6"": 2, ""7"": 2, ""8"": 1, ""9"": 1}",249,"{""backend"": ""evaluate_m19_theory_calibrated.candidate_features"", ""delta_mode"": ""none"", ""k_max"": 512, ""k_min"": 64, ""variant"": ""conservative""}",249,0.15027157513578757,1.0,1.0,0.004016064257028112,1.0,"{""dp_17_64"": 0.01606425702811245, ""dp_257_plus"": 0.8875502008032129, ""dp_5_16"": 0.004016064257028112, ""dp_65_256"": 0.09236947791164658}","{""cn_0"": 1.0}",0.0,1157.441767068273,sasb_candidate_builder,ddccc7e13141cfb3b6bafd348acffda83fd995ba6ba161bfb1b24cd9b0e53c4f,249,ddccc7e13141cfb3b6bafd348acffda83fd995ba6ba161bfb1b24cd9b0e53c4f,"{""sasb_builder"": 249}",0,0,0,0,{},0.0,"{""common_neighbor_bin_l1"": 0.0, ""degree_product_bin_l1"": 0.0, ""is_boundary_edge_l1"": 0.0, ""is_bridge_edge_l1"": 0.0, ""is_inter_community_edge_l1"": 0.0, ""is_low_common_neighbor_edge_l1"": 0.0, ""mean_l1"": 0.0}",1,32,32,0.0,0
realworld_completed,bio_celegans,SASB-candidate,sasb,SASB-structured,20260513,369,early,1.0,1.0,0.0,1,1,0,0.18222222222222223,0.18271604938271604,143,60,143--60,61,46,46,61,2806,8,0.17777777777777778,1,1,4,32,"[""96"", ""53"", ""60"", ""51"", ""62"", ""343"", ""220"", ""363"", ""364"", ""143"", ""144"", ""145"", ""142"", ""147"", ""52"", ""118"", ""82"", ""83"", ""440"", ""149"", ""32"", ""121"", ""154"", ""398"", ""85"", ""307"", ""404"", ""36"", ""366"", ""79"", ""98"", ""68""]",d075c7d45d806a2beba43500dba592a9711221daa843b3a069851f7d46be85d0,"{""boundary"": 12, ""community_rep"": 5, ""degree_core"": 10, ""random_fill"": 5}","{""degree_3_4"": 3, ""degree_5_8"": 2, ""degree_9_plus"": 27}","{""0"": 3, ""1"": 6, ""2"": 11, ""3"": 1, ""4"": 5, ""5"": 1, ""6"": 1, ""7"": 1, ""8"": 2, ""9"": 1}",249,"{""backend"": ""evaluate_m19_theory_calibrated.candidate_features"", ""delta_mode"": ""none"", ""k_max"": 512, ""k_min"": 64, ""variant"": ""conservative""}",249,0.1503623188405797,1.0,1.0,0.004016064257028112,1.0,"{""dp_17_64"": 0.01606425702811245, ""dp_257_plus"": 0.8875502008032129, ""dp_5_16"": 0.004016064257028112, ""dp_65_256"": 0.09236947791164658}","{""cn_0"": 1.0}",0.0,1154.9317269076305,sasb_candidate_builder,128cf1cf2eb21ff47fdc79e959841e277c043de76f46ee6b15f16046f7108377,249,128cf1cf2eb21ff47fdc79e959841e277c043de76f46ee6b15f16046f7108377,"{""sasb_builder"": 249}",0,0,0,0,{},0.0,"{""common_neighbor_bin_l1"": 0.0, ""degree_product_bin_l1"": 0.0, ""is_boundary_edge_l1"": 0.0, ""is_bridge_edge_l1"": 0.0, ""is_inter_community_edge_l1"": 0.0, ""is_low_common_neighbor_edge_l1"": 0.0, ""mean_l1"": 0.0}",1,32,32,0.0,0
realworld_completed,bio_celegans,SASB-candidate,sasb,SASB-structured,20260513,370,early,1.0,1.0,0.0,1,1,0,0.18271604938271604,0.1832098765432099,136,96,136--96,3,176,3,176,528,2,1.0,1,6,0,32,"[""96"", ""53"", ""60"", ""51"", ""62"", ""343"", ""220"", ""144"", ""145"", ""363"", ""364"", ""147"", ""143"", ""142"", ""52"", ""118"", ""82"", ""83"", ""440"", ""149"", ""32"", ""121"", ""154"", ""85"", ""398"", ""307"", ""404"", ""337"", ""49"", ""184"", ""155"", ""207""]",50252fbbcb04d92298ef8765d6f7219383b7aa8c84fb790c07a3b643a031e413,"{""boundary"": 12, ""community_rep"": 5, ""degree_core"": 10, ""random_fill"": 5}","{""degree_2"": 1, ""degree_3_4"": 2, ""degree_5_8"": 2, ""degree_9_plus"": 27}","{""0"": 1, ""1"": 7, ""2"": 1, ""3"": 10, ""4"": 8, ""5"": 1, ""6"": 1, ""7"": 1, ""8"": 1, ""9"": 1}",249,"{""backend"": ""evaluate_m19_theory_calibrated.candidate_features"", ""delta_mode"": ""none"", ""k_max"": 512, ""k_min"": 64, ""variant"": ""conservative""}",249,0.15045317220543808,1.0,1.0,0.004016064257028112,1.0,"{""dp_17_64"": 0.008032128514056224, ""dp_257_plus"": 0.8835341365461847, ""dp_5_16"": 0.004016064257028112, ""dp_65_256"": 0.10441767068273092}","{""cn_0"": 1.0}",0.0,1142.0803212851406,sasb_candidate_builder,6a6f5bdfb650d604c53e110b948947adfb3a38b0ac58253403ecf11172758288,249,6a6f5bdfb650d604c53e110b948947adfb3a38b0ac58253403ecf11172758288,"{""sasb_builder"": 249}",0,0,0,0,{},0.0,"{""common_neighbor_bin_l1"": 0.0, ""degree_product_bin_l1"": 0.0, ""is_boundary_edge_l1"": 0.0, ""is_bridge_edge_l1"": 0.0, ""is_inter_community_edge_l1"": 0.0, ""is_low_common_neighbor_edge_l1"": 0.0, ""mean_l1"": 0.0}",1,32,32,0.0,0
realworld_completed,bio_celegans,SASB-candidate,sasb,SASB-structured,20260513,371,early,1.0,1.0,0.0,1,1,0,0.1832098765432099,0.1837037037037037,143,64,143--64,60,9,9,60,540,1,0.125,1,1,7,32,"[""96"", ""53"", ""60"", ""51"", ""62"", ""343"", ""220"", ""144"", ""145"", ""363"", ""364"", ""147"", ""143"", ""142"", ""52"", ""118"", ""82"", ""83"", ""440"", ""149"", ""32"", ""121"", ""154"", ""85"", ""398"", ""307"", ""404"", ""231"", ""435"", ""30"", ""263"", ""200""]",2479596c6224bfce9b319d393943d7c14cec58c603a3fd443987bc299b9e285d,"{""boundary"": 12, ""community_rep"": 5, ""degree_core"": 10, ""random_fill"": 5}","{""degree_3_4"": 3, ""degree_5_8"": 3, ""degree_9_plus"": 26}","{""0"": 2, ""1"": 7, ""2"": 1, ""3"": 11, ""4"": 6, ""5"": 1, ""6"": 1, ""7"": 1, ""8"": 1, ""9"": 1}",249,"{""backend"": ""evaluate_m19_theory_calibrated.candidate_features"", ""delta_mode"": ""none"", ""k_max"": 512, ""k_min"": 64, ""variant"": ""conservative""}",249,0.1505441354292624,1.0,1.0,0.004016064257028112,1.0,"{""dp_17_64"": 0.008032128514056224, ""dp_257_plus"": 0.8835341365461847, ""dp_5_16"": 0.004016064257028112, ""dp_65_256"": 0.10441767068273092}","{""cn_0"": 1.0}",0.0,1137.0562248995984,sasb_candidate_builder,7c9396ce7a6cbca14ab2ea842bd6d6c13b0251f81617f40747a8846f6bb8121f,249,7c9396ce7a6cbca14ab2ea842bd6d6c13b0251f81617f40747a8846f6bb8121f,"{""sasb_builder"": 249}",0,0,0,0,{},0.0,"{""common_neighbor_bin_l1"": 0.0, ""degree_product_bin_l1"": 0.0, ""is_boundary_edge_l1"": 0.0, ""is_bridge_edge_l1"": 0.0, ""is_inter_community_edge_l1"": 0.0, ""is_low_common_neighbor_edge_l1"": 0.0, ""mean_l1"": 0.0}",1,32,32,0.0,0
realworld_completed,bio_celegans,SASB-candidate,sasb,SASB-structured,20260513,372,early,1.0,1.0,0.0,1,1,0,0.1837037037037037,0.18419753086419752,143,96,143--96,59,175,59,175,10325,24,0.41379310344827586,1,1,0,32,"[""96"", ""53"", ""60"", ""51"", ""62"", ""343"", ""220"", ""144"", ""145"", ""363"", ""364"", ""147"", ""143"", ""142"", ""52"", ""118"", ""82"", ""83"", ""440"", ""149"", ""32"", ""121"", ""154"", ""85"", ""398"", ""307"", ""404"", ""449"", ""275"", ""266"", ""185"", ""258""]",4da1ccf9625cd66f0ec1f8bbd5edd09c660ff964eff89f563b9f848686682679,"{""boundary"": 12, ""community_rep"": 5, ""degree_core"": 10, ""random_fill"": 5}","{""degree_2"": 1, ""degree_3_4"": 4, ""degree_5_8"": 1, ""degree_9_plus"": 26}","{""0"": 2, ""1"": 6, ""2"": 1, ""3"": 11, ""4"": 5, ""5"": 1, ""6"": 1, ""7"": 3, ""8"": 1, ""9"": 1}",249,"{""backend"": ""evaluate_m19_theory_calibrated.candidate_features"", ""delta_mode"": ""none"", ""k_max"": 512, ""k_min"": 64, ""variant"": ""conservative""}",249,0.15063520871143377,1.0,1.0,0.004016064257028112,1.0,"{""dp_17_64"": 0.012048192771084338, ""dp_257_plus"": 0.8795180722891566, ""dp_5_16"": 0.004016064257028112, ""dp_65_256"": 0.10441767068273092}","{""cn_0"": 1.0}",0.0,1134.0200803212851,sasb_candidate_builder,f56c16d17c1a953501ed40dda144597e803fb50f48da9c363f4331fe61202052,249,f56c16d17c1a953501ed40dda144597e803fb50f48da9c363f4331fe61202052,"{""sasb_builder"": 249}",0,0,0,0,{},0.0,"{""common_neighbor_bin_l1"": 0.0, ""degree_product_bin_l1"": 0.0, ""is_boundary_edge_l1"": 0.0, ""is_bridge_edge_l1"": 0.0, ""is_inter_community_edge_l1"": 0.0, ""is_low_common_neighbor_edge_l1"": 0.0, ""mean_l1"": 0.0}",1,32,32,0.0,0
realworld_completed,bio_celegans,SASB-candidate,sasb,SASB-structured,20260513,373,early,1.0,1.0,0.0,1,1,0,0.18419753086419752,0.18469135802469136,143,98,143--98,58,12,12,58,696,0,0.0,1,1,3,32,"[""96"", ""53"", ""60"", ""51"", ""62"", ""343"", ""220"", ""144"", ""145"", ""363"", ""364"", ""147"", ""143"", ""142"", ""52"", ""118"", ""82"", ""83"", ""440"", ""149"", ""32"", ""121"", ""154"", ""85"", ""398"", ""307"", ""404"", ""302"", ""198"", ""356"", ""358"", ""311""]",ec40953946321bf06fa05c1a423407109fa678407205cd75d889709e02f703c6,"{""boundary"": 12, ""community_rep"": 5, ""degree_core"": 10, ""random_fill"": 5}","{""degree_2"": 2, ""degree_3_4"": 3, ""degree_9_plus"": 27}","{""0"": 1, ""1"": 7, ""2"": 1, ""3"": 11, ""4"": 5, ""5"": 2, ""6"": 1, ""7"": 1, ""8"": 2, ""9"": 1}",249,"{""backend"": ""evaluate_m19_theory_calibrated.candidate_features"", ""delta_mode"": ""none"", ""k_max"": 512, ""k_min"": 64, ""variant"": ""conservative""}",249,0.15072639225181597,1.0,1.0,0.004016064257028112,1.0,"{""dp_17_64"": 0.012048192771084338, ""dp_257_plus"": 0.8795180722891566, ""dp_5_16"": 0.004016064257028112, ""dp_65_256"": 0.10441767068273092}","{""cn_0"": 1.0}",0.0,1089.7309236947792,sasb_candidate_builder,faf8f4bbd9ff57eb5629d70adb4be5ef910be7e2161dab506c941dd50ae2c24d,249,faf8f4bbd9ff57eb5629d70adb4be5ef910be7e2161dab506c941dd50ae2c24d,"{""sasb_builder"": 249}",0,0,0,0,{},0.0,"{""common_neighbor_bin_l1"": 0.0, ""degree_product_bin_l1"": 0.0, ""is_boundary_edge_l1"": 0.0, ""is_bridge_edge_l1"": 0.0, ""is_inter_community_edge_l1"": 0.0, ""is_low_common_neighbor_edge_l1"": 0.0, ""mean_l1"": 0.0}",1,32,32,0.0,0
realworld_completed,bio_celegans,SASB-candidate,sasb,SASB-structured,20260513,374,early,1.0,1.0,0.0,1,1,0,0.18469135802469136,0.18518518518518517,144,32,144--32,52,21,21,52,1092,2,0.1,1,1,3,32,"[""96"", ""53"", ""60"", ""51"", ""62"", ""343"", ""220"", ""144"", ""145"", ""363"", ""364"", ""147"", ""142"", ""143"", ""52"", ""118"", ""82"", ""83"", ""440"", ""149"", ""32"", ""121"", ""154"", ""85"", ""398"", ""307"", ""404"", ""190"", ""110"", ""94"", ""166"", ""292""]",506ec41508f8ca39639386affc037dc6fa8e4e8121d3c5c4138dc3381f749cfe,"{""boundary"": 12, ""community_rep"": 5, ""degree_core"": 10, ""random_fill"": 5}","{""degree_3_4"": 2, ""degree_5_8"": 3, ""degree_9_plus"": 27}","{""0"": 1, ""1"": 8, ""2"": 1, ""3"": 10, ""4"": 5, ""5"": 1, ""6"": 2, ""7"": 1, ""8"": 2, ""9"": 1}",249,"{""backend"": ""evaluate_m19_theory_calibrated.candidate_features"", ""delta_mode"": ""none"", ""k_max"": 512, ""k_min"": 64, ""variant"": ""conservative""}",249,0.15081768625075712,1.0,1.0,0.004016064257028112,1.0,"{""dp_17_64"": 0.012048192771084338, ""dp_257_plus"": 0.8795180722891566, ""dp_5_16"": 0.004016064257028112, ""dp_65_256"": 0.10441767068273092}","{""cn_0"": 1.0}",0.0,1087.698795180723,sasb_candidate_builder,7e266d6dda12c75ac8430de618e629a1a57b7d5e3adc3e7ec4f1c9b0434e4311,249,7e266d6dda12c75ac8430de618e629a1a57b7d5e3adc3e7ec4f1c9b0434e4311,"{""sasb_builder"": 249}",0,0,0,0,{},0.0,"{""common_neighbor_bin_l1"": 0.0, ""degree_product_bin_l1"": 0.0, ""is_boundary_edge_l1"": 0.0, ""is_bridge_edge_l1"": 0.0, ""is_inter_community_edge_l1"": 0.0, ""is_low_common_neighbor_edge_l1"": 0.0, ""mean_l1"": 0.0}",1,32,32,0.0,0
realworld_completed,bio_celegans,SASB-candidate,sasb,SASB-structured,20260513,375,early,1.0,1.0,0.0,1,1,0,0.18518518518518517,0.18567901234567902,223,339,223--339,6,6,6,6,36,2,0.4,1,2,9,32,"[""96"", ""53"", ""60"", ""51"", ""62"", ""343"", ""220"", ""145"", ""363"", ""364"", ""144"", ""147"", ""142"", ""143"", ""52"", ""118"", ""82"", ""83"", ""440"", ""149"", ""121"", ""32"", ""154"", ""85"", ""398"", ""307"", ""404"", ""202"", ""70"", ""139"", ""156"", ""217""]",f006833455090a05c6000939aaef104a04684275836e65c70945276f0638dac0,"{""boundary"": 12, ""community_rep"": 5, ""degree_core"": 10, ""random_fill"": 5}","{""degree_2"": 1, ""degree_3_4"": 3, ""degree_5_8"": 1, ""degree_9_plus"": 27}","{""0"": 2, ""1"": 6, ""2"": 1, ""3"": 10, ""4"": 5, ""5"": 1, ""6"": 3, ""7"": 1, ""8"": 1, ""9"": 2}",249,"{""backend"": ""evaluate_m19_theory_calibrated.candidate_features"", ""delta_mode"": ""none"", ""k_max"": 512, ""k_min"": 64, ""variant"": ""conservative""}",249,0.1509090909090909,1.0,1.0,0.004016064257028112,0.9959839357429718,"{""dp_17_64"": 0.01606425702811245, ""dp_257_plus"": 0.8714859437751004, ""dp_5_16"": 0.004016064257028112, ""dp_65_256"": 0.10843373493975904}","{""cn_0"": 0.9959839357429718, ""cn_2_3"": 0.004016064257028112}",0.008032128514056224,1082.2048192771085,sasb_candidate_builder,595e0724cadf2ad239c79328fa68302e967cbfb19874e90eac6d8513e9390741,249,595e0724cadf2ad239c79328fa68302e967cbfb19874e90eac6d8513e9390741,"{""sasb_builder"": 249}",0,0,0,0,{},0.0,"{""common_neighbor_bin_l1"": 0.0, ""degree_product_bin_l1"": 0.0, ""is_boundary_edge_l1"": 0.0, ""is_bridge_edge_l1"": 0.0, ""is_inter_community_edge_l1"": 0.0, ""is_low_common_neighbor_edge_l1"": 0.0, ""mean_l1"": 0.0}",1,32,32,223.25474083438687,0
realworld_completed,bio_celegans,SASB-candidate,sasb,SASB-structured,20260513,376,early,1.0,1.0,0.0,1,1,0,0.18567901234567902,0.18617283950617283,144,49,144--49,51,11,11,51,561,1,0.1,1,1,3,32,"[""96"", ""53"", ""60"", ""51"", ""62"", ""343"", ""220"", ""145"", ""363"", ""364"", ""144"", ""147"", ""142"", ""143"", ""52"", ""118"", ""82"", ""83"", ""440"", ""149"", ""121"", ""32"", ""154"", ""85"", ""398"", ""307"", ""404"", ""310"", ""49"", ""108"", ""173"", ""35""]",abf6442ae2b5aac7f059fe664e5fe59555392acf6e5d214ab4d7675629cba3f8,"{""boundary"": 12, ""community_rep"": 5, ""degree_core"": 10, ""random_fill"": 5}","{""degree_3_4"": 3, ""degree_5_8"": 2, ""degree_9_plus"": 27}","{""0"": 2, ""1"": 6, ""2"": 1, ""3"": 11, ""4"": 5, ""5"": 2, ""6"": 1, ""7"": 1, ""8"": 1, ""9"": 2}",249,"{""backend"": ""evaluate_m19_theory_calibrated.candidate_features"", ""delta_mode"": ""none"", ""k_max"": 512, ""k_min"": 64, ""variant"": ""conservative""}",249,0.15100060642813826,1.0,1.0,0.004016064257028112,1.0,"{""dp_17_64"": 0.012048192771084338, ""dp_257_plus"": 0.8755020080321285, ""dp_5_16"": 0.004016064257028112, ""dp_65_256"": 0.10843373493975904}","{""cn_0"": 1.0}",0.0,1082.0361445783133,sasb_candidate_builder,2ba0dc5c66dcb554c07bd2193fb8c8477b90130555310c32be10d1f45e7c95a8,249,2ba0dc5c66dcb554c07bd2193fb8c8477b90130555310c32be10d1f45e7c95a8,"{""sasb_builder"": 249}",0,0,0,0,{},0.0,"{""common_neighbor_bin_l1"": 0.0, ""degree_product_bin_l1"": 0.0, ""is_boundary_edge_l1"": 0.0, ""is_bridge_edge_l1"": 0.0, ""is_inter_community_edge_l1"": 0.0, ""is_low_common_neighbor_edge_l1"": 0.0, ""mean_l1"": 0.0}",1,32,32,0.0,0
realworld_completed,bio_celegans,SASB-candidate,sasb,SASB-structured,20260513,377,early,1.0,1.0,0.0,1,1,0,0.18617283950617283,0.18666666666666668,383,384,383--384,7,5,5,7,35,1,0.25,1,3,1,32,"[""96"", ""53"", ""60"", ""51"", ""62"", ""343"", ""220"", ""145"", ""363"", ""364"", ""147"", ""149"", ""142"", ""143"", ""144"", ""52"", ""118"", ""82"", ""83"", ""440"", ""121"", ""32"", ""154"", ""85"", ""398"", ""307"", ""404"", ""173"", ""310"", ""192"", ""300"", ""291""]",d02c044e0c61cc96cf8e6f0c43179f56a15fb84d9428b83fdb3f06d3fa04adac,"{""boundary"": 12, ""community_rep"": 5, ""degree_core"": 10, ""random_fill"": 5}","{""degree_3_4"": 3, ""degree_5_8"": 3, ""degree_9_plus"": 26}","{""0"": 2, ""1"": 7, ""2"": 1, ""3"": 9, ""4"": 6, ""5"": 1, ""6"": 2, ""7"": 1, ""8"": 1, ""9"": 2}",249,"{""backend"": ""evaluate_m19_theory_calibrated.candidate_features"", ""delta_mode"": ""none"", ""k_max"": 512, ""k_min"": 64, ""variant"": ""conservative""}",249,0.15109223300970873,1.0,1.0,0.004016064257028112,1.0,"{""dp_17_64"": 0.020080321285140562, ""dp_257_plus"": 0.8674698795180723, ""dp_5_16"": 0.004016064257028112, ""dp_65_256"": 0.10843373493975904}","{""cn_0"": 0.9919678714859438, ""cn_1"": 0.008032128514056224}",0.008032128514056224,1077.4096385542168,sasb_candidate_builder,a0490874dfe8adaea94e3369d998dff0e4ae4e1eb87b94f84fedc3b19325ade4,249,a0490874dfe8adaea94e3369d998dff0e4ae4e1eb87b94f84fedc3b19325ade4,"{""sasb_builder"": 249}",0,0,0,0,{},0.0,"{""common_neighbor_bin_l1"": 0.0, ""degree_product_bin_l1"": 0.0, ""is_boundary_edge_l1"": 0.0, ""is_bridge_edge_l1"": 0.0, ""is_inter_community_edge_l1"": 0.0, ""is_low_common_neighbor_edge_l1"": 0.0, ""mean_l1"": 0.0}",1,32,32,153.70432458166835,0
realworld_completed,bio_celegans,SASB-candidate,sasb,SASB-structured,20260513,378,early,1.0,1.0,0.0,1,1,0,0.18666666666666668,0.1871604938271605,384,424,384--424,4,7,4,7,28,0,0.0,1,1,3,32,"[""96"", ""53"", ""60"", ""51"", ""62"", ""343"", ""220"", ""145"", ""363"", ""364"", ""147"", ""149"", ""142"", ""143"", ""144"", ""52"", ""118"", ""82"", ""83"", ""440"", ""121"", ""32"", ""154"", ""85"", ""398"", ""307"", ""404"", ""14"", ""329"", ""209"", ""212"", ""164""]",83b8fba85b8e863b5974f3888c5f5796c3d6886582f9377d9bdd7f0730e6d2e9,"{""boundary"": 12, ""community_rep"": 5, ""degree_core"": 10, ""random_fill"": 5}","{""degree_2"": 1, ""degree_3_4"": 2, ""degree_5_8"": 3, ""degree_9_plus"": 26}","{""0"": 2, ""1"": 7, ""2"": 1, ""3"": 9, ""4"": 8, ""5"": 1, ""6"": 1, ""7"": 1, ""8"": 1, ""9"": 1}",249,"{""backend"": ""evaluate_m19_theory_calibrated.candidate_features"", ""delta_mode"": ""none"", ""k_max"": 512, ""k_min"": 64, ""variant"": ""conservative""}",249,0.151183970856102,1.0,1.0,0.004016064257028112,1.0,"{""dp_17_64"": 0.01606425702811245, ""dp_257_plus"": 0.8714859437751004, ""dp_5_16"": 0.004016064257028112, ""dp_65_256"": 0.10843373493975904}","{""cn_0"": 1.0}",0.0,1078.686746987952,sasb_candidate_builder,65ea74ac181797a120a892aab1cb2ce69a0ee64f0d8f9a2b905ecf190184ecd0,249,65ea74ac181797a120a892aab1cb2ce69a0ee64f0d8f9a2b905ecf190184ecd0,"{""sasb_builder"": 249}",0,0,0,0,{},0.0,"{""common_neighbor_bin_l1"": 0.0, ""degree_product_bin_l1"": 0.0, ""is_boundary_edge_l1"": 0.0, ""is_bridge_edge_l1"": 0.0, ""is_inter_community_edge_l1"": 0.0, ""is_low_common_neighbor_edge_l1"": 0.0, ""mean_l1"": 0.0}",1,32,32,119.81380094891341,0
realworld_completed,bio_celegans,SASB-candidate,sasb,SASB-structured,20260513,379,early,1.0,1.0,0.0,1,1,0,0.1871604938271605,0.18765432098765433,144,60,144--60,50,45,45,50,2250,7,0.1590909090909091,1,1,4,32,"[""96"", ""53"", ""60"", ""51"", ""62"", ""343"", ""220"", ""145"", ""363"", ""364"", ""147"", ""149"", ""142"", ""143"", ""144"", ""52"", ""118"", ""82"", ""83"", ""440"", ""121"", ""32"", ""154"", ""85"", ""398"", ""307"", ""404"", ""371"", ""242"", ""386"", ""286"", ""231""]",55565632cf8d3f282a4bc765dbb4df3913a6e84e85a3062fbb35889ebb1f025a,"{""boundary"": 12, ""community_rep"": 5, ""degree_core"": 10, ""random_fill"": 5}","{""degree_3_4"": 5, ""degree_5_8"": 1, ""degree_9_plus"": 26}","{""0"": 3, ""1"": 7, ""2"": 2, ""3"": 9, ""4"": 6, ""5"": 1, ""6"": 1, ""7"": 1, ""8"": 1, ""9"": 1}",249,"{""backend"": ""evaluate_m19_theory_calibrated.candidate_features"", ""delta_mode"": ""none"", ""k_max"": 512, ""k_min"": 64, ""variant"": ""conservative""}",249,0.15127582017010935,1.0,1.0,0.004016064257028112,1.0,"{""dp_17_64"": 0.012048192771084338, ""dp_257_plus"": 0.8755020080321285, ""dp_5_16"": 0.004016064257028112, ""dp_65_256"": 0.10843373493975904}","{""cn_0"": 1.0}",0.0,1080.2048192771085,sasb_candidate_builder,6660341a816db94a0f38d246629f787c8f56c819d6c5b0d7eefc9a79117647ea,249,6660341a816db94a0f38d246629f787c8f56c819d6c5b0d7eefc9a79117647ea,"{""sasb_builder"": 249}",0,0,0,0,{},0.0,"{""common_neighbor_bin_l1"": 0.0, ""degree_product_bin_l1"": 0.0, ""is_boundary_edge_l1"": 0.0, ""is_bridge_edge_l1"": 0.0, ""is_inter_community_edge_l1"": 0.0, ""is_low_common_neighbor_edge_l1"": 0.0, ""mean_l1"": 0.0}",1,32,32,0.0,0
realworld_completed,bio_celegans,SASB-candidate,sasb,SASB-structured,20260513,380,early,1.0,1.0,0.0,1,1,0,0.18765432098765433,0.18814814814814815,322,363,322--363,9,44,9,44,396,3,0.375,1,9,3,32,"[""96"", ""53"", ""60"", ""51"", ""62"", ""343"", ""363"", ""220"", ""145"", ""364"", ""147"", ""149"", ""142"", ""143"", ""144"", ""52"", ""118"", ""82"", ""83"", ""440"", ""121"", ""32"", ""154"", ""398"", ""97"", ""404"", ""322"", ""234"", ""315"", ""221"", ""128"", ""40""]",a8dcf857a799309eb9a39e718599a5bd690c679423f245d53b4a5c52f1b7bf84,"{""boundary"": 12, ""community_rep"": 5, ""degree_core"": 10, ""random_fill"": 5}","{""degree_2"": 1, ""degree_3_4"": 2, ""degree_9_plus"": 29}","{""0"": 1, ""1"": 7, ""2"": 1, ""3"": 13, ""4"": 5, ""5"": 1, ""6"": 1, ""7"": 1, ""8"": 1, ""9"": 1}",249,"{""backend"": ""evaluate_m19_theory_calibrated.candidate_features"", ""delta_mode"": ""none"", ""k_max"": 512, ""k_min"": 64, ""variant"": ""conservative""}",249,0.1513677811550152,1.0,1.0,0.004016064257028112,0.9919678714859438,"{""dp_17_64"": 0.01606425702811245, ""dp_257_plus"": 0.8674698795180723, ""dp_5_16"": 0.008032128514056224, ""dp_65_256"": 0.10843373493975904}","{""cn_0"": 0.9919678714859438, ""cn_2_3"": 0.004016064257028112, ""cn_4_8"": 0.004016064257028112}",0.028112449799196786,1060.0281124497992,sasb_candidate_builder,897ec9e8f1033d6941a81da2919f04d251e6e9ca79fc32f842ca25e042a8d7dd,249,897ec9e8f1033d6941a81da2919f04d251e6e9ca79fc32f842ca25e042a8d7dd,"{""sasb_builder"": 249}",0,0,0,0,{},0.0,"{""common_neighbor_bin_l1"": 0.0, ""degree_product_bin_l1"": 0.0, ""is_boundary_edge_l1"": 0.0, ""is_bridge_edge_l1"": 0.0, ""is_inter_community_edge_l1"": 0.0, ""is_low_common_neighbor_edge_l1"": 0.0, ""mean_l1"": 0.0}",1,32,32,2732.180993140103,0
realworld_completed,bio_celegans,SASB-candidate,sasb,SASB-structured,20260513,381,early,1.0,1.0,0.0,1,1,0,0.18814814814814815,0.18864197530864196,103,215,103--215,2,7,2,7,14,0,0.0,1,3,1,32,"[""96"", ""53"", ""60"", ""51"", ""62"", ""343"", ""220"", ""363"", ""145"", ""364"", ""147"", ""149"", ""142"", ""143"", ""144"", ""52"", ""118"", ""82"", ""83"", ""440"", ""121"", ""32"", ""154"", ""398"", ""97"", ""404"", ""322"", ""291"", ""250"", ""55"", ""69"", ""172""]",d6bb948787696466ba9809638e68dfc4a34cdf9534fcfd304b075cf9bbe23a60,"{""boundary"": 12, ""community_rep"": 5, ""degree_core"": 10, ""random_fill"": 5}","{""degree_3_4"": 4, ""degree_5_8"": 3, ""degree_9_plus"": 25}","{""0"": 2, ""1"": 6, ""2"": 1, ""3"": 11, ""4"": 5, ""5"": 1, ""6"": 2, ""7"": 1, ""8"": 2, ""9"": 1}",248,"{""backend"": ""evaluate_m19_theory_calibrated.candidate_features"", ""delta_mode"": ""none"", ""k_max"": 512, ""k_min"": 64, ""variant"": ""conservative""}",248,0.15085158150851583,1.0,1.0,0.004032258064516129,0.9919354838709677,"{""dp_17_64"": 0.020161290322580645, ""dp_257_plus"": 0.8629032258064516, ""dp_5_16"": 0.008064516129032258, ""dp_65_256"": 0.10887096774193548}","{""cn_0"": 0.9919354838709677, ""cn_2_3"": 0.004032258064516129, ""cn_4_8"": 0.004032258064516129}",0.024193548387096774,1059.6129032258063,sasb_candidate_builder,25dd007f23e0b4c7bc7d819fa3a4251e90052982cd8bdf14e6153ff1435db339,248,25dd007f23e0b4c7bc7d819fa3a4251e90052982cd8bdf14e6153ff1435db339,"{""sasb_builder"": 248}",0,0,0,0,{},0.0,"{""common_neighbor_bin_l1"": 0.0, ""degree_product_bin_l1"": 0.0, ""is_boundary_edge_l1"": 0.0, ""is_bridge_edge_l1"": 0.0, ""is_inter_community_edge_l1"": 0.0, ""is_low_common_neighbor_edge_l1"": 0.0, ""mean_l1"": 0.0}",1,32,32,187.39091067539772,0
realworld_completed,bio_celegans,SASB-candidate,sasb,SASB-structured,20260513,382,early,1.0,1.0,0.0,1,1,0,0.18864197530864196,0.1891358024691358,160,223,160--223,11,5,5,11,55,2,0.5,0,2,2,32,"[""96"", ""53"", ""60"", ""51"", ""62"", ""343"", ""220"", ""363"", ""145"", ""364"", ""147"", ""149"", ""142"", ""143"", ""144"", ""52"", ""118"", ""82"", ""83"", ""440"", ""121"", ""32"", ""154"", ""398"", ""97"", ""404"", ""322"", ""246"", ""330"", ""134"", ""104"", ""223""]",7e8d751bcaf6d703b7e34fc000f6cbb870049cfe8f5c42680faededc3abd12b1,"{""boundary"": 12, ""community_rep"": 5, ""degree_core"": 10, ""random_fill"": 5}","{""degree_3_4"": 2, ""degree_5_8"": 4, ""degree_9_plus"": 26}","{""0"": 1, ""1"": 6, ""2"": 1, ""3"": 11, ""4"": 5, ""5"": 1, ""6"": 3, ""7"": 2, ""8"": 1, ""9"": 1}",248,"{""backend"": ""evaluate_m19_theory_calibrated.candidate_features"", ""delta_mode"": ""none"", ""k_max"": 512, ""k_min"": 64, ""variant"": ""conservative""}",248,0.1509433962264151,1.0,1.0,0.004032258064516129,0.9919354838709677,"{""dp_17_64"": 0.024193548387096774, ""dp_257_plus"": 0.8629032258064516, ""dp_5_16"": 0.004032258064516129, ""dp_65_256"": 0.10887096774193548}","{""cn_0"": 0.9919354838709677, ""cn_2_3"": 0.004032258064516129, ""cn_4_8"": 0.004032258064516129}",0.024193548387096774,1058.983870967742,sasb_candidate_builder,eebf8b84e74d6f46b4c11566c24522da63463e56562004efc511b1d09c64955b,248,eebf8b84e74d6f46b4c11566c24522da63463e56562004efc511b1d09c64955b,"{""sasb_builder"": 248}",0,0,0,0,{},0.0,"{""common_neighbor_bin_l1"": 0.0, ""degree_product_bin_l1"": 0.0, ""is_boundary_edge_l1"": 0.0, ""is_bridge_edge_l1"": 0.0, ""is_inter_community_edge_l1"": 0.0, ""is_low_common_neighbor_edge_l1"": 0.0, ""mean_l1"": 0.0}",1,32,32,1727.8109043092616,0
realworld_completed,bio_celegans,SASB-candidate,sasb,SASB-structured,20260513,383,early,1.0,1.0,0.0,1,1,0,0.1891358024691358,0.18962962962962962,25,64,25--64,4,8,4,8,32,0,0.0,1,1,9,32,"[""96"", ""53"", ""60"", ""51"", ""62"", ""343"", ""220"", ""363"", ""145"", ""364"", ""147"", ""149"", ""142"", ""143"", ""144"", ""52"", ""118"", ""82"", ""83"", ""440"", ""121"", ""32"", ""154"", ""398"", ""97"", ""404"", ""322"", ""41"", ""274"", ""450"", ""254"", ""351""]",f5e835aa456f34c4a7583b0e7189e55e32ac81ab6eb862f67642c8aca6ebde11,"{""boundary"": 12, ""community_rep"": 5, ""degree_core"": 10, ""random_fill"": 5}","{""degree_2"": 1, ""degree_3_4"": 3, ""degree_5_8"": 2, ""degree_9_plus"": 26}","{""0"": 1, ""1"": 7, ""2"": 1, ""3"": 12, ""4"": 6, ""5"": 1, ""6"": 1, ""7"": 1, ""8"": 1, ""9"": 1}",248,"{""backend"": ""evaluate_m19_theory_calibrated.candidate_features"", ""delta_mode"": ""none"", ""k_max"": 512, ""k_min"": 64, ""variant"": ""conservative""}",248,0.1510353227771011,1.0,1.0,0.004032258064516129,0.9959677419354839,"{""dp_17_64"": 0.020161290322580645, ""dp_257_plus"": 0.8669354838709677, ""dp_5_16"": 0.004032258064516129, ""dp_65_256"": 0.10887096774193548}","{""cn_0"": 0.9959677419354839, ""cn_4_8"": 0.004032258064516129}",0.016129032258064516,1058.774193548387,sasb_candidate_builder,767f3ce0561eb5c62b20b5082d0f7c1e1f34c23d3500cef1c1215d1039bcb712,248,767f3ce0561eb5c62b20b5082d0f7c1e1f34c23d3500cef1c1215d1039bcb712,"{""sasb_builder"": 248}",0,0,0,0,{},0.0,"{""common_neighbor_bin_l1"": 0.0, ""degree_product_bin_l1"": 0.0, ""is_boundary_edge_l1"": 0.0, ""is_bridge_edge_l1"": 0.0, ""is_inter_community_edge_l1"": 0.0, ""is_low_common_neighbor_edge_l1"": 0.0, ""mean_l1"": 0.0}",1,32,32,451.35790048409757,0
realworld_completed,bio_celegans,SASB-candidate,sasb,SASB-structured,20260513,384,early,1.0,1.0,0.0,1,1,0,0.18962962962962962,0.19012345679012346,230,364,230--364,9,21,9,21,189,4,0.5,1,4,6,32,"[""96"", ""53"", ""60"", ""51"", ""62"", ""343"", ""220"", ""363"", ""145"", ""364"", ""147"", ""149"", ""142"", ""143"", ""144"", ""52"", ""118"", ""82"", ""83"", ""440"", ""121"", ""32"", ""154"", ""398"", ""97"", ""404"", ""322"", ""181"", ""159"", ""213"", ""290"", ""369""]",8472f4c8d89ee09d4a5754f42bda6fe677305d79a2b73532d5dffc0c795dd36f,"{""boundary"": 12, ""community_rep"": 5, ""degree_core"": 10, ""random_fill"": 5}","{""degree_0_1"": 1, ""degree_2"": 1, ""degree_3_4"": 2, ""degree_5_8"": 2, ""degree_9_plus"": 26}","{""0"": 2, ""1"": 7, ""2"": 1, ""3"": 11, ""4"": 6, ""5"": 1, ""6"": 1, ""7"": 1, ""8"": 1, ""9"": 1}",248,"{""backend"": ""evaluate_m19_theory_calibrated.candidate_features"", ""delta_mode"": ""none"", ""k_max"": 512, ""k_min"": 64, ""variant"": ""conservative""}",248,0.15112736136502133,1.0,1.0,0.004032258064516129,0.9959677419354839,"{""dp_17_64"": 0.016129032258064516, ""dp_257_plus"": 0.8709677419354839, ""dp_5_16"": 0.004032258064516129, ""dp_65_256"": 0.10887096774193548}","{""cn_0"": 0.9959677419354839, ""cn_4_8"": 0.004032258064516129}",0.016129032258064516,1059.6290322580646,sasb_candidate_builder,38ed4abda915a0ef2b2e74193166d3bf67564cba4d24f62062f682d2c087e0a7,248,38ed4abda915a0ef2b2e74193166d3bf67564cba4d24f62062f682d2c087e0a7,"{""sasb_builder"": 248}",0,0,0,0,{},0.0,"{""common_neighbor_bin_l1"": 0.0, ""degree_product_bin_l1"": 0.0, ""is_boundary_edge_l1"": 0.0, ""is_bridge_edge_l1"": 0.0, ""is_inter_community_edge_l1"": 0.0, ""is_low_common_neighbor_edge_l1"": 0.0, ""mean_l1"": 0.0}",1,32,32,84.13672696088491,0
realworld_completed,bio_celegans,SASB-candidate,sasb,SASB-structured,20260513,385,early,1.0,1.0,0.0,1,1,0,0.19012345679012346,0.19061728395061728,104,325,104--325,7,12,7,12,84,1,0.16666666666666666,1,6,4,32,"[""96"", ""53"", ""60"", ""51"", ""62"", ""343"", ""220"", ""363"", ""145"", ""147"", ""149"", ""364"", ""142"", ""143"", ""144"", ""52"", ""118"", ""82"", ""83"", ""440"", ""121"", ""32"", ""154"", ""398"", ""97"", ""404"", ""322"", ""223"", ""36"", ""214"", ""8"", ""174""]",8102091583a3ae373abc615fd5640c1a4506b6c42fa9f5e1e6e539315c25b103,"{""boundary"": 12, ""community_rep"": 5, ""degree_core"": 10, ""random_fill"": 5}","{""degree_3_4"": 4, ""degree_5_8"": 3, ""degree_9_plus"": 25}","{""0"": 2, ""1"": 7, ""2"": 1, ""3"": 10, ""4"": 6, ""5"": 1, ""6"": 1, ""7"": 2, ""8"": 1, ""9"": 1}",248,"{""backend"": ""evaluate_m19_theory_calibrated.candidate_features"", ""delta_mode"": ""none"", ""k_max"": 512, ""k_min"": 64, ""variant"": ""conservative""}",248,0.15121951219512195,1.0,1.0,0.004032258064516129,1.0,"{""dp_17_64"": 0.020161290322580645, ""dp_257_plus"": 0.8669354838709677, ""dp_5_16"": 0.004032258064516129, ""dp_65_256"": 0.10887096774193548}","{""cn_0"": 0.9959677419354839, ""cn_1"": 0.004032258064516129}",0.004032258064516129,1055.0362903225807,sasb_candidate_builder,c2a9299e7cc26b5593f3b5f0fe66174ac155b292da1f437b0729813ba4f516da,248,c2a9299e7cc26b5593f3b5f0fe66174ac155b292da1f437b0729813ba4f516da,"{""sasb_builder"": 248}",0,0,0,0,{},0.0,"{""common_neighbor_bin_l1"": 0.0, ""degree_product_bin_l1"": 0.0, ""is_boundary_edge_l1"": 0.0, ""is_bridge_edge_l1"": 0.0, ""is_inter_community_edge_l1"": 0.0, ""is_low_common_neighbor_edge_l1"": 0.0, ""mean_l1"": 0.0}",1,32,32,290.63373503906007,0
realworld_completed,bio_celegans,SASB-candidate,sasb,SASB-structured,20260513,386,early,1.0,1.0,0.0,1,1,0,0.19061728395061728,0.19111111111111112,144,76,144--76,49,5,5,49,245,2,0.5,1,1,9,32,"[""96"", ""53"", ""60"", ""51"", ""62"", ""343"", ""220"", ""363"", ""145"", ""147"", ""149"", ""364"", ""142"", ""143"", ""144"", ""52"", ""118"", ""82"", ""83"", ""440"", ""121"", ""32"", ""154"", ""398"", ""97"", ""404"", ""322"", ""266"", ""312"", ""167"", ""392"", ""418""]",288ae675242ec25620cd92e040aed654a3f94b89bd55d25cc7033210a238720a,"{""boundary"": 12, ""community_rep"": 5, ""degree_core"": 10, ""random_fill"": 5}","{""degree_3_4"": 4, ""degree_5_8"": 3, ""degree_9_plus"": 25}","{""0"": 3, ""1"": 7, ""2"": 1, ""3"": 11, ""4"": 5, ""5"": 1, ""6"": 1, ""7"": 1, ""8"": 1, ""9"": 1}",248,"{""backend"": ""evaluate_m19_theory_calibrated.candidate_features"", ""delta_mode"": ""none"", ""k_max"": 512, ""k_min"": 64, ""variant"": ""conservative""}",248,0.1513117754728493,1.0,1.0,0.004032258064516129,1.0,"{""dp_17_64"": 0.016129032258064516, ""dp_257_plus"": 0.8709677419354839, ""dp_5_16"": 0.004032258064516129, ""dp_65_256"": 0.10887096774193548}","{""cn_0"": 1.0}",0.0,1055.600806451613,sasb_candidate_builder,2fb063eadec9903aba2fb3261684ad3c1e818ce79df8b77962b0844998ee7a13,248,2fb063eadec9903aba2fb3261684ad3c1e818ce79df8b77962b0844998ee7a13,"{""sasb_builder"": 248}",0,0,0,0,{},0.0,"{""common_neighbor_bin_l1"": 0.0, ""degree_product_bin_l1"": 0.0, ""is_boundary_edge_l1"": 0.0, ""is_bridge_edge_l1"": 0.0, ""is_inter_community_edge_l1"": 0.0, ""is_low_common_neighbor_edge_l1"": 0.0, ""mean_l1"": 0.0}",1,32,32,0.0,0
realworld_completed,bio_celegans,SASB-candidate,sasb,SASB-structured,20260513,387,early,1.0,1.0,0.0,1,1,0,0.19111111111111112,0.19160493827160494,449,450,449--450,3,5,3,5,15,1,0.5,1,8,1,32,"[""96"", ""53"", ""60"", ""51"", ""62"", ""343"", ""220"", ""363"", ""145"", ""147"", ""149"", ""364"", ""142"", ""143"", ""144"", ""52"", ""118"", ""82"", ""83"", ""440"", ""121"", ""32"", ""154"", ""398"", ""97"", ""404"", ""322"", ""108"", ""239"", ""101"", ""7"", ""222""]",dcbab38fea136c0339f3da0c7669c6c4cd4fb0d55afc4817f9c112e1d74fbee0,"{""boundary"": 12, ""community_rep"": 5, ""degree_core"": 10, ""random_fill"": 5}","{""degree_3_4"": 2, ""degree_5_8"": 4, ""degree_9_plus"": 26}","{""0"": 2, ""1"": 7, ""2"": 1, ""3"": 11, ""4"": 5, ""5"": 1, ""6"": 1, ""7"": 1, ""8"": 2, ""9"": 1}",248,"{""backend"": ""evaluate_m19_theory_calibrated.candidate_features"", ""delta_mode"": ""none"", ""k_max"": 512, ""k_min"": 64, ""variant"": ""conservative""}",248,0.1514041514041514,1.0,1.0,0.004032258064516129,1.0,"{""dp_17_64"": 0.016129032258064516, ""dp_257_plus"": 0.8669354838709677, ""dp_5_16"": 0.008064516129032258, ""dp_65_256"": 0.10887096774193548}","{""cn_0"": 0.9959677419354839, ""cn_1"": 0.004032258064516129}",0.004032258064516129,1053.6612903225807,sasb_candidate_builder,247c453d5905c1ddaf7f04fc9d73f96f0e469b82e7d54ceb15a2287cb373a6ab,248,247c453d5905c1ddaf7f04fc9d73f96f0e469b82e7d54ceb15a2287cb373a6ab,"{""sasb_builder"": 248}",0,0,0,0,{},0.0,"{""common_neighbor_bin_l1"": 0.0, ""degree_product_bin_l1"": 0.0, ""is_boundary_edge_l1"": 0.0, ""is_bridge_edge_l1"": 0.0, ""is_inter_community_edge_l1"": 0.0, ""is_low_common_neighbor_edge_l1"": 0.0, ""mean_l1"": 0.0}",1,32,32,24.125126304749752,0
realworld_completed,bio_celegans,SASB-candidate,sasb,SASB-structured,20260513,388,early,1.0,1.0,0.0,1,1,0,0.19160493827160494,0.19209876543209878,141,149,141--149,4,22,4,22,88,2,0.6666666666666666,1,5,1,32,"[""96"", ""53"", ""60"", ""51"", ""62"", ""343"", ""220"", ""363"", ""145"", ""147"", ""149"", ""364"", ""142"", ""143"", ""144"", ""52"", ""118"", ""82"", ""83"", ""440"", ""121"", ""32"", ""154"", ""398"", ""97"", ""404"", ""322"", ""323"", ""444"", ""87"", ""281"", ""172""]",4058a6b73b34770bec68a6bf72eb89443668bf3c3e5e426e0f2b967b56c34942,"{""boundary"": 12, ""community_rep"": 5, ""degree_core"": 10, ""random_fill"": 5}","{""degree_3_4"": 4, ""degree_5_8"": 2, ""degree_9_plus"": 26}","{""0"": 2, ""1"": 7, ""2"": 1, ""3"": 10, ""4"": 6, ""5"": 1, ""6"": 1, ""7"": 1, ""8"": 2, ""9"": 1}",248,"{""backend"": ""evaluate_m19_theory_calibrated.candidate_features"", ""delta_mode"": ""none"", ""k_max"": 512, ""k_min"": 64, ""variant"": ""conservative""}",248,0.15149664019547954,1.0,1.0,0.004032258064516129,0.9959677419354839,"{""dp_17_64"": 0.016129032258064516, ""dp_257_plus"": 0.8669354838709677, ""dp_5_16"": 0.004032258064516129, ""dp_65_256"": 0.11290322580645161}","{""cn_0"": 0.9959677419354839, ""cn_2_3"": 0.004032258064516129}",0.008064516129032258,1052.5524193548388,sasb_candidate_builder,2a13bccf0bc65e45e76b4171fad9823a4f1f4f6b9c4dac836c70c6d153d6aea3,248,2a13bccf0bc65e45e76b4171fad9823a4f1f4f6b9c4dac836c70c6d153d6aea3,"{""sasb_builder"": 248}",0,0,0,0,{},0.0,"{""common_neighbor_bin_l1"": 0.0, ""degree_product_bin_l1"": 0.0, ""is_boundary_edge_l1"": 0.0, ""is_bridge_edge_l1"": 0.0, ""is_inter_community_edge_l1"": 0.0, ""is_low_common_neighbor_edge_l1"": 0.0, ""mean_l1"": 0.0}",1,32,32,199.7088779144686,0
realworld_completed,bio_celegans,SASB-candidate,sasb,SASB-structured,20260513,389,early,1.0,1.0,0.0,1,1,0,0.19209876543209878,0.1925925925925926,149,293,149--293,21,5,5,21,105,2,0.5,1,1,5,32,"[""96"", ""53"", ""60"", ""51"", ""62"", ""343"", ""220"", ""363"", ""145"", ""147"", ""364"", ""149"", ""142"", ""143"", ""144"", ""52"", ""118"", ""82"", ""83"", ""440"", ""121"", ""32"", ""154"", ""398"", ""97"", ""404"", ""322"", ""448"", ""5"", ""441"", ""295"", ""361""]",1dd55d7bca45ce2f8516ae1a653674871ce50d6433cc3d33b6eba1ea4277ebe9,"{""boundary"": 12, ""community_rep"": 5, ""degree_core"": 10, ""random_fill"": 5}","{""degree_3_4"": 2, ""degree_5_8"": 4, ""degree_9_plus"": 26}","{""0"": 2, ""1"": 8, ""2"": 1, ""3"": 10, ""4"": 6, ""5"": 1, ""6"": 1, ""7"": 1, ""8"": 1, ""9"": 1}",248,"{""backend"": ""evaluate_m19_theory_calibrated.candidate_features"", ""delta_mode"": ""none"", ""k_max"": 512, ""k_min"": 64, ""variant"": ""conservative""}",248,0.15158924205378974,1.0,1.0,0.004032258064516129,0.9959677419354839,"{""dp_17_64"": 0.016129032258064516, ""dp_257_plus"": 0.8629032258064516, ""dp_5_16"": 0.004032258064516129, ""dp_65_256"": 0.11693548387096774}","{""cn_0"": 0.9959677419354839, ""cn_2_3"": 0.004032258064516129}",0.008064516129032258,1051.5201612903227,sasb_candidate_builder,4943b4f9c7f4ddb0e52cd5db0d4bb27cfe712f15a063ed6b41fb3f96c693463c,248,4943b4f9c7f4ddb0e52cd5db0d4bb27cfe712f15a063ed6b41fb3f96c693463c,"{""sasb_builder"": 248}",0,0,0,0,{},0.0,"{""common_neighbor_bin_l1"": 0.0, ""degree_product_bin_l1"": 0.0, ""is_boundary_edge_l1"": 0.0, ""is_bridge_edge_l1"": 0.0, ""is_inter_community_edge_l1"": 0.0, ""is_low_common_neighbor_edge_l1"": 0.0, ""mean_l1"": 0.0}",1,32,32,138.11755726293345,0
realworld_completed,bio_celegans,SASB-candidate,sasb,SASB-structured,20260513,390,early,1.0,1.0,0.0,1,1,0,0.1925925925925926,0.1930864197530864,22,363,22--363,5,43,5,43,215,2,0.5,1,6,3,32,"[""96"", ""53"", ""60"", ""51"", ""142"", ""143"", ""363"", ""343"", ""62"", ""145"", ""147"", ""61"", ""144"", ""220"", ""52"", ""118"", ""82"", ""83"", ""440"", ""121"", ""149"", ""32"", ""364"", ""154"", ""85"", ""398"", ""307"", ""404"", ""274"", ""390"", ""318"", ""193""]",29f1fb3d328b056ccd665770561b4f243f48f9c5ec25fc8a992cf618d04c87b1,"{""boundary"": 12, ""community_rep"": 6, ""degree_core"": 10, ""random_fill"": 4}","{""degree_3_4"": 2, ""degree_5_8"": 2, ""degree_9_plus"": 28}","{""0"": 2, ""1"": 7, ""10"": 1, ""2"": 1, ""3"": 11, ""4"": 6, ""5"": 1, ""6"": 1, ""7"": 1, ""8"": 1}",248,"{""backend"": ""evaluate_m19_theory_calibrated.candidate_features"", ""delta_mode"": ""none"", ""k_max"": 512, ""k_min"": 64, ""variant"": ""conservative""}",248,0.15168195718654434,1.0,1.0,0.004032258064516129,0.9879032258064516,"{""dp_17_64"": 0.016129032258064516, ""dp_257_plus"": 0.875, ""dp_5_16"": 0.004032258064516129, ""dp_65_256"": 0.10483870967741936}","{""cn_0"": 0.9879032258064516, ""cn_2_3"": 0.012096774193548387}",0.024193548387096774,1061.516129032258,sasb_candidate_builder,5995c832d2c78cda4925aec979c4c3246f57ab85519d679053420dffd371505e,248,5995c832d2c78cda4925aec979c4c3246f57ab85519d679053420dffd371505e,"{""sasb_builder"": 248}",0,0,0,0,{},0.0,"{""common_neighbor_bin_l1"": 0.0, ""degree_product_bin_l1"": 0.0, ""is_boundary_edge_l1"": 0.0, ""is_bridge_edge_l1"": 0.0, ""is_inter_community_edge_l1"": 0.0, ""is_low_common_neighbor_edge_l1"": 0.0, ""mean_l1"": 0.0}",1,32,32,344.23696094042475,0
realworld_completed,bio_celegans,SASB-candidate,sasb,SASB-structured,20260513,391,early,1.0,1.0,0.0,1,1,0,0.1930864197530864,0.19358024691358025,198,363,198--363,3,42,3,42,126,1,0.5,1,6,3,32,"[""96"", ""53"", ""60"", ""51"", ""142"", ""143"", ""363"", ""343"", ""62"", ""145"", ""147"", ""61"", ""144"", ""220"", ""52"", ""118"", ""82"", ""83"", ""440"", ""121"", ""149"", ""32"", ""364"", ""154"", ""85"", ""398"", ""307"", ""404"", ""270"", ""279"", ""222"", ""352""]",142255f98372220f2ecf54249830660831633537c67535a0bd50d23f987d46c0,"{""boundary"": 12, ""community_rep"": 6, ""degree_core"": 10, ""random_fill"": 4}","{""degree_3_4"": 3, ""degree_9_plus"": 29}","{""0"": 2, ""1"": 6, ""10"": 1, ""2"": 1, ""3"": 13, ""4"": 5, ""5"": 1, ""6"": 1, ""7"": 1, ""8"": 1}",248,"{""backend"": ""evaluate_m19_theory_calibrated.candidate_features"", ""delta_mode"": ""none"", ""k_max"": 512, ""k_min"": 64, ""variant"": ""conservative""}",248,0.15177478580171358,1.0,1.0,0.004032258064516129,0.9959677419354839,"{""dp_17_64"": 0.016129032258064516, ""dp_257_plus"": 0.8709677419354839, ""dp_5_16"": 0.004032258064516129, ""dp_65_256"": 0.10887096774193548}","{""cn_0"": 0.9879032258064516, ""cn_1"": 0.008064516129032258, ""cn_2_3"": 0.004032258064516129}",0.016129032258064516,1059.3709677419354,sasb_candidate_builder,1a588198a45d9bb512878ca4d0f11d79a4ab849177688e17a150749471b96579,248,1a588198a45d9bb512878ca4d0f11d79a4ab849177688e17a150749471b96579,"{""sasb_builder"": 248}",0,0,0,0,{},0.0,"{""common_neighbor_bin_l1"": 0.0, ""degree_product_bin_l1"": 0.0, ""is_boundary_edge_l1"": 0.0, ""is_bridge_edge_l1"": 0.0, ""is_inter_community_edge_l1"": 0.0, ""is_low_common_neighbor_edge_l1"": 0.0, ""mean_l1"": 0.0}",1,32,32,441.3743162408244,0
realworld_completed,bio_celegans,SASB-candidate,sasb,SASB-structured,20260513,392,early,1.0,1.0,0.0,1,1,0,0.19358024691358025,0.19407407407407407,3,363,3--363,3,41,3,41,123,0,0.0,1,6,3,32,"[""96"", ""53"", ""60"", ""51"", ""142"", ""143"", ""343"", ""363"", ""62"", ""145"", ""147"", ""61"", ""144"", ""220"", ""52"", ""118"", ""82"", ""83"", ""440"", ""121"", ""149"", ""32"", ""364"", ""154"", ""85"", ""398"", ""307"", ""404"", ""392"", ""234"", ""435"", ""407""]",c9faa825f7c4197399cdf61e9bac9abde260379ff57ee9a864706a070ce96939,"{""boundary"": 12, ""community_rep"": 6, ""degree_core"": 10, ""random_fill"": 4}","{""degree_3_4"": 3, ""degree_5_8"": 2, ""degree_9_plus"": 27}","{""0"": 3, ""1"": 7, ""10"": 1, ""2"": 1, ""3"": 11, ""4"": 5, ""5"": 1, ""6"": 1, ""7"": 1, ""8"": 1}",248,"{""backend"": ""evaluate_m19_theory_calibrated.candidate_features"", ""delta_mode"": ""none"", ""k_max"": 512, ""k_min"": 64, ""variant"": ""conservative""}",248,0.1518677281077771,1.0,1.0,0.004032258064516129,0.9919354838709677,"{""dp_17_64"": 0.016129032258064516, ""dp_257_plus"": 0.875, ""dp_5_16"": 0.004032258064516129, ""dp_65_256"": 0.10483870967741936}","{""cn_0"": 0.9919354838709677, ""cn_2_3"": 0.008064516129032258}",0.016129032258064516,1058.8548387096773,sasb_candidate_builder,4d4e82c9be465a06857f95286f17f68f8825ea2839d94a5e6cbf7caabe6cd9cb,248,4d4e82c9be465a06857f95286f17f68f8825ea2839d94a5e6cbf7caabe6cd9cb,"{""sasb_builder"": 248}",0,0,0,0,{},0.0,"{""common_neighbor_bin_l1"": 0.0, ""degree_product_bin_l1"": 0.0, ""is_boundary_edge_l1"": 0.0, ""is_bridge_edge_l1"": 0.0, ""is_inter_community_edge_l1"": 0.0, ""is_low_common_neighbor_edge_l1"": 0.0, ""mean_l1"": 0.0}",1,32,32,712.2766920579422,0
realworld_completed,bio_celegans,SASB-candidate,sasb,SASB-structured,20260513,393,early,1.0,1.0,0.0,1,1,0,0.19407407407407407,0.1945679012345679,139,325,139--325,3,11,3,11,33,0,0.0,1,6,4,32,"[""96"", ""53"", ""60"", ""51"", ""142"", ""143"", ""343"", ""363"", ""62"", ""145"", ""147"", ""61"", ""144"", ""220"", ""52"", ""118"", ""82"", ""83"", ""440"", ""121"", ""149"", ""32"", ""364"", ""154"", ""85"", ""398"", ""307"", ""404"", ""188"", ""334"", ""13"", ""359""]",c5061aba9531f6f439ba809bb9f6bfdf42cc9a793076e2083df420f075055c97,"{""boundary"": 12, ""community_rep"": 6, ""degree_core"": 10, ""random_fill"": 4}","{""degree_2"": 1, ""degree_3_4"": 3, ""degree_9_plus"": 28}","{""0"": 3, ""1"": 7, ""10"": 2, ""2"": 1, ""3"": 9, ""4"": 6, ""5"": 1, ""6"": 1, ""7"": 1, ""8"": 1}",248,"{""backend"": ""evaluate_m19_theory_calibrated.candidate_features"", ""delta_mode"": ""none"", ""k_max"": 512, ""k_min"": 64, ""variant"": ""conservative""}",248,0.15196078431372548,1.0,1.0,0.004032258064516129,0.9879032258064516,"{""dp_17_64"": 0.016129032258064516, ""dp_257_plus"": 0.8790322580645161, ""dp_5_16"": 0.004032258064516129, ""dp_65_256"": 0.10080645161290322}","{""cn_0"": 0.9879032258064516, ""cn_2_3"": 0.012096774193548387}",0.024193548387096774,1058.3629032258063,sasb_candidate_builder,20176fc19990deaad66a478b45f8c750e0a2294c4d998b4b02e3329eea44b914,248,20176fc19990deaad66a478b45f8c750e0a2294c4d998b4b02e3329eea44b914,"{""sasb_builder"": 248}",0,0,0,0,{},0.0,"{""common_neighbor_bin_l1"": 0.0, ""degree_product_bin_l1"": 0.0, ""is_boundary_edge_l1"": 0.0, ""is_bridge_edge_l1"": 0.0, ""is_inter_community_edge_l1"": 0.0, ""is_low_common_neighbor_edge_l1"": 0.0, ""mean_l1"": 0.0}",1,32,32,240.9983044428967,0
realworld_completed,bio_celegans,SASB-candidate,sasb,SASB-structured,20260513,394,early,1.0,1.0,0.0,1,1,0,0.1945679012345679,0.19506172839506172,142,146,142--146,57,5,5,57,285,2,0.5,1,1,4,32,"[""96"", ""53"", ""60"", ""51"", ""142"", ""143"", ""343"", ""363"", ""62"", ""145"", ""147"", ""61"", ""144"", ""220"", ""52"", ""118"", ""82"", ""83"", ""440"", ""121"", ""149"", ""32"", ""364"", ""154"", ""85"", ""398"", ""307"", ""404"", ""180"", ""7"", ""269"", ""345""]",9b4ad209d0d7719c021f8336424c61e08df2f2aaa1ace00e53d6104566e25c73,"{""boundary"": 12, ""community_rep"": 6, ""degree_core"": 10, ""random_fill"": 4}","{""degree_3_4"": 4, ""degree_5_8"": 1, ""degree_9_plus"": 27}","{""0"": 3, ""1"": 6, ""10"": 1, ""2"": 1, ""3"": 10, ""4"": 6, ""5"": 1, ""6"": 1, ""7"": 1, ""8"": 2}",247,"{""backend"": ""evaluate_m19_theory_calibrated.candidate_features"", ""delta_mode"": ""none"", ""k_max"": 512, ""k_min"": 64, ""variant"": ""conservative""}",247,0.15144083384426732,1.0,1.0,0.004048582995951417,0.9919028340080972,"{""dp_17_64"": 0.016194331983805668, ""dp_257_plus"": 0.8785425101214575, ""dp_5_16"": 0.004048582995951417, ""dp_65_256"": 0.10121457489878542}","{""cn_0"": 0.9919028340080972, ""cn_2_3"": 0.008097165991902834}",0.016194331983805668,1060.7773279352227,sasb_candidate_builder,918a7861bbea5ca3bd9511830e85e0088a38e5edc57faade62167446c20c9cdd,247,918a7861bbea5ca3bd9511830e85e0088a38e5edc57faade62167446c20c9cdd,"{""sasb_builder"": 247}",0,0,0,0,{},0.0,"{""common_neighbor_bin_l1"": 0.0, ""degree_product_bin_l1"": 0.0, ""is_boundary_edge_l1"": 0.0, ""is_bridge_edge_l1"": 0.0, ""is_inter_community_edge_l1"": 0.0, ""is_low_common_neighbor_edge_l1"": 0.0, ""mean_l1"": 0.0}",1,32,32,148.27785852092612,0
realworld_completed,bio_celegans,SASB-candidate,sasb,SASB-structured,20260513,395,early,1.0,1.0,0.0,1,1,0,0.19506172839506172,0.19555555555555557,143,146,143--146,57,4,4,57,228,1,0.3333333333333333,1,1,4,32,"[""96"", ""53"", ""60"", ""51"", ""143"", ""142"", ""343"", ""363"", ""62"", ""145"", ""147"", ""61"", ""144"", ""220"", ""52"", ""118"", ""82"", ""83"", ""440"", ""121"", ""149"", ""32"", ""364"", ""154"", ""85"", ""398"", ""307"", ""404"", ""6"", ""327"", ""339"", ""193""]",5bee0b0636eb2042bc491036b952c04ca1e4b4f087d90ab89a3d3c73a580c2ad,"{""boundary"": 12, ""community_rep"": 6, ""degree_core"": 10, ""random_fill"": 4}","{""degree_3_4"": 1, ""degree_5_8"": 3, ""degree_9_plus"": 28}","{""0"": 3, ""1"": 7, ""10"": 1, ""2"": 1, ""3"": 9, ""4"": 7, ""5"": 1, ""6"": 1, ""7"": 1, ""8"": 1}",247,"{""backend"": ""evaluate_m19_theory_calibrated.candidate_features"", ""delta_mode"": ""none"", ""k_max"": 512, ""k_min"": 64, ""variant"": ""conservative""}",247,0.15153374233128836,1.0,1.0,0.004048582995951417,0.9959514170040485,"{""dp_17_64"": 0.016194331983805668, ""dp_257_plus"": 0.8744939271255061, ""dp_5_16"": 0.004048582995951417, ""dp_65_256"": 0.10526315789473684}","{""cn_0"": 0.9919028340080972, ""cn_1"": 0.004048582995951417, ""cn_2_3"": 0.004048582995951417}",0.012145748987854251,1059.842105263158,sasb_candidate_builder,c763dc54fc1e7aaecd83c638ed25d5d4009c7acf90859b0c386a9c111c212d0b,247,c763dc54fc1e7aaecd83c638ed25d5d4009c7acf90859b0c386a9c111c212d0b,"{""sasb_builder"": 247}",0,0,0,0,{},0.0,"{""common_neighbor_bin_l1"": 0.0, ""degree_product_bin_l1"": 0.0, ""is_boundary_edge_l1"": 0.0, ""is_bridge_edge_l1"": 0.0, ""is_inter_community_edge_l1"": 0.0, ""is_low_common_neighbor_edge_l1"": 0.0, ""mean_l1"": 0.0}",1,32,32,171.29943060309344,0
realworld_completed,bio_celegans,SASB-candidate,sasb,SASB-structured,20260513,396,early,1.0,1.0,0.0,1,1,0,0.19555555555555557,0.19604938271604938,104,324,104--324,6,5,5,6,30,0,0.0,1,6,4,32,"[""96"", ""53"", ""60"", ""51"", ""142"", ""143"", ""343"", ""363"", ""62"", ""145"", ""147"", ""61"", ""144"", ""220"", ""52"", ""118"", ""82"", ""83"", ""440"", ""121"", ""149"", ""32"", ""364"", ""154"", ""85"", ""398"", ""307"", ""404"", ""446"", ""300"", ""159"", ""124""]",e18b9bc014f91d97c0727874246e529b21c12f3d2ea3ea71d2d37412599b3f01,"{""boundary"": 12, ""community_rep"": 6, ""degree_core"": 10, ""random_fill"": 4}","{""degree_0_1"": 1, ""degree_3_4"": 2, ""degree_5_8"": 2, ""degree_9_plus"": 27}","{""0"": 3, ""1"": 7, ""10"": 2, ""2"": 1, ""3"": 9, ""4"": 6, ""5"": 1, ""6"": 1, ""7"": 1, ""8"": 1}",247,"{""backend"": ""evaluate_m19_theory_calibrated.candidate_features"", ""delta_mode"": ""none"", ""k_max"": 512, ""k_min"": 64, ""variant"": ""conservative""}",247,0.1516267648864334,1.0,1.0,0.004048582995951417,1.0,"{""dp_17_64"": 0.016194331983805668, ""dp_257_plus"": 0.8744939271255061, ""dp_5_16"": 0.004048582995951417, ""dp_65_256"": 0.10526315789473684}","{""cn_0"": 1.0}",0.0,1059.1902834008097,sasb_candidate_builder,da7c2da112e8b64fd1384245742488b19f8a9f303528dbde112d707b6412c60a,247,da7c2da112e8b64fd1384245742488b19f8a9f303528dbde112d707b6412c60a,"{""sasb_builder"": 247}",0,0,0,0,{},0.0,"{""common_neighbor_bin_l1"": 0.0, ""degree_product_bin_l1"": 0.0, ""is_boundary_edge_l1"": 0.0, ""is_bridge_edge_l1"": 0.0, ""is_inter_community_edge_l1"": 0.0, ""is_low_common_neighbor_edge_l1"": 0.0, ""mean_l1"": 0.0}",1,32,32,85.72383395998735,0
realworld_completed,bio_celegans,SASB-candidate,sasb,SASB-structured,20260513,397,early,1.0,1.0,0.0,1,1,0,0.19604938271604938,0.19654320987654322,142,157,142--157,56,5,5,56,280,2,0.5,0,1,1,32,"[""96"", ""53"", ""60"", ""51"", ""142"", ""143"", ""343"", ""363"", ""62"", ""145"", ""147"", ""61"", ""144"", ""220"", ""52"", ""118"", ""82"", ""83"", ""440"", ""121"", ""149"", ""32"", ""364"", ""154"", ""85"", ""398"", ""307"", ""404"", ""428"", ""194"", ""434"", ""72""]",365e843f17608591e9840b7f00eda4112cd10cf84e40f876e9c09736f29e789c,"{""boundary"": 12, ""community_rep"": 6, ""degree_core"": 10, ""random_fill"": 4}","{""degree_3_4"": 2, ""degree_5_8"": 3, ""degree_9_plus"": 27}","{""0"": 2, ""1"": 8, ""10"": 1, ""2"": 2, ""3"": 9, ""4"": 6, ""5"": 1, ""6"": 1, ""7"": 1, ""8"": 1}",247,"{""backend"": ""evaluate_m19_theory_calibrated.candidate_features"", ""delta_mode"": ""none"", ""k_max"": 512, ""k_min"": 64, ""variant"": ""conservative""}",247,0.1517199017199017,1.0,1.0,0.004048582995951417,0.9959514170040485,"{""dp_17_64"": 0.012145748987854251, ""dp_257_plus"": 0.8785425101214575, ""dp_5_16"": 0.004048582995951417, ""dp_65_256"": 0.10526315789473684}","{""cn_0"": 0.9959514170040485, ""cn_2_3"": 0.004048582995951417}",0.008097165991902834,1060.2024291497976,sasb_candidate_builder,694a5e004521f77b31e5291529d0706dbf9604be496029b7bbdf34ede89ca74f,247,694a5e004521f77b31e5291529d0706dbf9604be496029b7bbdf34ede89ca74f,"{""sasb_builder"": 247}",0,0,0,0,{},0.0,"{""common_neighbor_bin_l1"": 0.0, ""degree_product_bin_l1"": 0.0, ""is_boundary_edge_l1"": 0.0, ""is_bridge_edge_l1"": 0.0, ""is_inter_community_edge_l1"": 0.0, ""is_low_common_neighbor_edge_l1"": 0.0, ""mean_l1"": 0.0}",1,32,32,146.9098235005546,0
realworld_completed,bio_celegans,SASB-candidate,sasb,SASB-structured,20260513,398,early,1.0,1.0,0.0,1,1,0,0.19654320987654322,0.19703703703703704,143,157,143--157,56,4,4,56,224,1,0.3333333333333333,1,1,4,32,"[""96"", ""53"", ""60"", ""51"", ""143"", ""142"", ""343"", ""363"", ""62"", ""145"", ""147"", ""61"", ""144"", ""220"", ""52"", ""118"", ""82"", ""83"", ""440"", ""121"", ""149"", ""32"", ""364"", ""154"", ""85"", ""398"", ""307"", ""404"", ""78"", ""246"", ""226"", ""394""]",1897ca3e515e84d3dc78c4ebbe18fb03b65a33e7714574de2fdd4ea6ccf82ec1,"{""boundary"": 12, ""community_rep"": 6, ""degree_core"": 10, ""random_fill"": 4}","{""degree_3_4"": 1, ""degree_5_8"": 4, ""degree_9_plus"": 27}","{""0"": 2, ""1"": 6, ""10"": 1, ""2"": 1, ""3"": 11, ""4"": 6, ""5"": 1, ""6"": 1, ""7"": 2, ""8"": 1}",247,"{""backend"": ""evaluate_m19_theory_calibrated.candidate_features"", ""delta_mode"": ""none"", ""k_max"": 512, ""k_min"": 64, ""variant"": ""conservative""}",247,0.15181315304240933,1.0,1.0,0.004048582995951417,1.0,"{""dp_17_64"": 0.012145748987854251, ""dp_257_plus"": 0.8744939271255061, ""dp_5_16"": 0.004048582995951417, ""dp_65_256"": 0.10931174089068826}","{""cn_0"": 0.9959514170040485, ""cn_1"": 0.004048582995951417}",0.004048582995951417,1059.2712550607287,sasb_candidate_builder,ea34cf370afacb8bf822ca81f07eb6ee804a68d3fcceab31bee8a8a7cc32173d,247,ea34cf370afacb8bf822ca81f07eb6ee804a68d3fcceab31bee8a8a7cc32173d,"{""sasb_builder"": 247}",0,0,0,0,{},0.0,"{""common_neighbor_bin_l1"": 0.0, ""degree_product_bin_l1"": 0.0, ""is_boundary_edge_l1"": 0.0, ""is_bridge_edge_l1"": 0.0, ""is_inter_community_edge_l1"": 0.0, ""is_low_common_neighbor_edge_l1"": 0.0, ""mean_l1"": 0.0}",1,32,32,163.5193358827058,0
realworld_completed,bio_celegans,SASB-candidate,sasb,SASB-structured,20260513,399,early,1.0,1.0,0.0,1,1,0,0.19703703703703704,0.19753086419753085,144,93,144--93,48,14,14,48,672,2,0.15384615384615385,1,1,3,32,"[""96"", ""53"", ""60"", ""51"", ""142"", ""143"", ""343"", ""363"", ""62"", ""145"", ""147"", ""61"", ""144"", ""220"", ""52"", ""118"", ""82"", ""83"", ""440"", ""121"", ""149"", ""32"", ""364"", ""154"", ""85"", ""398"", ""307"", ""404"", ""193"", ""13"", ""208"", ""441""]",66693421338e47caa82c3cc78669eb7447c4c0001a9ce2e8781653bad62d2c9e,"{""boundary"": 12, ""community_rep"": 6, ""degree_core"": 10, ""random_fill"": 4}","{""degree_3_4"": 2, ""degree_5_8"": 2, ""degree_9_plus"": 28}","{""0"": 2, ""1"": 8, ""10"": 2, ""2"": 1, ""3"": 9, ""4"": 6, ""5"": 1, ""6"": 1, ""7"": 1, ""8"": 1}",247,"{""backend"": ""evaluate_m19_theory_calibrated.candidate_features"", ""delta_mode"": ""none"", ""k_max"": 512, ""k_min"": 64, ""variant"": ""conservative""}",247,0.15190651906519065,1.0,1.0,0.004048582995951417,1.0,"{""dp_17_64"": 0.012145748987854251, ""dp_257_plus"": 0.8785425101214575, ""dp_5_16"": 0.004048582995951417, ""dp_65_256"": 0.10526315789473684}","{""cn_0"": 1.0}",0.0,1058.995951417004,sasb_candidate_builder,eb5760aff876f67c36a1ee4f386e2bacb9f2de4a1ed57ec408aa2088455fb3a0,247,eb5760aff876f67c36a1ee4f386e2bacb9f2de4a1ed57ec408aa2088455fb3a0,"{""sasb_builder"": 247}",0,0,0,0,{},0.0,"{""common_neighbor_bin_l1"": 0.0, ""degree_product_bin_l1"": 0.0, ""is_boundary_edge_l1"": 0.0, ""is_bridge_edge_l1"": 0.0, ""is_inter_community_edge_l1"": 0.0, ""is_low_common_neighbor_edge_l1"": 0.0, ""mean_l1"": 0.0}",1,32,32,0.0,0
realworld_completed,bio_celegans,SASB-candidate,sasb,SASB-structured,20260513,400,early,1.0,1.0,0.0,1,1,0,0.19753086419753085,0.1980246913580247,134,350,134--350,10,12,10,12,120,1,0.1111111111111111,1,6,4,32,"[""96"", ""53"", ""60"", ""51"", ""62"", ""343"", ""440"", ""363"", ""145"", ""220"", ""147"", ""142"", ""143"", ""144"", ""52"", ""118"", ""82"", ""83"", ""121"", ""149"", ""32"", ""364"", ""154"", ""85"", ""398"", ""97"", ""404"", ""322"", ""98"", ""266"", ""45"", ""258""]",1ef463492f161714ef65b0c6e1823f323b01ce7f17f8ad6c139c2b322bf7f7fe,"{""boundary"": 12, ""community_rep"": 6, ""degree_core"": 10, ""random_fill"": 4}","{""degree_2"": 1, ""degree_3_4"": 3, ""degree_5_8"": 1, ""degree_9_plus"": 27}","{""0"": 2, ""1"": 6, ""10"": 1, ""2"": 1, ""3"": 11, ""4"": 6, ""5"": 1, ""6"": 1, ""7"": 1, ""8"": 1, ""9"": 1}",247,"{""backend"": ""evaluate_m19_theory_calibrated.candidate_features"", ""delta_mode"": ""none"", ""k_max"": 512, ""k_min"": 64, ""variant"": ""conservative""}",247,0.152,1.0,1.0,0.004048582995951417,0.9959514170040485,"{""dp_17_64"": 0.024291497975708502, ""dp_257_plus"": 0.8623481781376519, ""dp_5_16"": 0.004048582995951417, ""dp_65_256"": 0.10931174089068826}","{""cn_0"": 0.9878542510121457, ""cn_1"": 0.008097165991902834, ""cn_2_3"": 0.004048582995951417}",0.016194331983805668,1047.9433198380566,sasb_candidate_builder,6dbdd0591d00c276aedb243cd7807b77fe826deef990f689fc4211d9b1e7a351,247,6dbdd0591d00c276aedb243cd7807b77fe826deef990f689fc4211d9b1e7a351,"{""sasb_builder"": 247}",0,0,0,0,{},0.0,"{""common_neighbor_bin_l1"": 0.0, ""degree_product_bin_l1"": 0.0, ""is_boundary_edge_l1"": 0.0, ""is_bridge_edge_l1"": 0.0, ""is_inter_community_edge_l1"": 0.0, ""is_low_common_neighbor_edge_l1"": 0.0, ""mean_l1"": 0.0}",1,32,32,475.8307460257624,0
realworld_completed,bio_celegans,SASB-candidate,sasb,SASB-structured,20260513,401,early,1.0,1.0,0.0,1,1,0,0.1980246913580247,0.1985185185185185,134,448,134--448,9,7,7,9,63,0,0.0,1,6,4,32,"[""96"", ""53"", ""60"", ""51"", ""62"", ""343"", ""440"", ""363"", ""145"", ""220"", ""147"", ""142"", ""143"", ""144"", ""52"", ""118"", ""82"", ""83"", ""121"", ""149"", ""32"", ""364"", ""154"", ""85"", ""398"", ""97"", ""404"", ""322"", ""162"", ""443"", ""134"", ""390""]",7f297993f286ab318bf7dc4e578cf398bcd004dcf03959a397948846afa18dde,"{""boundary"": 12, ""community_rep"": 6, ""degree_core"": 10, ""random_fill"": 4}","{""degree_2"": 1, ""degree_3_4"": 1, ""degree_5_8"": 3, ""degree_9_plus"": 27}","{""0"": 1, ""1"": 6, ""10"": 1, ""2"": 1, ""3"": 9, ""4"": 6, ""5"": 1, ""6"": 2, ""7"": 1, ""8"": 2, ""9"": 2}",247,"{""backend"": ""evaluate_m19_theory_calibrated.candidate_features"", ""delta_mode"": ""none"", ""k_max"": 512, ""k_min"": 64, ""variant"": ""conservative""}",247,0.1520935960591133,1.0,1.0,0.004048582995951417,0.9959514170040485,"{""dp_17_64"": 0.02834008097165992, ""dp_257_plus"": 0.8623481781376519, ""dp_5_16"": 0.004048582995951417, ""dp_65_256"": 0.10526315789473684}","{""cn_0"": 0.9919028340080972, ""cn_1"": 0.004048582995951417, ""cn_2_3"": 0.004048582995951417}",0.012145748987854251,1047.182186234818,sasb_candidate_builder,58cd04d03a56d83c765466c4a301ee7e09b7c9bf49a2f83b9c13f09d6165e7c7,247,58cd04d03a56d83c765466c4a301ee7e09b7c9bf49a2f83b9c13f09d6165e7c7,"{""sasb_builder"": 247}",0,0,0,0,{},0.0,"{""common_neighbor_bin_l1"": 0.0, ""degree_product_bin_l1"": 0.0, ""is_boundary_edge_l1"": 0.0, ""is_bridge_edge_l1"": 0.0, ""is_inter_community_edge_l1"": 0.0, ""is_low_common_neighbor_edge_l1"": 0.0, ""mean_l1"": 0.0}",1,32,32,1926.9605638665514,0
realworld_completed,bio_celegans,SASB-candidate,sasb,SASB-structured,20260513,402,early,1.0,1.0,0.0,1,1,0,0.1985185185185185,0.19901234567901235,185,241,185--241,3,7,3,7,21,0,0.0,1,9,3,32,"[""96"", ""53"", ""60"", ""51"", ""62"", ""343"", ""440"", ""363"", ""145"", ""220"", ""147"", ""142"", ""143"", ""144"", ""52"", ""118"", ""82"", ""83"", ""121"", ""149"", ""32"", ""364"", ""154"", ""85"", ""398"", ""97"", ""404"", ""322"", ""319"", ""255"", ""442"", ""98""]",57990257768485b86e2da7e31ba95d856fff9c690f3355df8994dcb3064a1744,"{""boundary"": 12, ""community_rep"": 6, ""degree_core"": 10, ""random_fill"": 4}","{""degree_3_4"": 2, ""degree_5_8"": 3, ""degree_9_plus"": 27}","{""0"": 1, ""1"": 5, ""10"": 1, ""2"": 1, ""3"": 13, ""4"": 6, ""5"": 1, ""6"": 1, ""7"": 1, ""8"": 1, ""9"": 1}",247,"{""backend"": ""evaluate_m19_theory_calibrated.candidate_features"", ""delta_mode"": ""none"", ""k_max"": 512, ""k_min"": 64, ""variant"": ""conservative""}",247,0.15218730745532963,1.0,1.0,0.004048582995951417,0.9959514170040485,"{""dp_17_64"": 0.024291497975708502, ""dp_257_plus"": 0.8663967611336032, ""dp_5_16"": 0.004048582995951417, ""dp_65_256"": 0.10526315789473684}","{""cn_0"": 0.9919028340080972, ""cn_1"": 0.004048582995951417, ""cn_2_3"": 0.004048582995951417}",0.012145748987854251,1048.3846153846155,sasb_candidate_builder,4e33db7dd8cda5cecdc06449a3776106abc975dcf69f540810be5d9e75cd2973,247,4e33db7dd8cda5cecdc06449a3776106abc975dcf69f540810be5d9e75cd2973,"{""sasb_builder"": 247}",0,0,0,0,{},0.0,"{""common_neighbor_bin_l1"": 0.0, ""degree_product_bin_l1"": 0.0, ""is_boundary_edge_l1"": 0.0, ""is_bridge_edge_l1"": 0.0, ""is_inter_community_edge_l1"": 0.0, ""is_low_common_neighbor_edge_l1"": 0.0, ""mean_l1"": 0.0}",1,32,32,156.30133661568695,0
realworld_completed,bio_celegans,SASB-candidate,sasb,SASB-structured,20260513,403,early,1.0,1.0,0.0,1,1,0,0.19901234567901235,0.19950617283950617,188,440,188--440,3,26,3,26,78,2,1.0,1,0,4,32,"[""96"", ""53"", ""60"", ""51"", ""62"", ""343"", ""440"", ""363"", ""145"", ""220"", ""147"", ""142"", ""143"", ""144"", ""52"", ""118"", ""82"", ""83"", ""121"", ""149"", ""32"", ""364"", ""154"", ""85"", ""398"", ""97"", ""404"", ""322"", ""264"", ""216"", ""246"", ""81""]",ec035fb17bfcdb34989f211255d82c63643e8b33cebd651605e2b1cc6220a516,"{""boundary"": 12, ""community_rep"": 6, ""degree_core"": 10, ""random_fill"": 4}","{""degree_2"": 1, ""degree_3_4"": 1, ""degree_5_8"": 4, ""degree_9_plus"": 26}","{""0"": 1, ""1"": 5, ""10"": 1, ""2"": 1, ""3"": 10, ""4"": 8, ""5"": 1, ""6"": 2, ""7"": 1, ""8"": 1, ""9"": 1}",247,"{""backend"": ""evaluate_m19_theory_calibrated.candidate_features"", ""delta_mode"": ""none"", ""k_max"": 512, ""k_min"": 64, ""variant"": ""conservative""}",247,0.15228113440197288,1.0,1.0,0.004048582995951417,0.9959514170040485,"{""dp_17_64"": 0.020242914979757085, ""dp_257_plus"": 0.8704453441295547, ""dp_5_16"": 0.004048582995951417, ""dp_65_256"": 0.10526315789473684}","{""cn_0"": 0.9919028340080972, ""cn_1"": 0.004048582995951417, ""cn_2_3"": 0.004048582995951417}",0.012145748987854251,1050.4048582995952,sasb_candidate_builder,9cb852d8ca14d244a003359756db8fc2eec59c71edbb14e558b180981e0fa9b3,247,9cb852d8ca14d244a003359756db8fc2eec59c71edbb14e558b180981e0fa9b3,"{""sasb_builder"": 247}",0,0,0,0,{},0.0,"{""common_neighbor_bin_l1"": 0.0, ""degree_product_bin_l1"": 0.0, ""is_boundary_edge_l1"": 0.0, ""is_bridge_edge_l1"": 0.0, ""is_inter_community_edge_l1"": 0.0, ""is_low_common_neighbor_edge_l1"": 0.0, ""mean_l1"": 0.0}",1,32,32,96.94886363636364,0
realworld_completed,bio_celegans,SASB-candidate,sasb,SASB-structured,20260513,404,early,1.0,1.0,0.0,1,1,0,0.19950617283950617,0.2,186,377,186--377,5,7,5,7,35,1,0.25,0,7,7,32,"[""96"", ""53"", ""60"", ""51"", ""62"", ""343"", ""363"", ""440"", ""145"", ""220"", ""147"", ""142"", ""143"", ""144"", ""52"", ""118"", ""82"", ""83"", ""121"", ""149"", ""32"", ""364"", ""154"", ""85"", ""398"", ""97"", ""404"", ""322"", ""197"", ""255"", ""179"", ""286""]",62aa365aff7aea58e75bbf06b14a73781a2029858cea2b82f044b4117bc33dbc,"{""boundary"": 12, ""community_rep"": 6, ""degree_core"": 10, ""random_fill"": 4}","{""degree_3_4"": 3, ""degree_5_8"": 3, ""degree_9_plus"": 26}","{""0"": 1, ""1"": 7, ""10"": 1, ""2"": 1, ""3"": 10, ""4"": 7, ""5"": 1, ""6"": 1, ""7"": 1, ""8"": 1, ""9"": 1}",247,"{""backend"": ""evaluate_m19_theory_calibrated.candidate_features"", ""delta_mode"": ""none"", ""k_max"": 512, ""k_min"": 64, ""variant"": ""conservative""}",247,0.15237507711289328,1.0,1.0,0.004048582995951417,1.0,"{""dp_17_64"": 0.020242914979757085, ""dp_257_plus"": 0.8744939271255061, ""dp_5_16"": 0.004048582995951417, ""dp_65_256"": 0.10121457489878542}","{""cn_0"": 0.9959514170040485, ""cn_1"": 0.004048582995951417}",0.004048582995951417,1051.0283400809717,sasb_candidate_builder,506358ef6cda733b54b19f92639b896d0ca5a6298bda87c0a772dda4789c2a0c,247,506358ef6cda733b54b19f92639b896d0ca5a6298bda87c0a772dda4789c2a0c,"{""sasb_builder"": 247}",0,0,0,0,{},0.0,"{""common_neighbor_bin_l1"": 0.0, ""degree_product_bin_l1"": 0.0, ""is_boundary_edge_l1"": 0.0, ""is_bridge_edge_l1"": 0.0, ""is_inter_community_edge_l1"": 0.0, ""is_low_common_neighbor_edge_l1"": 0.0, ""mean_l1"": 0.0}",1,32,32,62.737947016711296,0
realworld_completed,bio_celegans,SASB-candidate,sasb,SASB-structured,20260513,405,early,1.0,1.0,0.0,1,1,0,0.2,0.20049382716049383,144,96,144--96,47,174,47,174,8178,18,0.391304347826087,1,1,0,32,"[""96"", ""53"", ""60"", ""51"", ""62"", ""343"", ""363"", ""440"", ""145"", ""220"", ""147"", ""142"", ""143"", ""144"", ""52"", ""118"", ""82"", ""83"", ""121"", ""149"", ""32"", ""364"", ""154"", ""85"", ""398"", ""97"", ""404"", ""322"", ""411"", ""450"", ""14"", ""130""]",77498928e4ad9762e94758cc5ff9d1f2e0530138a6c89bb1b807854f89be2817,"{""boundary"": 12, ""community_rep"": 6, ""degree_core"": 10, ""random_fill"": 4}","{""degree_2"": 1, ""degree_3_4"": 3, ""degree_5_8"": 1, ""degree_9_plus"": 27}","{""0"": 1, ""1"": 6, ""10"": 1, ""2"": 1, ""3"": 10, ""4"": 7, ""5"": 1, ""6"": 2, ""7"": 1, ""8"": 1, ""9"": 1}",247,"{""backend"": ""evaluate_m19_theory_calibrated.candidate_features"", ""delta_mode"": ""none"", ""k_max"": 512, ""k_min"": 64, ""variant"": ""conservative""}",247,0.15246913580246912,1.0,1.0,0.004048582995951417,1.0,"{""dp_17_64"": 0.016194331983805668, ""dp_257_plus"": 0.8744939271255061, ""dp_5_16"": 0.004048582995951417, ""dp_65_256"": 0.10526315789473684}","{""cn_0"": 1.0}",0.0,1050.5182186234817,sasb_candidate_builder,f3a1f2cd251526d2c3c0ffe907611d9c58cd6a913f167177090410502b8c87a0,247,f3a1f2cd251526d2c3c0ffe907611d9c58cd6a913f167177090410502b8c87a0,"{""sasb_builder"": 247}",0,0,0,0,{},0.0,"{""common_neighbor_bin_l1"": 0.0, ""degree_product_bin_l1"": 0.0, ""is_boundary_edge_l1"": 0.0, ""is_bridge_edge_l1"": 0.0, ""is_inter_community_edge_l1"": 0.0, ""is_low_common_neighbor_edge_l1"": 0.0, ""mean_l1"": 0.0}",1,32,32,0.0,0
realworld_completed,bio_celegans,SASB-candidate,sasb,SASB-structured,20260513,406,early,1.0,1.0,0.0,1,1,0,0.20049382716049383,0.20098765432098764,115,377,115--377,8,6,6,8,48,1,0.2,1,6,0,32,"[""96"", ""53"", ""60"", ""51"", ""62"", ""343"", ""363"", ""440"", ""145"", ""220"", ""147"", ""142"", ""143"", ""144"", ""52"", ""118"", ""82"", ""83"", ""121"", ""149"", ""32"", ""364"", ""154"", ""85"", ""398"", ""97"", ""404"", ""322"", ""302"", ""131"", ""313"", ""371""]",7140d29d5e04ab194fb016868da300e1819563aff3f8cd54611f9afb8d4a07d9,"{""boundary"": 12, ""community_rep"": 6, ""degree_core"": 10, ""random_fill"": 4}","{""degree_3_4"": 2, ""degree_5_8"": 3, ""degree_9_plus"": 27}","{""0"": 2, ""1"": 6, ""10"": 1, ""2"": 1, ""3"": 9, ""4"": 6, ""5"": 2, ""6"": 1, ""7"": 2, ""8"": 1, ""9"": 1}",247,"{""backend"": ""evaluate_m19_theory_calibrated.candidate_features"", ""delta_mode"": ""none"", ""k_max"": 512, ""k_min"": 64, ""variant"": ""conservative""}",247,0.1525633106856084,1.0,1.0,0.004048582995951417,1.0,"{""dp_17_64"": 0.020242914979757085, ""dp_257_plus"": 0.8704453441295547, ""dp_5_16"": 0.004048582995951417, ""dp_65_256"": 0.10526315789473684}","{""cn_0"": 0.9959514170040485, ""cn_1"": 0.004048582995951417}",0.004048582995951417,1013.5425101214574,sasb_candidate_builder,e71970d2cde48e68e6532850b85daf15d3e1f4e081cc96d1395db947deda6430,247,e71970d2cde48e68e6532850b85daf15d3e1f4e081cc96d1395db947deda6430,"{""sasb_builder"": 247}",0,0,0,0,{},0.0,"{""common_neighbor_bin_l1"": 0.0, ""degree_product_bin_l1"": 0.0, ""is_boundary_edge_l1"": 0.0, ""is_bridge_edge_l1"": 0.0, ""is_inter_community_edge_l1"": 0.0, ""is_low_common_neighbor_edge_l1"": 0.0, ""mean_l1"": 0.0}",1,32,32,48.174090857592695,0
realworld_completed,bio_celegans,SASB-candidate,sasb,SASB-structured,20260513,407,early,1.0,1.0,0.0,1,1,0,0.20098765432098764,0.20148148148148148,377,381,377--381,5,5,5,5,25,1,0.25,1,8,3,32,"[""96"", ""53"", ""60"", ""51"", ""62"", ""343"", ""363"", ""440"", ""145"", ""220"", ""147"", ""142"", ""143"", ""144"", ""52"", ""118"", ""82"", ""83"", ""121"", ""149"", ""32"", ""364"", ""154"", ""85"", ""398"", ""97"", ""404"", ""322"", ""300"", ""278"", ""185"", ""55""]",94506a2fc0d2ede51b6243081cd1ee6ba27374618037fa1252eabf5042be0582,"{""boundary"": 12, ""community_rep"": 6, ""degree_core"": 10, ""random_fill"": 4}","{""degree_2"": 2, ""degree_3_4"": 1, ""degree_5_8"": 3, ""degree_9_plus"": 26}","{""0"": 1, ""1"": 5, ""10"": 1, ""2"": 1, ""3"": 9, ""4"": 7, ""5"": 1, ""6"": 1, ""7"": 1, ""8"": 2, ""9"": 3}",247,"{""backend"": ""evaluate_m19_theory_calibrated.candidate_features"", ""delta_mode"": ""none"", ""k_max"": 512, ""k_min"": 64, ""variant"": ""conservative""}",247,0.1526576019777503,1.0,1.0,0.004048582995951417,1.0,"{""dp_17_64"": 0.020242914979757085, ""dp_257_plus"": 0.8704453441295547, ""dp_5_16"": 0.004048582995951417, ""dp_65_256"": 0.10526315789473684}","{""cn_0"": 0.9959514170040485, ""cn_1"": 0.004048582995951417}",0.004048582995951417,1012.748987854251,sasb_candidate_builder,2a443cb4fe6acfeae78a0e34d02cffdbe2b4913d04e678e4b46ef592398e379f,247,2a443cb4fe6acfeae78a0e34d02cffdbe2b4913d04e678e4b46ef592398e379f,"{""sasb_builder"": 247}",0,0,0,0,{},0.0,"{""common_neighbor_bin_l1"": 0.0, ""degree_product_bin_l1"": 0.0, ""is_boundary_edge_l1"": 0.0, ""is_bridge_edge_l1"": 0.0, ""is_inter_community_edge_l1"": 0.0, ""is_low_common_neighbor_edge_l1"": 0.0, ""mean_l1"": 0.0}",1,32,32,17.875211823728527,0
realworld_completed,bio_celegans,SASB-candidate,sasb,SASB-structured,20260513,408,early,1.0,1.0,0.0,1,1,0,0.20148148148148148,0.2019753086419753,144,98,144--98,46,11,11,46,506,1,0.1,1,1,3,32,"[""96"", ""53"", ""60"", ""51"", ""62"", ""343"", ""363"", ""440"", ""145"", ""220"", ""147"", ""142"", ""143"", ""144"", ""52"", ""118"", ""82"", ""83"", ""121"", ""149"", ""32"", ""364"", ""154"", ""85"", ""398"", ""97"", ""404"", ""322"", ""380"", ""189"", ""219"", ""406""]",d8f9c6a4295030f9b130b0e5b463dc4f90e517d460e054bc37307ca74e961418,"{""boundary"": 12, ""community_rep"": 6, ""degree_core"": 10, ""random_fill"": 4}","{""degree_3_4"": 1, ""degree_5_8"": 5, ""degree_9_plus"": 26}","{""0"": 1, ""1"": 6, ""10"": 1, ""2"": 1, ""3"": 11, ""4"": 7, ""5"": 1, ""6"": 1, ""7"": 1, ""8"": 1, ""9"": 1}",246,"{""backend"": ""evaluate_m19_theory_calibrated.candidate_features"", ""delta_mode"": ""none"", ""k_max"": 512, ""k_min"": 64, ""variant"": ""conservative""}",246,0.15213358070500926,1.0,1.0,0.0040650406504065045,1.0,"{""dp_17_64"": 0.016260162601626018, ""dp_257_plus"": 0.8739837398373984, ""dp_5_16"": 0.0040650406504065045, ""dp_65_256"": 0.10569105691056911}","{""cn_0"": 1.0}",0.0,1015.3577235772358,sasb_candidate_builder,dc70e39c6036ed41f12850b12422b1cb5c11dd6b32645f39ac677228123844dc,246,dc70e39c6036ed41f12850b12422b1cb5c11dd6b32645f39ac677228123844dc,"{""sasb_builder"": 246}",0,0,0,0,{},0.0,"{""common_neighbor_bin_l1"": 0.0, ""degree_product_bin_l1"": 0.0, ""is_boundary_edge_l1"": 0.0, ""is_bridge_edge_l1"": 0.0, ""is_inter_community_edge_l1"": 0.0, ""is_low_common_neighbor_edge_l1"": 0.0, ""mean_l1"": 0.0}",1,32,32,0.0,0
realworld_completed,bio_celegans,SASB-candidate,sasb,SASB-structured,20260513,409,early,1.0,1.0,0.0,1,1,0,0.2019753086419753,0.20246913580246914,145,32,145--32,52,20,20,52,1040,1,0.05263157894736842,1,1,3,32,"[""96"", ""53"", ""60"", ""51"", ""62"", ""343"", ""363"", ""440"", ""145"", ""220"", ""147"", ""142"", ""143"", ""144"", ""52"", ""118"", ""82"", ""83"", ""121"", ""149"", ""32"", ""364"", ""154"", ""85"", ""398"", ""97"", ""404"", ""322"", ""346"", ""102"", ""240"", ""327""]",3046fcd6db02a17ba6bf731d88e35d18bca43c78eb7d2a331cab75ac491b20c8,"{""boundary"": 12, ""community_rep"": 6, ""degree_core"": 10, ""random_fill"": 4}","{""degree_3_4"": 3, ""degree_5_8"": 3, ""degree_9_plus"": 26}","{""0"": 2, ""1"": 6, ""10"": 1, ""2"": 1, ""3"": 9, ""4"": 8, ""5"": 1, ""6"": 1, ""7"": 1, ""8"": 1, ""9"": 1}",246,"{""backend"": ""evaluate_m19_theory_calibrated.candidate_features"", ""delta_mode"": ""none"", ""k_max"": 512, ""k_min"": 64, ""variant"": ""conservative""}",246,0.15222772277227722,1.0,1.0,0.0040650406504065045,1.0,"{""dp_17_64"": 0.016260162601626018, ""dp_257_plus"": 0.8699186991869918, ""dp_5_16"": 0.0040650406504065045, ""dp_65_256"": 0.10975609756097561}","{""cn_0"": 1.0}",0.0,1014.0650406504066,sasb_candidate_builder,432e6d737a01cd4dbe3976364b6814e7c25b6a2af97345d743762325c7672194,246,432e6d737a01cd4dbe3976364b6814e7c25b6a2af97345d743762325c7672194,"{""sasb_builder"": 246}",0,0,0,0,{},0.0,"{""common_neighbor_bin_l1"": 0.0, ""degree_product_bin_l1"": 0.0, ""is_boundary_edge_l1"": 0.0, ""is_bridge_edge_l1"": 0.0, ""is_inter_community_edge_l1"": 0.0, ""is_low_common_neighbor_edge_l1"": 0.0, ""mean_l1"": 0.0}",1,32,32,0.0,0
realworld_completed,bio_celegans,SASB-candidate,sasb,SASB-structured,20260513,410,early,1.0,1.0,0.0,1,1,0,0.20246913580246914,0.20296296296296296,123,222,123--222,6,12,6,12,72,0,0.0,1,6,3,32,"[""96"", ""53"", ""60"", ""51"", ""62"", ""343"", ""363"", ""440"", ""142"", ""143"", ""220"", ""145"", ""144"", ""147"", ""52"", ""118"", ""82"", ""83"", ""121"", ""149"", ""364"", ""109"", ""154"", ""398"", ""61"", ""97"", ""404"", ""322"", ""256"", ""104"", ""230"", ""77""]",acdfa03a6d1d9be7347331f38e06f698cc58c46fbb3bb506111f4692de276742,"{""boundary"": 12, ""community_rep"": 6, ""degree_core"": 10, ""random_fill"": 4}","{""degree_3_4"": 2, ""degree_5_8"": 4, ""degree_9_plus"": 26}","{""0"": 2, ""1"": 5, ""10"": 1, ""2"": 1, ""3"": 9, ""4"": 7, ""5"": 1, ""6"": 2, ""7"": 1, ""8"": 1, ""9"": 2}",246,"{""backend"": ""evaluate_m19_theory_calibrated.candidate_features"", ""delta_mode"": ""none"", ""k_max"": 512, ""k_min"": 64, ""variant"": ""conservative""}",246,0.1523219814241486,1.0,1.0,0.0040650406504065045,0.9959349593495935,"{""dp_17_64"": 0.024390243902439025, ""dp_257_plus"": 0.8536585365853658, ""dp_5_16"": 0.0040650406504065045, ""dp_65_256"": 0.11788617886178862}","{""cn_0"": 0.9959349593495935, ""cn_2_3"": 0.0040650406504065045}",0.008130081300813009,1005.739837398374,sasb_candidate_builder,a65352379c87034611e2850f931bbf5c452846a865ff359b41c42755abd019e5,246,a65352379c87034611e2850f931bbf5c452846a865ff359b41c42755abd019e5,"{""sasb_builder"": 246}",0,0,0,0,{},0.0,"{""common_neighbor_bin_l1"": 0.0, ""degree_product_bin_l1"": 0.0, ""is_boundary_edge_l1"": 0.0, ""is_bridge_edge_l1"": 0.0, ""is_inter_community_edge_l1"": 0.0, ""is_low_common_neighbor_edge_l1"": 0.0, ""mean_l1"": 0.0}",1,32,32,350.08936468776113,0
realworld_completed,bio_celegans,SASB-candidate,sasb,SASB-structured,20260513,411,early,1.0,1.0,0.0,1,1,0,0.20296296296296296,0.2034567901234568,343,415,343--415,57,4,4,57,228,2,0.6666666666666666,1,8,0,32,"[""96"", ""53"", ""60"", ""51"", ""62"", ""343"", ""363"", ""440"", ""142"", ""143"", ""220"", ""145"", ""144"", ""147"", ""52"", ""118"", ""82"", ""83"", ""121"", ""149"", ""364"", ""109"", ""154"", ""398"", ""61"", ""97"", ""404"", ""322"", ""95"", ""102"", ""348"", ""226""]",90988548e9a7c6976059c78be7b5203e73fe0cad99742483559ac7c4cbbc12f2,"{""boundary"": 12, ""community_rep"": 6, ""degree_core"": 10, ""random_fill"": 4}","{""degree_3_4"": 2, ""degree_5_8"": 3, ""degree_9_plus"": 27}","{""0"": 1, ""1"": 6, ""10"": 1, ""2"": 1, ""3"": 10, ""4"": 6, ""5"": 2, ""6"": 1, ""7"": 1, ""8"": 2, ""9"": 1}",246,"{""backend"": ""evaluate_m19_theory_calibrated.candidate_features"", ""delta_mode"": ""none"", ""k_max"": 512, ""k_min"": 64, ""variant"": ""conservative""}",246,0.1524163568773234,1.0,1.0,0.0040650406504065045,0.9959349593495935,"{""dp_17_64"": 0.024390243902439025, ""dp_257_plus"": 0.8536585365853658, ""dp_5_16"": 0.008130081300813009, ""dp_65_256"": 0.11382113821138211}","{""cn_0"": 0.9959349593495935, ""cn_2_3"": 0.0040650406504065045}",0.008130081300813009,1004.8089430894308,sasb_candidate_builder,1f123b48fbb5d53813d12cb944c4ff58b51b665cbcc01bece952f13999553748,246,1f123b48fbb5d53813d12cb944c4ff58b51b665cbcc01bece952f13999553748,"{""sasb_builder"": 246}",0,0,0,0,{},0.0,"{""common_neighbor_bin_l1"": 0.0, ""degree_product_bin_l1"": 0.0, ""is_boundary_edge_l1"": 0.0, ""is_bridge_edge_l1"": 0.0, ""is_inter_community_edge_l1"": 0.0, ""is_low_common_neighbor_edge_l1"": 0.0, ""mean_l1"": 0.0}",1,32,32,242.96647304067852,0
realworld_completed,bio_celegans,SASB-candidate,sasb,SASB-structured,20260513,412,early,1.0,1.0,0.0,1,1,0,0.2034567901234568,0.2039506172839506,343,416,343--416,56,3,3,56,168,1,0.5,1,3,7,32,"[""96"", ""53"", ""60"", ""51"", ""62"", ""343"", ""363"", ""440"", ""142"", ""143"", ""220"", ""145"", ""144"", ""147"", ""52"", ""118"", ""82"", ""83"", ""121"", ""149"", ""364"", ""109"", ""154"", ""398"", ""61"", ""97"", ""404"", ""322"", ""199"", ""444"", ""13"", ""129""]",4592b45e641fe913dea468b0796d54f79130f790b547fe443991b65e3e202fe3,"{""boundary"": 12, ""community_rep"": 6, ""degree_core"": 10, ""random_fill"": 4}","{""degree_3_4"": 4, ""degree_5_8"": 2, ""degree_9_plus"": 26}","{""0"": 2, ""1"": 5, ""10"": 2, ""2"": 1, ""3"": 10, ""4"": 7, ""5"": 1, ""6"": 1, ""7"": 1, ""8"": 1, ""9"": 1}",246,"{""backend"": ""evaluate_m19_theory_calibrated.candidate_features"", ""delta_mode"": ""none"", ""k_max"": 512, ""k_min"": 64, ""variant"": ""conservative""}",246,0.15251084934903905,1.0,1.0,0.0040650406504065045,0.9959349593495935,"{""dp_17_64"": 0.024390243902439025, ""dp_257_plus"": 0.8536585365853658, ""dp_5_16"": 0.0040650406504065045, ""dp_65_256"": 0.11788617886178862}","{""cn_0"": 0.991869918699187, ""cn_1"": 0.0040650406504065045, ""cn_2_3"": 0.0040650406504065045}",0.016260162601626018,1004.19918699187,sasb_candidate_builder,18560203a3b18fa858b4330dc5bd73f190a463ec1fda87e357ff255b3d0c1c31,246,18560203a3b18fa858b4330dc5bd73f190a463ec1fda87e357ff255b3d0c1c31,"{""sasb_builder"": 246}",0,0,0,0,{},0.0,"{""common_neighbor_bin_l1"": 0.0, ""degree_product_bin_l1"": 0.0, ""is_boundary_edge_l1"": 0.0, ""is_bridge_edge_l1"": 0.0, ""is_inter_community_edge_l1"": 0.0, ""is_low_common_neighbor_edge_l1"": 0.0, ""mean_l1"": 0.0}",1,32,32,216.2465937779097,0
realworld_completed,bio_celegans,SASB-candidate,sasb,SASB-structured,20260513,413,early,1.0,1.0,0.0,1,1,0,0.2039506172839506,0.20444444444444446,167,405,167--405,4,4,4,4,16,0,0.0,1,9,0,32,"[""96"", ""53"", ""60"", ""51"", ""62"", ""363"", ""440"", ""142"", ""143"", ""343"", ""220"", ""145"", ""144"", ""147"", ""52"", ""118"", ""82"", ""83"", ""121"", ""149"", ""364"", ""109"", ""154"", ""398"", ""61"", ""97"", ""404"", ""322"", ""391"", ""273"", ""413"", ""133""]",46b30f528ef75415d0cb3d1864010d5a525ac788a716aa74118f332a1bc31c31,"{""boundary"": 12, ""community_rep"": 6, ""degree_core"": 10, ""random_fill"": 4}","{""degree_3_4"": 2, ""degree_5_8"": 3, ""degree_9_plus"": 27}","{""0"": 2, ""1"": 6, ""10"": 1, ""2"": 1, ""3"": 11, ""4"": 6, ""5"": 1, ""6"": 1, ""7"": 1, ""8"": 1, ""9"": 1}",246,"{""backend"": ""evaluate_m19_theory_calibrated.candidate_features"", ""delta_mode"": ""none"", ""k_max"": 512, ""k_min"": 64, ""variant"": ""conservative""}",246,0.15260545905707196,1.0,1.0,0.0040650406504065045,0.9959349593495935,"{""dp_17_64"": 0.024390243902439025, ""dp_257_plus"": 0.8536585365853658, ""dp_5_16"": 0.008130081300813009, ""dp_65_256"": 0.11382113821138211}","{""cn_0"": 0.9959349593495935, ""cn_2_3"": 0.0040650406504065045}",0.012195121951219513,1002.3048780487804,sasb_candidate_builder,cc3188d498d196559a89489065c5b4454a6f326c84667f12cde583403e500c0d,246,cc3188d498d196559a89489065c5b4454a6f326c84667f12cde583403e500c0d,"{""sasb_builder"": 246}",0,0,0,0,{},0.0,"{""common_neighbor_bin_l1"": 0.0, ""degree_product_bin_l1"": 0.0, ""is_boundary_edge_l1"": 0.0, ""is_bridge_edge_l1"": 0.0, ""is_inter_community_edge_l1"": 0.0, ""is_low_common_neighbor_edge_l1"": 0.0, ""mean_l1"": 0.0}",1,32,32,125.81912994413851,0
realworld_completed,bio_celegans,SASB-candidate,sasb,SASB-structured,20260513,414,early,1.0,1.0,0.0,1,1,0,0.20444444444444446,0.20493827160493827,363,376,363--376,40,6,6,40,240,3,0.6,1,3,0,32,"[""96"", ""53"", ""60"", ""51"", ""62"", ""363"", ""440"", ""142"", ""143"", ""343"", ""220"", ""145"", ""144"", ""147"", ""52"", ""118"", ""82"", ""83"", ""121"", ""149"", ""364"", ""109"", ""154"", ""398"", ""61"", ""97"", ""404"", ""322"", ""215"", ""448"", ""208"", ""216""]",1f1a214b6f2a28bcbaca7f010bcdc8eefbe40eded69546cf5246de237d5be9fe,"{""boundary"": 12, ""community_rep"": 6, ""degree_core"": 10, ""random_fill"": 4}","{""degree_2"": 1, ""degree_3_4"": 1, ""degree_5_8"": 4, ""degree_9_plus"": 26}","{""0"": 1, ""1"": 6, ""10"": 1, ""2"": 1, ""3"": 9, ""4"": 8, ""5"": 1, ""6"": 2, ""7"": 1, ""8"": 1, ""9"": 1}",246,"{""backend"": ""evaluate_m19_theory_calibrated.candidate_features"", ""delta_mode"": ""none"", ""k_max"": 512, ""k_min"": 64, ""variant"": ""conservative""}",246,0.1527001862197393,1.0,1.0,0.0040650406504065045,0.991869918699187,"{""dp_17_64"": 0.024390243902439025, ""dp_257_plus"": 0.8536585365853658, ""dp_5_16"": 0.0040650406504065045, ""dp_65_256"": 0.11788617886178862}","{""cn_0"": 0.991869918699187, ""cn_2_3"": 0.0040650406504065045, ""cn_4_8"": 0.0040650406504065045}",0.032520325203252036,1002.1178861788618,sasb_candidate_builder,6623e371c4ee7885a0c8fe94d14876c55082d3fdd9a139a94f97ec4075a500fc,246,6623e371c4ee7885a0c8fe94d14876c55082d3fdd9a139a94f97ec4075a500fc,"{""sasb_builder"": 246}",0,0,0,0,{},0.0,"{""common_neighbor_bin_l1"": 0.0, ""degree_product_bin_l1"": 0.0, ""is_boundary_edge_l1"": 0.0, ""is_bridge_edge_l1"": 0.0, ""is_inter_community_edge_l1"": 0.0, ""is_low_common_neighbor_edge_l1"": 0.0, ""mean_l1"": 0.0}",1,32,32,116.48743259803922,0
realworld_completed,bio_celegans,SASB-candidate,sasb,SASB-structured,20260513,415,early,1.0,1.0,0.0,1,1,0,0.20493827160493827,0.2054320987654321,154,261,154--261,17,11,11,17,187,5,0.5,0,2,2,32,"[""96"", ""53"", ""60"", ""51"", ""62"", ""440"", ""142"", ""143"", ""343"", ""363"", ""220"", ""145"", ""144"", ""147"", ""52"", ""118"", ""82"", ""83"", ""121"", ""149"", ""364"", ""109"", ""154"", ""398"", ""61"", ""97"", ""404"", ""322"", ""330"", ""5"", ""152"", ""21""]",38dd619bb44229d0ea9c1dba078822481d9625261523c50d4bca60e86bee1011,"{""boundary"": 12, ""community_rep"": 6, ""degree_core"": 10, ""random_fill"": 4}","{""degree_3_4"": 4, ""degree_5_8"": 2, ""degree_9_plus"": 26}","{""0"": 1, ""1"": 5, ""10"": 1, ""2"": 1, ""3"": 11, ""4"": 8, ""5"": 1, ""6"": 1, ""7"": 1, ""8"": 1, ""9"": 1}",246,"{""backend"": ""evaluate_m19_theory_calibrated.candidate_features"", ""delta_mode"": ""none"", ""k_max"": 512, ""k_min"": 64, ""variant"": ""conservative""}",246,0.15279503105590062,1.0,1.0,0.0040650406504065045,0.9959349593495935,"{""dp_17_64"": 0.024390243902439025, ""dp_257_plus"": 0.8577235772357723, ""dp_5_16"": 0.0040650406504065045, ""dp_65_256"": 0.11382113821138211}","{""cn_0"": 0.9959349593495935, ""cn_4_8"": 0.0040650406504065045}",0.02032520325203252,1001.0121951219512,sasb_candidate_builder,4335f571f90aac8e03b0a2182695630cf915e70efaf99b8afccfb4b8a89de03c,246,4335f571f90aac8e03b0a2182695630cf915e70efaf99b8afccfb4b8a89de03c,"{""sasb_builder"": 246}",0,0,0,0,{},0.0,"{""common_neighbor_bin_l1"": 0.0, ""degree_product_bin_l1"": 0.0, ""is_boundary_edge_l1"": 0.0, ""is_bridge_edge_l1"": 0.0, ""is_inter_community_edge_l1"": 0.0, ""is_low_common_neighbor_edge_l1"": 0.0, ""mean_l1"": 0.0}",1,32,32,54.800680891798415,0
realworld_completed,bio_celegans,SASB-candidate,sasb,SASB-structured,20260513,416,early,1.0,1.0,0.0,1,1,0,0.2054320987654321,0.20592592592592593,261,299,261--299,10,4,4,10,40,2,0.6666666666666666,0,0,0,32,"[""96"", ""53"", ""60"", ""51"", ""62"", ""440"", ""142"", ""143"", ""343"", ""363"", ""220"", ""145"", ""144"", ""147"", ""52"", ""118"", ""82"", ""83"", ""121"", ""149"", ""364"", ""109"", ""154"", ""398"", ""61"", ""97"", ""404"", ""322"", ""434"", ""283"", ""164"", ""268""]",33d0914ff2f090cc0802c3671bfab74c1d92eae023e2020e2e88fc2d798a4a54,"{""boundary"": 12, ""community_rep"": 6, ""degree_core"": 10, ""random_fill"": 4}","{""degree_2"": 1, ""degree_3_4"": 2, ""degree_5_8"": 3, ""degree_9_plus"": 26}","{""0"": 2, ""1"": 6, ""10"": 2, ""2"": 1, ""3"": 9, ""4"": 7, ""5"": 1, ""6"": 1, ""7"": 1, ""8"": 1, ""9"": 1}",246,"{""backend"": ""evaluate_m19_theory_calibrated.candidate_features"", ""delta_mode"": ""none"", ""k_max"": 512, ""k_min"": 64, ""variant"": ""conservative""}",246,0.1528899937849596,1.0,1.0,0.0040650406504065045,0.991869918699187,"{""dp_17_64"": 0.032520325203252036, ""dp_257_plus"": 0.8536585365853658, ""dp_5_16"": 0.0040650406504065045, ""dp_65_256"": 0.10975609756097561}","{""cn_0"": 0.991869918699187, ""cn_2_3"": 0.008130081300813009}",0.016260162601626018,996.9959349593496,sasb_candidate_builder,4458d7666a1c4aed8643b1cf6fe3202d040cddc11aa69762b41481a463f714e2,246,4458d7666a1c4aed8643b1cf6fe3202d040cddc11aa69762b41481a463f714e2,"{""sasb_builder"": 246}",0,0,0,0,{},0.0,"{""common_neighbor_bin_l1"": 0.0, ""degree_product_bin_l1"": 0.0, ""is_boundary_edge_l1"": 0.0, ""is_bridge_edge_l1"": 0.0, ""is_inter_community_edge_l1"": 0.0, ""is_low_common_neighbor_edge_l1"": 0.0, ""mean_l1"": 0.0}",1,32,32,39.30861742424242,0
realworld_completed,bio_celegans,SASB-candidate,sasb,SASB-structured,20260513,417,early,1.0,1.0,0.0,1,1,0,0.20592592592592593,0.20641975308641974,261,345,261--345,9,4,4,9,36,1,0.3333333333333333,1,8,10,32,"[""96"", ""53"", ""60"", ""51"", ""62"", ""440"", ""142"", ""143"", ""343"", ""363"", ""220"", ""145"", ""144"", ""147"", ""52"", ""118"", ""82"", ""83"", ""121"", ""149"", ""364"", ""109"", ""154"", ""398"", ""61"", ""97"", ""404"", ""322"", ""116"", ""28"", ""137"", ""25""]",660cc212a09c908dda9a190116f8d0bb6c2cbcd7853382aec53a4d197f4fa2c0,"{""boundary"": 12, ""community_rep"": 6, ""degree_core"": 10, ""random_fill"": 4}","{""degree_2"": 1, ""degree_3_4"": 3, ""degree_5_8"": 2, ""degree_9_plus"": 26}","{""0"": 1, ""1"": 6, ""10"": 1, ""2"": 1, ""3"": 10, ""4"": 6, ""5"": 1, ""6"": 3, ""7"": 1, ""8"": 1, ""9"": 1}",246,"{""backend"": ""evaluate_m19_theory_calibrated.candidate_features"", ""delta_mode"": ""none"", ""k_max"": 512, ""k_min"": 64, ""variant"": ""conservative""}",246,0.15298507462686567,1.0,1.0,0.0040650406504065045,1.0,"{""dp_17_64"": 0.028455284552845527, ""dp_257_plus"": 0.8577235772357723, ""dp_5_16"": 0.0040650406504065045, ""dp_65_256"": 0.10975609756097561}","{""cn_0"": 0.9959349593495935, ""cn_1"": 0.0040650406504065045}",0.0040650406504065045,996.8414634146342,sasb_candidate_builder,4798c85647f0561778deebcf9e26c1fa07b0d4f9e771408be39833bb5d62f403,246,4798c85647f0561778deebcf9e26c1fa07b0d4f9e771408be39833bb5d62f403,"{""sasb_builder"": 246}",0,0,0,0,{},0.0,"{""common_neighbor_bin_l1"": 0.0, ""degree_product_bin_l1"": 0.0, ""is_boundary_edge_l1"": 0.0, ""is_bridge_edge_l1"": 0.0, ""is_inter_community_edge_l1"": 0.0, ""is_low_common_neighbor_edge_l1"": 0.0, ""mean_l1"": 0.0}",1,32,32,34.0107481060606,0
realworld_completed,bio_celegans,SASB-candidate,sasb,SASB-structured,20260513,418,early,1.0,1.0,0.0,1,1,0,0.20641975308641974,0.2069135802469136,121,162,121--162,20,7,7,20,140,3,0.5,1,3,2,32,"[""96"", ""53"", ""60"", ""51"", ""62"", ""440"", ""142"", ""143"", ""343"", ""363"", ""220"", ""145"", ""144"", ""147"", ""52"", ""118"", ""82"", ""83"", ""121"", ""149"", ""364"", ""109"", ""154"", ""398"", ""61"", ""97"", ""404"", ""322"", ""191"", ""361"", ""150"", ""255""]",a0f38e9d7f73ccd698ec933c9fc1244e41526b8f6dd81cc4e407ed9a5a285e69,"{""boundary"": 12, ""community_rep"": 6, ""degree_core"": 10, ""random_fill"": 4}","{""degree_3_4"": 4, ""degree_5_8"": 2, ""degree_9_plus"": 26}","{""0"": 1, ""1"": 5, ""10"": 1, ""2"": 1, ""3"": 11, ""4"": 7, ""5"": 2, ""6"": 1, ""7"": 1, ""8"": 1, ""9"": 1}",246,"{""backend"": ""evaluate_m19_theory_calibrated.candidate_features"", ""delta_mode"": ""none"", ""k_max"": 512, ""k_min"": 64, ""variant"": ""conservative""}",246,0.15308027380211575,1.0,1.0,0.0040650406504065045,0.991869918699187,"{""dp_17_64"": 0.024390243902439025, ""dp_257_plus"": 0.8536585365853658, ""dp_5_16"": 0.0040650406504065045, ""dp_65_256"": 0.11788617886178862}","{""cn_0"": 0.991869918699187, ""cn_2_3"": 0.008130081300813009}",0.02032520325203252,994.7560975609756,sasb_candidate_builder,ad2f31f116c2e48fe70f6d803c7c827bd11592517605ee1b39c4fd44acfeec1d,246,ad2f31f116c2e48fe70f6d803c7c827bd11592517605ee1b39c4fd44acfeec1d,"{""sasb_builder"": 246}",0,0,0,0,{},0.0,"{""common_neighbor_bin_l1"": 0.0, ""degree_product_bin_l1"": 0.0, ""is_boundary_edge_l1"": 0.0, ""is_bridge_edge_l1"": 0.0, ""is_inter_community_edge_l1"": 0.0, ""is_low_common_neighbor_edge_l1"": 0.0, ""mean_l1"": 0.0}",1,32,32,154.89292603155016,0
realworld_completed,bio_celegans,SASB-candidate,sasb,SASB-structured,20260513,419,early,1.0,1.0,0.0,1,1,0,0.2069135802469136,0.2074074074074074,161,391,161--391,9,9,9,9,81,2,0.25,1,2,3,32,"[""96"", ""53"", ""60"", ""51"", ""62"", ""440"", ""142"", ""143"", ""343"", ""363"", ""220"", ""145"", ""144"", ""147"", ""52"", ""118"", ""82"", ""83"", ""149"", ""364"", ""109"", ""121"", ""154"", ""398"", ""61"", ""97"", ""404"", ""322"", ""120"", ""250"", ""439"", ""11""]",eea6dbe9db7f73ed1b1084f3ed09e5cd96b3d8bb0c2b3eaea3a4293c00a1feb1,"{""boundary"": 12, ""community_rep"": 6, ""degree_core"": 10, ""random_fill"": 4}","{""degree_3_4"": 1, ""degree_5_8"": 5, ""degree_9_plus"": 26}","{""0"": 1, ""1"": 7, ""10"": 1, ""2"": 1, ""3"": 10, ""4"": 6, ""5"": 1, ""6"": 2, ""7"": 1, ""8"": 1, ""9"": 1}",246,"{""backend"": ""evaluate_m19_theory_calibrated.candidate_features"", ""delta_mode"": ""none"", ""k_max"": 512, ""k_min"": 64, ""variant"": ""conservative""}",246,0.15317559153175592,1.0,1.0,0.0040650406504065045,0.9959349593495935,"{""dp_17_64"": 0.024390243902439025, ""dp_257_plus"": 0.8577235772357723, ""dp_5_16"": 0.0040650406504065045, ""dp_65_256"": 0.11382113821138211}","{""cn_0"": 0.9959349593495935, ""cn_2_3"": 0.0040650406504065045}",0.008130081300813009,994.8211382113822,sasb_candidate_builder,16ffc3a56e88a3c9985d1456d66bc2b314db3ef0d36110b702f3018d11c0746c,246,16ffc3a56e88a3c9985d1456d66bc2b314db3ef0d36110b702f3018d11c0746c,"{""sasb_builder"": 246}",0,0,0,0,{},0.0,"{""common_neighbor_bin_l1"": 0.0, ""degree_product_bin_l1"": 0.0, ""is_boundary_edge_l1"": 0.0, ""is_bridge_edge_l1"": 0.0, ""is_inter_community_edge_l1"": 0.0, ""is_low_common_neighbor_edge_l1"": 0.0, ""mean_l1"": 0.0}",1,32,32,37.77049354822209,0
realworld_completed,bio_celegans,SASB-candidate,sasb,SASB-structured,20260513,420,early,1.0,1.0,0.0,1,1,0,0.2074074074074074,0.20790123456790124,145,49,145--49,51,10,10,51,510,0,0.0,1,1,3,32,"[""96"", ""53"", ""51"", ""60"", ""62"", ""363"", ""343"", ""220"", ""145"", ""147"", ""364"", ""142"", ""143"", ""144"", ""52"", ""118"", ""82"", ""83"", ""440"", ""149"", ""109"", ""121"", ""154"", ""61"", ""307"", ""398"", ""404"", ""322"", ""283"", ""225"", ""240"", ""315""]",0387eeccc7905f3a9597325a08d876a1eabebda0bac500bc59f27811d5572e41,"{""boundary"": 12, ""community_rep"": 6, ""degree_core"": 10, ""random_fill"": 4}","{""degree_3_4"": 3, ""degree_5_8"": 2, ""degree_9_plus"": 27}","{""0"": 2, ""1"": 6, ""10"": 1, ""2"": 1, ""3"": 10, ""4"": 5, ""5"": 1, ""6"": 1, ""7"": 2, ""8"": 1, ""9"": 2}",246,"{""backend"": ""evaluate_m19_theory_calibrated.candidate_features"", ""delta_mode"": ""none"", ""k_max"": 512, ""k_min"": 64, ""variant"": ""conservative""}",246,0.15327102803738318,1.0,1.0,0.0040650406504065045,1.0,"{""dp_17_64"": 0.02032520325203252, ""dp_257_plus"": 0.8821138211382114, ""dp_5_16"": 0.0040650406504065045, ""dp_65_256"": 0.09349593495934959}","{""cn_0"": 1.0}",0.0,1010.8089430894308,sasb_candidate_builder,d7354cb234c03608c933b4e6957c3ac98b8b3ac077e033cdabbf19fd1fb1899f,246,d7354cb234c03608c933b4e6957c3ac98b8b3ac077e033cdabbf19fd1fb1899f,"{""sasb_builder"": 246}",0,0,0,0,{},0.0,"{""common_neighbor_bin_l1"": 0.0, ""degree_product_bin_l1"": 0.0, ""is_boundary_edge_l1"": 0.0, ""is_bridge_edge_l1"": 0.0, ""is_inter_community_edge_l1"": 0.0, ""is_low_common_neighbor_edge_l1"": 0.0, ""mean_l1"": 0.0}",1,32,32,0.0,0
realworld_completed,bio_celegans,SASB-candidate,sasb,SASB-structured,20260513,421,early,1.0,1.0,0.0,1,1,0,0.20790123456790124,0.20839506172839506,145,60,145--60,50,44,44,50,2200,6,0.13953488372093023,1,1,4,32,"[""96"", ""53"", ""51"", ""60"", ""62"", ""363"", ""343"", ""220"", ""147"", ""145"", ""364"", ""142"", ""143"", ""144"", ""52"", ""118"", ""82"", ""83"", ""440"", ""149"", ""109"", ""121"", ""154"", ""61"", ""307"", ""398"", ""404"", ""322"", ""164"", ""389"", ""165"", ""397""]",8fef01162c92419bb2a60b36df45fa3fdaca7ad67a2588a76fcb82b77c38cc65,"{""boundary"": 12, ""community_rep"": 6, ""degree_core"": 10, ""random_fill"": 4}","{""degree_3_4"": 4, ""degree_5_8"": 2, ""degree_9_plus"": 26}","{""0"": 3, ""1"": 7, ""10"": 1, ""2"": 1, ""3"": 10, ""4"": 5, ""5"": 1, ""6"": 1, ""7"": 1, ""8"": 1, ""9"": 1}",245,"{""backend"": ""evaluate_m19_theory_calibrated.candidate_features"", ""delta_mode"": ""none"", ""k_max"": 512, ""k_min"": 64, ""variant"": ""conservative""}",245,0.1527431421446384,1.0,1.0,0.004081632653061225,1.0,"{""dp_17_64"": 0.02040816326530612, ""dp_257_plus"": 0.8816326530612245, ""dp_5_16"": 0.004081632653061225, ""dp_65_256"": 0.09387755102040816}","{""cn_0"": 1.0}",0.0,1011.8571428571429,sasb_candidate_builder,e0263b6b9363e758edf23f2711845e465095597d922fe17a792ae84ca337183f,245,e0263b6b9363e758edf23f2711845e465095597d922fe17a792ae84ca337183f,"{""sasb_builder"": 245}",0,0,0,0,{},0.0,"{""common_neighbor_bin_l1"": 0.0, ""degree_product_bin_l1"": 0.0, ""is_boundary_edge_l1"": 0.0, ""is_bridge_edge_l1"": 0.0, ""is_inter_community_edge_l1"": 0.0, ""is_low_common_neighbor_edge_l1"": 0.0, ""mean_l1"": 0.0}",1,32,32,0.0,0
realworld_completed,bio_celegans,SASB-candidate,sasb,SASB-structured,20260513,422,early,1.0,1.0,0.0,1,1,0,0.20839506172839506,0.2088888888888889,145,76,145--76,49,4,4,49,196,1,0.3333333333333333,1,1,7,32,"[""96"", ""53"", ""51"", ""60"", ""62"", ""363"", ""343"", ""220"", ""147"", ""364"", ""142"", ""143"", ""145"", ""144"", ""52"", ""118"", ""82"", ""83"", ""440"", ""149"", ""109"", ""121"", ""154"", ""61"", ""307"", ""398"", ""404"", ""322"", ""81"", ""111"", ""102"", ""168""]",24950310f1c2671c2382da0f48119946552ec854d7c931f81184ed6d8a8657bb,"{""boundary"": 12, ""community_rep"": 6, ""degree_core"": 10, ""random_fill"": 4}","{""degree_3_4"": 2, ""degree_5_8"": 4, ""degree_9_plus"": 26}","{""0"": 1, ""1"": 8, ""10"": 1, ""2"": 1, ""3"": 10, ""4"": 6, ""5"": 1, ""6"": 1, ""7"": 1, ""8"": 1, ""9"": 1}",245,"{""backend"": ""evaluate_m19_theory_calibrated.candidate_features"", ""delta_mode"": ""none"", ""k_max"": 512, ""k_min"": 64, ""variant"": ""conservative""}",245,0.15283842794759825,1.0,1.0,0.004081632653061225,1.0,"{""dp_17_64"": 0.0163265306122449, ""dp_257_plus"": 0.8857142857142857, ""dp_5_16"": 0.004081632653061225, ""dp_65_256"": 0.09387755102040816}","{""cn_0"": 1.0}",0.0,1003.0612244897959,sasb_candidate_builder,15101d17be604f152dda4be96a82036361710f3d6b48790bf09e79047de5b5b0,245,15101d17be604f152dda4be96a82036361710f3d6b48790bf09e79047de5b5b0,"{""sasb_builder"": 245}",0,0,0,0,{},0.0,"{""common_neighbor_bin_l1"": 0.0, ""degree_product_bin_l1"": 0.0, ""is_boundary_edge_l1"": 0.0, ""is_bridge_edge_l1"": 0.0, ""is_inter_community_edge_l1"": 0.0, ""is_low_common_neighbor_edge_l1"": 0.0, ""mean_l1"": 0.0}",1,32,32,0.0,0
realworld_completed,bio_celegans,SASB-candidate,sasb,SASB-structured,20260513,423,early,1.0,1.0,0.0,1,1,0,0.2088888888888889,0.20938271604938272,145,93,145--93,48,13,13,48,624,1,0.08333333333333333,1,1,3,32,"[""96"", ""53"", ""51"", ""60"", ""62"", ""363"", ""343"", ""220"", ""147"", ""364"", ""142"", ""143"", ""145"", ""144"", ""52"", ""118"", ""82"", ""83"", ""440"", ""149"", ""109"", ""121"", ""154"", ""61"", ""307"", ""398"", ""404"", ""322"", ""106"", ""259"", ""196"", ""388""]",d7fb54a84c71310a8d7fc1d2853fdcbed551fc7d39931bc5c8e922113a38bab5,"{""boundary"": 12, ""community_rep"": 6, ""degree_core"": 10, ""random_fill"": 4}","{""degree_3_4"": 1, ""degree_5_8"": 5, ""degree_9_plus"": 26}","{""0"": 2, ""1"": 6, ""10"": 1, ""2"": 1, ""3"": 11, ""4"": 6, ""5"": 1, ""6"": 1, ""7"": 1, ""8"": 1, ""9"": 1}",245,"{""backend"": ""evaluate_m19_theory_calibrated.candidate_features"", ""delta_mode"": ""none"", ""k_max"": 512, ""k_min"": 64, ""variant"": ""conservative""}",245,0.15293383270911362,1.0,1.0,0.004081632653061225,1.0,"{""dp_17_64"": 0.02040816326530612, ""dp_257_plus"": 0.8857142857142857, ""dp_5_16"": 0.004081632653061225, ""dp_65_256"": 0.08979591836734693}","{""cn_0"": 1.0}",0.0,1001.6897959183674,sasb_candidate_builder,465d2f6af113e61eac372b0dd28b1e7a261b0c37847f7720fd4168686163ef3c,245,465d2f6af113e61eac372b0dd28b1e7a261b0c37847f7720fd4168686163ef3c,"{""sasb_builder"": 245}",0,0,0,0,{},0.0,"{""common_neighbor_bin_l1"": 0.0, ""degree_product_bin_l1"": 0.0, ""is_boundary_edge_l1"": 0.0, ""is_bridge_edge_l1"": 0.0, ""is_inter_community_edge_l1"": 0.0, ""is_low_common_neighbor_edge_l1"": 0.0, ""mean_l1"": 0.0}",1,32,32,0.0,0
realworld_completed,bio_celegans,SASB-candidate,sasb,SASB-structured,20260513,424,early,1.0,1.0,0.0,1,1,0,0.20938271604938272,0.20987654320987653,145,96,145--96,47,173,47,173,8131,17,0.3695652173913043,1,1,7,32,"[""96"", ""53"", ""51"", ""60"", ""62"", ""363"", ""343"", ""220"", ""147"", ""364"", ""142"", ""143"", ""145"", ""144"", ""52"", ""118"", ""82"", ""83"", ""440"", ""149"", ""109"", ""121"", ""154"", ""61"", ""307"", ""398"", ""404"", ""322"", ""191"", ""1"", ""397"", ""123""]",cd156c5a85594be5d4ac00ab22d10d3e88e68b6f616289e52739b9ca2b5bea17,"{""boundary"": 12, ""community_rep"": 6, ""degree_core"": 10, ""random_fill"": 4}","{""degree_0_1"": 1, ""degree_3_4"": 2, ""degree_5_8"": 3, ""degree_9_plus"": 26}","{""0"": 1, ""1"": 7, ""10"": 1, ""2"": 1, ""3"": 9, ""4"": 6, ""5"": 1, ""6"": 2, ""7"": 1, ""8"": 1, ""9"": 2}",245,"{""backend"": ""evaluate_m19_theory_calibrated.candidate_features"", ""delta_mode"": ""none"", ""k_max"": 512, ""k_min"": 64, ""variant"": ""conservative""}",245,0.15302935665209244,1.0,1.0,0.004081632653061225,1.0,"{""dp_17_64"": 0.02040816326530612, ""dp_257_plus"": 0.8816326530612245, ""dp_5_16"": 0.004081632653061225, ""dp_65_256"": 0.09387755102040816}","{""cn_0"": 1.0}",0.0,999.0163265306122,sasb_candidate_builder,46c312e49cedb32eac3ce5d4bf4107c7e8776e76e1b36f28163e6e7b3d9eeb2e,245,46c312e49cedb32eac3ce5d4bf4107c7e8776e76e1b36f28163e6e7b3d9eeb2e,"{""sasb_builder"": 245}",0,0,0,0,{},0.0,"{""common_neighbor_bin_l1"": 0.0, ""degree_product_bin_l1"": 0.0, ""is_boundary_edge_l1"": 0.0, ""is_bridge_edge_l1"": 0.0, ""is_inter_community_edge_l1"": 0.0, ""is_low_common_neighbor_edge_l1"": 0.0, ""mean_l1"": 0.0}",1,32,32,0.0,0
realworld_completed,bio_celegans,SASB-candidate,sasb,SASB-structured,20260513,425,early,1.0,1.0,0.0,1,1,0,0.20987654320987653,0.21037037037037037,145,98,145--98,46,10,10,46,460,0,0.0,1,1,3,32,"[""96"", ""53"", ""51"", ""60"", ""62"", ""363"", ""343"", ""220"", ""147"", ""364"", ""142"", ""143"", ""145"", ""144"", ""52"", ""118"", ""82"", ""83"", ""440"", ""149"", ""109"", ""121"", ""154"", ""61"", ""307"", ""398"", ""404"", ""322"", ""103"", ""85"", ""80"", ""32""]",d8a788f3d137941d3978d231ed698103a74cd444ab3653d502a695fce9218364,"{""boundary"": 12, ""community_rep"": 6, ""degree_core"": 10, ""random_fill"": 4}","{""degree_0_1"": 1, ""degree_3_4"": 2, ""degree_5_8"": 1, ""degree_9_plus"": 28}","{""0"": 1, ""1"": 7, ""10"": 1, ""2"": 1, ""3"": 10, ""4"": 5, ""5"": 2, ""6"": 1, ""7"": 1, ""8"": 1, ""9"": 2}",245,"{""backend"": ""evaluate_m19_theory_calibrated.candidate_features"", ""delta_mode"": ""none"", ""k_max"": 512, ""k_min"": 64, ""variant"": ""conservative""}",245,0.153125,1.0,1.0,0.004081632653061225,1.0,"{""dp_17_64"": 0.02040816326530612, ""dp_257_plus"": 0.8775510204081632, ""dp_5_16"": 0.004081632653061225, ""dp_65_256"": 0.09795918367346938}","{""cn_0"": 1.0}",0.0,962.8653061224489,sasb_candidate_builder,535302dcc166681d4c7be95cda36b90b333e71d75ecfcf49a092d7525371eb2a,245,535302dcc166681d4c7be95cda36b90b333e71d75ecfcf49a092d7525371eb2a,"{""sasb_builder"": 245}",0,0,0,0,{},0.0,"{""common_neighbor_bin_l1"": 0.0, ""degree_product_bin_l1"": 0.0, ""is_boundary_edge_l1"": 0.0, ""is_bridge_edge_l1"": 0.0, ""is_inter_community_edge_l1"": 0.0, ""is_low_common_neighbor_edge_l1"": 0.0, ""mean_l1"": 0.0}",1,32,32,0.0,0
realworld_completed,bio_celegans,SASB-candidate,sasb,SASB-structured,20260513,426,early,1.0,1.0,0.0,1,1,0,0.21037037037037037,0.2108641975308642,146,96,146--96,3,172,3,172,516,1,0.5,1,4,0,32,"[""96"", ""53"", ""51"", ""60"", ""62"", ""363"", ""343"", ""220"", ""147"", ""364"", ""142"", ""143"", ""144"", ""145"", ""52"", ""118"", ""82"", ""83"", ""440"", ""149"", ""109"", ""121"", ""154"", ""61"", ""307"", ""398"", ""404"", ""322"", ""427"", ""372"", ""74"", ""388""]",5b733ab5205b8dbdff7b11457013a1b579c19b05f19f136392130a85b58e447c,"{""boundary"": 12, ""community_rep"": 6, ""degree_core"": 10, ""random_fill"": 4}","{""degree_3_4"": 1, ""degree_5_8"": 5, ""degree_9_plus"": 26}","{""0"": 1, ""1"": 6, ""10"": 1, ""2"": 1, ""3"": 10, ""4"": 7, ""5"": 1, ""6"": 2, ""7"": 1, ""8"": 1, ""9"": 1}",245,"{""backend"": ""evaluate_m19_theory_calibrated.candidate_features"", ""delta_mode"": ""none"", ""k_max"": 512, ""k_min"": 64, ""variant"": ""conservative""}",245,0.15322076297686055,1.0,1.0,0.004081632653061225,1.0,"{""dp_17_64"": 0.02040816326530612, ""dp_257_plus"": 0.8734693877551021, ""dp_5_16"": 0.004081632653061225, ""dp_65_256"": 0.10204081632653061}","{""cn_0"": 1.0}",0.0,961.6897959183674,sasb_candidate_builder,da306bc46b7ec00dbcd1f238dbca3c9ab367a0c8ecec8c5d195c8546ba2a5f8f,245,da306bc46b7ec00dbcd1f238dbca3c9ab367a0c8ecec8c5d195c8546ba2a5f8f,"{""sasb_builder"": 245}",0,0,0,0,{},0.0,"{""common_neighbor_bin_l1"": 0.0, ""degree_product_bin_l1"": 0.0, ""is_boundary_edge_l1"": 0.0, ""is_bridge_edge_l1"": 0.0, ""is_inter_community_edge_l1"": 0.0, ""is_low_common_neighbor_edge_l1"": 0.0, ""mean_l1"": 0.0}",1,32,32,0.0,0
realworld_completed,bio_celegans,SASB-candidate,sasb,SASB-structured,20260513,427,early,1.0,1.0,0.0,1,1,0,0.2108641975308642,0.21135802469135803,147,60,147--60,38,43,38,43,1634,1,0.02702702702702703,1,3,4,32,"[""96"", ""53"", ""51"", ""60"", ""62"", ""363"", ""343"", ""220"", ""147"", ""364"", ""142"", ""143"", ""144"", ""145"", ""52"", ""118"", ""82"", ""83"", ""440"", ""149"", ""109"", ""121"", ""154"", ""61"", ""307"", ""398"", ""404"", ""322"", ""0"", ""328"", ""128"", ""188""]",573ab5dae47b9b2f38f019a6f802f982fc441e5c44a94d69e7e6c8384dcd4b86,"{""boundary"": 12, ""community_rep"": 6, ""degree_core"": 10, ""random_fill"": 4}","{""degree_2"": 2, ""degree_3_4"": 1, ""degree_5_8"": 3, ""degree_9_plus"": 26}","{""0"": 2, ""1"": 8, ""10"": 1, ""2"": 1, ""3"": 9, ""4"": 6, ""5"": 1, ""6"": 1, ""7"": 1, ""8"": 1, ""9"": 1}",245,"{""backend"": ""evaluate_m19_theory_calibrated.candidate_features"", ""delta_mode"": ""none"", ""k_max"": 512, ""k_min"": 64, ""variant"": ""conservative""}",245,0.15331664580725907,1.0,1.0,0.004081632653061225,1.0,"{""dp_17_64"": 0.02040816326530612, ""dp_257_plus"": 0.8693877551020408, ""dp_5_16"": 0.004081632653061225, ""dp_65_256"": 0.10612244897959183}","{""cn_0"": 1.0}",0.0,956.6734693877551,sasb_candidate_builder,ec14d55a48f6537fa8af3755f674b22487a2a72edd8b776cec6fc75a8caf2263,245,ec14d55a48f6537fa8af3755f674b22487a2a72edd8b776cec6fc75a8caf2263,"{""sasb_builder"": 245}",0,0,0,0,{},0.0,"{""common_neighbor_bin_l1"": 0.0, ""degree_product_bin_l1"": 0.0, ""is_boundary_edge_l1"": 0.0, ""is_bridge_edge_l1"": 0.0, ""is_inter_community_edge_l1"": 0.0, ""is_low_common_neighbor_edge_l1"": 0.0, ""mean_l1"": 0.0}",1,32,32,0.0,0
realworld_completed,bio_celegans,SASB-candidate,sasb,SASB-structured,20260513,428,early,1.0,1.0,0.0,1,1,0,0.21135802469135803,0.21185185185185185,147,61,147--61,37,13,13,37,481,1,0.08333333333333333,1,3,8,32,"[""96"", ""53"", ""51"", ""60"", ""62"", ""363"", ""343"", ""220"", ""147"", ""364"", ""142"", ""143"", ""144"", ""145"", ""52"", ""118"", ""82"", ""83"", ""440"", ""149"", ""109"", ""121"", ""154"", ""61"", ""307"", ""398"", ""404"", ""322"", ""375"", ""423"", ""268"", ""91""]",390aca323f5b382fcd609dc19ddaafcec22332a85dd3cdc05c73e02988e3e5f5,"{""boundary"": 12, ""community_rep"": 6, ""degree_core"": 10, ""random_fill"": 4}","{""degree_2"": 1, ""degree_3_4"": 2, ""degree_5_8"": 3, ""degree_9_plus"": 26}","{""0"": 1, ""1"": 7, ""10"": 1, ""2"": 1, ""3"": 10, ""4"": 7, ""5"": 1, ""6"": 1, ""7"": 1, ""8"": 1, ""9"": 1}",245,"{""backend"": ""evaluate_m19_theory_calibrated.candidate_features"", ""delta_mode"": ""none"", ""k_max"": 512, ""k_min"": 64, ""variant"": ""conservative""}",245,0.15341264871634314,1.0,1.0,0.004081632653061225,1.0,"{""dp_17_64"": 0.02040816326530612, ""dp_257_plus"": 0.8489795918367347, ""dp_5_16"": 0.004081632653061225, ""dp_65_256"": 0.12653061224489795}","{""cn_0"": 1.0}",0.0,949.3020408163266,sasb_candidate_builder,84f3cf81d024408469c1bb6b0989b4f880c0723bec82021ac3a4bc4390980c54,245,84f3cf81d024408469c1bb6b0989b4f880c0723bec82021ac3a4bc4390980c54,"{""sasb_builder"": 245}",0,0,0,0,{},0.0,"{""common_neighbor_bin_l1"": 0.0, ""degree_product_bin_l1"": 0.0, ""is_boundary_edge_l1"": 0.0, ""is_bridge_edge_l1"": 0.0, ""is_inter_community_edge_l1"": 0.0, ""is_low_common_neighbor_edge_l1"": 0.0, ""mean_l1"": 0.0}",1,32,32,0.0,0
realworld_completed,bio_celegans,SASB-candidate,sasb,SASB-structured,20260513,429,early,1.0,1.0,0.0,1,1,0,0.21185185185185185,0.2123456790123457,147,66,147--66,36,7,7,36,252,1,0.16666666666666666,1,3,9,32,"[""96"", ""53"", ""51"", ""60"", ""62"", ""363"", ""343"", ""220"", ""364"", ""142"", ""143"", ""147"", ""144"", ""145"", ""52"", ""118"", ""82"", ""83"", ""440"", ""149"", ""109"", ""121"", ""154"", ""206"", ""307"", ""398"", ""404"", ""322"", ""295"", ""105"", ""113"", ""189""]",aff8cd535d2510868015b81d6a787333735dd182b3796db38c728b891d57167e,"{""boundary"": 12, ""community_rep"": 6, ""degree_core"": 10, ""random_fill"": 4}","{""degree_3_4"": 3, ""degree_5_8"": 2, ""degree_9_plus"": 27}","{""0"": 2, ""1"": 6, ""10"": 1, ""2"": 1, ""3"": 10, ""4"": 6, ""5"": 1, ""6"": 1, ""7"": 1, ""8"": 1, ""9"": 2}",245,"{""backend"": ""evaluate_m19_theory_calibrated.candidate_features"", ""delta_mode"": ""none"", ""k_max"": 512, ""k_min"": 64, ""variant"": ""conservative""}",245,0.15350877192982457,1.0,1.0,0.004081632653061225,1.0,"{""dp_17_64"": 0.02040816326530612, ""dp_257_plus"": 0.8448979591836735, ""dp_5_16"": 0.004081632653061225, ""dp_65_256"": 0.1306122448979592}","{""cn_0"": 1.0}",0.0,949.1632653061224,sasb_candidate_builder,dd76940021896e7b0dca34e460f2827da4cfc8ae7681f30ec41bd9ff32fda28b,245,dd76940021896e7b0dca34e460f2827da4cfc8ae7681f30ec41bd9ff32fda28b,"{""sasb_builder"": 245}",0,0,0,0,{},0.0,"{""common_neighbor_bin_l1"": 0.0, ""degree_product_bin_l1"": 0.0, ""is_boundary_edge_l1"": 0.0, ""is_bridge_edge_l1"": 0.0, ""is_inter_community_edge_l1"": 0.0, ""is_low_common_neighbor_edge_l1"": 0.0, ""mean_l1"": 0.0}",1,32,32,0.0,0
realworld_completed,bio_celegans,SASB-candidate,sasb,SASB-structured,20260513,430,early,1.0,1.0,0.0,1,1,0,0.2123456790123457,0.2128395061728395,142,440,142--440,55,25,25,55,1375,8,0.3333333333333333,1,1,4,32,"[""96"", ""53"", ""51"", ""60"", ""142"", ""143"", ""62"", ""363"", ""440"", ""343"", ""220"", ""364"", ""144"", ""145"", ""147"", ""52"", ""118"", ""82"", ""83"", ""149"", ""109"", ""121"", ""154"", ""206"", ""398"", ""97"", ""404"", ""322"", ""361"", ""219"", ""293"", ""120""]",45bc33de4dbf5c89de87aaebab0f65122317d96e68cf677ea550915ea81b047e,"{""boundary"": 12, ""community_rep"": 6, ""degree_core"": 10, ""random_fill"": 4}","{""degree_3_4"": 3, ""degree_5_8"": 3, ""degree_9_plus"": 26}","{""0"": 1, ""1"": 7, ""10"": 1, ""2"": 1, ""3"": 10, ""4"": 6, ""5"": 2, ""6"": 1, ""7"": 1, ""8"": 1, ""9"": 1}",245,"{""backend"": ""evaluate_m19_theory_calibrated.candidate_features"", ""delta_mode"": ""none"", ""k_max"": 512, ""k_min"": 64, ""variant"": ""conservative""}",245,0.1536050156739812,1.0,1.0,0.004081632653061225,0.963265306122449,"{""dp_17_64"": 0.02040816326530612, ""dp_257_plus"": 0.8489795918367347, ""dp_5_16"": 0.00816326530612245, ""dp_65_256"": 0.12244897959183673}","{""cn_0"": 0.963265306122449, ""cn_2_3"": 0.02857142857142857, ""cn_4_8"": 0.00816326530612245}",0.12244897959183673,944.738775510204,sasb_candidate_builder,9732e00254aad3d6d49ddb6478c93b2ae339bfc8c6f5c8307e1f1d23100b0446,245,9732e00254aad3d6d49ddb6478c93b2ae339bfc8c6f5c8307e1f1d23100b0446,"{""sasb_builder"": 245}",0,0,0,0,{},0.0,"{""common_neighbor_bin_l1"": 0.0, ""degree_product_bin_l1"": 0.0, ""is_boundary_edge_l1"": 0.0, ""is_bridge_edge_l1"": 0.0, ""is_inter_community_edge_l1"": 0.0, ""is_low_common_neighbor_edge_l1"": 0.0, ""mean_l1"": 0.0}",1,32,32,749.3716195536413,0
realworld_completed,bio_celegans,SASB-candidate,sasb,SASB-structured,20260513,431,early,1.0,1.0,0.0,1,1,0,0.2128395061728395,0.21333333333333335,143,440,143--440,55,24,24,55,1320,7,0.30434782608695654,1,1,4,32,"[""96"", ""53"", ""51"", ""60"", ""143"", ""142"", ""62"", ""363"", ""343"", ""440"", ""220"", ""364"", ""144"", ""145"", ""147"", ""52"", ""118"", ""82"", ""83"", ""149"", ""109"", ""121"", ""154"", ""206"", ""398"", ""97"", ""404"", ""322"", ""340"", ""412"", ""380"", ""223""]",623e23c2593df6cc57c486086bc7d4d42628c98c84de962bdcb7d997714bebd4,"{""boundary"": 12, ""community_rep"": 6, ""degree_core"": 10, ""random_fill"": 4}","{""degree_3_4"": 3, ""degree_5_8"": 3, ""degree_9_plus"": 26}","{""0"": 1, ""1"": 5, ""10"": 1, ""2"": 1, ""3"": 12, ""4"": 6, ""5"": 1, ""6"": 1, ""7"": 1, ""8"": 1, ""9"": 2}",245,"{""backend"": ""evaluate_m19_theory_calibrated.candidate_features"", ""delta_mode"": ""none"", ""k_max"": 512, ""k_min"": 64, ""variant"": ""conservative""}",245,0.1537013801756587,1.0,1.0,0.004081632653061225,0.9673469387755103,"{""dp_17_64"": 0.02040816326530612, ""dp_257_plus"": 0.8448979591836735, ""dp_5_16"": 0.00816326530612245, ""dp_65_256"": 0.12653061224489795}","{""cn_0"": 0.9673469387755103, ""cn_2_3"": 0.02857142857142857, ""cn_4_8"": 0.004081632653061225}",0.08979591836734693,940.4530612244898,sasb_candidate_builder,9b08e1dfaa804076815f368f56ef441684a8b42b4fbdd224bd01400eb823c5aa,245,9b08e1dfaa804076815f368f56ef441684a8b42b4fbdd224bd01400eb823c5aa,"{""sasb_builder"": 245}",0,0,0,0,{},0.0,"{""common_neighbor_bin_l1"": 0.0, ""degree_product_bin_l1"": 0.0, ""is_boundary_edge_l1"": 0.0, ""is_bridge_edge_l1"": 0.0, ""is_inter_community_edge_l1"": 0.0, ""is_low_common_neighbor_edge_l1"": 0.0, ""mean_l1"": 0.0}",1,32,32,891.2694515626193,0
realworld_completed,bio_celegans,SASB-candidate,sasb,SASB-structured,20260513,432,early,1.0,1.0,0.0,1,1,0,0.21333333333333335,0.21382716049382716,142,168,142--168,54,5,5,54,270,2,0.5,0,1,1,32,"[""96"", ""53"", ""51"", ""60"", ""142"", ""143"", ""62"", ""363"", ""343"", ""440"", ""220"", ""364"", ""144"", ""145"", ""147"", ""52"", ""118"", ""82"", ""83"", ""149"", ""109"", ""121"", ""154"", ""206"", ""398"", ""97"", ""404"", ""322"", ""312"", ""227"", ""430"", ""214""]",665b58100994a8e13c9a3b2d1023721163d478849fb9e2816b1ac0e68c0dccb7,"{""boundary"": 12, ""community_rep"": 6, ""degree_core"": 10, ""random_fill"": 4}","{""degree_3_4"": 1, ""degree_5_8"": 5, ""degree_9_plus"": 26}","{""0"": 1, ""1"": 7, ""10"": 1, ""2"": 1, ""3"": 10, ""4"": 7, ""5"": 1, ""6"": 1, ""7"": 1, ""8"": 1, ""9"": 1}",245,"{""backend"": ""evaluate_m19_theory_calibrated.candidate_features"", ""delta_mode"": ""none"", ""k_max"": 512, ""k_min"": 64, ""variant"": ""conservative""}",245,0.15379786566227244,1.0,1.0,0.004081632653061225,0.9673469387755103,"{""dp_17_64"": 0.02040816326530612, ""dp_257_plus"": 0.8448979591836735, ""dp_5_16"": 0.00816326530612245, ""dp_65_256"": 0.12653061224489795}","{""cn_0"": 0.9673469387755103, ""cn_2_3"": 0.0326530612244898}",0.06938775510204082,935.6081632653061,sasb_candidate_builder,4fa0677851777840d4e37874c3fe9333c6e7b8d252b77d743d2bf26c17aba3fe,245,4fa0677851777840d4e37874c3fe9333c6e7b8d252b77d743d2bf26c17aba3fe,"{""sasb_builder"": 245}",0,0,0,0,{},0.0,"{""common_neighbor_bin_l1"": 0.0, ""degree_product_bin_l1"": 0.0, ""is_boundary_edge_l1"": 0.0, ""is_bridge_edge_l1"": 0.0, ""is_inter_community_edge_l1"": 0.0, ""is_low_common_neighbor_edge_l1"": 0.0, ""mean_l1"": 0.0}",1,32,32,328.1035544962308,0
realworld_completed,bio_celegans,SASB-candidate,sasb,SASB-structured,20260513,433,early,1.0,1.0,0.0,1,1,0,0.21382716049382716,0.21432098765432098,143,437,143--437,54,6,6,54,324,2,0.4,0,1,1,32,"[""96"", ""53"", ""51"", ""60"", ""143"", ""142"", ""62"", ""363"", ""343"", ""440"", ""220"", ""364"", ""144"", ""145"", ""147"", ""52"", ""118"", ""82"", ""83"", ""149"", ""109"", ""121"", ""154"", ""206"", ""398"", ""97"", ""404"", ""322"", ""57"", ""39"", ""450"", ""187""]",14fccae3dacd39a479d301163156f6b8ff56aab43116999f398180d53cd5662d,"{""boundary"": 12, ""community_rep"": 6, ""degree_core"": 10, ""random_fill"": 4}","{""degree_3_4"": 5, ""degree_5_8"": 1, ""degree_9_plus"": 26}","{""0"": 1, ""1"": 6, ""10"": 1, ""2"": 2, ""3"": 9, ""4"": 7, ""5"": 1, ""6"": 2, ""7"": 1, ""8"": 1, ""9"": 1}",245,"{""backend"": ""evaluate_m19_theory_calibrated.candidate_features"", ""delta_mode"": ""none"", ""k_max"": 512, ""k_min"": 64, ""variant"": ""conservative""}",245,0.15389447236180903,1.0,1.0,0.004081632653061225,0.9795918367346939,"{""dp_17_64"": 0.024489795918367346, ""dp_257_plus"": 0.8367346938775511, ""dp_5_16"": 0.00816326530612245, ""dp_65_256"": 0.1306122448979592}","{""cn_0"": 0.9755102040816327, ""cn_1"": 0.004081632653061225, ""cn_2_3"": 0.02040816326530612}",0.04897959183673469,934.1836734693877,sasb_candidate_builder,cfe011eb416c9ff5931450e094939ed59768f6c4132ddd1e2183d83fe1b9d806,245,cfe011eb416c9ff5931450e094939ed59768f6c4132ddd1e2183d83fe1b9d806,"{""sasb_builder"": 245}",0,0,0,0,{},0.0,"{""common_neighbor_bin_l1"": 0.0, ""degree_product_bin_l1"": 0.0, ""is_boundary_edge_l1"": 0.0, ""is_bridge_edge_l1"": 0.0, ""is_inter_community_edge_l1"": 0.0, ""is_low_common_neighbor_edge_l1"": 0.0, ""mean_l1"": 0.0}",1,32,32,488.4700259881435,0
realworld_completed,bio_celegans,SASB-candidate,sasb,SASB-structured,20260513,434,early,1.0,1.0,0.0,1,1,0,0.21432098765432098,0.21481481481481482,45,76,45--76,4,3,3,4,12,0,0.0,1,1,9,32,"[""96"", ""53"", ""51"", ""60"", ""142"", ""143"", ""62"", ""363"", ""343"", ""440"", ""220"", ""364"", ""144"", ""145"", ""147"", ""52"", ""118"", ""82"", ""83"", ""149"", ""109"", ""121"", ""154"", ""206"", ""398"", ""97"", ""404"", ""322"", ""336"", ""227"", ""329"", ""232""]",192d7175e993b904d114fea766c0d9b6408244058fbe6c06a9669a4c92f78483,"{""boundary"": 12, ""community_rep"": 6, ""degree_core"": 10, ""random_fill"": 4}","{""degree_3_4"": 2, ""degree_5_8"": 4, ""degree_9_plus"": 26}","{""0"": 1, ""1"": 5, ""10"": 1, ""2"": 1, ""3"": 10, ""4"": 8, ""5"": 1, ""6"": 1, ""7"": 1, ""8"": 2, ""9"": 1}",244,"{""backend"": ""evaluate_m19_theory_calibrated.candidate_features"", ""delta_mode"": ""none"", ""k_max"": 512, ""k_min"": 64, ""variant"": ""conservative""}",244,0.15336266499057197,1.0,1.0,0.004098360655737705,0.9959016393442623,"{""dp_17_64"": 0.028688524590163935, ""dp_257_plus"": 0.8319672131147541, ""dp_5_16"": 0.00819672131147541, ""dp_65_256"": 0.13114754098360656}","{""cn_0"": 0.9877049180327869, ""cn_1"": 0.00819672131147541, ""cn_2_3"": 0.004098360655737705}",0.020491803278688523,936.2459016393443,sasb_candidate_builder,050a7d54469aaef0e0a35b72c51ec06eabde3b7b24f73960bb090d024fef60df,244,050a7d54469aaef0e0a35b72c51ec06eabde3b7b24f73960bb090d024fef60df,"{""sasb_builder"": 244}",0,0,0,0,{},0.0,"{""common_neighbor_bin_l1"": 0.0, ""degree_product_bin_l1"": 0.0, ""is_boundary_edge_l1"": 0.0, ""is_bridge_edge_l1"": 0.0, ""is_inter_community_edge_l1"": 0.0, ""is_low_common_neighbor_edge_l1"": 0.0, ""mean_l1"": 0.0}",1,32,32,284.85712215293546,0
realworld_completed,bio_celegans,SASB-candidate,sasb,SASB-structured,20260513,435,early,1.0,1.0,0.0,1,1,0,0.21481481481481482,0.21530864197530863,66,69,66--69,6,4,4,6,24,0,0.0,1,9,3,32,"[""96"", ""53"", ""51"", ""60"", ""142"", ""143"", ""62"", ""363"", ""343"", ""440"", ""220"", ""364"", ""144"", ""145"", ""147"", ""52"", ""118"", ""82"", ""83"", ""149"", ""109"", ""121"", ""154"", ""206"", ""398"", ""97"", ""404"", ""322"", ""184"", ""291"", ""340"", ""124""]",48bc234bd335c846a9b7ce240264aeeadc07b1dcab475d26657ea5f8fb215e42,"{""boundary"": 12, ""community_rep"": 6, ""degree_core"": 10, ""random_fill"": 4}","{""degree_2"": 1, ""degree_3_4"": 4, ""degree_5_8"": 1, ""degree_9_plus"": 26}","{""0"": 1, ""1"": 5, ""10"": 1, ""2"": 2, ""3"": 10, ""4"": 7, ""5"": 1, ""6"": 2, ""7"": 1, ""8"": 1, ""9"": 1}",244,"{""backend"": ""evaluate_m19_theory_calibrated.candidate_features"", ""delta_mode"": ""none"", ""k_max"": 512, ""k_min"": 64, ""variant"": ""conservative""}",244,0.15345911949685534,1.0,1.0,0.004098360655737705,0.9918032786885246,"{""dp_17_64"": 0.028688524590163935, ""dp_257_plus"": 0.8360655737704918, ""dp_5_16"": 0.004098360655737705, ""dp_65_256"": 0.13114754098360656}","{""cn_0"": 0.9836065573770492, ""cn_1"": 0.00819672131147541, ""cn_2_3"": 0.00819672131147541}",0.028688524590163935,937.2827868852459,sasb_candidate_builder,3bc90961757a05cda0f242f5c9a6f68c9023b8f2012a08e82e72ec6f7911866f,244,3bc90961757a05cda0f242f5c9a6f68c9023b8f2012a08e82e72ec6f7911866f,"{""sasb_builder"": 244}",0,0,0,0,{},0.0,"{""common_neighbor_bin_l1"": 0.0, ""degree_product_bin_l1"": 0.0, ""is_boundary_edge_l1"": 0.0, ""is_bridge_edge_l1"": 0.0, ""is_inter_community_edge_l1"": 0.0, ""is_low_common_neighbor_edge_l1"": 0.0, ""mean_l1"": 0.0}",1,32,32,263.4304454669543,0
realworld_completed,bio_celegans,SASB-candidate,sasb,SASB-structured,20260513,436,early,1.0,1.0,0.0,1,1,0,0.21530864197530863,0.21580246913580248,142,437,142--437,53,5,5,53,265,1,0.25,0,1,1,32,"[""96"", ""53"", ""51"", ""60"", ""142"", ""143"", ""62"", ""363"", ""343"", ""440"", ""220"", ""364"", ""144"", ""145"", ""147"", ""52"", ""118"", ""82"", ""83"", ""149"", ""109"", ""121"", ""154"", ""206"", ""398"", ""97"", ""404"", ""322"", ""347"", ""345"", ""73"", ""353""]",8ce04000f84bd4c90c36efcf63509e9df839e8a8a4cf53eed309562368dd84bf,"{""boundary"": 12, ""community_rep"": 6, ""degree_core"": 10, ""random_fill"": 4}","{""degree_3_4"": 4, ""degree_5_8"": 2, ""degree_9_plus"": 26}","{""0"": 1, ""1"": 5, ""10"": 1, ""2"": 2, ""3"": 9, ""4"": 7, ""5"": 2, ""6"": 1, ""7"": 1, ""8"": 1, ""9"": 2}",244,"{""backend"": ""evaluate_m19_theory_calibrated.candidate_features"", ""delta_mode"": ""none"", ""k_max"": 512, ""k_min"": 64, ""variant"": ""conservative""}",244,0.15355569540591568,1.0,1.0,0.004098360655737705,0.9877049180327869,"{""dp_17_64"": 0.02459016393442623, ""dp_257_plus"": 0.8401639344262295, ""dp_5_16"": 0.004098360655737705, ""dp_65_256"": 0.13114754098360656}","{""cn_0"": 0.9795081967213115, ""cn_1"": 0.00819672131147541, ""cn_2_3"": 0.012295081967213115}",0.036885245901639344,938.2254098360655,sasb_candidate_builder,586bad67a926de9ae390d21fb8198efee7a7a4242e9a549a45a9edbfaf898624,244,586bad67a926de9ae390d21fb8198efee7a7a4242e9a549a45a9edbfaf898624,"{""sasb_builder"": 244}",0,0,0,0,{},0.0,"{""common_neighbor_bin_l1"": 0.0, ""degree_product_bin_l1"": 0.0, ""is_boundary_edge_l1"": 0.0, ""is_bridge_edge_l1"": 0.0, ""is_inter_community_edge_l1"": 0.0, ""is_low_common_neighbor_edge_l1"": 0.0, ""mean_l1"": 0.0}",1,32,32,707.441254278908,0
realworld_completed,bio_celegans,SASB-candidate,sasb,SASB-structured,20260513,437,early,1.0,1.0,0.0,1,1,0,0.21580246913580248,0.2162962962962963,143,394,143--394,53,5,5,53,265,2,0.5,0,1,1,32,"[""96"", ""53"", ""51"", ""60"", ""143"", ""142"", ""62"", ""363"", ""343"", ""440"", ""220"", ""364"", ""144"", ""145"", ""147"", ""52"", ""118"", ""82"", ""83"", ""149"", ""109"", ""121"", ""154"", ""206"", ""398"", ""97"", ""404"", ""322"", ""394"", ""54"", ""253"", ""176""]",57702ee4f5b7758b665bdcc3c36b70ce1623a659fa561e7e1f3c36bf0e922fb1,"{""boundary"": 12, ""community_rep"": 6, ""degree_core"": 10, ""random_fill"": 4}","{""degree_2"": 1, ""degree_3_4"": 3, ""degree_5_8"": 2, ""degree_9_plus"": 26}","{""0"": 1, ""1"": 5, ""10"": 1, ""2"": 1, ""3"": 11, ""4"": 7, ""5"": 1, ""6"": 1, ""7"": 2, ""8"": 1, ""9"": 1}",244,"{""backend"": ""evaluate_m19_theory_calibrated.candidate_features"", ""delta_mode"": ""none"", ""k_max"": 512, ""k_min"": 64, ""variant"": ""conservative""}",244,0.15365239294710328,1.0,1.0,0.004098360655737705,0.9836065573770492,"{""dp_17_64"": 0.02459016393442623, ""dp_257_plus"": 0.8401639344262295, ""dp_5_16"": 0.004098360655737705, ""dp_65_256"": 0.13114754098360656}","{""cn_0"": 0.9795081967213115, ""cn_1"": 0.004098360655737705, ""cn_2_3"": 0.01639344262295082}",0.040983606557377046,938.2254098360655,sasb_candidate_builder,281c6850ff117052b2599d62d2f61463ae058bd3e5e84a48544b35a41fd74755,244,281c6850ff117052b2599d62d2f61463ae058bd3e5e84a48544b35a41fd74755,"{""sasb_builder"": 244}",0,0,0,0,{},0.0,"{""common_neighbor_bin_l1"": 0.0, ""degree_product_bin_l1"": 0.0, ""is_boundary_edge_l1"": 0.0, ""is_bridge_edge_l1"": 0.0, ""is_inter_community_edge_l1"": 0.0, ""is_low_common_neighbor_edge_l1"": 0.0, ""mean_l1"": 0.0}",1,32,32,775.4873050796843,0
realworld_completed,bio_celegans,SASB-candidate,sasb,SASB-structured,20260513,438,early,1.0,1.0,0.0,1,1,0,0.2162962962962963,0.21679012345679013,142,394,142--394,52,4,4,52,208,1,0.3333333333333333,1,1,4,32,"[""96"", ""53"", ""51"", ""60"", ""142"", ""143"", ""62"", ""363"", ""343"", ""440"", ""220"", ""364"", ""144"", ""145"", ""147"", ""52"", ""118"", ""82"", ""83"", ""149"", ""109"", ""121"", ""154"", ""206"", ""398"", ""97"", ""404"", ""322"", ""30"", ""426"", ""175"", ""47""]",9bc5e71b4c444f48a0fea530e6ad265c7f612b1eac49be1f8eae749733f7e8f1,"{""boundary"": 12, ""community_rep"": 6, ""degree_core"": 10, ""random_fill"": 4}","{""degree_3_4"": 3, ""degree_5_8"": 3, ""degree_9_plus"": 26}","{""0"": 1, ""1"": 5, ""10"": 1, ""2"": 2, ""3"": 10, ""4"": 6, ""5"": 1, ""6"": 1, ""7"": 3, ""8"": 1, ""9"": 1}",244,"{""backend"": ""evaluate_m19_theory_calibrated.candidate_features"", ""delta_mode"": ""none"", ""k_max"": 512, ""k_min"": 64, ""variant"": ""conservative""}",244,0.15374921235034655,1.0,1.0,0.004098360655737705,0.9918032786885246,"{""dp_17_64"": 0.02459016393442623, ""dp_257_plus"": 0.8319672131147541, ""dp_5_16"": 0.004098360655737705, ""dp_65_256"": 0.13934426229508196}","{""cn_0"": 0.9836065573770492, ""cn_1"": 0.00819672131147541, ""cn_2_3"": 0.00819672131147541}",0.03278688524590164,937.438524590164,sasb_candidate_builder,749ab7772b5579461894ff0b2d75cd91a81165ad1e9134a9d62bfdbb19b1d0aa,244,749ab7772b5579461894ff0b2d75cd91a81165ad1e9134a9d62bfdbb19b1d0aa,"{""sasb_builder"": 244}",0,0,0,0,{},0.0,"{""common_neighbor_bin_l1"": 0.0, ""degree_product_bin_l1"": 0.0, ""is_boundary_edge_l1"": 0.0, ""is_bridge_edge_l1"": 0.0, ""is_inter_community_edge_l1"": 0.0, ""is_low_common_neighbor_edge_l1"": 0.0, ""mean_l1"": 0.0}",1,32,32,188.39471882303542,0
realworld_completed,bio_celegans,SASB-candidate,sasb,SASB-structured,20260513,439,early,1.0,1.0,0.0,1,1,0,0.21679012345679013,0.21728395061728395,143,168,143--168,52,4,4,52,208,1,0.3333333333333333,1,1,0,32,"[""96"", ""53"", ""51"", ""60"", ""143"", ""62"", ""142"", ""363"", ""343"", ""440"", ""220"", ""364"", ""144"", ""145"", ""147"", ""52"", ""118"", ""82"", ""83"", ""149"", ""109"", ""121"", ""154"", ""206"", ""398"", ""97"", ""404"", ""322"", ""362"", ""250"", ""378"", ""437""]",4097eca27356b31fb9b3027248837aa91bba47802af4839daea672fc5d3b2bbc,"{""boundary"": 12, ""community_rep"": 6, ""degree_core"": 10, ""random_fill"": 4}","{""degree_3_4"": 2, ""degree_5_8"": 4, ""degree_9_plus"": 26}","{""0"": 1, ""1"": 5, ""10"": 1, ""2"": 1, ""3"": 11, ""4"": 7, ""5"": 1, ""6"": 1, ""7"": 1, ""8"": 2, ""9"": 1}",244,"{""backend"": ""evaluate_m19_theory_calibrated.candidate_features"", ""delta_mode"": ""none"", ""k_max"": 512, ""k_min"": 64, ""variant"": ""conservative""}",244,0.15384615384615385,1.0,1.0,0.004098360655737705,0.9918032786885246,"{""dp_17_64"": 0.02459016393442623, ""dp_257_plus"": 0.8360655737704918, ""dp_5_16"": 0.004098360655737705, ""dp_65_256"": 0.13524590163934427}","{""cn_0"": 0.9877049180327869, ""cn_1"": 0.004098360655737705, ""cn_2_3"": 0.00819672131147541}",0.028688524590163935,937.0901639344262,sasb_candidate_builder,612ed43c4262f2b5e30a172a5cc6dfee60ec9ccbb6b21d79d90c9aac9c8a20a1,244,612ed43c4262f2b5e30a172a5cc6dfee60ec9ccbb6b21d79d90c9aac9c8a20a1,"{""sasb_builder"": 244}",0,0,0,0,{},0.0,"{""common_neighbor_bin_l1"": 0.0, ""degree_product_bin_l1"": 0.0, ""is_boundary_edge_l1"": 0.0, ""is_bridge_edge_l1"": 0.0, ""is_inter_community_edge_l1"": 0.0, ""is_low_common_neighbor_edge_l1"": 0.0, ""mean_l1"": 0.0}",1,32,32,199.51939904276549,0
realworld_completed,bio_celegans,SASB-candidate,sasb,SASB-structured,20260513,440,early,1.0,1.0,0.0,1,1,0,0.21728395061728395,0.21777777777777776,147,69,147--69,35,3,3,35,105,0,0.0,1,3,6,32,"[""96"", ""53"", ""51"", ""60"", ""62"", ""343"", ""363"", ""142"", ""143"", ""440"", ""364"", ""147"", ""144"", ""145"", ""220"", ""52"", ""118"", ""82"", ""83"", ""149"", ""109"", ""121"", ""154"", ""206"", ""398"", ""97"", ""404"", ""322"", ""317"", ""267"", ""30"", ""365""]",9c4ee0e248a697595243e08a83aff4e12f930b644cd6366644c2069e432c513b,"{""boundary"": 12, ""community_rep"": 6, ""degree_core"": 10, ""random_fill"": 4}","{""degree_3_4"": 5, ""degree_5_8"": 1, ""degree_9_plus"": 26}","{""0"": 1, ""1"": 6, ""10"": 1, ""2"": 1, ""3"": 11, ""4"": 6, ""5"": 1, ""6"": 1, ""7"": 2, ""8"": 1, ""9"": 1}",244,"{""backend"": ""evaluate_m19_theory_calibrated.candidate_features"", ""delta_mode"": ""none"", ""k_max"": 512, ""k_min"": 64, ""variant"": ""conservative""}",244,0.15394321766561514,1.0,1.0,0.004098360655737705,1.0,"{""dp_17_64"": 0.028688524590163935, ""dp_257_plus"": 0.8360655737704918, ""dp_5_16"": 0.004098360655737705, ""dp_65_256"": 0.13114754098360656}","{""cn_0"": 1.0}",0.0,937.5573770491803,sasb_candidate_builder,e71e088f6af07ff5faedfde234f095d73c96dc78b08f969a7893c2b6b98560c7,244,e71e088f6af07ff5faedfde234f095d73c96dc78b08f969a7893c2b6b98560c7,"{""sasb_builder"": 244}",0,0,0,0,{},0.0,"{""common_neighbor_bin_l1"": 0.0, ""degree_product_bin_l1"": 0.0, ""is_boundary_edge_l1"": 0.0, ""is_bridge_edge_l1"": 0.0, ""is_inter_community_edge_l1"": 0.0, ""is_low_common_neighbor_edge_l1"": 0.0, ""mean_l1"": 0.0}",1,32,32,0.0,0
realworld_completed,bio_celegans,SASB-candidate,sasb,SASB-structured,20260513,441,early,1.0,1.0,0.0,1,1,0,0.21777777777777776,0.2182716049382716,147,96,147--96,34,171,34,171,5814,14,0.42424242424242425,1,3,0,32,"[""96"", ""53"", ""51"", ""60"", ""62"", ""343"", ""363"", ""142"", ""143"", ""440"", ""364"", ""220"", ""144"", ""145"", ""147"", ""52"", ""118"", ""82"", ""83"", ""149"", ""109"", ""121"", ""154"", ""206"", ""398"", ""97"", ""404"", ""322"", ""309"", ""209"", ""44"", ""250""]",43daefad41da437b9168509c24257628cdca512f8b0dc59d233b2afbd6ad336d,"{""boundary"": 12, ""community_rep"": 6, ""degree_core"": 10, ""random_fill"": 4}","{""degree_3_4"": 3, ""degree_5_8"": 3, ""degree_9_plus"": 26}","{""0"": 1, ""1"": 6, ""10"": 1, ""2"": 2, ""3"": 10, ""4"": 7, ""5"": 1, ""6"": 1, ""7"": 1, ""8"": 1, ""9"": 1}",244,"{""backend"": ""evaluate_m19_theory_calibrated.candidate_features"", ""delta_mode"": ""none"", ""k_max"": 512, ""k_min"": 64, ""variant"": ""conservative""}",244,0.15404040404040403,1.0,1.0,0.004098360655737705,1.0,"{""dp_17_64"": 0.03278688524590164, ""dp_257_plus"": 0.8360655737704918, ""dp_5_16"": 0.004098360655737705, ""dp_65_256"": 0.12704918032786885}","{""cn_0"": 1.0}",0.0,936.5860655737705,sasb_candidate_builder,9888226cf87bda28c15f251f558daa7ad33271078208ec8c823f4e13acf5d205,244,9888226cf87bda28c15f251f558daa7ad33271078208ec8c823f4e13acf5d205,"{""sasb_builder"": 244}",0,0,0,0,{},0.0,"{""common_neighbor_bin_l1"": 0.0, ""degree_product_bin_l1"": 0.0, ""is_boundary_edge_l1"": 0.0, ""is_bridge_edge_l1"": 0.0, ""is_inter_community_edge_l1"": 0.0, ""is_low_common_neighbor_edge_l1"": 0.0, ""mean_l1"": 0.0}",1,32,32,0.0,0
realworld_completed,bio_celegans,SASB-candidate,sasb,SASB-structured,20260513,442,early,1.0,1.0,0.0,1,1,0,0.2182716049382716,0.21876543209876542,18,295,18--295,3,12,3,12,36,1,0.5,1,0,3,32,"[""96"", ""53"", ""51"", ""60"", ""62"", ""343"", ""363"", ""142"", ""143"", ""440"", ""364"", ""220"", ""144"", ""145"", ""147"", ""52"", ""118"", ""82"", ""83"", ""149"", ""109"", ""121"", ""154"", ""206"", ""398"", ""97"", ""404"", ""322"", ""69"", ""357"", ""192"", ""296""]",2a608800c5752ea5886cd69e3ef123f5e4783467489da1758cb59c8bfcf98a49,"{""boundary"": 12, ""community_rep"": 6, ""degree_core"": 10, ""random_fill"": 4}","{""degree_2"": 1, ""degree_3_4"": 3, ""degree_5_8"": 2, ""degree_9_plus"": 26}","{""0"": 1, ""1"": 6, ""10"": 1, ""2"": 1, ""3"": 9, ""4"": 7, ""5"": 1, ""6"": 2, ""7"": 1, ""8"": 1, ""9"": 2}",244,"{""backend"": ""evaluate_m19_theory_calibrated.candidate_features"", ""delta_mode"": ""none"", ""k_max"": 512, ""k_min"": 64, ""variant"": ""conservative""}",244,0.15413771320277952,1.0,1.0,0.004098360655737705,1.0,"{""dp_17_64"": 0.036885245901639344, ""dp_257_plus"": 0.8319672131147541, ""dp_5_16"": 0.004098360655737705, ""dp_65_256"": 0.12704918032786885}","{""cn_0"": 0.9959016393442623, ""cn_1"": 0.004098360655737705}",0.004098360655737705,909.2581967213115,sasb_candidate_builder,76a93a7d09491f28380d0b739507930b96807225447d0f83cbd7e3ed622b385f,244,76a93a7d09491f28380d0b739507930b96807225447d0f83cbd7e3ed622b385f,"{""sasb_builder"": 244}",0,0,0,0,{},0.0,"{""common_neighbor_bin_l1"": 0.0, ""degree_product_bin_l1"": 0.0, ""is_boundary_edge_l1"": 0.0, ""is_bridge_edge_l1"": 0.0, ""is_inter_community_edge_l1"": 0.0, ""is_low_common_neighbor_edge_l1"": 0.0, ""mean_l1"": 0.0}",1,32,32,342.51005850035784,0
realworld_completed,bio_celegans,SASB-candidate,sasb,SASB-structured,20260513,443,early,1.0,1.0,0.0,1,1,0,0.21876543209876542,0.21925925925925926,149,60,149--60,20,42,20,42,840,3,0.15789473684210525,1,1,4,32,"[""96"", ""53"", ""51"", ""60"", ""62"", ""343"", ""363"", ""142"", ""143"", ""440"", ""364"", ""220"", ""144"", ""145"", ""147"", ""52"", ""118"", ""82"", ""83"", ""149"", ""109"", ""121"", ""154"", ""206"", ""398"", ""97"", ""404"", ""322"", ""150"", ""390"", ""72"", ""250""]",105cf8b044bdb7dfe95326325eec07e7071d1d00b11ef6875a48361f19ce4223,"{""boundary"": 12, ""community_rep"": 6, ""degree_core"": 10, ""random_fill"": 4}","{""degree_3_4"": 2, ""degree_5_8"": 4, ""degree_9_plus"": 26}","{""0"": 1, ""1"": 7, ""10"": 1, ""2"": 1, ""3"": 10, ""4"": 6, ""5"": 2, ""6"": 1, ""7"": 1, ""8"": 1, ""9"": 1}",244,"{""backend"": ""evaluate_m19_theory_calibrated.candidate_features"", ""delta_mode"": ""none"", ""k_max"": 512, ""k_min"": 64, ""variant"": ""conservative""}",244,0.15423514538558786,1.0,1.0,0.004098360655737705,1.0,"{""dp_17_64"": 0.03278688524590164, ""dp_257_plus"": 0.8319672131147541, ""dp_5_16"": 0.004098360655737705, ""dp_65_256"": 0.13114754098360656}","{""cn_0"": 1.0}",0.0,908.8688524590164,sasb_candidate_builder,72313a93d5ccc984d402f1e21fdeee0fc480e224ee0b4de758064fb6c2ce660b,244,72313a93d5ccc984d402f1e21fdeee0fc480e224ee0b4de758064fb6c2ce660b,"{""sasb_builder"": 244}",0,0,0,0,{},0.0,"{""common_neighbor_bin_l1"": 0.0, ""degree_product_bin_l1"": 0.0, ""is_boundary_edge_l1"": 0.0, ""is_bridge_edge_l1"": 0.0, ""is_inter_community_edge_l1"": 0.0, ""is_low_common_neighbor_edge_l1"": 0.0, ""mean_l1"": 0.0}",1,32,32,0.0,0
realworld_completed,bio_celegans,SASB-candidate,sasb,SASB-structured,20260513,444,early,1.0,1.0,0.0,1,1,0,0.21925925925925926,0.21975308641975308,149,95,149--95,19,6,6,19,114,2,0.4,1,1,5,32,"[""96"", ""53"", ""51"", ""60"", ""62"", ""343"", ""363"", ""142"", ""143"", ""440"", ""364"", ""220"", ""144"", ""145"", ""147"", ""52"", ""118"", ""82"", ""83"", ""109"", ""121"", ""149"", ""154"", ""206"", ""398"", ""97"", ""404"", ""322"", ""151"", ""91"", ""238"", ""352""]",1c68c10f50206ea9776c899a9b55fabce054078eaac8afbdeef5898c8479f9b1,"{""boundary"": 12, ""community_rep"": 6, ""degree_core"": 10, ""random_fill"": 4}","{""degree_3_4"": 5, ""degree_5_8"": 1, ""degree_9_plus"": 26}","{""0"": 2, ""1"": 6, ""10"": 1, ""2"": 1, ""3"": 11, ""4"": 6, ""5"": 1, ""6"": 1, ""7"": 1, ""8"": 1, ""9"": 1}",244,"{""backend"": ""evaluate_m19_theory_calibrated.candidate_features"", ""delta_mode"": ""none"", ""k_max"": 512, ""k_min"": 64, ""variant"": ""conservative""}",244,0.15433270082226438,1.0,1.0,0.004098360655737705,1.0,"{""dp_17_64"": 0.03278688524590164, ""dp_257_plus"": 0.8278688524590164, ""dp_5_16"": 0.004098360655737705, ""dp_65_256"": 0.13524590163934427}","{""cn_0"": 1.0}",0.0,904.2008196721312,sasb_candidate_builder,726732277a3ea5aba15b4162a2a7c4914d5c5c8542073ac30cb8bd926accb4e9,244,726732277a3ea5aba15b4162a2a7c4914d5c5c8542073ac30cb8bd926accb4e9,"{""sasb_builder"": 244}",0,0,0,0,{},0.0,"{""common_neighbor_bin_l1"": 0.0, ""degree_product_bin_l1"": 0.0, ""is_boundary_edge_l1"": 0.0, ""is_bridge_edge_l1"": 0.0, ""is_inter_community_edge_l1"": 0.0, ""is_low_common_neighbor_edge_l1"": 0.0, ""mean_l1"": 0.0}",1,32,32,0.0,0
realworld_completed,bio_celegans,SASB-candidate,sasb,SASB-structured,20260513,445,early,1.0,1.0,0.0,1,1,0,0.21975308641975308,0.22024691358024692,149,150,149--150,18,3,3,18,54,1,0.5,1,1,5,32,"[""96"", ""53"", ""51"", ""60"", ""62"", ""343"", ""363"", ""142"", ""143"", ""440"", ""364"", ""220"", ""144"", ""145"", ""147"", ""52"", ""118"", ""82"", ""83"", ""109"", ""121"", ""32"", ""154"", ""206"", ""398"", ""97"", ""404"", ""322"", ""299"", ""138"", ""73"", ""128""]",45e006d67e648d2db3cd3ed83e64765db29d8713f1dc79149f258b2e84225218,"{""boundary"": 12, ""community_rep"": 6, ""degree_core"": 10, ""random_fill"": 4}","{""degree_2"": 2, ""degree_3_4"": 3, ""degree_5_8"": 1, ""degree_9_plus"": 26}","{""0"": 1, ""1"": 4, ""10"": 1, ""2"": 2, ""3"": 10, ""4"": 9, ""5"": 1, ""6"": 1, ""7"": 1, ""8"": 1, ""9"": 1}",244,"{""backend"": ""evaluate_m19_theory_calibrated.candidate_features"", ""delta_mode"": ""none"", ""k_max"": 512, ""k_min"": 64, ""variant"": ""conservative""}",244,0.15443037974683543,1.0,1.0,0.004098360655737705,1.0,"{""dp_17_64"": 0.036885245901639344, ""dp_257_plus"": 0.8278688524590164, ""dp_5_16"": 0.004098360655737705, ""dp_65_256"": 0.13114754098360656}","{""cn_0"": 0.9959016393442623, ""cn_1"": 0.004098360655737705}",0.004098360655737705,902.9508196721312,sasb_candidate_builder,a55cb4499d64e158f96b69ea01e85f990c14e1e651cc77ca09b9224d4639ad54,244,a55cb4499d64e158f96b69ea01e85f990c14e1e651cc77ca09b9224d4639ad54,"{""sasb_builder"": 244}",0,0,0,0,{},0.0,"{""common_neighbor_bin_l1"": 0.0, ""degree_product_bin_l1"": 0.0, ""is_boundary_edge_l1"": 0.0, ""is_bridge_edge_l1"": 0.0, ""is_inter_community_edge_l1"": 0.0, ""is_low_common_neighbor_edge_l1"": 0.0, ""mean_l1"": 0.0}",1,32,32,302.16983143759154,0
realworld_completed,bio_celegans,SASB-candidate,sasb,SASB-structured,20260513,446,early,1.0,1.0,0.0,1,1,0,0.22024691358024692,0.22074074074074074,241,364,241--364,6,20,6,20,120,3,0.6,1,3,6,32,"[""96"", ""53"", ""51"", ""60"", ""62"", ""343"", ""363"", ""142"", ""143"", ""440"", ""364"", ""220"", ""144"", ""145"", ""147"", ""52"", ""118"", ""82"", ""83"", ""109"", ""121"", ""32"", ""154"", ""206"", ""398"", ""97"", ""404"", ""322"", ""451"", ""184"", ""183"", ""18""]",32c43d7b4176621bb1dd8b40ea181ed23e98c4bd1ed238ffff35060987cbb540,"{""boundary"": 12, ""community_rep"": 6, ""degree_core"": 10, ""random_fill"": 4}","{""degree_2"": 3, ""degree_3_4"": 2, ""degree_5_8"": 1, ""degree_9_plus"": 26}","{""0"": 2, ""1"": 4, ""10"": 1, ""2"": 1, ""3"": 10, ""4"": 8, ""5"": 1, ""6"": 2, ""7"": 1, ""8"": 1, ""9"": 1}",244,"{""backend"": ""evaluate_m19_theory_calibrated.candidate_features"", ""delta_mode"": ""none"", ""k_max"": 512, ""k_min"": 64, ""variant"": ""conservative""}",244,0.15452818239392022,1.0,1.0,0.004098360655737705,0.9959016393442623,"{""dp_17_64"": 0.03278688524590164, ""dp_257_plus"": 0.8278688524590164, ""dp_5_16"": 0.004098360655737705, ""dp_65_256"": 0.13524590163934427}","{""cn_0"": 0.9959016393442623, ""cn_2_3"": 0.004098360655737705}",0.012295081967213115,902.4754098360655,sasb_candidate_builder,a6398c003120a0a7728c83d16e4151c6e831c0ec2a671a59e1a7bee20cc6e983,244,a6398c003120a0a7728c83d16e4151c6e831c0ec2a671a59e1a7bee20cc6e983,"{""sasb_builder"": 244}",0,0,0,0,{},0.0,"{""common_neighbor_bin_l1"": 0.0, ""degree_product_bin_l1"": 0.0, ""is_boundary_edge_l1"": 0.0, ""is_bridge_edge_l1"": 0.0, ""is_inter_community_edge_l1"": 0.0, ""is_low_common_neighbor_edge_l1"": 0.0, ""mean_l1"": 0.0}",1,32,32,286.9008094993891,0
realworld_completed,bio_celegans,SASB-candidate,sasb,SASB-structured,20260513,447,early,1.0,1.0,0.0,1,1,0,0.22074074074074074,0.22123456790123458,228,364,228--364,7,19,7,19,133,1,0.16666666666666666,1,3,6,32,"[""96"", ""53"", ""51"", ""60"", ""62"", ""343"", ""363"", ""142"", ""143"", ""440"", ""220"", ""364"", ""144"", ""145"", ""147"", ""52"", ""118"", ""82"", ""83"", ""109"", ""121"", ""32"", ""154"", ""206"", ""398"", ""97"", ""404"", ""322"", ""429"", ""451"", ""153"", ""330""]",1deb3ccceceafdb2a0783365b52dc5c9d1c801c471b7d0d298ffe1f0679e926a,"{""boundary"": 12, ""community_rep"": 6, ""degree_core"": 10, ""random_fill"": 4}","{""degree_2"": 1, ""degree_3_4"": 3, ""degree_5_8"": 2, ""degree_9_plus"": 26}","{""0"": 1, ""1"": 4, ""10"": 1, ""2"": 1, ""3"": 12, ""4"": 7, ""5"": 1, ""6"": 2, ""7"": 1, ""8"": 1, ""9"": 1}",243,"{""backend"": ""evaluate_m19_theory_calibrated.candidate_features"", ""delta_mode"": ""none"", ""k_max"": 512, ""k_min"": 64, ""variant"": ""conservative""}",243,0.15399239543726237,1.0,1.0,0.00411522633744856,1.0,"{""dp_17_64"": 0.02880658436213992, ""dp_257_plus"": 0.831275720164609, ""dp_5_16"": 0.00411522633744856, ""dp_65_256"": 0.13580246913580246}","{""cn_0"": 0.9958847736625515, ""cn_1"": 0.00411522633744856}",0.00411522633744856,904.4444444444445,sasb_candidate_builder,5af1a259064b049ae1eda7c262bd410691cedc3866328ecef4d4e7d98a53bb03,243,5af1a259064b049ae1eda7c262bd410691cedc3866328ecef4d4e7d98a53bb03,"{""sasb_builder"": 243}",0,0,0,0,{},0.0,"{""common_neighbor_bin_l1"": 0.0, ""degree_product_bin_l1"": 0.0, ""is_boundary_edge_l1"": 0.0, ""is_bridge_edge_l1"": 0.0, ""is_inter_community_edge_l1"": 0.0, ""is_low_common_neighbor_edge_l1"": 0.0, ""mean_l1"": 0.0}",1,32,32,373.0970835902237,0
realworld_completed,bio_celegans,SASB-candidate,sasb,SASB-structured,20260513,448,early,1.0,1.0,0.0,1,1,0,0.22123456790123458,0.2217283950617284,121,364,121--364,19,18,18,19,342,2,0.11764705882352941,1,3,6,32,"[""96"", ""53"", ""51"", ""60"", ""62"", ""343"", ""363"", ""142"", ""143"", ""440"", ""220"", ""85"", ""144"", ""145"", ""147"", ""52"", ""118"", ""82"", ""83"", ""109"", ""121"", ""32"", ""154"", ""364"", ""206"", ""398"", ""97"", ""404"", ""437"", ""31"", ""56"", ""122""]",80bdf9d2f212738869556b48bc7201bc8d43689abf18a80b35f6ce3c24f4ea4c,"{""boundary"": 12, ""community_rep"": 6, ""degree_core"": 10, ""random_fill"": 4}","{""degree_2"": 1, ""degree_3_4"": 2, ""degree_5_8"": 2, ""degree_9_plus"": 27}","{""0"": 2, ""1"": 4, ""10"": 1, ""2"": 2, ""3"": 11, ""4"": 7, ""5"": 1, ""6"": 1, ""7"": 1, ""8"": 2}",243,"{""backend"": ""evaluate_m19_theory_calibrated.candidate_features"", ""delta_mode"": ""none"", ""k_max"": 512, ""k_min"": 64, ""variant"": ""conservative""}",243,0.15409004438807863,1.0,1.0,0.00411522633744856,0.9958847736625515,"{""dp_17_64"": 0.02880658436213992, ""dp_257_plus"": 0.8353909465020576, ""dp_5_16"": 0.00411522633744856, ""dp_65_256"": 0.13168724279835392}","{""cn_0"": 0.9958847736625515, ""cn_2_3"": 0.00411522633744856}",0.00823045267489712,903.6666666666666,sasb_candidate_builder,0dcfac834c89411ae2b61c0140cdd7a987d21786956c9ea6cd1fe9d94a34cadd,243,0dcfac834c89411ae2b61c0140cdd7a987d21786956c9ea6cd1fe9d94a34cadd,"{""sasb_builder"": 243}",0,0,0,0,{},0.0,"{""common_neighbor_bin_l1"": 0.0, ""degree_product_bin_l1"": 0.0, ""is_boundary_edge_l1"": 0.0, ""is_bridge_edge_l1"": 0.0, ""is_inter_community_edge_l1"": 0.0, ""is_low_common_neighbor_edge_l1"": 0.0, ""mean_l1"": 0.0}",1,32,32,1554.6792851289288,0
realworld_completed,bio_celegans,SASB-candidate,sasb,SASB-structured,20260513,449,early,1.0,1.0,0.0,1,1,0,0.2217283950617284,0.2222222222222222,149,96,149--96,17,170,17,170,2890,10,0.625,1,1,0,32,"[""96"", ""53"", ""51"", ""60"", ""62"", ""343"", ""363"", ""142"", ""143"", ""440"", ""220"", ""85"", ""144"", ""145"", ""147"", ""52"", ""118"", ""82"", ""83"", ""109"", ""32"", ""121"", ""154"", ""364"", ""206"", ""398"", ""97"", ""404"", ""172"", ""221"", ""112"", ""123""]",3dd51aa99889915cef4c4a62e93ae32c23a533c79a86042d8ce298f1c0820efc,"{""boundary"": 12, ""community_rep"": 6, ""degree_core"": 10, ""random_fill"": 4}","{""degree_3_4"": 3, ""degree_5_8"": 1, ""degree_9_plus"": 28}","{""0"": 2, ""1"": 4, ""10"": 1, ""2"": 3, ""3"": 11, ""4"": 6, ""5"": 1, ""6"": 2, ""7"": 1, ""8"": 1}",243,"{""backend"": ""evaluate_m19_theory_calibrated.candidate_features"", ""delta_mode"": ""none"", ""k_max"": 512, ""k_min"": 64, ""variant"": ""conservative""}",243,0.15418781725888325,1.0,1.0,0.00411522633744856,1.0,"{""dp_17_64"": 0.03292181069958848, ""dp_257_plus"": 0.831275720164609, ""dp_5_16"": 0.00411522633744856, ""dp_65_256"": 0.13168724279835392}","{""cn_0"": 1.0}",0.0,900.7818930041152,sasb_candidate_builder,25b992e3f6c9c242eb974ebe00d35cef6b802e6fb32791dcb34133afc43567f5,243,25b992e3f6c9c242eb974ebe00d35cef6b802e6fb32791dcb34133afc43567f5,"{""sasb_builder"": 243}",0,0,0,0,{},0.0,"{""common_neighbor_bin_l1"": 0.0, ""degree_product_bin_l1"": 0.0, ""is_boundary_edge_l1"": 0.0, ""is_bridge_edge_l1"": 0.0, ""is_inter_community_edge_l1"": 0.0, ""is_low_common_neighbor_edge_l1"": 0.0, ""mean_l1"": 0.0}",1,32,32,0.0,0
realworld_completed,bio_celegans,SASB-candidate,sasb,SASB-structured,20260513,450,early,1.0,1.0,0.0,1,1,0,0.2222222222222222,0.22271604938271605,273,343,273--343,5,55,5,55,275,1,0.25,1,0,3,32,"[""96"", ""53"", ""51"", ""60"", ""363"", ""343"", ""142"", ""143"", ""62"", ""220"", ""85"", ""373"", ""144"", ""145"", ""147"", ""52"", ""118"", ""82"", ""83"", ""440"", ""109"", ""32"", ""154"", ""364"", ""206"", ""398"", ""97"", ""404"", ""193"", ""352"", ""429"", ""266""]",503cf8bd1dcf8a9839b361b0b8591aab68b85b43fad5c4d5ad574364b3787a63,"{""boundary"": 12, ""community_rep"": 6, ""degree_core"": 10, ""random_fill"": 4}","{""degree_3_4"": 3, ""degree_5_8"": 1, ""degree_9_plus"": 28}","{""0"": 1, ""1"": 7, ""10"": 2, ""3"": 11, ""4"": 6, ""5"": 1, ""6"": 1, ""7"": 1, ""8"": 1, ""9"": 1}",243,"{""backend"": ""evaluate_m19_theory_calibrated.candidate_features"", ""delta_mode"": ""none"", ""k_max"": 512, ""k_min"": 64, ""variant"": ""conservative""}",243,0.15428571428571428,1.0,1.0,0.00411522633744856,0.9958847736625515,"{""dp_17_64"": 0.024691358024691357, ""dp_257_plus"": 0.8395061728395061, ""dp_5_16"": 0.00411522633744856, ""dp_65_256"": 0.13168724279835392}","{""cn_0"": 0.9917695473251029, ""cn_1"": 0.00411522633744856, ""cn_2_3"": 0.00411522633744856}",0.012345679012345678,886.3703703703703,sasb_candidate_builder,7d534d19ae8d2d55ced771f72eb6c81f477665a9a8ad7b38de6b1628514048c4,243,7d534d19ae8d2d55ced771f72eb6c81f477665a9a8ad7b38de6b1628514048c4,"{""sasb_builder"": 243}",0,0,0,0,{},0.0,"{""common_neighbor_bin_l1"": 0.0, ""degree_product_bin_l1"": 0.0, ""is_boundary_edge_l1"": 0.0, ""is_bridge_edge_l1"": 0.0, ""is_inter_community_edge_l1"": 0.0, ""is_low_common_neighbor_edge_l1"": 0.0, ""mean_l1"": 0.0}",1,32,32,271.1159466367919,0
realworld_completed,bio_celegans,SASB-candidate,sasb,SASB-structured,20260513,451,early,1.0,1.0,0.0,1,1,0,0.22271604938271605,0.22320987654320987,275,363,275--363,5,39,5,39,195,2,0.5,1,0,3,32,"[""96"", ""53"", ""51"", ""60"", ""363"", ""343"", ""142"", ""143"", ""62"", ""220"", ""85"", ""373"", ""144"", ""145"", ""147"", ""52"", ""118"", ""82"", ""83"", ""440"", ""109"", ""32"", ""154"", ""364"", ""206"", ""398"", ""97"", ""404"", ""361"", ""420"", ""297"", ""283""]",0fbff956b4b56709f21457fecf1cf65fd13125a8f21cc088fdefc15822e66921,"{""boundary"": 12, ""community_rep"": 6, ""degree_core"": 10, ""random_fill"": 4}","{""degree_2"": 1, ""degree_3_4"": 3, ""degree_5_8"": 1, ""degree_9_plus"": 27}","{""0"": 1, ""1"": 6, ""10"": 4, ""2"": 1, ""3"": 10, ""4"": 5, ""5"": 1, ""6"": 1, ""7"": 1, ""8"": 1, ""9"": 1}",243,"{""backend"": ""evaluate_m19_theory_calibrated.candidate_features"", ""delta_mode"": ""none"", ""k_max"": 512, ""k_min"": 64, ""variant"": ""conservative""}",243,0.15438373570520966,1.0,1.0,0.00411522633744856,0.9958847736625515,"{""dp_17_64"": 0.02880658436213992, ""dp_257_plus"": 0.8353909465020576, ""dp_5_16"": 0.00411522633744856, ""dp_65_256"": 0.13168724279835392}","{""cn_0"": 0.9958847736625515, ""cn_2_3"": 0.00411522633744856}",0.00823045267489712,884.1687242798354,sasb_candidate_builder,79ca91f890734c1c5286f22ac10d9475400b50129c0876a1660457c52acce8b2,243,79ca91f890734c1c5286f22ac10d9475400b50129c0876a1660457c52acce8b2,"{""sasb_builder"": 243}",0,0,0,0,{},0.0,"{""common_neighbor_bin_l1"": 0.0, ""degree_product_bin_l1"": 0.0, ""is_boundary_edge_l1"": 0.0, ""is_bridge_edge_l1"": 0.0, ""is_inter_community_edge_l1"": 0.0, ""is_low_common_neighbor_edge_l1"": 0.0, ""mean_l1"": 0.0}",1,32,32,145.36743571313943,0
realworld_completed,bio_celegans,SASB-candidate,sasb,SASB-structured,20260513,452,early,1.0,1.0,0.0,1,1,0,0.22320987654320987,0.2237037037037037,274,363,274--363,4,38,4,38,152,1,0.3333333333333333,1,0,3,32,"[""96"", ""53"", ""51"", ""60"", ""363"", ""343"", ""142"", ""143"", ""62"", ""220"", ""85"", ""373"", ""144"", ""145"", ""147"", ""52"", ""118"", ""82"", ""83"", ""440"", ""109"", ""32"", ""154"", ""364"", ""206"", ""398"", ""97"", ""404"", ""399"", ""148"", ""2"", ""193""]",dc0b66a0e6e4b0b2a759dd7d743a4f04f78eba1b38e4ac76bcbd9083ba5d3b08,"{""boundary"": 12, ""community_rep"": 6, ""degree_core"": 10, ""random_fill"": 4}","{""degree_2"": 1, ""degree_3_4"": 2, ""degree_5_8"": 1, ""degree_9_plus"": 28}","{""0"": 2, ""1"": 8, ""10"": 2, ""3"": 10, ""4"": 5, ""5"": 1, ""6"": 1, ""7"": 1, ""8"": 1, ""9"": 1}",243,"{""backend"": ""evaluate_m19_theory_calibrated.candidate_features"", ""delta_mode"": ""none"", ""k_max"": 512, ""k_min"": 64, ""variant"": ""conservative""}",243,0.15448188175460903,1.0,1.0,0.00411522633744856,1.0,"{""dp_17_64"": 0.02880658436213992, ""dp_257_plus"": 0.8353909465020576, ""dp_5_16"": 0.00411522633744856, ""dp_65_256"": 0.13168724279835392}","{""cn_0"": 0.9917695473251029, ""cn_1"": 0.00823045267489712}",0.00823045267489712,882.8477366255144,sasb_candidate_builder,1e310a39dd4b0de99fe0911a9247871fe843a57a1147c187ac98ba90b76347ef,243,1e310a39dd4b0de99fe0911a9247871fe843a57a1147c187ac98ba90b76347ef,"{""sasb_builder"": 243}",0,0,0,0,{},0.0,"{""common_neighbor_bin_l1"": 0.0, ""degree_product_bin_l1"": 0.0, ""is_boundary_edge_l1"": 0.0, ""is_bridge_edge_l1"": 0.0, ""is_inter_community_edge_l1"": 0.0, ""is_low_common_neighbor_edge_l1"": 0.0, ""mean_l1"": 0.0}",1,32,32,147.44136838685176,0
realworld_completed,bio_celegans,SASB-candidate,sasb,SASB-structured,20260513,453,early,1.0,1.0,0.0,1,1,0,0.2237037037037037,0.22419753086419753,42,94,42--94,5,14,5,14,70,1,0.25,1,0,3,32,"[""96"", ""53"", ""51"", ""60"", ""343"", ""142"", ""143"", ""62"", ""363"", ""220"", ""85"", ""373"", ""144"", ""145"", ""147"", ""52"", ""118"", ""82"", ""83"", ""440"", ""109"", ""32"", ""154"", ""364"", ""206"", ""398"", ""97"", ""404"", ""239"", ""319"", ""15"", ""408""]",2da09137f4dad0a246ba15dbdc43e4cd40a9ec20d7682eb8c8fe1eba69ee27e9,"{""boundary"": 12, ""community_rep"": 6, ""degree_core"": 10, ""random_fill"": 4}","{""degree_2"": 1, ""degree_3_4"": 1, ""degree_5_8"": 3, ""degree_9_plus"": 27}","{""0"": 2, ""1"": 6, ""10"": 2, ""3"": 12, ""4"": 5, ""5"": 1, ""6"": 1, ""7"": 1, ""8"": 1, ""9"": 1}",243,"{""backend"": ""evaluate_m19_theory_calibrated.candidate_features"", ""delta_mode"": ""none"", ""k_max"": 512, ""k_min"": 64, ""variant"": ""conservative""}",243,0.15458015267175573,1.0,1.0,0.00411522633744856,1.0,"{""dp_17_64"": 0.02880658436213992, ""dp_257_plus"": 0.8353909465020576, ""dp_5_16"": 0.00411522633744856, ""dp_65_256"": 0.13168724279835392}","{""cn_0"": 0.9958847736625515, ""cn_1"": 0.00411522633744856}",0.00411522633744856,881.448559670782,sasb_candidate_builder,9c85c29e5b5cfc79d6f2f54eeceed25684c6c5fef7ae3d5929aed89c146a4bde,243,9c85c29e5b5cfc79d6f2f54eeceed25684c6c5fef7ae3d5929aed89c146a4bde,"{""sasb_builder"": 243}",0,0,0,0,{},0.0,"{""common_neighbor_bin_l1"": 0.0, ""degree_product_bin_l1"": 0.0, ""is_boundary_edge_l1"": 0.0, ""is_bridge_edge_l1"": 0.0, ""is_inter_community_edge_l1"": 0.0, ""is_low_common_neighbor_edge_l1"": 0.0, ""mean_l1"": 0.0}",1,32,32,76.82665010560675,0
realworld_completed,bio_celegans,SASB-candidate,sasb,SASB-structured,20260513,454,early,1.0,1.0,0.0,1,1,0,0.22419753086419753,0.22469135802469137,118,42,118--42,29,4,4,29,116,0,0.0,1,3,0,32,"[""96"", ""53"", ""51"", ""60"", ""343"", ""142"", ""143"", ""62"", ""363"", ""220"", ""85"", ""373"", ""144"", ""145"", ""147"", ""52"", ""118"", ""82"", ""83"", ""440"", ""109"", ""32"", ""154"", ""364"", ""206"", ""398"", ""97"", ""404"", ""105"", ""317"", ""214"", ""75""]",d141383d94288ef7c9a07b72d17012bc8fef179df64fb433328224c40a20d5dc,"{""boundary"": 12, ""community_rep"": 6, ""degree_core"": 10, ""random_fill"": 4}","{""degree_3_4"": 3, ""degree_5_8"": 2, ""degree_9_plus"": 27}","{""0"": 2, ""1"": 7, ""10"": 2, ""3"": 9, ""4"": 6, ""5"": 1, ""6"": 1, ""7"": 1, ""8"": 1, ""9"": 2}",243,"{""backend"": ""evaluate_m19_theory_calibrated.candidate_features"", ""delta_mode"": ""none"", ""k_max"": 512, ""k_min"": 64, ""variant"": ""conservative""}",243,0.15467854869509867,1.0,1.0,0.00411522633744856,1.0,"{""dp_17_64"": 0.02880658436213992, ""dp_257_plus"": 0.8353909465020576, ""dp_5_16"": 0.00411522633744856, ""dp_65_256"": 0.13168724279835392}","{""cn_0"": 1.0}",0.0,881.3827160493827,sasb_candidate_builder,bbf8bbac5066c0141debce4110acc956c26ba8b351dc6b534a937af2c1179289,243,bbf8bbac5066c0141debce4110acc956c26ba8b351dc6b534a937af2c1179289,"{""sasb_builder"": 243}",0,0,0,0,{},0.0,"{""common_neighbor_bin_l1"": 0.0, ""degree_product_bin_l1"": 0.0, ""is_boundary_edge_l1"": 0.0, ""is_bridge_edge_l1"": 0.0, ""is_inter_community_edge_l1"": 0.0, ""is_low_common_neighbor_edge_l1"": 0.0, ""mean_l1"": 0.0}",1,32,32,0.0,0
realworld_completed,bio_celegans,SASB-candidate,sasb,SASB-structured,20260513,455,early,1.0,1.0,0.0,1,1,0,0.22469135802469137,0.22518518518518518,142,5,142--5,51,6,6,51,306,2,0.4,1,1,4,32,"[""96"", ""53"", ""51"", ""60"", ""343"", ""142"", ""143"", ""62"", ""363"", ""220"", ""85"", ""373"", ""144"", ""145"", ""147"", ""52"", ""82"", ""118"", ""83"", ""440"", ""109"", ""32"", ""154"", ""364"", ""206"", ""398"", ""97"", ""404"", ""274"", ""163"", ""223"", ""139""]",b9fd3fa7e4255e5bf41bd8d482125fdd282c6a7e1c9a3f890728459afd6dbc95,"{""boundary"": 12, ""community_rep"": 6, ""degree_core"": 10, ""random_fill"": 4}","{""degree_2"": 1, ""degree_3_4"": 3, ""degree_9_plus"": 28}","{""0"": 2, ""1"": 6, ""10"": 2, ""3"": 10, ""4"": 5, ""5"": 1, ""6"": 2, ""7"": 1, ""8"": 1, ""9"": 2}",243,"{""backend"": ""evaluate_m19_theory_calibrated.candidate_features"", ""delta_mode"": ""none"", ""k_max"": 512, ""k_min"": 64, ""variant"": ""conservative""}",243,0.15477707006369426,1.0,1.0,0.00411522633744856,1.0,"{""dp_17_64"": 0.03292181069958848, ""dp_257_plus"": 0.8353909465020576, ""dp_5_16"": 0.00411522633744856, ""dp_65_256"": 0.12757201646090535}","{""cn_0"": 1.0}",0.0,881.0658436213992,sasb_candidate_builder,469c8b1048db6e864b4404c14cb8756e9a578c0c48795f9621ea96dadb27b9af,243,469c8b1048db6e864b4404c14cb8756e9a578c0c48795f9621ea96dadb27b9af,"{""sasb_builder"": 243}",0,0,0,0,{},0.0,"{""common_neighbor_bin_l1"": 0.0, ""degree_product_bin_l1"": 0.0, ""is_boundary_edge_l1"": 0.0, ""is_bridge_edge_l1"": 0.0, ""is_inter_community_edge_l1"": 0.0, ""is_low_common_neighbor_edge_l1"": 0.0, ""mean_l1"": 0.0}",1,32,32,0.0,0
realworld_completed,bio_celegans,SASB-candidate,sasb,SASB-structured,20260513,456,early,1.0,1.0,0.0,1,1,0,0.22518518518518518,0.22567901234567903,136,352,136--352,2,4,2,4,8,0,0.0,0,6,6,32,"[""96"", ""53"", ""51"", ""60"", ""343"", ""143"", ""62"", ""363"", ""142"", ""220"", ""85"", ""373"", ""144"", ""145"", ""147"", ""52"", ""82"", ""118"", ""83"", ""440"", ""109"", ""32"", ""154"", ""364"", ""206"", ""398"", ""97"", ""404"", ""310"", ""79"", ""43"", ""100""]",f29ddca46abaa2ed83f9698420d362bb000fdc7b8d94d913d2ca7a2b3e09643a,"{""boundary"": 12, ""community_rep"": 6, ""degree_core"": 10, ""random_fill"": 4}","{""degree_0_1"": 1, ""degree_2"": 1, ""degree_3_4"": 2, ""degree_5_8"": 1, ""degree_9_plus"": 27}","{""0"": 1, ""1"": 7, ""10"": 4, ""3"": 9, ""4"": 6, ""5"": 1, ""6"": 1, ""7"": 1, ""8"": 1, ""9"": 1}",243,"{""backend"": ""evaluate_m19_theory_calibrated.candidate_features"", ""delta_mode"": ""none"", ""k_max"": 512, ""k_min"": 64, ""variant"": ""conservative""}",243,0.15487571701720843,1.0,1.0,0.00411522633744856,1.0,"{""dp_17_64"": 0.02880658436213992, ""dp_257_plus"": 0.8271604938271605, ""dp_5_16"": 0.012345679012345678, ""dp_65_256"": 0.13168724279835392}","{""cn_0"": 1.0}",0.0,879.6172839506173,sasb_candidate_builder,04200b571213e0a5801e2a42ec83898cc63b042cd5043080c7ddfcaa52351091,243,04200b571213e0a5801e2a42ec83898cc63b042cd5043080c7ddfcaa52351091,"{""sasb_builder"": 243}",0,0,0,0,{},0.0,"{""common_neighbor_bin_l1"": 0.0, ""degree_product_bin_l1"": 0.0, ""is_boundary_edge_l1"": 0.0, ""is_bridge_edge_l1"": 0.0, ""is_inter_community_edge_l1"": 0.0, ""is_low_common_neighbor_edge_l1"": 0.0, ""mean_l1"": 0.0}",1,32,32,269.3509118875622,0
realworld_completed,bio_celegans,SASB-candidate,sasb,SASB-structured,20260513,457,early,1.0,1.0,0.0,1,1,0,0.22567901234567903,0.22617283950617284,143,5,143--5,51,5,5,51,255,1,0.25,1,1,4,32,"[""96"", ""53"", ""51"", ""60"", ""343"", ""143"", ""62"", ""363"", ""142"", ""220"", ""85"", ""373"", ""144"", ""145"", ""147"", ""52"", ""82"", ""118"", ""83"", ""440"", ""109"", ""32"", ""154"", ""364"", ""206"", ""398"", ""97"", ""404"", ""328"", ""215"", ""120"", ""423""]",424eb34cda7a8eade18373e9890edc6390f07f5d63213da7797533416edccf75,"{""boundary"": 12, ""community_rep"": 6, ""degree_core"": 10, ""random_fill"": 4}","{""degree_3_4"": 1, ""degree_5_8"": 4, ""degree_9_plus"": 27}","{""0"": 1, ""1"": 8, ""10"": 2, ""3"": 10, ""4"": 6, ""5"": 1, ""6"": 1, ""7"": 1, ""8"": 1, ""9"": 1}",243,"{""backend"": ""evaluate_m19_theory_calibrated.candidate_features"", ""delta_mode"": ""none"", ""k_max"": 512, ""k_min"": 64, ""variant"": ""conservative""}",243,0.15497448979591838,1.0,1.0,0.00411522633744856,1.0,"{""dp_17_64"": 0.02880658436213992, ""dp_257_plus"": 0.8271604938271605, ""dp_5_16"": 0.00823045267489712, ""dp_65_256"": 0.13580246913580246}","{""cn_0"": 1.0}",0.0,879.5061728395061,sasb_candidate_builder,ee87f4604e85472329013bfea4531cadfb1f2bfc86e94c581fe2ca79f320b95b,243,ee87f4604e85472329013bfea4531cadfb1f2bfc86e94c581fe2ca79f320b95b,"{""sasb_builder"": 243}",0,0,0,0,{},0.0,"{""common_neighbor_bin_l1"": 0.0, ""degree_product_bin_l1"": 0.0, ""is_boundary_edge_l1"": 0.0, ""is_bridge_edge_l1"": 0.0, ""is_inter_community_edge_l1"": 0.0, ""is_low_common_neighbor_edge_l1"": 0.0, ""mean_l1"": 0.0}",1,32,32,0.0,0
realworld_completed,bio_celegans,SASB-candidate,sasb,SASB-structured,20260513,458,early,1.0,1.0,0.0,1,1,0,0.22617283950617284,0.22666666666666666,149,97,149--97,16,12,12,16,192,2,0.18181818181818182,1,1,5,32,"[""96"", ""53"", ""51"", ""60"", ""343"", ""62"", ""363"", ""142"", ""143"", ""220"", ""85"", ""373"", ""144"", ""145"", ""147"", ""52"", ""82"", ""118"", ""83"", ""440"", ""109"", ""32"", ""154"", ""364"", ""206"", ""398"", ""97"", ""404"", ""382"", ""155"", ""423"", ""391""]",1f2ec7d1956a03ed78dc2fa1af66c01868e365a62d0daac43c960eee59ebdb66,"{""boundary"": 12, ""community_rep"": 6, ""degree_core"": 10, ""random_fill"": 4}","{""degree_3_4"": 2, ""degree_5_8"": 3, ""degree_9_plus"": 27}","{""0"": 1, ""1"": 7, ""10"": 2, ""3"": 11, ""4"": 5, ""5"": 1, ""6"": 1, ""7"": 1, ""8"": 2, ""9"": 1}",243,"{""backend"": ""evaluate_m19_theory_calibrated.candidate_features"", ""delta_mode"": ""none"", ""k_max"": 512, ""k_min"": 64, ""variant"": ""conservative""}",243,0.15507338864071474,1.0,1.0,0.00411522633744856,1.0,"{""dp_17_64"": 0.02880658436213992, ""dp_257_plus"": 0.831275720164609, ""dp_5_16"": 0.00411522633744856, ""dp_65_256"": 0.13580246913580246}","{""cn_0"": 1.0}",0.0,880.5884773662551,sasb_candidate_builder,005abea0a11f26d9204b5b97ea59da4ba0b94e82090937d2c5e185a128efd876,243,005abea0a11f26d9204b5b97ea59da4ba0b94e82090937d2c5e185a128efd876,"{""sasb_builder"": 243}",0,0,0,0,{},0.0,"{""common_neighbor_bin_l1"": 0.0, ""degree_product_bin_l1"": 0.0, ""is_boundary_edge_l1"": 0.0, ""is_bridge_edge_l1"": 0.0, ""is_inter_community_edge_l1"": 0.0, ""is_low_common_neighbor_edge_l1"": 0.0, ""mean_l1"": 0.0}",1,32,32,0.0,0
realworld_completed,bio_celegans,SASB-candidate,sasb,SASB-structured,20260513,459,early,1.0,1.0,0.0,1,1,0,0.22666666666666666,0.2271604938271605,154,51,154--51,16,82,16,82,1312,4,0.26666666666666666,1,2,3,32,"[""96"", ""53"", ""51"", ""60"", ""343"", ""62"", ""363"", ""142"", ""143"", ""220"", ""85"", ""373"", ""144"", ""145"", ""147"", ""52"", ""82"", ""118"", ""83"", ""440"", ""109"", ""32"", ""154"", ""364"", ""206"", ""398"", ""97"", ""404"", ""42"", ""351"", ""46"", ""256""]",1bf5aca2b7ba5412933dd4d7401cbbf4160f1fb72e32c8dad40f82642c6fad39,"{""boundary"": 12, ""community_rep"": 6, ""degree_core"": 10, ""random_fill"": 4}","{""degree_2"": 1, ""degree_3_4"": 4, ""degree_9_plus"": 27}","{""0"": 3, ""1"": 6, ""10"": 3, ""3"": 9, ""4"": 6, ""5"": 1, ""6"": 1, ""7"": 1, ""8"": 1, ""9"": 1}",243,"{""backend"": ""evaluate_m19_theory_calibrated.candidate_features"", ""delta_mode"": ""none"", ""k_max"": 512, ""k_min"": 64, ""variant"": ""conservative""}",243,0.15517241379310345,1.0,1.0,0.00411522633744856,1.0,"{""dp_17_64"": 0.03292181069958848, ""dp_257_plus"": 0.831275720164609, ""dp_5_16"": 0.00411522633744856, ""dp_65_256"": 0.13168724279835392}","{""cn_0"": 1.0}",0.0,879.9382716049382,sasb_candidate_builder,4057ec595a19675c36e40a42261167dbf3cdd239d16f9ef277d978e804b0b21a,243,4057ec595a19675c36e40a42261167dbf3cdd239d16f9ef277d978e804b0b21a,"{""sasb_builder"": 243}",0,0,0,0,{},0.0,"{""common_neighbor_bin_l1"": 0.0, ""degree_product_bin_l1"": 0.0, ""is_boundary_edge_l1"": 0.0, ""is_bridge_edge_l1"": 0.0, ""is_inter_community_edge_l1"": 0.0, ""is_low_common_neighbor_edge_l1"": 0.0, ""mean_l1"": 0.0}",1,32,32,0.0,0
realworld_completed,bio_celegans,SASB-candidate,sasb,SASB-structured,20260513,460,early,1.0,1.0,0.0,1,1,0,0.2271604938271605,0.2276543209876543,55,61,55--61,7,12,7,12,84,2,0.3333333333333333,1,9,0,32,"[""96"", ""53"", ""51"", ""60"", ""343"", ""62"", ""363"", ""142"", ""143"", ""61"", ""220"", ""85"", ""144"", ""145"", ""147"", ""52"", ""82"", ""118"", ""83"", ""440"", ""109"", ""32"", ""364"", ""398"", ""307"", ""348"", ""404"", ""322"", ""160"", ""361"", ""420"", ""295""]",b28760923523551727156f2377f43f9dadc314c475b33b5eec45b76fdbe463de,"{""boundary"": 12, ""community_rep"": 6, ""degree_core"": 10, ""random_fill"": 4}","{""degree_3_4"": 3, ""degree_5_8"": 1, ""degree_9_plus"": 28}","{""0"": 2, ""1"": 5, ""10"": 1, ""2"": 3, ""3"": 11, ""4"": 5, ""5"": 1, ""6"": 1, ""7"": 1, ""8"": 1, ""9"": 1}",242,"{""backend"": ""evaluate_m19_theory_calibrated.candidate_features"", ""delta_mode"": ""none"", ""k_max"": 512, ""k_min"": 64, ""variant"": ""conservative""}",242,0.1546325878594249,1.0,1.0,0.004132231404958678,0.9958677685950413,"{""dp_17_64"": 0.028925619834710745, ""dp_257_plus"": 0.8223140495867769, ""dp_5_16"": 0.004132231404958678, ""dp_65_256"": 0.1446280991735537}","{""cn_0"": 0.9958677685950413, ""cn_2_3"": 0.004132231404958678}",0.008264462809917356,868.9132231404959,sasb_candidate_builder,f2f98bc602d508f3479b59b59379b5af658d876fb61e3fa8685e772d6d50c6cf,242,f2f98bc602d508f3479b59b59379b5af658d876fb61e3fa8685e772d6d50c6cf,"{""sasb_builder"": 242}",0,0,0,0,{},0.0,"{""common_neighbor_bin_l1"": 0.0, ""degree_product_bin_l1"": 0.0, ""is_boundary_edge_l1"": 0.0, ""is_bridge_edge_l1"": 0.0, ""is_inter_community_edge_l1"": 0.0, ""is_low_common_neighbor_edge_l1"": 0.0, ""mean_l1"": 0.0}",1,32,32,249.30781135569796,0
realworld_completed,bio_celegans,SASB-candidate,sasb,SASB-structured,20260513,461,early,1.0,1.0,0.0,1,1,0,0.2276543209876543,0.22814814814814816,154,53,154--53,15,101,15,101,1515,3,0.21428571428571427,1,8,3,32,"[""96"", ""53"", ""51"", ""60"", ""343"", ""62"", ""363"", ""142"", ""143"", ""220"", ""85"", ""373"", ""144"", ""145"", ""147"", ""52"", ""82"", ""118"", ""83"", ""440"", ""109"", ""32"", ""364"", ""398"", ""307"", ""348"", ""404"", ""322"", ""416"", ""338"", ""441"", ""227""]",34b5f86c7333caf63021dc5ef2ec96f92071dd0b0d8279ab206db56420daab56,"{""boundary"": 12, ""community_rep"": 6, ""degree_core"": 10, ""random_fill"": 4}","{""degree_2"": 2, ""degree_3_4"": 1, ""degree_5_8"": 3, ""degree_9_plus"": 26}","{""0"": 2, ""1"": 7, ""10"": 2, ""2"": 1, ""3"": 10, ""4"": 5, ""5"": 1, ""6"": 1, ""7"": 1, ""8"": 1, ""9"": 1}",242,"{""backend"": ""evaluate_m19_theory_calibrated.candidate_features"", ""delta_mode"": ""none"", ""k_max"": 512, ""k_min"": 64, ""variant"": ""conservative""}",242,0.1547314578005115,1.0,1.0,0.004132231404958678,1.0,"{""dp_17_64"": 0.028925619834710745, ""dp_257_plus"": 0.8264462809917356, ""dp_5_16"": 0.004132231404958678, ""dp_65_256"": 0.14049586776859505}","{""cn_0"": 1.0}",0.0,869.1322314049587,sasb_candidate_builder,0d4639d01792eac24c70003af781353a616f9895bd9065a60ce8cf3a9bd1209c,242,0d4639d01792eac24c70003af781353a616f9895bd9065a60ce8cf3a9bd1209c,"{""sasb_builder"": 242}",0,0,0,0,{},0.0,"{""common_neighbor_bin_l1"": 0.0, ""degree_product_bin_l1"": 0.0, ""is_boundary_edge_l1"": 0.0, ""is_bridge_edge_l1"": 0.0, ""is_inter_community_edge_l1"": 0.0, ""is_low_common_neighbor_edge_l1"": 0.0, ""mean_l1"": 0.0}",1,32,32,0.0,0
realworld_completed,bio_celegans,SASB-candidate,sasb,SASB-structured,20260513,462,early,1.0,1.0,0.0,1,1,0,0.22814814814814816,0.22864197530864197,154,96,154--96,14,169,14,169,2366,3,0.23076923076923078,1,8,0,32,"[""96"", ""53"", ""51"", ""60"", ""343"", ""62"", ""363"", ""142"", ""143"", ""220"", ""85"", ""373"", ""144"", ""145"", ""147"", ""52"", ""82"", ""118"", ""83"", ""440"", ""109"", ""32"", ""364"", ""398"", ""307"", ""348"", ""404"", ""322"", ""446"", ""125"", ""171"", ""55""]",564b684096d46527d3060638e4166a651af9a9030b318e0df1524708517db2ec,"{""boundary"": 12, ""community_rep"": 6, ""degree_core"": 10, ""random_fill"": 4}","{""degree_3_4"": 2, ""degree_5_8"": 4, ""degree_9_plus"": 26}","{""0"": 3, ""1"": 7, ""10"": 1, ""2"": 1, ""3"": 9, ""4"": 5, ""5"": 1, ""6"": 1, ""7"": 1, ""8"": 1, ""9"": 2}",242,"{""backend"": ""evaluate_m19_theory_calibrated.candidate_features"", ""delta_mode"": ""none"", ""k_max"": 512, ""k_min"": 64, ""variant"": ""conservative""}",242,0.1548304542546385,1.0,1.0,0.004132231404958678,1.0,"{""dp_17_64"": 0.03305785123966942, ""dp_257_plus"": 0.8223140495867769, ""dp_5_16"": 0.004132231404958678, ""dp_65_256"": 0.14049586776859505}","{""cn_0"": 1.0}",0.0,861.2727272727273,sasb_candidate_builder,dee479ae411c256a276797d59603bfa4d1f3b912de6c06b88d9f9c27a98d659c,242,dee479ae411c256a276797d59603bfa4d1f3b912de6c06b88d9f9c27a98d659c,"{""sasb_builder"": 242}",0,0,0,0,{},0.0,"{""common_neighbor_bin_l1"": 0.0, ""degree_product_bin_l1"": 0.0, ""is_boundary_edge_l1"": 0.0, ""is_bridge_edge_l1"": 0.0, ""is_inter_community_edge_l1"": 0.0, ""is_low_common_neighbor_edge_l1"": 0.0, ""mean_l1"": 0.0}",1,32,32,0.0,0
realworld_completed,bio_celegans,SASB-candidate,sasb,SASB-structured,20260513,463,early,1.0,1.0,0.0,1,1,0,0.22864197530864197,0.2291358024691358,280,363,280--363,3,37,3,37,111,1,0.5,1,2,3,32,"[""96"", ""53"", ""51"", ""60"", ""343"", ""62"", ""363"", ""142"", ""143"", ""220"", ""85"", ""373"", ""144"", ""145"", ""147"", ""52"", ""82"", ""118"", ""83"", ""440"", ""109"", ""32"", ""364"", ""398"", ""307"", ""348"", ""404"", ""322"", ""302"", ""372"", ""361"", ""174""]",4ceac928e5f8b24a51545fbff86ed97f00e56fc1ce6ca7fb159a25e11b8033cb,"{""boundary"": 12, ""community_rep"": 6, ""degree_core"": 10, ""random_fill"": 4}","{""degree_3_4"": 3, ""degree_5_8"": 2, ""degree_9_plus"": 27}","{""0"": 2, ""1"": 6, ""10"": 1, ""2"": 1, ""3"": 10, ""4"": 6, ""5"": 2, ""6"": 1, ""7"": 1, ""8"": 1, ""9"": 1}",242,"{""backend"": ""evaluate_m19_theory_calibrated.candidate_features"", ""delta_mode"": ""none"", ""k_max"": 512, ""k_min"": 64, ""variant"": ""conservative""}",242,0.15492957746478872,1.0,1.0,0.004132231404958678,1.0,"{""dp_17_64"": 0.03305785123966942, ""dp_257_plus"": 0.8181818181818182, ""dp_5_16"": 0.004132231404958678, ""dp_65_256"": 0.1446280991735537}","{""cn_0"": 0.9958677685950413, ""cn_1"": 0.004132231404958678}",0.004132231404958678,848.6322314049587,sasb_candidate_builder,01259d7073df11a170d7883c5d59af5d75aa033edf7d95afc38d807740f9d34b,242,01259d7073df11a170d7883c5d59af5d75aa033edf7d95afc38d807740f9d34b,"{""sasb_builder"": 242}",0,0,0,0,{},0.0,"{""common_neighbor_bin_l1"": 0.0, ""degree_product_bin_l1"": 0.0, ""is_boundary_edge_l1"": 0.0, ""is_bridge_edge_l1"": 0.0, ""is_inter_community_edge_l1"": 0.0, ""is_low_common_neighbor_edge_l1"": 0.0, ""mean_l1"": 0.0}",1,32,32,424.27875589294706,0
realworld_completed,bio_celegans,SASB-candidate,sasb,SASB-structured,20260513,464,early,1.0,1.0,0.0,1,1,0,0.2291358024691358,0.22962962962962963,296,363,296--363,3,36,3,36,108,0,0.0,1,0,3,32,"[""96"", ""53"", ""51"", ""60"", ""343"", ""62"", ""142"", ""143"", ""363"", ""220"", ""85"", ""373"", ""144"", ""145"", ""147"", ""52"", ""82"", ""118"", ""83"", ""440"", ""109"", ""32"", ""364"", ""398"", ""307"", ""348"", ""404"", ""322"", ""23"", ""271"", ""221"", ""435""]",dda3f07e77f5ce59f0da41cb6ee8cb4eec18c58db26cde3e0c9d2d8978060e2a,"{""boundary"": 12, ""community_rep"": 6, ""degree_core"": 10, ""random_fill"": 4}","{""degree_3_4"": 2, ""degree_5_8"": 2, ""degree_9_plus"": 28}","{""0"": 1, ""1"": 8, ""10"": 1, ""2"": 1, ""3"": 10, ""4"": 6, ""5"": 1, ""6"": 1, ""7"": 1, ""8"": 1, ""9"": 1}",242,"{""backend"": ""evaluate_m19_theory_calibrated.candidate_features"", ""delta_mode"": ""none"", ""k_max"": 512, ""k_min"": 64, ""variant"": ""conservative""}",242,0.15502882767456758,1.0,1.0,0.004132231404958678,1.0,"{""dp_17_64"": 0.0371900826446281, ""dp_257_plus"": 0.8140495867768595, ""dp_5_16"": 0.004132231404958678, ""dp_65_256"": 0.1446280991735537}","{""cn_0"": 0.9958677685950413, ""cn_1"": 0.004132231404958678}",0.004132231404958678,846.5206611570248,sasb_candidate_builder,720d985208eb075064fff6e1bfdf13b561a386f1e789ab74eab2c8c32adec238,242,720d985208eb075064fff6e1bfdf13b561a386f1e789ab74eab2c8c32adec238,"{""sasb_builder"": 242}",0,0,0,0,{},0.0,"{""common_neighbor_bin_l1"": 0.0, ""degree_product_bin_l1"": 0.0, ""is_boundary_edge_l1"": 0.0, ""is_bridge_edge_l1"": 0.0, ""is_inter_community_edge_l1"": 0.0, ""is_low_common_neighbor_edge_l1"": 0.0, ""mean_l1"": 0.0}",1,32,32,574.3687337977918,0
realworld_completed,bio_celegans,SASB-candidate,sasb,SASB-structured,20260513,465,early,1.0,1.0,0.0,1,1,0,0.22962962962962963,0.23012345679012347,160,398,160--398,10,13,10,13,130,1,0.1111111111111111,1,2,10,32,"[""96"", ""53"", ""51"", ""60"", ""343"", ""62"", ""142"", ""143"", ""363"", ""220"", ""85"", ""373"", ""144"", ""145"", ""147"", ""52"", ""82"", ""118"", ""83"", ""440"", ""109"", ""32"", ""364"", ""398"", ""307"", ""348"", ""404"", ""322"", ""250"", ""426"", ""8"", ""69""]",afe81b68a170aea3b6fed4b8a4daf4fa754a52c433709ca2f72b0fee290700b7,"{""boundary"": 12, ""community_rep"": 6, ""degree_core"": 10, ""random_fill"": 4}","{""degree_2"": 1, ""degree_3_4"": 2, ""degree_5_8"": 3, ""degree_9_plus"": 26}","{""0"": 2, ""1"": 7, ""10"": 1, ""2"": 1, ""3"": 10, ""4"": 5, ""5"": 1, ""6"": 1, ""7"": 2, ""8"": 1, ""9"": 1}",242,"{""backend"": ""evaluate_m19_theory_calibrated.candidate_features"", ""delta_mode"": ""none"", ""k_max"": 512, ""k_min"": 64, ""variant"": ""conservative""}",242,0.15512820512820513,1.0,1.0,0.004132231404958678,1.0,"{""dp_17_64"": 0.0371900826446281, ""dp_257_plus"": 0.8140495867768595, ""dp_5_16"": 0.004132231404958678, ""dp_65_256"": 0.1446280991735537}","{""cn_0"": 0.9917355371900827, ""cn_1"": 0.008264462809917356}",0.008264462809917356,845.4586776859504,sasb_candidate_builder,3c5afc5a5537ee0855de33420ad023fe9a4e17d3a359d023122968554f0d204c,242,3c5afc5a5537ee0855de33420ad023fe9a4e17d3a359d023122968554f0d204c,"{""sasb_builder"": 242}",0,0,0,0,{},0.0,"{""common_neighbor_bin_l1"": 0.0, ""degree_product_bin_l1"": 0.0, ""is_boundary_edge_l1"": 0.0, ""is_bridge_edge_l1"": 0.0, ""is_inter_community_edge_l1"": 0.0, ""is_low_common_neighbor_edge_l1"": 0.0, ""mean_l1"": 0.0}",1,32,32,3568.052977165111,0
realworld_completed,bio_celegans,SASB-candidate,sasb,SASB-structured,20260513,466,early,1.0,1.0,0.0,1,1,0,0.23012345679012347,0.23061728395061729,158,160,158--160,3,9,3,9,27,0,0.0,1,0,2,32,"[""96"", ""53"", ""51"", ""60"", ""343"", ""62"", ""142"", ""143"", ""363"", ""220"", ""85"", ""373"", ""144"", ""145"", ""147"", ""52"", ""82"", ""118"", ""83"", ""440"", ""109"", ""32"", ""364"", ""398"", ""307"", ""348"", ""404"", ""322"", ""12"", ""204"", ""181"", ""29""]",c418296e5e048753f8f987f94869d87b5e036bf147cead4ce90febd64b8dcb43,"{""boundary"": 12, ""community_rep"": 6, ""degree_core"": 10, ""random_fill"": 4}","{""degree_2"": 2, ""degree_3_4"": 2, ""degree_5_8"": 1, ""degree_9_plus"": 27}","{""0"": 3, ""1"": 6, ""10"": 1, ""2"": 1, ""3"": 10, ""4"": 5, ""5"": 1, ""6"": 1, ""7"": 1, ""8"": 2, ""9"": 1}",242,"{""backend"": ""evaluate_m19_theory_calibrated.candidate_features"", ""delta_mode"": ""none"", ""k_max"": 512, ""k_min"": 64, ""variant"": ""conservative""}",242,0.15522771007055805,1.0,1.0,0.004132231404958678,1.0,"{""dp_17_64"": 0.0371900826446281, ""dp_257_plus"": 0.8181818181818182, ""dp_5_16"": 0.004132231404958678, ""dp_65_256"": 0.14049586776859505}","{""cn_0"": 1.0}",0.0,845.3305785123966,sasb_candidate_builder,47dfe2910e180077c2e72203fff5771a3fd361e573806478740fb3ca48cd7ade,242,47dfe2910e180077c2e72203fff5771a3fd361e573806478740fb3ca48cd7ade,"{""sasb_builder"": 242}",0,0,0,0,{},0.0,"{""common_neighbor_bin_l1"": 0.0, ""degree_product_bin_l1"": 0.0, ""is_boundary_edge_l1"": 0.0, ""is_bridge_edge_l1"": 0.0, ""is_inter_community_edge_l1"": 0.0, ""is_low_common_neighbor_edge_l1"": 0.0, ""mean_l1"": 0.0}",1,32,32,766.1394281649635,0
realworld_completed,bio_celegans,SASB-candidate,sasb,SASB-structured,20260513,467,early,1.0,1.0,0.0,1,1,0,0.23061728395061729,0.2311111111111111,144,47,144--47,45,6,6,45,270,2,0.4,1,1,0,32,"[""96"", ""53"", ""51"", ""60"", ""343"", ""62"", ""142"", ""143"", ""363"", ""220"", ""85"", ""373"", ""144"", ""145"", ""147"", ""52"", ""82"", ""118"", ""83"", ""440"", ""109"", ""32"", ""364"", ""398"", ""307"", ""348"", ""404"", ""322"", ""311"", ""227"", ""76"", ""135""]",2927e9a227798d25d024b8b05fc91ab8ad8204959e854d806b8fe6b018b62e1a,"{""boundary"": 12, ""community_rep"": 6, ""degree_core"": 10, ""random_fill"": 4}","{""degree_2"": 2, ""degree_3_4"": 1, ""degree_5_8"": 3, ""degree_9_plus"": 26}","{""0"": 2, ""1"": 6, ""10"": 1, ""2"": 2, ""3"": 10, ""4"": 5, ""5"": 1, ""6"": 1, ""7"": 1, ""8"": 2, ""9"": 1}",242,"{""backend"": ""evaluate_m19_theory_calibrated.candidate_features"", ""delta_mode"": ""none"", ""k_max"": 512, ""k_min"": 64, ""variant"": ""conservative""}",242,0.15532734274711169,1.0,1.0,0.004132231404958678,1.0,"{""dp_17_64"": 0.03305785123966942, ""dp_257_plus"": 0.8223140495867769, ""dp_5_16"": 0.004132231404958678, ""dp_65_256"": 0.14049586776859505}","{""cn_0"": 1.0}",0.0,845.6404958677685,sasb_candidate_builder,2ec6dcd1d6e891593cd814f2aa0fca45d06f48f2a4f9fd40a5fbad6dc0a86e15,242,2ec6dcd1d6e891593cd814f2aa0fca45d06f48f2a4f9fd40a5fbad6dc0a86e15,"{""sasb_builder"": 242}",0,0,0,0,{},0.0,"{""common_neighbor_bin_l1"": 0.0, ""degree_product_bin_l1"": 0.0, ""is_boundary_edge_l1"": 0.0, ""is_bridge_edge_l1"": 0.0, ""is_inter_community_edge_l1"": 0.0, ""is_low_common_neighbor_edge_l1"": 0.0, ""mean_l1"": 0.0}",1,32,32,0.0,0
realworld_completed,bio_celegans,SASB-candidate,sasb,SASB-structured,20260513,468,early,1.0,1.0,0.0,1,1,0,0.2311111111111111,0.23160493827160494,145,47,145--47,45,5,5,45,225,1,0.25,1,1,0,32,"[""96"", ""53"", ""51"", ""60"", ""343"", ""62"", ""142"", ""143"", ""363"", ""220"", ""85"", ""373"", ""145"", ""144"", ""147"", ""52"", ""82"", ""118"", ""83"", ""440"", ""109"", ""32"", ""364"", ""398"", ""307"", ""348"", ""404"", ""322"", ""168"", ""419"", ""184"", ""356""]",3de6a35c9f538ddccb21f1a0e4aaf0ed6a3097b1a9f51968a27b9bda9228454a,"{""boundary"": 12, ""community_rep"": 6, ""degree_core"": 10, ""random_fill"": 4}","{""degree_2"": 2, ""degree_3_4"": 2, ""degree_5_8"": 2, ""degree_9_plus"": 26}","{""0"": 1, ""1"": 6, ""10"": 1, ""2"": 2, ""3"": 10, ""4"": 7, ""5"": 1, ""6"": 1, ""7"": 1, ""8"": 1, ""9"": 1}",242,"{""backend"": ""evaluate_m19_theory_calibrated.candidate_features"", ""delta_mode"": ""none"", ""k_max"": 512, ""k_min"": 64, ""variant"": ""conservative""}",242,0.15542710340398203,1.0,1.0,0.004132231404958678,1.0,"{""dp_17_64"": 0.03305785123966942, ""dp_257_plus"": 0.8140495867768595, ""dp_5_16"": 0.008264462809917356, ""dp_65_256"": 0.1446280991735537}","{""cn_0"": 1.0}",0.0,844.3884297520661,sasb_candidate_builder,e6e72d4e703ebdab4da86830a40791adf5ee646aa54621b9e3b9a947c930aee4,242,e6e72d4e703ebdab4da86830a40791adf5ee646aa54621b9e3b9a947c930aee4,"{""sasb_builder"": 242}",0,0,0,0,{},0.0,"{""common_neighbor_bin_l1"": 0.0, ""degree_product_bin_l1"": 0.0, ""is_boundary_edge_l1"": 0.0, ""is_bridge_edge_l1"": 0.0, ""is_inter_community_edge_l1"": 0.0, ""is_low_common_neighbor_edge_l1"": 0.0, ""mean_l1"": 0.0}",1,32,32,0.0,0
realworld_completed,bio_celegans,SASB-candidate,sasb,SASB-structured,20260513,469,early,1.0,1.0,0.0,1,1,0,0.23160493827160494,0.23209876543209876,55,59,55--59,6,5,5,6,30,0,0.0,0,8,8,32,"[""96"", ""53"", ""51"", ""60"", ""343"", ""62"", ""142"", ""143"", ""363"", ""220"", ""85"", ""373"", ""144"", ""145"", ""147"", ""52"", ""82"", ""118"", ""83"", ""440"", ""109"", ""32"", ""364"", ""398"", ""307"", ""348"", ""404"", ""322"", ""196"", ""436"", ""89"", ""146""]",b31b518d7939100dede6d07839ed6a218417007940b9701370ef5a89ab1a5c38,"{""boundary"": 12, ""community_rep"": 6, ""degree_core"": 10, ""random_fill"": 4}","{""degree_2"": 1, ""degree_3_4"": 2, ""degree_5_8"": 3, ""degree_9_plus"": 26}","{""0"": 1, ""1"": 8, ""10"": 1, ""2"": 1, ""3"": 9, ""4"": 7, ""5"": 1, ""6"": 1, ""7"": 1, ""8"": 1, ""9"": 1}",242,"{""backend"": ""evaluate_m19_theory_calibrated.candidate_features"", ""delta_mode"": ""none"", ""k_max"": 512, ""k_min"": 64, ""variant"": ""conservative""}",242,0.15552699228791775,1.0,1.0,0.004132231404958678,1.0,"{""dp_17_64"": 0.0371900826446281, ""dp_257_plus"": 0.8140495867768595, ""dp_5_16"": 0.008264462809917356, ""dp_65_256"": 0.14049586776859505}","{""cn_0"": 1.0}",0.0,843.5826446280992,sasb_candidate_builder,2a2a2551006f469e062d007b4cd15a6cb47d019b1ef0abf35743e63037b9e541,242,2a2a2551006f469e062d007b4cd15a6cb47d019b1ef0abf35743e63037b9e541,"{""sasb_builder"": 242}",0,0,0,0,{},0.0,"{""common_neighbor_bin_l1"": 0.0, ""degree_product_bin_l1"": 0.0, ""is_boundary_edge_l1"": 0.0, ""is_bridge_edge_l1"": 0.0, ""is_inter_community_edge_l1"": 0.0, ""is_low_common_neighbor_edge_l1"": 0.0, ""mean_l1"": 0.0}",1,32,32,52.08181205950122,0
realworld_completed,bio_celegans,SASB-candidate,sasb,SASB-structured,20260513,470,early,1.0,1.0,0.0,1,1,0,0.23209876543209876,0.2325925925925926,363,403,363--403,35,3,3,35,105,2,1.0,1,3,2,32,"[""96"", ""53"", ""51"", ""60"", ""343"", ""62"", ""142"", ""143"", ""363"", ""206"", ""220"", ""85"", ""144"", ""145"", ""147"", ""52"", ""82"", ""118"", ""83"", ""440"", ""109"", ""32"", ""364"", ""398"", ""307"", ""404"", ""322"", ""214"", ""337"", ""252"", ""438"", ""92""]",d6b3e85f0e0c390646d78d5ed70139bc6eb0e28c88850fb27d95869b49295faa,"{""boundary"": 12, ""community_rep"": 5, ""degree_core"": 10, ""random_fill"": 5}","{""degree_3_4"": 2, ""degree_5_8"": 5, ""degree_9_plus"": 25}","{""0"": 1, ""1"": 6, ""2"": 3, ""3"": 10, ""4"": 7, ""5"": 1, ""6"": 1, ""7"": 1, ""8"": 1, ""9"": 1}",242,"{""backend"": ""evaluate_m19_theory_calibrated.candidate_features"", ""delta_mode"": ""none"", ""k_max"": 512, ""k_min"": 64, ""variant"": ""conservative""}",242,0.15562700964630224,1.0,1.0,0.004132231404958678,0.9834710743801653,"{""dp_17_64"": 0.04132231404958678, ""dp_257_plus"": 0.7975206611570248, ""dp_5_16"": 0.012396694214876033, ""dp_65_256"": 0.1487603305785124}","{""cn_0"": 0.9834710743801653, ""cn_2_3"": 0.012396694214876033, ""cn_4_8"": 0.004132231404958678}",0.045454545454545456,826.1652892561983,sasb_candidate_builder,1987225d218e0e42e2b34df76e21915aa5985949d83c79efd3315645f33d4936,242,1987225d218e0e42e2b34df76e21915aa5985949d83c79efd3315645f33d4936,"{""sasb_builder"": 242}",0,0,0,0,{},0.0,"{""common_neighbor_bin_l1"": 0.0, ""degree_product_bin_l1"": 0.0, ""is_boundary_edge_l1"": 0.0, ""is_bridge_edge_l1"": 0.0, ""is_inter_community_edge_l1"": 0.0, ""is_low_common_neighbor_edge_l1"": 0.0, ""mean_l1"": 0.0}",1,32,32,363.2365056818182,0
realworld_completed,bio_celegans,SASB-candidate,sasb,SASB-structured,20260513,471,early,1.0,1.0,0.0,1,1,0,0.2325925925925926,0.23308641975308642,206,232,206--232,13,3,3,13,39,2,1.0,0,8,8,32,"[""96"", ""53"", ""51"", ""60"", ""343"", ""62"", ""142"", ""143"", ""363"", ""206"", ""220"", ""85"", ""144"", ""145"", ""147"", ""52"", ""82"", ""118"", ""83"", ""440"", ""109"", ""32"", ""364"", ""398"", ""307"", ""404"", ""322"", ""245"", ""174"", ""173"", ""193"", ""205""]",409e103f5ce10c091ffca0616e2800c71fa69f785b795f4866d0a247f30d7ab9,"{""boundary"": 12, ""community_rep"": 5, ""degree_core"": 10, ""random_fill"": 5}","{""degree_3_4"": 4, ""degree_5_8"": 2, ""degree_9_plus"": 26}","{""0"": 4, ""1"": 6, ""2"": 2, ""3"": 10, ""4"": 5, ""5"": 1, ""6"": 1, ""7"": 1, ""8"": 1, ""9"": 1}",242,"{""backend"": ""evaluate_m19_theory_calibrated.candidate_features"", ""delta_mode"": ""none"", ""k_max"": 512, ""k_min"": 64, ""variant"": ""conservative""}",242,0.15572715572715573,1.0,1.0,0.004132231404958678,0.987603305785124,"{""dp_17_64"": 0.045454545454545456, ""dp_257_plus"": 0.7975206611570248, ""dp_5_16"": 0.012396694214876033, ""dp_65_256"": 0.1446280991735537}","{""cn_0"": 0.9834710743801653, ""cn_1"": 0.004132231404958678, ""cn_2_3"": 0.008264462809917356, ""cn_4_8"": 0.004132231404958678}",0.04132231404958678,824.6735537190083,sasb_candidate_builder,472a54315fdff538a898b4454357b8a6fd6a795e6e4324beaa68b61784249e73,242,472a54315fdff538a898b4454357b8a6fd6a795e6e4324beaa68b61784249e73,"{""sasb_builder"": 242}",0,0,0,0,{},0.0,"{""common_neighbor_bin_l1"": 0.0, ""degree_product_bin_l1"": 0.0, ""is_boundary_edge_l1"": 0.0, ""is_bridge_edge_l1"": 0.0, ""is_inter_community_edge_l1"": 0.0, ""is_low_common_neighbor_edge_l1"": 0.0, ""mean_l1"": 0.0}",1,32,32,122.95066105769232,0
realworld_completed,bio_celegans,SASB-candidate,sasb,SASB-structured,20260513,472,early,1.0,1.0,0.0,1,1,0,0.23308641975308642,0.23358024691358026,199,321,199--321,3,10,3,10,30,1,0.5,1,2,1,32,"[""96"", ""53"", ""51"", ""60"", ""343"", ""62"", ""142"", ""143"", ""363"", ""220"", ""85"", ""373"", ""144"", ""145"", ""147"", ""52"", ""82"", ""118"", ""83"", ""440"", ""109"", ""32"", ""364"", ""398"", ""307"", ""404"", ""322"", ""102"", ""191"", ""182"", ""330"", ""170""]",3692f0cdd101d416eb3927a5890c3bd6d1d1cdf92a69c0bfb0d85b121c6b0eb1,"{""boundary"": 12, ""community_rep"": 5, ""degree_core"": 10, ""random_fill"": 5}","{""degree_3_4"": 5, ""degree_5_8"": 2, ""degree_9_plus"": 25}","{""0"": 2, ""1"": 6, ""2"": 1, ""3"": 11, ""4"": 7, ""5"": 1, ""6"": 1, ""7"": 1, ""8"": 1, ""9"": 1}",242,"{""backend"": ""evaluate_m19_theory_calibrated.candidate_features"", ""delta_mode"": ""none"", ""k_max"": 512, ""k_min"": 64, ""variant"": ""conservative""}",242,0.15582743077913716,1.0,1.0,0.004132231404958678,0.9917355371900827,"{""dp_17_64"": 0.04132231404958678, ""dp_257_plus"": 0.8016528925619835, ""dp_5_16"": 0.012396694214876033, ""dp_65_256"": 0.1446280991735537}","{""cn_0"": 0.987603305785124, ""cn_1"": 0.004132231404958678, ""cn_2_3"": 0.004132231404958678, ""cn_4_8"": 0.004132231404958678}",0.028925619834710745,824.0289256198347,sasb_candidate_builder,9e2ac0568f53f45b6abaa7da1ba0ac30bfb58b6766df8526a711ad5aa0ff91e6,242,9e2ac0568f53f45b6abaa7da1ba0ac30bfb58b6766df8526a711ad5aa0ff91e6,"{""sasb_builder"": 242}",0,0,0,0,{},0.0,"{""common_neighbor_bin_l1"": 0.0, ""degree_product_bin_l1"": 0.0, ""is_boundary_edge_l1"": 0.0, ""is_bridge_edge_l1"": 0.0, ""is_inter_community_edge_l1"": 0.0, ""is_low_common_neighbor_edge_l1"": 0.0, ""mean_l1"": 0.0}",1,32,32,129.8218005952381,0
realworld_completed,bio_celegans,SASB-candidate,sasb,SASB-structured,20260513,473,early,1.0,1.0,0.0,1,1,0,0.23358024691358026,0.23407407407407407,206,306,206--306,12,4,4,12,48,2,0.6666666666666666,1,9,0,32,"[""96"", ""53"", ""51"", ""60"", ""343"", ""62"", ""142"", ""143"", ""363"", ""220"", ""85"", ""373"", ""144"", ""145"", ""147"", ""52"", ""82"", ""118"", ""83"", ""440"", ""109"", ""32"", ""364"", ""398"", ""307"", ""404"", ""322"", ""417"", ""299"", ""201"", ""223"", ""345""]",c39d0b1cdb4ca08737570b07bea40c8388b6e29352551bd5744378a6c99802f3,"{""boundary"": 12, ""community_rep"": 5, ""degree_core"": 10, ""random_fill"": 5}","{""degree_3_4"": 4, ""degree_5_8"": 3, ""degree_9_plus"": 25}","{""0"": 1, ""1"": 8, ""2"": 3, ""3"": 9, ""4"": 5, ""5"": 1, ""6"": 1, ""7"": 1, ""8"": 2, ""9"": 1}",241,"{""backend"": ""evaluate_m19_theory_calibrated.candidate_features"", ""delta_mode"": ""none"", ""k_max"": 512, ""k_min"": 64, ""variant"": ""conservative""}",241,0.15528350515463918,1.0,1.0,0.004149377593360996,0.991701244813278,"{""dp_17_64"": 0.03734439834024896, ""dp_257_plus"": 0.8049792531120332, ""dp_5_16"": 0.012448132780082987, ""dp_65_256"": 0.14522821576763487}","{""cn_0"": 0.991701244813278, ""cn_2_3"": 0.004149377593360996, ""cn_4_8"": 0.004149377593360996}",0.024896265560165973,826.4564315352698,sasb_candidate_builder,3a0ce6081c4b2572e1b717b3cf8b254cb2ecece993517daedea80b9e52f7f0d8,241,3a0ce6081c4b2572e1b717b3cf8b254cb2ecece993517daedea80b9e52f7f0d8,"{""sasb_builder"": 241}",0,0,0,0,{},0.0,"{""common_neighbor_bin_l1"": 0.0, ""degree_product_bin_l1"": 0.0, ""is_boundary_edge_l1"": 0.0, ""is_bridge_edge_l1"": 0.0, ""is_inter_community_edge_l1"": 0.0, ""is_low_common_neighbor_edge_l1"": 0.0, ""mean_l1"": 0.0}",1,32,32,85.38762054175349,0
realworld_completed,bio_celegans,SASB-candidate,sasb,SASB-structured,20260513,474,early,1.0,1.0,0.0,1,1,0,0.23407407407407407,0.2345679012345679,206,304,206--304,11,7,7,11,77,3,0.5,1,9,0,32,"[""96"", ""53"", ""51"", ""60"", ""343"", ""62"", ""142"", ""143"", ""363"", ""220"", ""85"", ""373"", ""144"", ""145"", ""147"", ""52"", ""82"", ""118"", ""83"", ""440"", ""109"", ""32"", ""364"", ""398"", ""307"", ""404"", ""322"", ""437"", ""93"", ""211"", ""207"", ""339""]",6fef9aea7e0cdbe88b2734b5250bcf0edd4ecb2b13600f050230fdc7ebf2af2d,"{""boundary"": 12, ""community_rep"": 5, ""degree_core"": 10, ""random_fill"": 5}","{""degree_3_4"": 2, ""degree_5_8"": 4, ""degree_9_plus"": 26}","{""0"": 2, ""1"": 7, ""2"": 1, ""3"": 10, ""4"": 7, ""5"": 1, ""6"": 1, ""7"": 1, ""8"": 1, ""9"": 1}",241,"{""backend"": ""evaluate_m19_theory_calibrated.candidate_features"", ""delta_mode"": ""none"", ""k_max"": 512, ""k_min"": 64, ""variant"": ""conservative""}",241,0.15538362346872986,1.0,1.0,0.004149377593360996,0.995850622406639,"{""dp_17_64"": 0.03319502074688797, ""dp_257_plus"": 0.8091286307053942, ""dp_5_16"": 0.012448132780082987, ""dp_65_256"": 0.14522821576763487}","{""cn_0"": 0.995850622406639, ""cn_2_3"": 0.004149377593360996}",0.012448132780082987,825.7883817427386,sasb_candidate_builder,c4ee0c9ee0615364c843bbc2db31d97963fe7f6fc3319e6c89d55acdcde8c246,241,c4ee0c9ee0615364c843bbc2db31d97963fe7f6fc3319e6c89d55acdcde8c246,"{""sasb_builder"": 241}",0,0,0,0,{},0.0,"{""common_neighbor_bin_l1"": 0.0, ""degree_product_bin_l1"": 0.0, ""is_boundary_edge_l1"": 0.0, ""is_bridge_edge_l1"": 0.0, ""is_inter_community_edge_l1"": 0.0, ""is_low_common_neighbor_edge_l1"": 0.0, ""mean_l1"": 0.0}",1,32,32,34.17723214285714,0
realworld_completed,bio_celegans,SASB-candidate,sasb,SASB-structured,20260513,475,early,1.0,1.0,0.0,1,1,0,0.2345679012345679,0.23506172839506173,121,61,121--61,18,11,11,18,198,1,0.1,1,3,0,32,"[""96"", ""53"", ""51"", ""60"", ""343"", ""62"", ""142"", ""143"", ""363"", ""220"", ""85"", ""373"", ""144"", ""145"", ""147"", ""52"", ""82"", ""118"", ""83"", ""440"", ""109"", ""32"", ""364"", ""398"", ""307"", ""404"", ""322"", ""126"", ""370"", ""302"", ""49"", ""421""]",a4bab36b704c97b4730433dfb7f6252e2d9e138a25031e77cd0bb99c0939f663,"{""boundary"": 12, ""community_rep"": 5, ""degree_core"": 10, ""random_fill"": 5}","{""degree_3_4"": 2, ""degree_5_8"": 3, ""degree_9_plus"": 27}","{""0"": 2, ""1"": 8, ""2"": 1, ""3"": 10, ""4"": 5, ""5"": 2, ""6"": 1, ""7"": 1, ""8"": 1, ""9"": 1}",241,"{""backend"": ""evaluate_m19_theory_calibrated.candidate_features"", ""delta_mode"": ""none"", ""k_max"": 512, ""k_min"": 64, ""variant"": ""conservative""}",241,0.15548387096774194,1.0,1.0,0.004149377593360996,1.0,"{""dp_17_64"": 0.03734439834024896, ""dp_257_plus"": 0.8049792531120332, ""dp_5_16"": 0.012448132780082987, ""dp_65_256"": 0.14522821576763487}","{""cn_0"": 1.0}",0.0,822.2033195020747,sasb_candidate_builder,1ff5570cbef72098d6e84df7bfd6d3d8551a817945e825daac5b561818569332,241,1ff5570cbef72098d6e84df7bfd6d3d8551a817945e825daac5b561818569332,"{""sasb_builder"": 241}",0,0,0,0,{},0.0,"{""common_neighbor_bin_l1"": 0.0, ""degree_product_bin_l1"": 0.0, ""is_boundary_edge_l1"": 0.0, ""is_bridge_edge_l1"": 0.0, ""is_inter_community_edge_l1"": 0.0, ""is_low_common_neighbor_edge_l1"": 0.0, ""mean_l1"": 0.0}",1,32,32,0.0,0
realworld_completed,bio_celegans,SASB-candidate,sasb,SASB-structured,20260513,476,early,1.0,1.0,0.0,1,1,0,0.23506172839506173,0.23555555555555555,142,4,142--4,50,6,6,50,300,2,0.4,1,1,4,32,"[""96"", ""53"", ""51"", ""60"", ""343"", ""62"", ""142"", ""143"", ""363"", ""220"", ""85"", ""373"", ""144"", ""145"", ""147"", ""52"", ""82"", ""118"", ""83"", ""440"", ""109"", ""32"", ""364"", ""398"", ""307"", ""404"", ""322"", ""139"", ""146"", ""137"", ""150"", ""422""]",7b4e0eae984b7f3dd97bb746db01501ecc5f18e3c972a9291e9c4e1a76733b95,"{""boundary"": 12, ""community_rep"": 5, ""degree_core"": 10, ""random_fill"": 5}","{""degree_2"": 3, ""degree_3_4"": 3, ""degree_5_8"": 1, ""degree_9_plus"": 25}","{""0"": 2, ""1"": 6, ""2"": 1, ""3"": 9, ""4"": 6, ""5"": 2, ""6"": 3, ""7"": 1, ""8"": 1, ""9"": 1}",241,"{""backend"": ""evaluate_m19_theory_calibrated.candidate_features"", ""delta_mode"": ""none"", ""k_max"": 512, ""k_min"": 64, ""variant"": ""conservative""}",241,0.15558424790187217,1.0,1.0,0.004149377593360996,1.0,"{""dp_17_64"": 0.03734439834024896, ""dp_257_plus"": 0.8132780082987552, ""dp_5_16"": 0.012448132780082987, ""dp_65_256"": 0.13692946058091288}","{""cn_0"": 1.0}",0.0,823.2323651452282,sasb_candidate_builder,36a82832d4a4dcbd25d08d27f6a986316ed233eff02c57e30704df4756c1303a,241,36a82832d4a4dcbd25d08d27f6a986316ed233eff02c57e30704df4756c1303a,"{""sasb_builder"": 241}",0,0,0,0,{},0.0,"{""common_neighbor_bin_l1"": 0.0, ""degree_product_bin_l1"": 0.0, ""is_boundary_edge_l1"": 0.0, ""is_bridge_edge_l1"": 0.0, ""is_inter_community_edge_l1"": 0.0, ""is_low_common_neighbor_edge_l1"": 0.0, ""mean_l1"": 0.0}",1,32,32,0.0,0
realworld_completed,bio_celegans,SASB-candidate,sasb,SASB-structured,20260513,477,early,1.0,1.0,0.0,1,1,0,0.23555555555555555,0.2360493827160494,143,4,143--4,50,5,5,50,250,1,0.25,1,1,4,32,"[""96"", ""53"", ""51"", ""60"", ""343"", ""62"", ""143"", ""142"", ""363"", ""220"", ""85"", ""373"", ""144"", ""145"", ""147"", ""52"", ""82"", ""118"", ""83"", ""440"", ""109"", ""32"", ""364"", ""398"", ""307"", ""404"", ""322"", ""54"", ""264"", ""57"", ""105"", ""410""]",3e34b7a38082126a1607cea3891d0241305a35e9ef061d141ebf75f3ae22c589,"{""boundary"": 12, ""community_rep"": 5, ""degree_core"": 10, ""random_fill"": 5}","{""degree_2"": 1, ""degree_3_4"": 3, ""degree_5_8"": 3, ""degree_9_plus"": 25}","{""0"": 3, ""1"": 6, ""2"": 2, ""3"": 9, ""4"": 6, ""5"": 1, ""6"": 2, ""7"": 1, ""8"": 1, ""9"": 1}",241,"{""backend"": ""evaluate_m19_theory_calibrated.candidate_features"", ""delta_mode"": ""none"", ""k_max"": 512, ""k_min"": 64, ""variant"": ""conservative""}",241,0.15568475452196381,1.0,1.0,0.004149377593360996,1.0,"{""dp_17_64"": 0.03734439834024896, ""dp_257_plus"": 0.8091286307053942, ""dp_5_16"": 0.012448132780082987, ""dp_65_256"": 0.14107883817427386}","{""cn_0"": 1.0}",0.0,823.0248962655602,sasb_candidate_builder,10c365d4893d9b36d3b3a21912bc3f2b1a12a2d1c539a89063559b43387826a8,241,10c365d4893d9b36d3b3a21912bc3f2b1a12a2d1c539a89063559b43387826a8,"{""sasb_builder"": 241}",0,0,0,0,{},0.0,"{""common_neighbor_bin_l1"": 0.0, ""degree_product_bin_l1"": 0.0, ""is_boundary_edge_l1"": 0.0, ""is_bridge_edge_l1"": 0.0, ""is_inter_community_edge_l1"": 0.0, ""is_low_common_neighbor_edge_l1"": 0.0, ""mean_l1"": 0.0}",1,32,32,0.0,0
realworld_completed,bio_celegans,SASB-candidate,sasb,SASB-structured,20260513,478,early,1.0,1.0,0.0,1,1,0,0.2360493827160494,0.2365432098765432,155,96,155--96,4,168,4,168,672,0,0.0,1,1,0,32,"[""96"", ""53"", ""51"", ""60"", ""343"", ""62"", ""142"", ""143"", ""363"", ""220"", ""85"", ""373"", ""144"", ""145"", ""147"", ""52"", ""82"", ""118"", ""83"", ""440"", ""109"", ""32"", ""364"", ""398"", ""307"", ""404"", ""322"", ""202"", ""349"", ""133"", ""332"", ""119""]",14bd7ab41cb1bafa0c7486676127cb2fef0b73452c81026f6fc5ae65c1178491,"{""boundary"": 12, ""community_rep"": 5, ""degree_core"": 10, ""random_fill"": 5}","{""degree_3_4"": 4, ""degree_5_8"": 3, ""degree_9_plus"": 25}","{""0"": 2, ""1"": 8, ""2"": 1, ""3"": 10, ""4"": 6, ""5"": 1, ""6"": 1, ""7"": 1, ""8"": 1, ""9"": 1}",241,"{""backend"": ""evaluate_m19_theory_calibrated.candidate_features"", ""delta_mode"": ""none"", ""k_max"": 512, ""k_min"": 64, ""variant"": ""conservative""}",241,0.15578539107950873,1.0,1.0,0.004149377593360996,1.0,"{""dp_17_64"": 0.03734439834024896, ""dp_257_plus"": 0.8008298755186722, ""dp_5_16"": 0.012448132780082987, ""dp_65_256"": 0.14937759336099585}","{""cn_0"": 1.0}",0.0,821.6141078838174,sasb_candidate_builder,0d324a84f8f87f889418f85afeeb107567f55a0b996527542bc27b41ef5c8c5d,241,0d324a84f8f87f889418f85afeeb107567f55a0b996527542bc27b41ef5c8c5d,"{""sasb_builder"": 241}",0,0,0,0,{},0.0,"{""common_neighbor_bin_l1"": 0.0, ""degree_product_bin_l1"": 0.0, ""is_boundary_edge_l1"": 0.0, ""is_bridge_edge_l1"": 0.0, ""is_inter_community_edge_l1"": 0.0, ""is_low_common_neighbor_edge_l1"": 0.0, ""mean_l1"": 0.0}",1,32,32,0.0,0
realworld_completed,bio_celegans,SASB-candidate,sasb,SASB-structured,20260513,479,early,1.0,1.0,0.0,1,1,0,0.2365432098765432,0.23703703703703705,204,343,204--343,3,54,3,54,162,2,1.0,1,0,3,32,"[""96"", ""53"", ""51"", ""60"", ""343"", ""62"", ""142"", ""143"", ""363"", ""220"", ""85"", ""373"", ""144"", ""145"", ""147"", ""52"", ""82"", ""118"", ""83"", ""440"", ""109"", ""32"", ""364"", ""398"", ""307"", ""404"", ""322"", ""445"", ""254"", ""317"", ""426"", ""87""]",26b145587fba322f6c4d5a4d17389d1c2c2763e6d03abb03c6bdbb8b438ba036,"{""boundary"": 12, ""community_rep"": 5, ""degree_core"": 10, ""random_fill"": 5}","{""degree_3_4"": 5, ""degree_5_8"": 2, ""degree_9_plus"": 25}","{""0"": 3, ""1"": 8, ""2"": 1, ""3"": 10, ""4"": 5, ""5"": 1, ""6"": 1, ""7"": 1, ""8"": 1, ""9"": 1}",241,"{""backend"": ""evaluate_m19_theory_calibrated.candidate_features"", ""delta_mode"": ""none"", ""k_max"": 512, ""k_min"": 64, ""variant"": ""conservative""}",241,0.1558861578266494,1.0,1.0,0.004149377593360996,0.995850622406639,"{""dp_17_64"": 0.03734439834024896, ""dp_257_plus"": 0.7966804979253111, ""dp_5_16"": 0.012448132780082987, ""dp_65_256"": 0.15352697095435686}","{""cn_0"": 0.995850622406639, ""cn_2_3"": 0.004149377593360996}",0.008298755186721992,816.3319502074689,sasb_candidate_builder,ead13db1579ef618f394463c878cfca36025918a661819ef8eebccdc096769fc,241,ead13db1579ef618f394463c878cfca36025918a661819ef8eebccdc096769fc,"{""sasb_builder"": 241}",0,0,0,0,{},0.0,"{""common_neighbor_bin_l1"": 0.0, ""degree_product_bin_l1"": 0.0, ""is_boundary_edge_l1"": 0.0, ""is_bridge_edge_l1"": 0.0, ""is_inter_community_edge_l1"": 0.0, ""is_low_common_neighbor_edge_l1"": 0.0, ""mean_l1"": 0.0}",1,32,32,223.19878542510122,0
realworld_completed,bio_celegans,SASB-candidate,sasb,SASB-structured,20260513,480,early,1.0,1.0,0.0,1,1,0,0.23703703703703705,0.23753086419753086,205,343,205--343,3,53,3,53,159,1,0.5,1,0,3,32,"[""96"", ""53"", ""51"", ""60"", ""62"", ""343"", ""220"", ""363"", ""142"", ""143"", ""85"", ""373"", ""144"", ""145"", ""147"", ""52"", ""82"", ""118"", ""83"", ""440"", ""109"", ""32"", ""364"", ""307"", ""398"", ""404"", ""322"", ""297"", ""47"", ""254"", ""370"", ""226""]",86b9ea0d43ca586f25793503fecf5634fe399c892a3fc4a8de4346a107eb9107,"{""boundary"": 12, ""community_rep"": 5, ""degree_core"": 10, ""random_fill"": 5}","{""degree_2"": 1, ""degree_3_4"": 3, ""degree_5_8"": 3, ""degree_9_plus"": 25}","{""0"": 2, ""1"": 7, ""2"": 1, ""3"": 11, ""4"": 5, ""5"": 1, ""6"": 1, ""7"": 1, ""8"": 1, ""9"": 2}",241,"{""backend"": ""evaluate_m19_theory_calibrated.candidate_features"", ""delta_mode"": ""none"", ""k_max"": 512, ""k_min"": 64, ""variant"": ""conservative""}",241,0.15598705501618124,1.0,1.0,0.004149377593360996,0.9875518672199171,"{""dp_17_64"": 0.03734439834024896, ""dp_257_plus"": 0.7925311203319502, ""dp_5_16"": 0.012448132780082987, ""dp_65_256"": 0.15767634854771784}","{""cn_0"": 0.983402489626556, ""cn_1"": 0.004149377593360996, ""cn_2_3"": 0.008298755186721992, ""cn_4_8"": 0.004149377593360996}",0.04149377593360996,809.7510373443984,sasb_candidate_builder,ef59b7b716e64be37ac6443399d51312218fcee3dcc75a17eb79c158df3c60e9,241,ef59b7b716e64be37ac6443399d51312218fcee3dcc75a17eb79c158df3c60e9,"{""sasb_builder"": 241}",0,0,0,0,{},0.0,"{""common_neighbor_bin_l1"": 0.0, ""degree_product_bin_l1"": 0.0, ""is_boundary_edge_l1"": 0.0, ""is_bridge_edge_l1"": 0.0, ""is_inter_community_edge_l1"": 0.0, ""is_low_common_neighbor_edge_l1"": 0.0, ""mean_l1"": 0.0}",1,32,32,260.2721366958639,0
realworld_completed,bio_celegans,SASB-candidate,sasb,SASB-structured,20260513,481,early,1.0,1.0,0.0,1,1,0,0.23753086419753086,0.2380246913580247,147,243,147--243,33,6,6,33,198,3,0.6,0,3,3,32,"[""96"", ""53"", ""51"", ""60"", ""62"", ""343"", ""220"", ""363"", ""142"", ""143"", ""85"", ""373"", ""144"", ""145"", ""147"", ""52"", ""82"", ""118"", ""83"", ""440"", ""109"", ""32"", ""364"", ""307"", ""398"", ""404"", ""322"", ""407"", ""247"", ""242"", ""116"", ""221""]",567b10217a44740af67f802d21be4ae844a733a551bac6f9ed934d3697844ec6,"{""boundary"": 12, ""community_rep"": 5, ""degree_core"": 10, ""random_fill"": 5}","{""degree_2"": 1, ""degree_3_4"": 2, ""degree_5_8"": 3, ""degree_9_plus"": 26}","{""0"": 1, ""1"": 6, ""2"": 1, ""3"": 12, ""4"": 6, ""5"": 1, ""6"": 1, ""7"": 2, ""8"": 1, ""9"": 1}",241,"{""backend"": ""evaluate_m19_theory_calibrated.candidate_features"", ""delta_mode"": ""none"", ""k_max"": 512, ""k_min"": 64, ""variant"": ""conservative""}",241,0.1560880829015544,1.0,1.0,0.004149377593360996,0.9875518672199171,"{""dp_17_64"": 0.03734439834024896, ""dp_257_plus"": 0.7925311203319502, ""dp_5_16"": 0.012448132780082987, ""dp_65_256"": 0.15767634854771784}","{""cn_0"": 0.9875518672199171, ""cn_2_3"": 0.008298755186721992, ""cn_4_8"": 0.004149377593360996}",0.03734439834024896,808.6846473029045,sasb_candidate_builder,9113dcb36a5210e41b15366361fe8cd74a3864b2d6570826e3e6e34326b52822,241,9113dcb36a5210e41b15366361fe8cd74a3864b2d6570826e3e6e34326b52822,"{""sasb_builder"": 241}",0,0,0,0,{},0.0,"{""common_neighbor_bin_l1"": 0.0, ""degree_product_bin_l1"": 0.0, ""is_boundary_edge_l1"": 0.0, ""is_bridge_edge_l1"": 0.0, ""is_inter_community_edge_l1"": 0.0, ""is_low_common_neighbor_edge_l1"": 0.0, ""mean_l1"": 0.0}",1,32,32,208.937673732535,0
realworld_completed,bio_celegans,SASB-candidate,sasb,SASB-structured,20260513,482,early,1.0,1.0,0.0,1,1,0,0.2380246913580247,0.23851851851851852,6,62,6--62,6,49,6,49,294,4,0.8,1,1,4,32,"[""96"", ""53"", ""51"", ""60"", ""62"", ""343"", ""220"", ""363"", ""142"", ""143"", ""85"", ""373"", ""144"", ""145"", ""147"", ""52"", ""82"", ""118"", ""83"", ""440"", ""109"", ""32"", ""364"", ""307"", ""398"", ""404"", ""322"", ""102"", ""374"", ""139"", ""351"", ""124""]",b437fa1e0d7b65ffc82f5f50f70f1bf20b9f0cfb0f31bfdad3e7271ad51f3ebe,"{""boundary"": 12, ""community_rep"": 5, ""degree_core"": 10, ""random_fill"": 5}","{""degree_2"": 2, ""degree_3_4"": 3, ""degree_5_8"": 2, ""degree_9_plus"": 25}","{""0"": 1, ""1"": 8, ""2"": 2, ""3"": 9, ""4"": 6, ""5"": 1, ""6"": 1, ""7"": 2, ""8"": 1, ""9"": 1}",241,"{""backend"": ""evaluate_m19_theory_calibrated.candidate_features"", ""delta_mode"": ""none"", ""k_max"": 512, ""k_min"": 64, ""variant"": ""conservative""}",241,0.1561892417368762,1.0,1.0,0.004149377593360996,0.991701244813278,"{""dp_17_64"": 0.03734439834024896, ""dp_257_plus"": 0.7925311203319502, ""dp_5_16"": 0.012448132780082987, ""dp_65_256"": 0.15767634854771784}","{""cn_0"": 0.991701244813278, ""cn_2_3"": 0.004149377593360996, ""cn_4_8"": 0.004149377593360996}",0.024896265560165973,806.7095435684647,sasb_candidate_builder,02333243029bb2bdf460d8bba442c807e3bcf62a4e2e4f0a1075f83f5b853b77,241,02333243029bb2bdf460d8bba442c807e3bcf62a4e2e4f0a1075f83f5b853b77,"{""sasb_builder"": 241}",0,0,0,0,{},0.0,"{""common_neighbor_bin_l1"": 0.0, ""degree_product_bin_l1"": 0.0, ""is_boundary_edge_l1"": 0.0, ""is_bridge_edge_l1"": 0.0, ""is_inter_community_edge_l1"": 0.0, ""is_low_common_neighbor_edge_l1"": 0.0, ""mean_l1"": 0.0}",1,32,32,103.05115546218487,0
realworld_completed,bio_celegans,SASB-candidate,sasb,SASB-structured,20260513,483,early,1.0,1.0,0.0,1,1,0,0.23851851851851852,0.23901234567901233,50,64,50--64,4,7,4,7,28,2,0.6666666666666666,0,0,0,32,"[""96"", ""53"", ""51"", ""60"", ""62"", ""343"", ""220"", ""363"", ""142"", ""143"", ""85"", ""373"", ""144"", ""145"", ""147"", ""52"", ""82"", ""118"", ""83"", ""440"", ""109"", ""32"", ""364"", ""307"", ""398"", ""404"", ""322"", ""149"", ""409"", ""295"", ""388"", ""291""]",37448d09c9cac15db2f811ff283f8a7219a6081f3b4bbb652ca8358f47a61bb2,"{""boundary"": 12, ""community_rep"": 5, ""degree_core"": 10, ""random_fill"": 5}","{""degree_3_4"": 2, ""degree_5_8"": 3, ""degree_9_plus"": 27}","{""0"": 1, ""1"": 7, ""2"": 2, ""3"": 11, ""4"": 5, ""5"": 1, ""6"": 1, ""7"": 2, ""8"": 1, ""9"": 1}",241,"{""backend"": ""evaluate_m19_theory_calibrated.candidate_features"", ""delta_mode"": ""none"", ""k_max"": 512, ""k_min"": 64, ""variant"": ""conservative""}",241,0.1562905317769131,1.0,1.0,0.004149377593360996,0.995850622406639,"{""dp_17_64"": 0.04149377593360996, ""dp_257_plus"": 0.7883817427385892, ""dp_5_16"": 0.012448132780082987, ""dp_65_256"": 0.15767634854771784}","{""cn_0"": 0.995850622406639, ""cn_2_3"": 0.004149377593360996}",0.008298755186721992,804.838174273859,sasb_candidate_builder,46f67cf44f349649bfb5277a2f79a3850172bdcfd6f2cf0b953b3f89e3d62fba,241,46f67cf44f349649bfb5277a2f79a3850172bdcfd6f2cf0b953b3f89e3d62fba,"{""sasb_builder"": 241}",0,0,0,0,{},0.0,"{""common_neighbor_bin_l1"": 0.0, ""degree_product_bin_l1"": 0.0, ""is_boundary_edge_l1"": 0.0, ""is_bridge_edge_l1"": 0.0, ""is_inter_community_edge_l1"": 0.0, ""is_low_common_neighbor_edge_l1"": 0.0, ""mean_l1"": 0.0}",1,32,32,28.3125,0
realworld_completed,bio_celegans,SASB-candidate,sasb,SASB-structured,20260513,484,early,1.0,1.0,0.0,1,1,0,0.23901234567901233,0.23950617283950618,157,5,157--5,3,4,3,4,12,0,0.0,1,8,4,32,"[""96"", ""53"", ""51"", ""60"", ""62"", ""343"", ""220"", ""363"", ""142"", ""143"", ""85"", ""373"", ""144"", ""145"", ""147"", ""52"", ""82"", ""118"", ""83"", ""440"", ""109"", ""32"", ""364"", ""307"", ""398"", ""404"", ""322"", ""249"", ""138"", ""234"", ""131"", ""401""]",85d42a0c92d1b6c14f8a585490287f196a83f542e506e63715aa1017ad6ff7d6,"{""boundary"": 12, ""community_rep"": 5, ""degree_core"": 10, ""random_fill"": 5}","{""degree_2"": 1, ""degree_3_4"": 2, ""degree_5_8"": 4, ""degree_9_plus"": 25}","{""0"": 3, ""1"": 7, ""2"": 1, ""3"": 11, ""4"": 5, ""5"": 1, ""6"": 1, ""7"": 1, ""8"": 1, ""9"": 1}",241,"{""backend"": ""evaluate_m19_theory_calibrated.candidate_features"", ""delta_mode"": ""none"", ""k_max"": 512, ""k_min"": 64, ""variant"": ""conservative""}",241,0.1563919532770928,1.0,1.0,0.004149377593360996,1.0,"{""dp_17_64"": 0.03734439834024896, ""dp_257_plus"": 0.7883817427385892, ""dp_5_16"": 0.012448132780082987, ""dp_65_256"": 0.16182572614107885}","{""cn_0"": 1.0}",0.0,804.688796680498,sasb_candidate_builder,56f8f0eaec7e240c5f44c1a700f4209876d571367e48e7dd7257bbde2e97c0dc,241,56f8f0eaec7e240c5f44c1a700f4209876d571367e48e7dd7257bbde2e97c0dc,"{""sasb_builder"": 241}",0,0,0,0,{},0.0,"{""common_neighbor_bin_l1"": 0.0, ""degree_product_bin_l1"": 0.0, ""is_boundary_edge_l1"": 0.0, ""is_bridge_edge_l1"": 0.0, ""is_inter_community_edge_l1"": 0.0, ""is_low_common_neighbor_edge_l1"": 0.0, ""mean_l1"": 0.0}",1,32,32,0.0,0
realworld_completed,bio_celegans,SASB-candidate,sasb,SASB-structured,20260513,485,early,1.0,1.0,0.0,1,1,0,0.23950617283950618,0.24,160,96,160--96,8,167,8,167,1336,0,0.0,1,0,8,32,"[""96"", ""53"", ""51"", ""60"", ""62"", ""343"", ""220"", ""363"", ""142"", ""143"", ""85"", ""373"", ""144"", ""145"", ""147"", ""52"", ""82"", ""118"", ""83"", ""440"", ""109"", ""32"", ""364"", ""307"", ""398"", ""404"", ""322"", ""315"", ""218"", ""330"", ""448"", ""436""]",b502b3b579ac5e8e7e9f730417ad4e5b7e5f6d39f626298eed9d6beb58192088,"{""boundary"": 12, ""community_rep"": 5, ""degree_core"": 10, ""random_fill"": 5}","{""degree_3_4"": 3, ""degree_5_8"": 3, ""degree_9_plus"": 26}","{""0"": 2, ""1"": 7, ""2"": 1, ""3"": 11, ""4"": 6, ""5"": 1, ""6"": 1, ""7"": 1, ""8"": 1, ""9"": 1}",241,"{""backend"": ""evaluate_m19_theory_calibrated.candidate_features"", ""delta_mode"": ""none"", ""k_max"": 512, ""k_min"": 64, ""variant"": ""conservative""}",241,0.1564935064935065,1.0,1.0,0.004149377593360996,1.0,"{""dp_17_64"": 0.03734439834024896, ""dp_257_plus"": 0.7883817427385892, ""dp_5_16"": 0.008298755186721992, ""dp_65_256"": 0.16597510373443983}","{""cn_0"": 1.0}",0.0,805.6639004149378,sasb_candidate_builder,e63b3ef400ecc8636ba5e040d122716c965ebe8d7b40fae58c8c9fd16163ae9c,241,e63b3ef400ecc8636ba5e040d122716c965ebe8d7b40fae58c8c9fd16163ae9c,"{""sasb_builder"": 241}",0,0,0,0,{},0.0,"{""common_neighbor_bin_l1"": 0.0, ""degree_product_bin_l1"": 0.0, ""is_boundary_edge_l1"": 0.0, ""is_bridge_edge_l1"": 0.0, ""is_inter_community_edge_l1"": 0.0, ""is_low_common_neighbor_edge_l1"": 0.0, ""mean_l1"": 0.0}",1,32,32,0.0,0
realworld_completed,bio_celegans,SASB-candidate,sasb,SASB-structured,20260513,486,early,1.0,1.0,0.0,1,1,0,0.24,0.24049382716049383,161,51,161--51,8,81,8,81,648,1,0.14285714285714285,1,9,3,32,"[""96"", ""53"", ""51"", ""60"", ""62"", ""343"", ""220"", ""363"", ""142"", ""143"", ""85"", ""373"", ""144"", ""145"", ""147"", ""52"", ""82"", ""118"", ""83"", ""440"", ""109"", ""32"", ""364"", ""307"", ""398"", ""404"", ""322"", ""274"", ""210"", ""430"", ""362"", ""137""]",f09e4ba9007e5790b0c259246dee8d5f90ac0f2815ae2c8133a4257b60846dad,"{""boundary"": 12, ""community_rep"": 5, ""degree_core"": 10, ""random_fill"": 5}","{""degree_3_4"": 3, ""degree_5_8"": 4, ""degree_9_plus"": 25}","{""0"": 2, ""1"": 7, ""2"": 1, ""3"": 10, ""4"": 6, ""5"": 1, ""6"": 1, ""7"": 2, ""8"": 1, ""9"": 1}",240,"{""backend"": ""evaluate_m19_theory_calibrated.candidate_features"", ""delta_mode"": ""none"", ""k_max"": 512, ""k_min"": 64, ""variant"": ""conservative""}",240,0.15594541910331383,1.0,1.0,0.004166666666666667,1.0,"{""dp_17_64"": 0.0375, ""dp_257_plus"": 0.7875, ""dp_5_16"": 0.008333333333333333, ""dp_65_256"": 0.16666666666666666}","{""cn_0"": 1.0}",0.0,800.3833333333333,sasb_candidate_builder,598dc9b4c12337bffa2a6e64e895c082746b464334d8a7c5728e43fb6d2e572f,240,598dc9b4c12337bffa2a6e64e895c082746b464334d8a7c5728e43fb6d2e572f,"{""sasb_builder"": 240}",0,0,0,0,{},0.0,"{""common_neighbor_bin_l1"": 0.0, ""degree_product_bin_l1"": 0.0, ""is_boundary_edge_l1"": 0.0, ""is_bridge_edge_l1"": 0.0, ""is_inter_community_edge_l1"": 0.0, ""is_low_common_neighbor_edge_l1"": 0.0, ""mean_l1"": 0.0}",1,32,32,0.0,0
realworld_completed,bio_celegans,SASB-candidate,sasb,SASB-structured,20260513,487,early,1.0,1.0,0.0,1,1,0,0.24049382716049383,0.24098765432098765,235,426,235--426,5,3,3,5,15,1,0.5,0,4,4,32,"[""96"", ""53"", ""60"", ""51"", ""62"", ""343"", ""220"", ""363"", ""142"", ""143"", ""85"", ""373"", ""144"", ""145"", ""147"", ""52"", ""82"", ""118"", ""83"", ""440"", ""109"", ""32"", ""364"", ""307"", ""398"", ""404"", ""322"", ""149"", ""26"", ""366"", ""342"", ""427""]",d1356c716a77ae5783659001054bac6a740d15e86360d0b5c56020ad1fa6f9eb,"{""boundary"": 12, ""community_rep"": 5, ""degree_core"": 10, ""random_fill"": 5}","{""degree_3_4"": 3, ""degree_5_8"": 3, ""degree_9_plus"": 26}","{""0"": 2, ""1"": 8, ""2"": 2, ""3"": 9, ""4"": 6, ""5"": 1, ""6"": 1, ""7"": 1, ""8"": 1, ""9"": 1}",240,"{""backend"": ""evaluate_m19_theory_calibrated.candidate_features"", ""delta_mode"": ""none"", ""k_max"": 512, ""k_min"": 64, ""variant"": ""conservative""}",240,0.15604681404421328,1.0,1.0,0.004166666666666667,1.0,"{""dp_17_64"": 0.0375, ""dp_257_plus"": 0.7833333333333333, ""dp_5_16"": 0.0125, ""dp_65_256"": 0.16666666666666666}","{""cn_0"": 0.9958333333333333, ""cn_1"": 0.004166666666666667}",0.004166666666666667,796.4291666666667,sasb_candidate_builder,e37637645a7bd538e2510b15142d27f45524b773e6f040e49e637ffe3d194d23,240,e37637645a7bd538e2510b15142d27f45524b773e6f040e49e637ffe3d194d23,"{""sasb_builder"": 240}",0,0,0,0,{},0.0,"{""common_neighbor_bin_l1"": 0.0, ""degree_product_bin_l1"": 0.0, ""is_boundary_edge_l1"": 0.0, ""is_bridge_edge_l1"": 0.0, ""is_inter_community_edge_l1"": 0.0, ""is_low_common_neighbor_edge_l1"": 0.0, ""mean_l1"": 0.0}",1,32,32,32.4708433343701,0
realworld_completed,bio_celegans,SASB-candidate,sasb,SASB-structured,20260513,488,early,1.0,1.0,0.0,1,1,0,0.24098765432098765,0.2414814814814815,161,53,161--53,7,100,7,100,700,0,0.0,1,2,3,32,"[""96"", ""53"", ""60"", ""51"", ""62"", ""343"", ""220"", ""363"", ""142"", ""143"", ""85"", ""373"", ""144"", ""145"", ""147"", ""52"", ""82"", ""118"", ""83"", ""440"", ""109"", ""32"", ""364"", ""307"", ""398"", ""404"", ""322"", ""334"", ""265"", ""315"", ""394"", ""390""]",2ae1fd6f665098b5a9efda787a4d6a0f4b62619ca883b31c7c58420f23f8c278,"{""boundary"": 12, ""community_rep"": 5, ""degree_core"": 10, ""random_fill"": 5}","{""degree_2"": 1, ""degree_3_4"": 3, ""degree_5_8"": 2, ""degree_9_plus"": 26}","{""0"": 3, ""1"": 7, ""2"": 1, ""3"": 10, ""4"": 6, ""5"": 1, ""6"": 1, ""7"": 1, ""8"": 1, ""9"": 1}",240,"{""backend"": ""evaluate_m19_theory_calibrated.candidate_features"", ""delta_mode"": ""none"", ""k_max"": 512, ""k_min"": 64, ""variant"": ""conservative""}",240,0.1561483409238777,1.0,1.0,0.004166666666666667,1.0,"{""dp_17_64"": 0.0375, ""dp_257_plus"": 0.7833333333333333, ""dp_5_16"": 0.008333333333333333, ""dp_65_256"": 0.17083333333333334}","{""cn_0"": 1.0}",0.0,796.4916666666667,sasb_candidate_builder,ce53a8f0e34362c6999b5b93293c58678f21374f36a94942db5b69f8ef11be8f,240,ce53a8f0e34362c6999b5b93293c58678f21374f36a94942db5b69f8ef11be8f,"{""sasb_builder"": 240}",0,0,0,0,{},0.0,"{""common_neighbor_bin_l1"": 0.0, ""degree_product_bin_l1"": 0.0, ""is_boundary_edge_l1"": 0.0, ""is_bridge_edge_l1"": 0.0, ""is_inter_community_edge_l1"": 0.0, ""is_low_common_neighbor_edge_l1"": 0.0, ""mean_l1"": 0.0}",1,32,32,0.0,0
realworld_completed,bio_celegans,SASB-candidate,sasb,SASB-structured,20260513,489,early,1.0,1.0,0.0,1,1,0,0.2414814814814815,0.2419753086419753,161,60,161--60,6,41,6,41,246,1,0.2,1,2,4,32,"[""96"", ""53"", ""60"", ""51"", ""62"", ""343"", ""220"", ""363"", ""142"", ""143"", ""85"", ""373"", ""144"", ""145"", ""147"", ""52"", ""82"", ""118"", ""83"", ""440"", ""109"", ""32"", ""364"", ""307"", ""398"", ""404"", ""322"", ""56"", ""233"", ""45"", ""123"", ""70""]",7a90bf06d4d45c933d088ea8effaba9fa10cf73cedd565e918a99b00fa67c21b,"{""boundary"": 12, ""community_rep"": 5, ""degree_core"": 10, ""random_fill"": 5}","{""degree_2"": 1, ""degree_3_4"": 2, ""degree_5_8"": 4, ""degree_9_plus"": 25}","{""0"": 2, ""1"": 7, ""2"": 2, ""3"": 9, ""4"": 6, ""5"": 1, ""6"": 1, ""7"": 2, ""8"": 1, ""9"": 1}",240,"{""backend"": ""evaluate_m19_theory_calibrated.candidate_features"", ""delta_mode"": ""none"", ""k_max"": 512, ""k_min"": 64, ""variant"": ""conservative""}",240,0.15625,1.0,1.0,0.004166666666666667,1.0,"{""dp_17_64"": 0.041666666666666664, ""dp_257_plus"": 0.775, ""dp_5_16"": 0.008333333333333333, ""dp_65_256"": 0.175}","{""cn_0"": 1.0}",0.0,792.5833333333334,sasb_candidate_builder,aa56b1c55d4be8c7412ca8a3bc525c7ccf81cedca92c9988ecfe746880964f21,240,aa56b1c55d4be8c7412ca8a3bc525c7ccf81cedca92c9988ecfe746880964f21,"{""sasb_builder"": 240}",0,0,0,0,{},0.0,"{""common_neighbor_bin_l1"": 0.0, ""degree_product_bin_l1"": 0.0, ""is_boundary_edge_l1"": 0.0, ""is_bridge_edge_l1"": 0.0, ""is_inter_community_edge_l1"": 0.0, ""is_low_common_neighbor_edge_l1"": 0.0, ""mean_l1"": 0.0}",1,32,32,0.0,0
realworld_completed,bio_celegans,SASB-candidate,sasb,SASB-structured,20260513,490,early,1.0,1.0,0.0,1,1,0,0.2419753086419753,0.24246913580246915,142,390,142--390,49,5,5,49,245,2,0.5,1,1,4,32,"[""96"", ""53"", ""51"", ""60"", ""142"", ""143"", ""343"", ""62"", ""363"", ""85"", ""373"", ""307"", ""144"", ""145"", ""147"", ""220"", ""52"", ""82"", ""118"", ""83"", ""440"", ""109"", ""364"", ""398"", ""348"", ""404"", ""322"", ""411"", ""298"", ""162"", ""179"", ""164""]",25df1d0f898db447476240c81eab6699b053e2714f20375777a0ea8ca2699ac9,"{""boundary"": 12, ""community_rep"": 5, ""degree_core"": 10, ""random_fill"": 5}","{""degree_3_4"": 3, ""degree_5_8"": 3, ""degree_9_plus"": 26}","{""0"": 2, ""1"": 7, ""10"": 2, ""2"": 1, ""3"": 9, ""4"": 6, ""5"": 1, ""6"": 1, ""7"": 1, ""8"": 1, ""9"": 1}",240,"{""backend"": ""evaluate_m19_theory_calibrated.candidate_features"", ""delta_mode"": ""none"", ""k_max"": 512, ""k_min"": 64, ""variant"": ""conservative""}",240,0.1563517915309446,1.0,1.0,0.004166666666666667,0.975,"{""dp_17_64"": 0.029166666666666667, ""dp_257_plus"": 0.8083333333333333, ""dp_5_16"": 0.004166666666666667, ""dp_65_256"": 0.15833333333333333}","{""cn_0"": 0.975, ""cn_2_3"": 0.025}",0.05,825.2625,sasb_candidate_builder,af4aae51629449070c0fd40db38a2e047dc777b11d40d260875ff12a2cec0714,240,af4aae51629449070c0fd40db38a2e047dc777b11d40d260875ff12a2cec0714,"{""sasb_builder"": 240}",0,0,0,0,{},0.0,"{""common_neighbor_bin_l1"": 0.0, ""degree_product_bin_l1"": 0.0, ""is_boundary_edge_l1"": 0.0, ""is_bridge_edge_l1"": 0.0, ""is_inter_community_edge_l1"": 0.0, ""is_low_common_neighbor_edge_l1"": 0.0, ""mean_l1"": 0.0}",1,32,32,201.84847553037417,0
realworld_completed,bio_celegans,SASB-candidate,sasb,SASB-structured,20260513,491,early,1.0,1.0,0.0,1,1,0,0.24246913580246915,0.24296296296296296,143,390,143--390,49,4,4,49,196,1,0.3333333333333333,1,1,4,32,"[""96"", ""53"", ""51"", ""60"", ""143"", ""142"", ""343"", ""62"", ""363"", ""85"", ""373"", ""307"", ""144"", ""145"", ""147"", ""220"", ""52"", ""82"", ""118"", ""83"", ""440"", ""109"", ""364"", ""398"", ""348"", ""404"", ""322"", ""84"", ""384"", ""403"", ""298"", ""236""]",2b9bba42ba4d4952eb425642ae09fa26f82ce5793330314e03f7fe5dbea46b33,"{""boundary"": 12, ""community_rep"": 5, ""degree_core"": 10, ""random_fill"": 5}","{""degree_2"": 1, ""degree_3_4"": 4, ""degree_5_8"": 1, ""degree_9_plus"": 26}","{""0"": 1, ""1"": 7, ""10"": 2, ""2"": 1, ""3"": 10, ""4"": 6, ""5"": 1, ""6"": 1, ""7"": 1, ""8"": 1, ""9"": 1}",240,"{""backend"": ""evaluate_m19_theory_calibrated.candidate_features"", ""delta_mode"": ""none"", ""k_max"": 512, ""k_min"": 64, ""variant"": ""conservative""}",240,0.15645371577574968,1.0,1.0,0.004166666666666667,0.9666666666666667,"{""dp_17_64"": 0.029166666666666667, ""dp_257_plus"": 0.8083333333333333, ""dp_5_16"": 0.004166666666666667, ""dp_65_256"": 0.15833333333333333}","{""cn_0"": 0.9625, ""cn_1"": 0.004166666666666667, ""cn_2_3"": 0.03333333333333333}",0.08333333333333333,824.3041666666667,sasb_candidate_builder,740113cd12ca2e72cef673012f08078ca7639d1eec5f2dd0b0a39708207def7a,240,740113cd12ca2e72cef673012f08078ca7639d1eec5f2dd0b0a39708207def7a,"{""sasb_builder"": 240}",0,0,0,0,{},0.0,"{""common_neighbor_bin_l1"": 0.0, ""degree_product_bin_l1"": 0.0, ""is_boundary_edge_l1"": 0.0, ""is_bridge_edge_l1"": 0.0, ""is_inter_community_edge_l1"": 0.0, ""is_low_common_neighbor_edge_l1"": 0.0, ""mean_l1"": 0.0}",1,32,32,235.44221039596908,0
realworld_completed,bio_celegans,SASB-candidate,sasb,SASB-structured,20260513,492,early,1.0,1.0,0.0,1,1,0,0.24296296296296296,0.24345679012345678,142,395,142--395,48,5,5,48,240,2,0.5,1,1,4,32,"[""96"", ""53"", ""51"", ""60"", ""142"", ""143"", ""343"", ""62"", ""363"", ""85"", ""373"", ""307"", ""144"", ""145"", ""147"", ""220"", ""52"", ""82"", ""118"", ""83"", ""440"", ""109"", ""364"", ""398"", ""348"", ""404"", ""322"", ""105"", ""201"", ""409"", ""407"", ""211""]",d29ff574cd1b3dce08730fc4663be503a664e0261d06c97c9f07cdf948e4964e,"{""boundary"": 12, ""community_rep"": 5, ""degree_core"": 10, ""random_fill"": 5}","{""degree_3_4"": 2, ""degree_5_8"": 5, ""degree_9_plus"": 25}","{""0"": 2, ""1"": 7, ""10"": 2, ""2"": 1, ""3"": 9, ""4"": 6, ""5"": 1, ""6"": 1, ""7"": 1, ""8"": 1, ""9"": 1}",240,"{""backend"": ""evaluate_m19_theory_calibrated.candidate_features"", ""delta_mode"": ""none"", ""k_max"": 512, ""k_min"": 64, ""variant"": ""conservative""}",240,0.15655577299412915,1.0,1.0,0.004166666666666667,0.975,"{""dp_17_64"": 0.029166666666666667, ""dp_257_plus"": 0.8083333333333333, ""dp_5_16"": 0.004166666666666667, ""dp_65_256"": 0.15833333333333333}","{""cn_0"": 0.975, ""cn_2_3"": 0.025}",0.05,823.2125,sasb_candidate_builder,da976cb8244f74e819135118ce49e7b12dfca9267f4859cffff210143178ee32,240,da976cb8244f74e819135118ce49e7b12dfca9267f4859cffff210143178ee32,"{""sasb_builder"": 240}",0,0,0,0,{},0.0,"{""common_neighbor_bin_l1"": 0.0, ""degree_product_bin_l1"": 0.0, ""is_boundary_edge_l1"": 0.0, ""is_bridge_edge_l1"": 0.0, ""is_inter_community_edge_l1"": 0.0, ""is_low_common_neighbor_edge_l1"": 0.0, ""mean_l1"": 0.0}",1,32,32,352.59623184590026,0
realworld_completed,bio_celegans,SASB-candidate,sasb,SASB-structured,20260513,493,early,1.0,1.0,0.0,1,1,0,0.24345679012345678,0.24395061728395062,143,395,143--395,48,4,4,48,192,1,0.3333333333333333,1,1,4,32,"[""96"", ""53"", ""51"", ""60"", ""143"", ""142"", ""343"", ""62"", ""363"", ""85"", ""373"", ""307"", ""144"", ""145"", ""147"", ""220"", ""52"", ""82"", ""118"", ""83"", ""440"", ""109"", ""364"", ""398"", ""348"", ""404"", ""322"", ""227"", ""38"", ""423"", ""171"", ""445""]",4850654935a8a4fc367260cd6bb75f352703f0a4994778833f74805066c486e1,"{""boundary"": 12, ""community_rep"": 5, ""degree_core"": 10, ""random_fill"": 5}","{""degree_3_4"": 3, ""degree_5_8"": 4, ""degree_9_plus"": 25}","{""0"": 2, ""1"": 6, ""10"": 1, ""2"": 1, ""3"": 11, ""4"": 5, ""5"": 1, ""6"": 1, ""7"": 1, ""8"": 2, ""9"": 1}",240,"{""backend"": ""evaluate_m19_theory_calibrated.candidate_features"", ""delta_mode"": ""none"", ""k_max"": 512, ""k_min"": 64, ""variant"": ""conservative""}",240,0.1566579634464752,1.0,1.0,0.004166666666666667,0.975,"{""dp_17_64"": 0.03333333333333333, ""dp_257_plus"": 0.8125, ""dp_5_16"": 0.004166666666666667, ""dp_65_256"": 0.15}","{""cn_0"": 0.9708333333333333, ""cn_1"": 0.004166666666666667, ""cn_2_3"": 0.025}",0.06666666666666667,822.0666666666667,sasb_candidate_builder,7536a693618a22213551278249ee8ca24549f8abb189658f4003ac319785c0de,240,7536a693618a22213551278249ee8ca24549f8abb189658f4003ac319785c0de,"{""sasb_builder"": 240}",0,0,0,0,{},0.0,"{""common_neighbor_bin_l1"": 0.0, ""degree_product_bin_l1"": 0.0, ""is_boundary_edge_l1"": 0.0, ""is_bridge_edge_l1"": 0.0, ""is_inter_community_edge_l1"": 0.0, ""is_low_common_neighbor_edge_l1"": 0.0, ""mean_l1"": 0.0}",1,32,32,215.07614513730016,0
realworld_completed,bio_celegans,SASB-candidate,sasb,SASB-structured,20260513,494,early,1.0,1.0,0.0,1,1,0,0.24395061728395062,0.24444444444444444,142,335,142--335,47,5,5,47,235,2,0.5,1,1,4,32,"[""96"", ""53"", ""51"", ""60"", ""142"", ""143"", ""343"", ""62"", ""363"", ""85"", ""373"", ""307"", ""144"", ""145"", ""147"", ""220"", ""52"", ""82"", ""118"", ""83"", ""440"", ""109"", ""364"", ""398"", ""348"", ""404"", ""322"", ""384"", ""150"", ""383"", ""400"", ""446""]",254b77f8fdc86ac2f185ce86aa64f66d2670cab0073c3184b0ed0e4af42065db,"{""boundary"": 12, ""community_rep"": 5, ""degree_core"": 10, ""random_fill"": 5}","{""degree_2"": 1, ""degree_3_4"": 2, ""degree_5_8"": 4, ""degree_9_plus"": 25}","{""0"": 2, ""1"": 7, ""10"": 2, ""2"": 1, ""3"": 9, ""4"": 5, ""5"": 2, ""6"": 1, ""7"": 1, ""8"": 1, ""9"": 1}",240,"{""backend"": ""evaluate_m19_theory_calibrated.candidate_features"", ""delta_mode"": ""none"", ""k_max"": 512, ""k_min"": 64, ""variant"": ""conservative""}",240,0.15676028739386022,1.0,1.0,0.004166666666666667,0.9833333333333333,"{""dp_17_64"": 0.03333333333333333, ""dp_257_plus"": 0.8125, ""dp_5_16"": 0.004166666666666667, ""dp_65_256"": 0.15}","{""cn_0"": 0.9833333333333333, ""cn_2_3"": 0.016666666666666666}",0.03333333333333333,820.975,sasb_candidate_builder,39f6277b5b2b5b25b2b9e55b97a0f5dec01df92eed607e2023f835e41bfa4395,240,39f6277b5b2b5b25b2b9e55b97a0f5dec01df92eed607e2023f835e41bfa4395,"{""sasb_builder"": 240}",0,0,0,0,{},0.0,"{""common_neighbor_bin_l1"": 0.0, ""degree_product_bin_l1"": 0.0, ""is_boundary_edge_l1"": 0.0, ""is_bridge_edge_l1"": 0.0, ""is_inter_community_edge_l1"": 0.0, ""is_low_common_neighbor_edge_l1"": 0.0, ""mean_l1"": 0.0}",1,32,32,212.45325706471326,0
realworld_completed,bio_celegans,SASB-candidate,sasb,SASB-structured,20260513,495,early,1.0,1.0,0.0,1,1,0,0.24444444444444444,0.24493827160493828,143,335,143--335,47,4,4,47,188,1,0.3333333333333333,1,1,4,32,"[""96"", ""53"", ""51"", ""60"", ""143"", ""142"", ""343"", ""62"", ""363"", ""85"", ""373"", ""307"", ""144"", ""145"", ""147"", ""220"", ""52"", ""82"", ""118"", ""83"", ""440"", ""109"", ""364"", ""398"", ""348"", ""404"", ""322"", ""206"", ""298"", ""369"", ""290"", ""1""]",16cf211a65ffbe05c8afc5ac12c70df3cc9b3d5dcc50ef01d47c472b7f29b23d,"{""boundary"": 12, ""community_rep"": 5, ""degree_core"": 10, ""random_fill"": 5}","{""degree_0_1"": 1, ""degree_3_4"": 3, ""degree_5_8"": 1, ""degree_9_plus"": 27}","{""0"": 1, ""1"": 6, ""10"": 3, ""2"": 1, ""3"": 10, ""4"": 6, ""5"": 1, ""6"": 1, ""7"": 1, ""8"": 1, ""9"": 1}",240,"{""backend"": ""evaluate_m19_theory_calibrated.candidate_features"", ""delta_mode"": ""none"", ""k_max"": 512, ""k_min"": 64, ""variant"": ""conservative""}",240,0.1568627450980392,1.0,1.0,0.004166666666666667,0.9833333333333333,"{""dp_17_64"": 0.0375, ""dp_257_plus"": 0.8166666666666667, ""dp_5_16"": 0.004166666666666667, ""dp_65_256"": 0.14166666666666666}","{""cn_0"": 0.9791666666666666, ""cn_1"": 0.004166666666666667, ""cn_2_3"": 0.016666666666666666}",0.05,819.8916666666667,sasb_candidate_builder,f73ae90eea2ab399742f706157ae16f188aff06ac60fda4ac0dc373df13b6f05,240,f73ae90eea2ab399742f706157ae16f188aff06ac60fda4ac0dc373df13b6f05,"{""sasb_builder"": 240}",0,0,0,0,{},0.0,"{""common_neighbor_bin_l1"": 0.0, ""degree_product_bin_l1"": 0.0, ""is_boundary_edge_l1"": 0.0, ""is_bridge_edge_l1"": 0.0, ""is_inter_community_edge_l1"": 0.0, ""is_low_common_neighbor_edge_l1"": 0.0, ""mean_l1"": 0.0}",1,32,32,232.13110297999037,0
realworld_completed,bio_celegans,SASB-candidate,sasb,SASB-structured,20260513,496,early,1.0,1.0,0.0,1,1,0,0.24493827160493828,0.2454320987654321,142,6,142--6,46,5,5,46,230,1,0.25,1,1,4,32,"[""96"", ""53"", ""51"", ""60"", ""142"", ""143"", ""343"", ""62"", ""363"", ""85"", ""373"", ""307"", ""144"", ""145"", ""147"", ""220"", ""52"", ""82"", ""118"", ""83"", ""440"", ""109"", ""364"", ""398"", ""348"", ""404"", ""322"", ""252"", ""13"", ""372"", ""261"", ""444""]",e14e30ce986955fe7ae90dd096bab562f8769330fb8ce151e373d4ad7cf89668,"{""boundary"": 12, ""community_rep"": 5, ""degree_core"": 10, ""random_fill"": 5}","{""degree_3_4"": 4, ""degree_5_8"": 3, ""degree_9_plus"": 25}","{""0"": 1, ""1"": 6, ""10"": 2, ""2"": 1, ""3"": 10, ""4"": 6, ""5"": 1, ""6"": 1, ""7"": 1, ""8"": 2, ""9"": 1}",240,"{""backend"": ""evaluate_m19_theory_calibrated.candidate_features"", ""delta_mode"": ""none"", ""k_max"": 512, ""k_min"": 64, ""variant"": ""conservative""}",240,0.15696533682145192,1.0,1.0,0.004166666666666667,1.0,"{""dp_17_64"": 0.03333333333333333, ""dp_257_plus"": 0.8208333333333333, ""dp_5_16"": 0.004166666666666667, ""dp_65_256"": 0.14166666666666666}","{""cn_0"": 1.0}",0.0,820.0625,sasb_candidate_builder,2ba6704eb4e87d9a223e7e3f9660d66cf77b86e4c58310101648b2e84f45dcf3,240,2ba6704eb4e87d9a223e7e3f9660d66cf77b86e4c58310101648b2e84f45dcf3,"{""sasb_builder"": 240}",0,0,0,0,{},0.0,"{""common_neighbor_bin_l1"": 0.0, ""degree_product_bin_l1"": 0.0, ""is_boundary_edge_l1"": 0.0, ""is_bridge_edge_l1"": 0.0, ""is_inter_community_edge_l1"": 0.0, ""is_low_common_neighbor_edge_l1"": 0.0, ""mean_l1"": 0.0}",1,32,32,0.0,0
realworld_completed,bio_celegans,SASB-candidate,sasb,SASB-structured,20260513,497,early,1.0,1.0,0.0,1,1,0,0.2454320987654321,0.24592592592592594,143,219,143--219,46,7,7,46,322,3,0.5,1,1,4,32,"[""96"", ""53"", ""51"", ""60"", ""143"", ""142"", ""343"", ""62"", ""363"", ""85"", ""373"", ""307"", ""144"", ""145"", ""147"", ""220"", ""52"", ""82"", ""118"", ""83"", ""440"", ""109"", ""364"", ""398"", ""348"", ""404"", ""322"", ""149"", ""314"", ""136"", ""161"", ""319""]",8e9c5b1003ea76574c7c675e77454602d33d442c9a0a8af31804e738040576d6,"{""boundary"": 12, ""community_rep"": 5, ""degree_core"": 10, ""random_fill"": 5}","{""degree_0_1"": 1, ""degree_3_4"": 1, ""degree_5_8"": 3, ""degree_9_plus"": 27}","{""0"": 1, ""1"": 8, ""10"": 2, ""2"": 1, ""3"": 9, ""4"": 5, ""5"": 1, ""6"": 2, ""7"": 1, ""8"": 1, ""9"": 1}",240,"{""backend"": ""evaluate_m19_theory_calibrated.candidate_features"", ""delta_mode"": ""none"", ""k_max"": 512, ""k_min"": 64, ""variant"": ""conservative""}",240,0.15706806282722513,1.0,1.0,0.004166666666666667,0.9833333333333333,"{""dp_17_64"": 0.03333333333333333, ""dp_257_plus"": 0.8208333333333333, ""dp_5_16"": 0.004166666666666667, ""dp_65_256"": 0.14166666666666666}","{""cn_0"": 0.9833333333333333, ""cn_2_3"": 0.016666666666666666}",0.04583333333333333,819.8708333333333,sasb_candidate_builder,5e01e6e94ca7009fcbb7b30792165a932d5b553091618ab4eca717ee25b2d3c2,240,5e01e6e94ca7009fcbb7b30792165a932d5b553091618ab4eca717ee25b2d3c2,"{""sasb_builder"": 240}",0,0,0,0,{},0.0,"{""common_neighbor_bin_l1"": 0.0, ""degree_product_bin_l1"": 0.0, ""is_boundary_edge_l1"": 0.0, ""is_bridge_edge_l1"": 0.0, ""is_inter_community_edge_l1"": 0.0, ""is_low_common_neighbor_edge_l1"": 0.0, ""mean_l1"": 0.0}",1,32,32,211.09963702766984,0
realworld_completed,bio_celegans,SASB-candidate,sasb,SASB-structured,20260513,498,early,1.0,1.0,0.0,1,1,0,0.24592592592592594,0.24641975308641975,102,143,102--143,4,45,4,45,180,1,0.3333333333333333,1,4,1,32,"[""96"", ""53"", ""51"", ""60"", ""142"", ""143"", ""343"", ""62"", ""363"", ""85"", ""373"", ""307"", ""144"", ""145"", ""147"", ""220"", ""52"", ""82"", ""118"", ""83"", ""440"", ""109"", ""364"", ""398"", ""348"", ""404"", ""322"", ""298"", ""347"", ""359"", ""66"", ""439""]",5f34722e76686d1e9ba3e14634f3b14da505b1ca43cf8427cb321603aeef284d,"{""boundary"": 12, ""community_rep"": 5, ""degree_core"": 10, ""random_fill"": 5}","{""degree_3_4"": 3, ""degree_5_8"": 3, ""degree_9_plus"": 26}","{""0"": 1, ""1"": 6, ""10"": 1, ""2"": 1, ""3"": 8, ""4"": 7, ""5"": 2, ""6"": 2, ""7"": 2, ""8"": 1, ""9"": 1}",239,"{""backend"": ""evaluate_m19_theory_calibrated.candidate_features"", ""delta_mode"": ""none"", ""k_max"": 512, ""k_min"": 64, ""variant"": ""conservative""}",239,0.15651604453176163,1.0,1.0,0.0041841004184100415,1.0,"{""dp_17_64"": 0.03765690376569038, ""dp_257_plus"": 0.8158995815899581, ""dp_5_16"": 0.0041841004184100415, ""dp_65_256"": 0.14225941422594143}","{""cn_0"": 0.99581589958159, ""cn_1"": 0.0041841004184100415}",0.0041841004184100415,820.1882845188285,sasb_candidate_builder,0cb2f5aa6ce7ba9c9bacc64e46810ffd1daef8b5b7c2a58c29265d9fa07ed3e1,239,0cb2f5aa6ce7ba9c9bacc64e46810ffd1daef8b5b7c2a58c29265d9fa07ed3e1,"{""sasb_builder"": 239}",0,0,0,0,{},0.0,"{""common_neighbor_bin_l1"": 0.0, ""degree_product_bin_l1"": 0.0, ""is_boundary_edge_l1"": 0.0, ""is_bridge_edge_l1"": 0.0, ""is_inter_community_edge_l1"": 0.0, ""is_low_common_neighbor_edge_l1"": 0.0, ""mean_l1"": 0.0}",1,32,32,117.4853256118881,0
realworld_completed,bio_celegans,SASB-candidate,sasb,SASB-structured,20260513,499,early,1.0,1.0,0.0,1,1,0,0.24641975308641975,0.24691358024691357,102,142,102--142,3,45,3,45,135,1,0.5,1,4,1,32,"[""96"", ""53"", ""51"", ""60"", ""142"", ""343"", ""62"", ""143"", ""363"", ""85"", ""373"", ""307"", ""144"", ""145"", ""147"", ""220"", ""52"", ""82"", ""118"", ""83"", ""440"", ""109"", ""364"", ""398"", ""348"", ""404"", ""322"", ""201"", ""92"", ""264"", ""238"", ""381""]",6254132d2b29f0cff1647689170f5a222a4340a4bddae9849970df27f69571c8,"{""boundary"": 12, ""community_rep"": 5, ""degree_core"": 10, ""random_fill"": 5}","{""degree_3_4"": 3, ""degree_5_8"": 4, ""degree_9_plus"": 25}","{""0"": 2, ""1"": 7, ""10"": 2, ""2"": 1, ""3"": 8, ""4"": 6, ""5"": 1, ""6"": 2, ""7"": 1, ""8"": 1, ""9"": 1}",239,"{""backend"": ""evaluate_m19_theory_calibrated.candidate_features"", ""delta_mode"": ""none"", ""k_max"": 512, ""k_min"": 64, ""variant"": ""conservative""}",239,0.1566186107470511,1.0,1.0,0.0041841004184100415,0.99581589958159,"{""dp_17_64"": 0.03765690376569038, ""dp_257_plus"": 0.8158995815899581, ""dp_5_16"": 0.0041841004184100415, ""dp_65_256"": 0.14225941422594143}","{""cn_0"": 0.9916317991631799, ""cn_1"": 0.0041841004184100415, ""cn_2_3"": 0.0041841004184100415}",0.016736401673640166,819.9832635983264,sasb_candidate_builder,4fd98a0b7dfbeda1a01dcd7386605477731f6994bc9dbb25ea096aaf6c23e4ad,239,4fd98a0b7dfbeda1a01dcd7386605477731f6994bc9dbb25ea096aaf6c23e4ad,"{""sasb_builder"": 239}",0,0,0,0,{},0.0,"{""common_neighbor_bin_l1"": 0.0, ""degree_product_bin_l1"": 0.0, ""is_boundary_edge_l1"": 0.0, ""is_bridge_edge_l1"": 0.0, ""is_inter_community_edge_l1"": 0.0, ""is_low_common_neighbor_edge_l1"": 0.0, ""mean_l1"": 0.0}",1,32,32,181.45155101102938,0
realworld_completed,bio_celegans,SASB-candidate,sasb,SASB-structured,20260513,500,early,1.0,1.0,0.0,1,1,0,0.24691358024691357,0.2474074074074074,142,219,142--219,44,6,6,44,264,1,0.2,1,1,4,32,"[""96"", ""53"", ""51"", ""60"", ""62"", ""343"", ""142"", ""143"", ""363"", ""85"", ""373"", ""307"", ""144"", ""145"", ""147"", ""220"", ""52"", ""82"", ""118"", ""83"", ""440"", ""109"", ""364"", ""398"", ""404"", ""322"", ""255"", ""225"", ""1"", ""251"", ""217"", ""346""]",fb4fff55650462b264133370bf85c7e0c0d6e5307cc7d22dec2745bcfc832c1e,"{""boundary"": 12, ""community_rep"": 4, ""degree_core"": 10, ""random_fill"": 6}","{""degree_0_1"": 1, ""degree_3_4"": 4, ""degree_5_8"": 2, ""degree_9_plus"": 25}","{""0"": 2, ""1"": 6, ""2"": 2, ""3"": 10, ""4"": 6, ""5"": 1, ""6"": 2, ""7"": 1, ""8"": 1, ""9"": 1}",239,"{""backend"": ""evaluate_m19_theory_calibrated.candidate_features"", ""delta_mode"": ""none"", ""k_max"": 512, ""k_min"": 64, ""variant"": ""conservative""}",239,0.15672131147540982,1.0,1.0,0.0041841004184100415,1.0,"{""dp_17_64"": 0.03765690376569038, ""dp_257_plus"": 0.8075313807531381, ""dp_5_16"": 0.008368200836820083, ""dp_65_256"": 0.14644351464435146}","{""cn_0"": 0.99581589958159, ""cn_1"": 0.0041841004184100415}",0.0041841004184100415,797.5020920502092,sasb_candidate_builder,6d736f8bee634c803c3190a0aebb41bb960e05267d9c96e398b86716d51bb897,239,6d736f8bee634c803c3190a0aebb41bb960e05267d9c96e398b86716d51bb897,"{""sasb_builder"": 239}",0,0,0,0,{},0.0,"{""common_neighbor_bin_l1"": 0.0, ""degree_product_bin_l1"": 0.0, ""is_boundary_edge_l1"": 0.0, ""is_bridge_edge_l1"": 0.0, ""is_inter_community_edge_l1"": 0.0, ""is_low_common_neighbor_edge_l1"": 0.0, ""mean_l1"": 0.0}",1,32,32,244.64497831175058,0
realworld_completed,bio_celegans,SASB-candidate,sasb,SASB-structured,20260513,501,early,1.0,1.0,0.0,1,1,0,0.2474074074074074,0.24790123456790122,143,346,143--346,44,6,6,44,264,3,0.6,1,1,4,32,"[""96"", ""53"", ""51"", ""60"", ""62"", ""343"", ""143"", ""142"", ""363"", ""85"", ""373"", ""307"", ""144"", ""145"", ""147"", ""220"", ""52"", ""82"", ""118"", ""83"", ""440"", ""109"", ""364"", ""398"", ""404"", ""322"", ""265"", ""78"", ""19"", ""56"", ""336"", ""295""]",4ace30c04e025dfecbac24612347169e8c16e3ffdee5c4b4d8d52a799f3f1124,"{""boundary"": 12, ""community_rep"": 4, ""degree_core"": 10, ""random_fill"": 6}","{""degree_3_4"": 2, ""degree_5_8"": 5, ""degree_9_plus"": 25}","{""0"": 2, ""1"": 7, ""2"": 2, ""3"": 9, ""4"": 6, ""5"": 1, ""6"": 1, ""7"": 2, ""8"": 1, ""9"": 1}",239,"{""backend"": ""evaluate_m19_theory_calibrated.candidate_features"", ""delta_mode"": ""none"", ""k_max"": 512, ""k_min"": 64, ""variant"": ""conservative""}",239,0.1568241469816273,1.0,1.0,0.0041841004184100415,0.9874476987447699,"{""dp_17_64"": 0.03347280334728033, ""dp_257_plus"": 0.8075313807531381, ""dp_5_16"": 0.008368200836820083, ""dp_65_256"": 0.1506276150627615}","{""cn_0"": 0.9874476987447699, ""cn_2_3"": 0.012552301255230125}",0.03347280334728033,797.4100418410042,sasb_candidate_builder,e90f38c7f1bbe803ec3b78312477ea034269bb178ff1409c49650f079bdba81d,239,e90f38c7f1bbe803ec3b78312477ea034269bb178ff1409c49650f079bdba81d,"{""sasb_builder"": 239}",0,0,0,0,{},0.0,"{""common_neighbor_bin_l1"": 0.0, ""degree_product_bin_l1"": 0.0, ""is_boundary_edge_l1"": 0.0, ""is_bridge_edge_l1"": 0.0, ""is_inter_community_edge_l1"": 0.0, ""is_low_common_neighbor_edge_l1"": 0.0, ""mean_l1"": 0.0}",1,32,32,206.45015658339562,0
realworld_completed,bio_celegans,SASB-candidate,sasb,SASB-structured,20260513,502,early,1.0,1.0,0.0,1,1,0,0.24790123456790122,0.24839506172839507,142,7,142--7,43,6,6,43,258,2,0.4,1,1,4,32,"[""96"", ""53"", ""51"", ""60"", ""62"", ""343"", ""142"", ""143"", ""363"", ""85"", ""373"", ""307"", ""144"", ""145"", ""147"", ""220"", ""52"", ""82"", ""118"", ""83"", ""440"", ""109"", ""364"", ""398"", ""404"", ""322"", ""356"", ""310"", ""166"", ""158"", ""107"", ""401""]",43045cd0b5461580862e21edf8a605baebb935f73dd7c8842a7c245733d802bf,"{""boundary"": 12, ""community_rep"": 4, ""degree_core"": 10, ""random_fill"": 6}","{""degree_2"": 2, ""degree_3_4"": 2, ""degree_5_8"": 4, ""degree_9_plus"": 24}","{""0"": 1, ""1"": 6, ""2"": 4, ""3"": 10, ""4"": 5, ""5"": 1, ""6"": 1, ""7"": 2, ""8"": 1, ""9"": 1}",239,"{""backend"": ""evaluate_m19_theory_calibrated.candidate_features"", ""delta_mode"": ""none"", ""k_max"": 512, ""k_min"": 64, ""variant"": ""conservative""}",239,0.15692711753118843,1.0,1.0,0.0041841004184100415,1.0,"{""dp_17_64"": 0.03765690376569038, ""dp_257_plus"": 0.799163179916318, ""dp_5_16"": 0.012552301255230125, ""dp_65_256"": 0.1506276150627615}","{""cn_0"": 1.0}",0.0,794.6694560669456,sasb_candidate_builder,469332a3eb553716dab910b165e097ab39f342fa5e4f51ee7e9daba1b9bbc544,239,469332a3eb553716dab910b165e097ab39f342fa5e4f51ee7e9daba1b9bbc544,"{""sasb_builder"": 239}",0,0,0,0,{},0.0,"{""common_neighbor_bin_l1"": 0.0, ""degree_product_bin_l1"": 0.0, ""is_boundary_edge_l1"": 0.0, ""is_bridge_edge_l1"": 0.0, ""is_inter_community_edge_l1"": 0.0, ""is_low_common_neighbor_edge_l1"": 0.0, ""mean_l1"": 0.0}",1,32,32,0.0,0
realworld_completed,bio_celegans,SASB-candidate,sasb,SASB-structured,20260513,503,early,1.0,1.0,0.0,1,1,0,0.24839506172839507,0.24888888888888888,143,6,143--6,43,4,4,43,172,0,0.0,1,1,4,32,"[""96"", ""53"", ""51"", ""60"", ""62"", ""343"", ""143"", ""363"", ""142"", ""85"", ""373"", ""307"", ""144"", ""145"", ""147"", ""220"", ""52"", ""82"", ""118"", ""83"", ""440"", ""109"", ""364"", ""398"", ""404"", ""322"", ""161"", ""301"", ""394"", ""93"", ""44"", ""208""]",da59703fea4a5c9d28e6a63e84db9da4c760db1b05719f35fa392921c40c30ea,"{""boundary"": 12, ""community_rep"": 4, ""degree_core"": 10, ""random_fill"": 6}","{""degree_3_4"": 4, ""degree_5_8"": 3, ""degree_9_plus"": 25}","{""0"": 1, ""1"": 7, ""2"": 2, ""3"": 9, ""4"": 7, ""5"": 1, ""6"": 2, ""7"": 1, ""8"": 1, ""9"": 1}",239,"{""backend"": ""evaluate_m19_theory_calibrated.candidate_features"", ""delta_mode"": ""none"", ""k_max"": 512, ""k_min"": 64, ""variant"": ""conservative""}",239,0.15703022339027595,1.0,1.0,0.0041841004184100415,1.0,"{""dp_17_64"": 0.03765690376569038, ""dp_257_plus"": 0.7949790794979079, ""dp_5_16"": 0.012552301255230125, ""dp_65_256"": 0.15481171548117154}","{""cn_0"": 1.0}",0.0,802.0460251046026,sasb_candidate_builder,479106875a48e98e7127cf10f0bdc64271691cdc3ab30b4e5cfd989bdd066c22,239,479106875a48e98e7127cf10f0bdc64271691cdc3ab30b4e5cfd989bdd066c22,"{""sasb_builder"": 239}",0,0,0,0,{},0.0,"{""common_neighbor_bin_l1"": 0.0, ""degree_product_bin_l1"": 0.0, ""is_boundary_edge_l1"": 0.0, ""is_bridge_edge_l1"": 0.0, ""is_inter_community_edge_l1"": 0.0, ""is_low_common_neighbor_edge_l1"": 0.0, ""mean_l1"": 0.0}",1,32,32,0.0,0
realworld_completed,bio_celegans,SASB-candidate,sasb,SASB-structured,20260513,504,early,1.0,1.0,0.0,1,1,0,0.24888888888888888,0.24938271604938272,143,7,143--7,42,5,5,42,210,1,0.25,1,1,4,32,"[""96"", ""53"", ""51"", ""60"", ""62"", ""343"", ""363"", ""142"", ""143"", ""85"", ""373"", ""307"", ""144"", ""145"", ""147"", ""220"", ""52"", ""82"", ""118"", ""83"", ""440"", ""109"", ""364"", ""398"", ""404"", ""322"", ""135"", ""136"", ""258"", ""400"", ""30"", ""170""]",cfa2b8dd27ffa6c10e708a46664b8d388c6c713efad7fd4433f6f47fb2eba281,"{""boundary"": 12, ""community_rep"": 4, ""degree_core"": 10, ""random_fill"": 6}","{""degree_0_1"": 1, ""degree_2"": 1, ""degree_3_4"": 3, ""degree_5_8"": 3, ""degree_9_plus"": 24}","{""0"": 4, ""1"": 6, ""2"": 2, ""3"": 9, ""4"": 5, ""5"": 1, ""6"": 2, ""7"": 1, ""8"": 1, ""9"": 1}",239,"{""backend"": ""evaluate_m19_theory_calibrated.candidate_features"", ""delta_mode"": ""none"", ""k_max"": 512, ""k_min"": 64, ""variant"": ""conservative""}",239,0.1571334648257725,1.0,1.0,0.0041841004184100415,1.0,"{""dp_17_64"": 0.04184100418410042, ""dp_257_plus"": 0.7824267782426778, ""dp_5_16"": 0.012552301255230125, ""dp_65_256"": 0.16317991631799164}","{""cn_0"": 1.0}",0.0,792.8451882845188,sasb_candidate_builder,45ceec889258f2b118a5bc620fa3da5700f931864c02a3f2a4b2990d8c320ec8,239,45ceec889258f2b118a5bc620fa3da5700f931864c02a3f2a4b2990d8c320ec8,"{""sasb_builder"": 239}",0,0,0,0,{},0.0,"{""common_neighbor_bin_l1"": 0.0, ""degree_product_bin_l1"": 0.0, ""is_boundary_edge_l1"": 0.0, ""is_bridge_edge_l1"": 0.0, ""is_inter_community_edge_l1"": 0.0, ""is_low_common_neighbor_edge_l1"": 0.0, ""mean_l1"": 0.0}",1,32,32,0.0,0
realworld_completed,bio_celegans,SASB-candidate,sasb,SASB-structured,20260513,505,early,1.0,1.0,0.0,1,1,0,0.24938271604938272,0.24987654320987654,142,62,142--62,42,48,42,48,2016,10,0.24390243902439024,1,1,4,32,"[""96"", ""53"", ""51"", ""60"", ""62"", ""343"", ""363"", ""142"", ""85"", ""373"", ""307"", ""143"", ""144"", ""145"", ""147"", ""220"", ""52"", ""82"", ""118"", ""83"", ""440"", ""109"", ""364"", ""398"", ""404"", ""322"", ""10"", ""186"", ""79"", ""106"", ""396"", ""25""]",4d8d1957f1742104661bd49dea27544afb0bef93b73ac60b0eb4401a1ef6eea8,"{""boundary"": 12, ""community_rep"": 4, ""degree_core"": 10, ""random_fill"": 6}","{""degree_3_4"": 4, ""degree_5_8"": 4, ""degree_9_plus"": 24}","{""0"": 2, ""1"": 7, ""2"": 2, ""3"": 8, ""4"": 6, ""5"": 1, ""6"": 2, ""7"": 2, ""8"": 1, ""9"": 1}",239,"{""backend"": ""evaluate_m19_theory_calibrated.candidate_features"", ""delta_mode"": ""none"", ""k_max"": 512, ""k_min"": 64, ""variant"": ""conservative""}",239,0.15723684210526315,1.0,1.0,0.0041841004184100415,1.0,"{""dp_17_64"": 0.04184100418410042, ""dp_257_plus"": 0.7866108786610879, ""dp_5_16"": 0.012552301255230125, ""dp_65_256"": 0.1589958158995816}","{""cn_0"": 1.0}",0.0,801.0418410041841,sasb_candidate_builder,102ee256bc688e0a19c39f4230f283df78b6795c85148c7a038bbe97e6627399,239,102ee256bc688e0a19c39f4230f283df78b6795c85148c7a038bbe97e6627399,"{""sasb_builder"": 239}",0,0,0,0,{},0.0,"{""common_neighbor_bin_l1"": 0.0, ""degree_product_bin_l1"": 0.0, ""is_boundary_edge_l1"": 0.0, ""is_bridge_edge_l1"": 0.0, ""is_inter_community_edge_l1"": 0.0, ""is_low_common_neighbor_edge_l1"": 0.0, ""mean_l1"": 0.0}",1,32,32,0.0,0
realworld_completed,bio_celegans,SASB-candidate,sasb,SASB-structured,20260513,506,early,1.0,1.0,0.0,1,1,0,0.24987654320987654,0.25037037037037035,142,346,142--346,41,5,5,41,205,1,0.25,1,1,4,32,"[""96"", ""53"", ""51"", ""60"", ""343"", ""62"", ""363"", ""85"", ""373"", ""307"", ""142"", ""143"", ""144"", ""145"", ""147"", ""220"", ""52"", ""82"", ""118"", ""83"", ""440"", ""109"", ""364"", ""398"", ""404"", ""322"", ""43"", ""315"", ""282"", ""354"", ""269"", ""148""]",475757ee9b6c64e8cf7ed208665d4bb7f38fd7c7dbd2ee42b412828d6757dbe3,"{""boundary"": 12, ""community_rep"": 4, ""degree_core"": 10, ""random_fill"": 6}","{""degree_0_1"": 1, ""degree_2"": 2, ""degree_3_4"": 2, ""degree_5_8"": 2, ""degree_9_plus"": 25}","{""0"": 3, ""1"": 8, ""2"": 2, ""3"": 9, ""4"": 5, ""5"": 1, ""6"": 1, ""7"": 1, ""8"": 1, ""9"": 1}",239,"{""backend"": ""evaluate_m19_theory_calibrated.candidate_features"", ""delta_mode"": ""none"", ""k_max"": 512, ""k_min"": 64, ""variant"": ""conservative""}",239,0.15734035549703754,1.0,1.0,0.0041841004184100415,0.99581589958159,"{""dp_17_64"": 0.03765690376569038, ""dp_257_plus"": 0.7824267782426778, ""dp_5_16"": 0.012552301255230125, ""dp_65_256"": 0.16736401673640167}","{""cn_0"": 0.9874476987447699, ""cn_1"": 0.008368200836820083, ""cn_2_3"": 0.0041841004184100415}",0.016736401673640166,794.0167364016736,sasb_candidate_builder,2fd71acb57fcc1421ed470a643e7e5e888e05c4fe5572b91c0ce641a314efc86,239,2fd71acb57fcc1421ed470a643e7e5e888e05c4fe5572b91c0ce641a314efc86,"{""sasb_builder"": 239}",0,0,0,0,{},0.0,"{""common_neighbor_bin_l1"": 0.0, ""degree_product_bin_l1"": 0.0, ""is_boundary_edge_l1"": 0.0, ""is_bridge_edge_l1"": 0.0, ""is_inter_community_edge_l1"": 0.0, ""is_low_common_neighbor_edge_l1"": 0.0, ""mean_l1"": 0.0}",1,32,32,372.14051866856306,0
realworld_completed,bio_celegans,SASB-candidate,sasb,SASB-structured,20260513,507,early,1.0,1.0,0.0,1,1,0,0.25037037037037035,0.2508641975308642,142,396,142--396,40,6,6,40,240,1,0.2,1,1,4,32,"[""96"", ""53"", ""51"", ""60"", ""343"", ""62"", ""363"", ""85"", ""373"", ""307"", ""143"", ""217"", ""144"", ""145"", ""142"", ""147"", ""220"", ""52"", ""82"", ""118"", ""83"", ""440"", ""364"", ""398"", ""404"", ""322"", ""359"", ""312"", ""22"", ""390"", ""79"", ""430""]",e1d28635f70a20def7bc4b3dd286811f2482de1dc370e8612179f0c6c881826e,"{""boundary"": 12, ""community_rep"": 4, ""degree_core"": 10, ""random_fill"": 6}","{""degree_3_4"": 3, ""degree_5_8"": 4, ""degree_9_plus"": 25}","{""0"": 2, ""1"": 8, ""2"": 2, ""3"": 7, ""4"": 6, ""5"": 1, ""6"": 3, ""7"": 1, ""8"": 1, ""9"": 1}",239,"{""backend"": ""evaluate_m19_theory_calibrated.candidate_features"", ""delta_mode"": ""none"", ""k_max"": 512, ""k_min"": 64, ""variant"": ""conservative""}",239,0.15744400527009222,1.0,1.0,0.0041841004184100415,0.99581589958159,"{""dp_17_64"": 0.03765690376569038, ""dp_257_plus"": 0.7824267782426778, ""dp_5_16"": 0.012552301255230125, ""dp_65_256"": 0.16736401673640167}","{""cn_0"": 0.9874476987447699, ""cn_1"": 0.008368200836820083, ""cn_2_3"": 0.0041841004184100415}",0.016736401673640166,793.36820083682,sasb_candidate_builder,14ee818607465393a5c438a6bb3e6d574926d34da558ede674b2df7818b94235,239,14ee818607465393a5c438a6bb3e6d574926d34da558ede674b2df7818b94235,"{""sasb_builder"": 239}",0,0,0,0,{},0.0,"{""common_neighbor_bin_l1"": 0.0, ""degree_product_bin_l1"": 0.0, ""is_boundary_edge_l1"": 0.0, ""is_bridge_edge_l1"": 0.0, ""is_inter_community_edge_l1"": 0.0, ""is_low_common_neighbor_edge_l1"": 0.0, ""mean_l1"": 0.0}",1,32,32,288.10122545267984,0
realworld_completed,bio_celegans,SASB-candidate,sasb,SASB-structured,20260513,508,early,1.0,1.0,0.0,1,1,0,0.2508641975308642,0.25135802469135804,144,379,144--379,44,6,6,44,264,1,0.2,1,1,4,32,"[""96"", ""53"", ""51"", ""60"", ""343"", ""62"", ""363"", ""85"", ""373"", ""307"", ""143"", ""217"", ""144"", ""145"", ""142"", ""147"", ""220"", ""52"", ""82"", ""118"", ""83"", ""440"", ""364"", ""398"", ""404"", ""322"", ""17"", ""302"", ""292"", ""77"", ""173"", ""222""]",de29b4509d25fa8de0d4f3861fe15b6e8c6b9743010a83b9838eb878b9ec33d5,"{""boundary"": 12, ""community_rep"": 4, ""degree_core"": 10, ""random_fill"": 6}","{""degree_2"": 1, ""degree_3_4"": 2, ""degree_5_8"": 3, ""degree_9_plus"": 26}","{""0"": 2, ""1"": 7, ""2"": 1, ""3"": 8, ""4"": 5, ""5"": 2, ""6"": 3, ""7"": 2, ""8"": 1, ""9"": 1}",239,"{""backend"": ""evaluate_m19_theory_calibrated.candidate_features"", ""delta_mode"": ""none"", ""k_max"": 512, ""k_min"": 64, ""variant"": ""conservative""}",239,0.15754779169413316,1.0,1.0,0.0041841004184100415,0.99581589958159,"{""dp_17_64"": 0.04184100418410042, ""dp_257_plus"": 0.7949790794979079, ""dp_5_16"": 0.012552301255230125, ""dp_65_256"": 0.1506276150627615}","{""cn_0"": 0.9874476987447699, ""cn_1"": 0.008368200836820083, ""cn_2_3"": 0.0041841004184100415}",0.02092050209205021,799.2803347280335,sasb_candidate_builder,400e646dabbb44b7faee189597b0c8f8104233705ccf801ae8d2979e508ae161,239,400e646dabbb44b7faee189597b0c8f8104233705ccf801ae8d2979e508ae161,"{""sasb_builder"": 239}",0,0,0,0,{},0.0,"{""common_neighbor_bin_l1"": 0.0, ""degree_product_bin_l1"": 0.0, ""is_boundary_edge_l1"": 0.0, ""is_bridge_edge_l1"": 0.0, ""is_inter_community_edge_l1"": 0.0, ""is_low_common_neighbor_edge_l1"": 0.0, ""mean_l1"": 0.0}",1,32,32,592.3596168432443,0
realworld_completed,bio_celegans,SASB-candidate,sasb,SASB-structured,20260513,509,early,1.0,1.0,0.0,1,1,0,0.25135802469135804,0.2518518518518518,145,379,145--379,44,5,5,44,220,0,0.0,1,1,4,32,"[""96"", ""53"", ""51"", ""60"", ""343"", ""62"", ""363"", ""85"", ""373"", ""307"", ""143"", ""217"", ""145"", ""144"", ""142"", ""147"", ""220"", ""52"", ""82"", ""118"", ""83"", ""440"", ""364"", ""398"", ""404"", ""322"", ""419"", ""78"", ""218"", ""210"", ""298"", ""438""]",9e895bf0376fc15c98e0379206f45c67c9f491c06415aa1d83924b166c861f09,"{""boundary"": 12, ""community_rep"": 4, ""degree_core"": 10, ""random_fill"": 6}","{""degree_3_4"": 3, ""degree_5_8"": 5, ""degree_9_plus"": 24}","{""0"": 2, ""1"": 7, ""2"": 1, ""3"": 9, ""4"": 6, ""5"": 1, ""6"": 2, ""7"": 2, ""8"": 1, ""9"": 1}",239,"{""backend"": ""evaluate_m19_theory_calibrated.candidate_features"", ""delta_mode"": ""none"", ""k_max"": 512, ""k_min"": 64, ""variant"": ""conservative""}",239,0.15765171503957784,1.0,1.0,0.0041841004184100415,0.99581589958159,"{""dp_17_64"": 0.04184100418410042, ""dp_257_plus"": 0.7866108786610879, ""dp_5_16"": 0.012552301255230125, ""dp_65_256"": 0.1589958158995816}","{""cn_0"": 0.99581589958159, ""cn_2_3"": 0.0041841004184100415}",0.012552301255230125,797.9246861924686,sasb_candidate_builder,3f0535f612f2719db2774b564f663265f394b558eae8e26de378f5b1f258eeef,239,3f0535f612f2719db2774b564f663265f394b558eae8e26de378f5b1f258eeef,"{""sasb_builder"": 239}",0,0,0,0,{},0.0,"{""common_neighbor_bin_l1"": 0.0, ""degree_product_bin_l1"": 0.0, ""is_boundary_edge_l1"": 0.0, ""is_bridge_edge_l1"": 0.0, ""is_inter_community_edge_l1"": 0.0, ""is_low_common_neighbor_edge_l1"": 0.0, ""mean_l1"": 0.0}",1,32,32,716.0987604639987,0
realworld_completed,bio_celegans,SASB-candidate,sasb,SASB-structured,20260513,510,early,1.0,1.0,0.0,1,1,0,0.2518518518518518,0.25234567901234567,373,375,373--375,14,7,7,14,98,3,0.5,1,1,4,32,"[""96"", ""53"", ""51"", ""60"", ""343"", ""62"", ""363"", ""85"", ""373"", ""307"", ""143"", ""52"", ""144"", ""145"", ""142"", ""147"", ""220"", ""82"", ""118"", ""83"", ""440"", ""109"", ""364"", ""281"", ""398"", ""404"", ""322"", ""5"", ""315"", ""207"", ""347"", ""236""]",f05907a2043e4ef6def69d6d7d5f85f5f32540abac1b614cf02d61cda32993a8,"{""boundary"": 12, ""community_rep"": 5, ""degree_core"": 10, ""random_fill"": 5}","{""degree_3_4"": 3, ""degree_5_8"": 2, ""degree_9_plus"": 27}","{""0"": 1, ""1"": 6, ""10"": 1, ""2"": 1, ""3"": 10, ""4"": 7, ""5"": 2, ""6"": 1, ""7"": 1, ""8"": 1, ""9"": 1}",239,"{""backend"": ""evaluate_m19_theory_calibrated.candidate_features"", ""delta_mode"": ""none"", ""k_max"": 512, ""k_min"": 64, ""variant"": ""conservative""}",239,0.15775577557755777,1.0,1.0,0.0041841004184100415,0.99581589958159,"{""dp_17_64"": 0.03347280334728033, ""dp_257_plus"": 0.799163179916318, ""dp_5_16"": 0.0041841004184100415, ""dp_65_256"": 0.16317991631799164}","{""cn_0"": 0.99581589958159, ""cn_2_3"": 0.0041841004184100415}",0.012552301255230125,815.092050209205,sasb_candidate_builder,69bba55d73218fbd447ca1d5a4a340258d39482b99c6c0dc71cda1f007e153db,239,69bba55d73218fbd447ca1d5a4a340258d39482b99c6c0dc71cda1f007e153db,"{""sasb_builder"": 239}",0,0,0,0,{},0.0,"{""common_neighbor_bin_l1"": 0.0, ""degree_product_bin_l1"": 0.0, ""is_boundary_edge_l1"": 0.0, ""is_bridge_edge_l1"": 0.0, ""is_inter_community_edge_l1"": 0.0, ""is_low_common_neighbor_edge_l1"": 0.0, ""mean_l1"": 0.0}",1,32,32,279.9263425855942,0
realworld_completed,bio_celegans,SASB-candidate,sasb,SASB-structured,20260513,511,early,1.0,1.0,0.0,1,1,0,0.25234567901234567,0.2528395061728395,142,8,142--8,39,6,6,39,234,1,0.2,1,1,4,32,"[""96"", ""53"", ""51"", ""60"", ""343"", ""62"", ""363"", ""85"", ""307"", ""143"", ""52"", ""373"", ""144"", ""145"", ""142"", ""147"", ""220"", ""82"", ""118"", ""83"", ""440"", ""109"", ""364"", ""281"", ""398"", ""404"", ""322"", ""64"", ""24"", ""23"", ""327"", ""425""]",b516888a62cd97a0432c8d827b9f74e3720948333b93873f6eb11a39cbd54d74,"{""boundary"": 12, ""community_rep"": 5, ""degree_core"": 10, ""random_fill"": 5}","{""degree_3_4"": 3, ""degree_5_8"": 4, ""degree_9_plus"": 25}","{""0"": 1, ""1"": 7, ""10"": 1, ""2"": 1, ""3"": 9, ""4"": 7, ""5"": 1, ""6"": 1, ""7"": 2, ""8"": 1, ""9"": 1}",238,"{""backend"": ""evaluate_m19_theory_calibrated.candidate_features"", ""delta_mode"": ""none"", ""k_max"": 512, ""k_min"": 64, ""variant"": ""conservative""}",238,0.1571994715984148,1.0,1.0,0.004201680672268907,1.0,"{""dp_17_64"": 0.03361344537815126, ""dp_257_plus"": 0.8025210084033614, ""dp_5_16"": 0.004201680672268907, ""dp_65_256"": 0.15966386554621848}","{""cn_0"": 1.0}",0.0,816.7352941176471,sasb_candidate_builder,094e74fcd3a6a78cbf4fb145028c8d73a47ba9fc086b8cf174cc7c55448bab35,238,094e74fcd3a6a78cbf4fb145028c8d73a47ba9fc086b8cf174cc7c55448bab35,"{""sasb_builder"": 238}",0,0,0,0,{},0.0,"{""common_neighbor_bin_l1"": 0.0, ""degree_product_bin_l1"": 0.0, ""is_boundary_edge_l1"": 0.0, ""is_bridge_edge_l1"": 0.0, ""is_inter_community_edge_l1"": 0.0, ""is_low_common_neighbor_edge_l1"": 0.0, ""mean_l1"": 0.0}",1,32,32,0.0,0
realworld_completed,bio_celegans,SASB-candidate,sasb,SASB-structured,20260513,512,early,1.0,1.0,0.0,1,1,0,0.2528395061728395,0.25333333333333335,143,8,143--8,41,5,5,41,205,1,0.25,1,1,4,32,"[""96"", ""53"", ""51"", ""60"", ""343"", ""62"", ""363"", ""85"", ""307"", ""143"", ""52"", ""373"", ""144"", ""145"", ""142"", ""147"", ""220"", ""82"", ""118"", ""83"", ""440"", ""109"", ""364"", ""281"", ""398"", ""404"", ""322"", ""203"", ""395"", ""124"", ""260"", ""450""]",65dbb92c3446dd0568f57c99eadb4731ad3eef70ae9718d3bcce0f427ab04e33,"{""boundary"": 12, ""community_rep"": 5, ""degree_core"": 10, ""random_fill"": 5}","{""degree_3_4"": 5, ""degree_5_8"": 2, ""degree_9_plus"": 25}","{""0"": 1, ""1"": 8, ""10"": 1, ""2"": 1, ""3"": 9, ""4"": 6, ""5"": 1, ""6"": 1, ""7"": 1, ""8"": 2, ""9"": 1}",238,"{""backend"": ""evaluate_m19_theory_calibrated.candidate_features"", ""delta_mode"": ""none"", ""k_max"": 512, ""k_min"": 64, ""variant"": ""conservative""}",238,0.15730337078651685,1.0,1.0,0.004201680672268907,1.0,"{""dp_17_64"": 0.03361344537815126, ""dp_257_plus"": 0.8025210084033614, ""dp_5_16"": 0.008403361344537815, ""dp_65_256"": 0.15546218487394958}","{""cn_0"": 1.0}",0.0,815.6932773109244,sasb_candidate_builder,706c0724fdc1924095abe3126f774c72dbc88a68c84169eb7fc0f2ad9ba7ea52,238,706c0724fdc1924095abe3126f774c72dbc88a68c84169eb7fc0f2ad9ba7ea52,"{""sasb_builder"": 238}",0,0,0,0,{},0.0,"{""common_neighbor_bin_l1"": 0.0, ""degree_product_bin_l1"": 0.0, ""is_boundary_edge_l1"": 0.0, ""is_bridge_edge_l1"": 0.0, ""is_inter_community_edge_l1"": 0.0, ""is_low_common_neighbor_edge_l1"": 0.0, ""mean_l1"": 0.0}",1,32,32,0.0,0
realworld_completed,bio_celegans,SASB-candidate,sasb,SASB-structured,20260513,513,early,1.0,1.0,0.0,1,1,0,0.25333333333333335,0.25382716049382714,143,62,143--62,40,47,40,47,1880,7,0.1794871794871795,1,1,4,32,"[""96"", ""53"", ""51"", ""60"", ""343"", ""62"", ""363"", ""85"", ""307"", ""52"", ""373"", ""217"", ""144"", ""145"", ""143"", ""142"", ""147"", ""220"", ""82"", ""118"", ""83"", ""440"", ""364"", ""281"", ""398"", ""404"", ""322"", ""152"", ""381"", ""70"", ""327"", ""385""]",e5ff611eef1a93b99f5df987ab6e6230be45e4fca189f0c0083d061a0bc0e983,"{""boundary"": 12, ""community_rep"": 5, ""degree_core"": 10, ""random_fill"": 5}","{""degree_2"": 1, ""degree_3_4"": 4, ""degree_5_8"": 2, ""degree_9_plus"": 25}","{""0"": 3, ""1"": 6, ""10"": 1, ""2"": 1, ""3"": 8, ""4"": 6, ""5"": 1, ""6"": 3, ""7"": 1, ""8"": 1, ""9"": 1}",238,"{""backend"": ""evaluate_m19_theory_calibrated.candidate_features"", ""delta_mode"": ""none"", ""k_max"": 512, ""k_min"": 64, ""variant"": ""conservative""}",238,0.1574074074074074,1.0,1.0,0.004201680672268907,1.0,"{""dp_17_64"": 0.03361344537815126, ""dp_257_plus"": 0.8067226890756303, ""dp_5_16"": 0.008403361344537815, ""dp_65_256"": 0.15126050420168066}","{""cn_0"": 1.0}",0.0,822.7310924369748,sasb_candidate_builder,f834503ade2fe30a36ea6a34b9342d922520b00402bb4240ea2daae83f6d21eb,238,f834503ade2fe30a36ea6a34b9342d922520b00402bb4240ea2daae83f6d21eb,"{""sasb_builder"": 238}",0,0,0,0,{},0.0,"{""common_neighbor_bin_l1"": 0.0, ""degree_product_bin_l1"": 0.0, ""is_boundary_edge_l1"": 0.0, ""is_bridge_edge_l1"": 0.0, ""is_inter_community_edge_l1"": 0.0, ""is_low_common_neighbor_edge_l1"": 0.0, ""mean_l1"": 0.0}",1,32,32,0.0,0
realworld_completed,bio_celegans,SASB-candidate,sasb,SASB-structured,20260513,514,early,1.0,1.0,0.0,1,1,0,0.25382716049382714,0.254320987654321,143,396,143--396,39,5,5,39,195,0,0.0,1,1,4,32,"[""96"", ""53"", ""51"", ""60"", ""343"", ""363"", ""62"", ""85"", ""307"", ""52"", ""373"", ""217"", ""144"", ""145"", ""143"", ""142"", ""147"", ""220"", ""82"", ""118"", ""83"", ""440"", ""364"", ""281"", ""398"", ""404"", ""322"", ""139"", ""24"", ""182"", ""270"", ""203""]",12ee631f135d52db2b40e956c4de65ce44df29fa35234e74b5732cef04abb11e,"{""boundary"": 12, ""community_rep"": 5, ""degree_core"": 10, ""random_fill"": 5}","{""degree_2"": 1, ""degree_3_4"": 3, ""degree_5_8"": 2, ""degree_9_plus"": 26}","{""0"": 1, ""1"": 7, ""10"": 1, ""2"": 1, ""3"": 10, ""4"": 5, ""5"": 1, ""6"": 3, ""7"": 1, ""8"": 1, ""9"": 1}",238,"{""backend"": ""evaluate_m19_theory_calibrated.candidate_features"", ""delta_mode"": ""none"", ""k_max"": 512, ""k_min"": 64, ""variant"": ""conservative""}",238,0.15751158173395102,1.0,1.0,0.004201680672268907,1.0,"{""dp_17_64"": 0.03361344537815126, ""dp_257_plus"": 0.8025210084033614, ""dp_5_16"": 0.004201680672268907, ""dp_65_256"": 0.15966386554621848}","{""cn_0"": 0.9957983193277311, ""cn_1"": 0.004201680672268907}",0.004201680672268907,816.40756302521,sasb_candidate_builder,f523c1f15cc5c25d38ab391b6955ea7c798b2a94f8f308485c27c70138464f9b,238,f523c1f15cc5c25d38ab391b6955ea7c798b2a94f8f308485c27c70138464f9b,"{""sasb_builder"": 238}",0,0,0,0,{},0.0,"{""common_neighbor_bin_l1"": 0.0, ""degree_product_bin_l1"": 0.0, ""is_boundary_edge_l1"": 0.0, ""is_bridge_edge_l1"": 0.0, ""is_inter_community_edge_l1"": 0.0, ""is_low_common_neighbor_edge_l1"": 0.0, ""mean_l1"": 0.0}",1,32,32,289.43882398427826,0
realworld_completed,bio_celegans,SASB-candidate,sasb,SASB-structured,20260513,515,early,1.0,1.0,0.0,1,1,0,0.254320987654321,0.2548148148148148,162,51,162--51,6,80,6,80,480,1,0.2,1,2,3,32,"[""96"", ""53"", ""51"", ""60"", ""343"", ""363"", ""62"", ""85"", ""307"", ""52"", ""373"", ""217"", ""144"", ""145"", ""142"", ""143"", ""147"", ""220"", ""82"", ""118"", ""83"", ""440"", ""364"", ""281"", ""398"", ""404"", ""322"", ""29"", ""409"", ""429"", ""32"", ""9""]",51b221b4ca5b18dacca029914eaa1d74cd7dfd24edd1aad04d21cf785d3d26ad,"{""boundary"": 12, ""community_rep"": 5, ""degree_core"": 10, ""random_fill"": 5}","{""degree_3_4"": 1, ""degree_5_8"": 4, ""degree_9_plus"": 27}","{""0"": 1, ""1"": 6, ""10"": 1, ""2"": 2, ""3"": 9, ""4"": 7, ""5"": 1, ""6"": 2, ""7"": 1, ""8"": 1, ""9"": 1}",238,"{""backend"": ""evaluate_m19_theory_calibrated.candidate_features"", ""delta_mode"": ""none"", ""k_max"": 512, ""k_min"": 64, ""variant"": ""conservative""}",238,0.1576158940397351,1.0,1.0,0.004201680672268907,1.0,"{""dp_17_64"": 0.03361344537815126, ""dp_257_plus"": 0.8025210084033614, ""dp_5_16"": 0.008403361344537815, ""dp_65_256"": 0.15546218487394958}","{""cn_0"": 1.0}",0.0,814.7100840336135,sasb_candidate_builder,5e1994b66e6a02e1db4e9cf113152a7fc9170393708a6fc3cb88c0c6466b9b5e,238,5e1994b66e6a02e1db4e9cf113152a7fc9170393708a6fc3cb88c0c6466b9b5e,"{""sasb_builder"": 238}",0,0,0,0,{},0.0,"{""common_neighbor_bin_l1"": 0.0, ""degree_product_bin_l1"": 0.0, ""is_boundary_edge_l1"": 0.0, ""is_bridge_edge_l1"": 0.0, ""is_inter_community_edge_l1"": 0.0, ""is_low_common_neighbor_edge_l1"": 0.0, ""mean_l1"": 0.0}",1,32,32,0.0,0
realworld_completed,bio_celegans,SASB-candidate,sasb,SASB-structured,20260513,516,early,1.0,1.0,0.0,1,1,0,0.2548148148148148,0.2553086419753086,162,53,162--53,5,99,5,99,495,0,0.0,1,2,3,32,"[""96"", ""53"", ""60"", ""51"", ""343"", ""363"", ""62"", ""85"", ""307"", ""52"", ""373"", ""217"", ""144"", ""145"", ""142"", ""143"", ""147"", ""220"", ""82"", ""118"", ""83"", ""440"", ""364"", ""281"", ""398"", ""404"", ""322"", ""176"", ""30"", ""327"", ""211"", ""312""]",acbce01faacdb28adef2614a136bd1b5a864b7fb6b6490c09bf9c59d805c0b4c,"{""boundary"": 12, ""community_rep"": 5, ""degree_core"": 10, ""random_fill"": 5}","{""degree_3_4"": 3, ""degree_5_8"": 4, ""degree_9_plus"": 25}","{""0"": 1, ""1"": 7, ""10"": 1, ""2"": 1, ""3"": 9, ""4"": 7, ""5"": 1, ""6"": 2, ""7"": 1, ""8"": 1, ""9"": 1}",238,"{""backend"": ""evaluate_m19_theory_calibrated.candidate_features"", ""delta_mode"": ""none"", ""k_max"": 512, ""k_min"": 64, ""variant"": ""conservative""}",238,0.15772034459907222,1.0,1.0,0.004201680672268907,1.0,"{""dp_17_64"": 0.037815126050420166, ""dp_257_plus"": 0.7983193277310925, ""dp_5_16"": 0.008403361344537815, ""dp_65_256"": 0.15546218487394958}","{""cn_0"": 1.0}",0.0,811.8235294117648,sasb_candidate_builder,13fbda9c277c37ca37a9e7f03908b8f66a042e0e58a116ea0b9f44b791ff9de1,238,13fbda9c277c37ca37a9e7f03908b8f66a042e0e58a116ea0b9f44b791ff9de1,"{""sasb_builder"": 238}",0,0,0,0,{},0.0,"{""common_neighbor_bin_l1"": 0.0, ""degree_product_bin_l1"": 0.0, ""is_boundary_edge_l1"": 0.0, ""is_bridge_edge_l1"": 0.0, ""is_inter_community_edge_l1"": 0.0, ""is_low_common_neighbor_edge_l1"": 0.0, ""mean_l1"": 0.0}",1,32,32,0.0,0
realworld_completed,bio_celegans,SASB-candidate,sasb,SASB-structured,20260513,517,early,1.0,1.0,0.0,1,1,0,0.2553086419753086,0.25580246913580246,163,96,163--96,10,166,10,166,1660,3,0.3333333333333333,1,3,8,32,"[""96"", ""53"", ""60"", ""51"", ""343"", ""363"", ""62"", ""85"", ""307"", ""52"", ""373"", ""217"", ""144"", ""145"", ""142"", ""143"", ""147"", ""220"", ""82"", ""118"", ""83"", ""440"", ""364"", ""281"", ""398"", ""404"", ""322"", ""413"", ""226"", ""308"", ""174"", ""160""]",3f6f3b657d033d3a882dbb5cc8341b355fa833ce16173334ca8f95bbb6fd93c0,"{""boundary"": 12, ""community_rep"": 5, ""degree_core"": 10, ""random_fill"": 5}","{""degree_0_1"": 1, ""degree_3_4"": 2, ""degree_5_8"": 4, ""degree_9_plus"": 25}","{""0"": 2, ""1"": 7, ""10"": 1, ""2"": 3, ""3"": 8, ""4"": 5, ""5"": 1, ""6"": 2, ""7"": 1, ""8"": 1, ""9"": 1}",238,"{""backend"": ""evaluate_m19_theory_calibrated.candidate_features"", ""delta_mode"": ""none"", ""k_max"": 512, ""k_min"": 64, ""variant"": ""conservative""}",238,0.15782493368700265,1.0,1.0,0.004201680672268907,1.0,"{""dp_17_64"": 0.037815126050420166, ""dp_257_plus"": 0.7941176470588235, ""dp_5_16"": 0.008403361344537815, ""dp_65_256"": 0.15966386554621848}","{""cn_0"": 1.0}",0.0,809.7310924369748,sasb_candidate_builder,d06f8407150efa72042f4e24f6f222cb96b75e794e756a2cd1d46bb54115b3f4,238,d06f8407150efa72042f4e24f6f222cb96b75e794e756a2cd1d46bb54115b3f4,"{""sasb_builder"": 238}",0,0,0,0,{},0.0,"{""common_neighbor_bin_l1"": 0.0, ""degree_product_bin_l1"": 0.0, ""is_boundary_edge_l1"": 0.0, ""is_bridge_edge_l1"": 0.0, ""is_inter_community_edge_l1"": 0.0, ""is_low_common_neighbor_edge_l1"": 0.0, ""mean_l1"": 0.0}",1,32,32,0.0,0
realworld_completed,bio_celegans,SASB-candidate,sasb,SASB-structured,20260513,518,early,1.0,1.0,0.0,1,1,0,0.25580246913580246,0.2562962962962963,142,9,142--9,38,6,6,38,228,1,0.2,1,1,4,32,"[""96"", ""53"", ""60"", ""51"", ""343"", ""363"", ""62"", ""85"", ""307"", ""52"", ""373"", ""217"", ""144"", ""145"", ""142"", ""143"", ""147"", ""220"", ""82"", ""118"", ""83"", ""440"", ""364"", ""281"", ""398"", ""404"", ""322"", ""290"", ""191"", ""350"", ""29"", ""226""]",580072bfaf919c08b4cbecf8ee515f2b8708fba7a8b448e068737d07cc5fdef3,"{""boundary"": 12, ""community_rep"": 5, ""degree_core"": 10, ""random_fill"": 5}","{""degree_3_4"": 2, ""degree_5_8"": 3, ""degree_9_plus"": 27}","{""0"": 1, ""1"": 6, ""10"": 1, ""2"": 1, ""3"": 10, ""4"": 7, ""5"": 1, ""6"": 2, ""7"": 1, ""8"": 1, ""9"": 1}",238,"{""backend"": ""evaluate_m19_theory_calibrated.candidate_features"", ""delta_mode"": ""none"", ""k_max"": 512, ""k_min"": 64, ""variant"": ""conservative""}",238,0.1579296615792966,1.0,1.0,0.004201680672268907,1.0,"{""dp_17_64"": 0.037815126050420166, ""dp_257_plus"": 0.7899159663865546, ""dp_5_16"": 0.008403361344537815, ""dp_65_256"": 0.1638655462184874}","{""cn_0"": 1.0}",0.0,800.5,sasb_candidate_builder,1be2edf5be56c2f823f045e511f1da489b0deab686a7cad540c4ef3959f114ba,238,1be2edf5be56c2f823f045e511f1da489b0deab686a7cad540c4ef3959f114ba,"{""sasb_builder"": 238}",0,0,0,0,{},0.0,"{""common_neighbor_bin_l1"": 0.0, ""degree_product_bin_l1"": 0.0, ""is_boundary_edge_l1"": 0.0, ""is_bridge_edge_l1"": 0.0, ""is_inter_community_edge_l1"": 0.0, ""is_low_common_neighbor_edge_l1"": 0.0, ""mean_l1"": 0.0}",1,32,32,0.0,0
realworld_completed,bio_celegans,SASB-candidate,sasb,SASB-structured,20260513,519,early,1.0,1.0,0.0,1,1,0,0.2562962962962963,0.25679012345679014,143,9,143--9,38,5,5,38,190,0,0.0,1,2,6,32,"[""96"", ""53"", ""60"", ""51"", ""343"", ""363"", ""62"", ""85"", ""307"", ""52"", ""373"", ""217"", ""144"", ""145"", ""143"", ""142"", ""147"", ""220"", ""82"", ""118"", ""83"", ""440"", ""364"", ""281"", ""398"", ""404"", ""322"", ""389"", ""385"", ""289"", ""438"", ""311""]",23ad7967ff44e11585472f98ee001ec7d6e4366e52775960cbb61523640556e0,"{""boundary"": 12, ""community_rep"": 5, ""degree_core"": 10, ""random_fill"": 5}","{""degree_2"": 1, ""degree_3_4"": 4, ""degree_5_8"": 2, ""degree_9_plus"": 25}","{""0"": 4, ""1"": 7, ""10"": 1, ""2"": 1, ""3"": 7, ""4"": 5, ""5"": 1, ""6"": 2, ""7"": 2, ""8"": 1, ""9"": 1}",238,"{""backend"": ""evaluate_m19_theory_calibrated.candidate_features"", ""delta_mode"": ""none"", ""k_max"": 512, ""k_min"": 64, ""variant"": ""conservative""}",238,0.15803452855245684,1.0,1.0,0.004201680672268907,1.0,"{""dp_17_64"": 0.037815126050420166, ""dp_257_plus"": 0.7899159663865546, ""dp_5_16"": 0.008403361344537815, ""dp_65_256"": 0.1638655462184874}","{""cn_0"": 1.0}",0.0,800.3403361344538,sasb_candidate_builder,2e7f387436cf566cb3db58b6a52d483933ef43ca7e9bc81e0552b943400ec149,238,2e7f387436cf566cb3db58b6a52d483933ef43ca7e9bc81e0552b943400ec149,"{""sasb_builder"": 238}",0,0,0,0,{},0.0,"{""common_neighbor_bin_l1"": 0.0, ""degree_product_bin_l1"": 0.0, ""is_boundary_edge_l1"": 0.0, ""is_bridge_edge_l1"": 0.0, ""is_inter_community_edge_l1"": 0.0, ""is_low_common_neighbor_edge_l1"": 0.0, ""mean_l1"": 0.0}",1,32,32,0.0,0
realworld_completed,bio_celegans,SASB-candidate,sasb,SASB-structured,20260513,520,early,1.0,1.0,0.0,1,1,0,0.25679012345679014,0.25728395061728393,142,427,142--427,37,6,6,37,222,1,0.2,1,1,4,32,"[""96"", ""53"", ""60"", ""51"", ""343"", ""62"", ""363"", ""85"", ""307"", ""373"", ""217"", ""220"", ""144"", ""145"", ""142"", ""143"", ""147"", ""52"", ""82"", ""118"", ""83"", ""440"", ""364"", ""398"", ""404"", ""322"", ""193"", ""259"", ""357"", ""205"", ""87"", ""30""]",932340116563ea18b541cc2d02a79a9e0452f461ed0ee90ac8e3b4adec2415fc,"{""boundary"": 12, ""community_rep"": 4, ""degree_core"": 10, ""random_fill"": 6}","{""degree_2"": 1, ""degree_3_4"": 4, ""degree_5_8"": 2, ""degree_9_plus"": 25}","{""0"": 2, ""1"": 8, ""2"": 1, ""3"": 9, ""4"": 6, ""5"": 1, ""6"": 2, ""7"": 1, ""8"": 1, ""9"": 1}",238,"{""backend"": ""evaluate_m19_theory_calibrated.candidate_features"", ""delta_mode"": ""none"", ""k_max"": 512, ""k_min"": 64, ""variant"": ""conservative""}",238,0.15813953488372093,1.0,1.0,0.004201680672268907,1.0,"{""dp_17_64"": 0.05042016806722689, ""dp_257_plus"": 0.7605042016806722, ""dp_5_16"": 0.01680672268907563, ""dp_65_256"": 0.1722689075630252}","{""cn_0"": 0.9873949579831933, ""cn_1"": 0.012605042016806723}",0.012605042016806723,771.1974789915967,sasb_candidate_builder,e95af8d30aea1fd8fd6e00a3db947801fc3319b85dacc4e601a6d9e5d78208db,238,e95af8d30aea1fd8fd6e00a3db947801fc3319b85dacc4e601a6d9e5d78208db,"{""sasb_builder"": 238}",0,0,0,0,{},0.0,"{""common_neighbor_bin_l1"": 0.0, ""degree_product_bin_l1"": 0.0, ""is_boundary_edge_l1"": 0.0, ""is_bridge_edge_l1"": 0.0, ""is_inter_community_edge_l1"": 0.0, ""is_low_common_neighbor_edge_l1"": 0.0, ""mean_l1"": 0.0}",1,32,32,289.4712884919927,0
realworld_completed,bio_celegans,SASB-candidate,sasb,SASB-structured,20260513,521,early,1.0,1.0,0.0,1,1,0,0.25728395061728393,0.2577777777777778,143,427,143--427,37,5,5,37,185,0,0.0,1,1,4,32,"[""96"", ""53"", ""60"", ""51"", ""343"", ""62"", ""363"", ""85"", ""307"", ""373"", ""217"", ""220"", ""144"", ""145"", ""143"", ""142"", ""147"", ""52"", ""82"", ""118"", ""83"", ""440"", ""364"", ""398"", ""404"", ""322"", ""181"", ""313"", ""78"", ""36"", ""411"", ""266""]",57a0c8da537c72209071f669bfc1f8b6acf773e9a1a6436fc09a8247e4ef69f6,"{""boundary"": 12, ""community_rep"": 4, ""degree_core"": 10, ""random_fill"": 6}","{""degree_2"": 1, ""degree_3_4"": 3, ""degree_5_8"": 3, ""degree_9_plus"": 25}","{""0"": 2, ""1"": 7, ""2"": 1, ""3"": 10, ""4"": 5, ""5"": 1, ""6"": 2, ""7"": 2, ""8"": 1, ""9"": 1}",238,"{""backend"": ""evaluate_m19_theory_calibrated.candidate_features"", ""delta_mode"": ""none"", ""k_max"": 512, ""k_min"": 64, ""variant"": ""conservative""}",238,0.15824468085106383,1.0,1.0,0.004201680672268907,0.9915966386554622,"{""dp_17_64"": 0.046218487394957986, ""dp_257_plus"": 0.7605042016806722, ""dp_5_16"": 0.02100840336134454, ""dp_65_256"": 0.1722689075630252}","{""cn_0"": 0.9873949579831933, ""cn_1"": 0.004201680672268907, ""cn_2_3"": 0.008403361344537815}",0.029411764705882353,770.3949579831933,sasb_candidate_builder,141471b9a72e5f81c31f796a613e4f0316d0faf2be64383706bdb1becf038339,238,141471b9a72e5f81c31f796a613e4f0316d0faf2be64383706bdb1becf038339,"{""sasb_builder"": 238}",0,0,0,0,{},0.0,"{""common_neighbor_bin_l1"": 0.0, ""degree_product_bin_l1"": 0.0, ""is_boundary_edge_l1"": 0.0, ""is_bridge_edge_l1"": 0.0, ""is_inter_community_edge_l1"": 0.0, ""is_low_common_neighbor_edge_l1"": 0.0, ""mean_l1"": 0.0}",1,32,32,348.76025635797055,0
realworld_completed,bio_celegans,SASB-candidate,sasb,SASB-structured,20260513,522,early,1.0,1.0,0.0,1,1,0,0.2577777777777778,0.2582716049382716,325,440,325--440,10,23,10,23,230,3,0.3333333333333333,1,4,1,32,"[""96"", ""53"", ""60"", ""51"", ""343"", ""62"", ""363"", ""85"", ""307"", ""373"", ""217"", ""220"", ""144"", ""145"", ""142"", ""143"", ""147"", ""52"", ""82"", ""118"", ""83"", ""440"", ""364"", ""398"", ""404"", ""322"", ""435"", ""1"", ""22"", ""194"", ""259"", ""289""]",c76b28c625ce252248b58e4c2e63ef9aa8568d2b40baae4e5d385ef225db9026,"{""boundary"": 12, ""community_rep"": 4, ""degree_core"": 10, ""random_fill"": 6}","{""degree_0_1"": 1, ""degree_3_4"": 4, ""degree_5_8"": 3, ""degree_9_plus"": 24}","{""0"": 1, ""1"": 7, ""2"": 2, ""3"": 8, ""4"": 5, ""5"": 1, ""6"": 3, ""7"": 2, ""8"": 1, ""9"": 2}",238,"{""backend"": ""evaluate_m19_theory_calibrated.candidate_features"", ""delta_mode"": ""none"", ""k_max"": 512, ""k_min"": 64, ""variant"": ""conservative""}",238,0.15834996673320026,1.0,1.0,0.004201680672268907,0.9915966386554622,"{""dp_17_64"": 0.046218487394957986, ""dp_257_plus"": 0.7605042016806722, ""dp_5_16"": 0.02100840336134454, ""dp_65_256"": 0.1722689075630252}","{""cn_0"": 0.9873949579831933, ""cn_1"": 0.004201680672268907, ""cn_2_3"": 0.008403361344537815}",0.029411764705882353,770.6428571428571,sasb_candidate_builder,1dd6376a7cb9ee6109172acaa35e708e499c7e8799d3bf96e76ac33b98436830,238,1dd6376a7cb9ee6109172acaa35e708e499c7e8799d3bf96e76ac33b98436830,"{""sasb_builder"": 238}",0,0,0,0,{},0.0,"{""common_neighbor_bin_l1"": 0.0, ""degree_product_bin_l1"": 0.0, ""is_boundary_edge_l1"": 0.0, ""is_bridge_edge_l1"": 0.0, ""is_inter_community_edge_l1"": 0.0, ""is_low_common_neighbor_edge_l1"": 0.0, ""mean_l1"": 0.0}",1,32,32,336.0922924754472,0
realworld_completed,bio_celegans,SASB-candidate,sasb,SASB-structured,20260513,523,early,1.0,1.0,0.0,1,1,0,0.2582716049382716,0.25876543209876546,20,323,20--323,4,5,4,5,20,0,0.0,1,1,4,32,"[""96"", ""53"", ""60"", ""51"", ""343"", ""62"", ""363"", ""85"", ""307"", ""373"", ""217"", ""220"", ""144"", ""145"", ""142"", ""143"", ""147"", ""52"", ""82"", ""118"", ""83"", ""440"", ""364"", ""398"", ""404"", ""322"", ""212"", ""384"", ""33"", ""170"", ""190"", ""68""]",28a5b1dcc2c4642497eb0d06aaa37c14ba18e17a1bef5b8483dfae700e929c8f,"{""boundary"": 12, ""community_rep"": 4, ""degree_core"": 10, ""random_fill"": 6}","{""degree_3_4"": 5, ""degree_5_8"": 3, ""degree_9_plus"": 24}","{""0"": 2, ""1"": 10, ""2"": 2, ""3"": 7, ""4"": 5, ""5"": 1, ""6"": 2, ""7"": 1, ""8"": 1, ""9"": 1}",238,"{""backend"": ""evaluate_m19_theory_calibrated.candidate_features"", ""delta_mode"": ""none"", ""k_max"": 512, ""k_min"": 64, ""variant"": ""conservative""}",238,0.1584553928095872,1.0,1.0,0.004201680672268907,0.9915966386554622,"{""dp_17_64"": 0.05042016806722689, ""dp_257_plus"": 0.7605042016806722, ""dp_5_16"": 0.02100840336134454, ""dp_65_256"": 0.16806722689075632}","{""cn_0"": 0.9915966386554622, ""cn_2_3"": 0.008403361344537815}",0.025210084033613446,768.281512605042,sasb_candidate_builder,287acc075b5b0459c43027d10cc785371be848357e1b549893e8e20965f191b3,238,287acc075b5b0459c43027d10cc785371be848357e1b549893e8e20965f191b3,"{""sasb_builder"": 238}",0,0,0,0,{},0.0,"{""common_neighbor_bin_l1"": 0.0, ""degree_product_bin_l1"": 0.0, ""is_boundary_edge_l1"": 0.0, ""is_bridge_edge_l1"": 0.0, ""is_inter_community_edge_l1"": 0.0, ""is_low_common_neighbor_edge_l1"": 0.0, ""mean_l1"": 0.0}",1,32,32,187.38195903361344,0
realworld_completed,bio_celegans,SASB-candidate,sasb,SASB-structured,20260513,524,early,1.0,1.0,0.0,1,1,0,0.25876543209876546,0.25925925925925924,349,350,349--350,8,11,8,11,88,3,0.42857142857142855,1,1,4,32,"[""96"", ""53"", ""60"", ""51"", ""343"", ""62"", ""363"", ""85"", ""307"", ""373"", ""217"", ""220"", ""144"", ""145"", ""142"", ""143"", ""147"", ""52"", ""82"", ""118"", ""83"", ""440"", ""364"", ""398"", ""404"", ""322"", ""224"", ""127"", ""286"", ""452"", ""415"", ""109""]",508028d999f84bf271470b21cf8e24aaaf7190e66da5676de498bff5da8a35c1,"{""boundary"": 12, ""community_rep"": 4, ""degree_core"": 10, ""random_fill"": 6}","{""degree_2"": 1, ""degree_3_4"": 4, ""degree_5_8"": 2, ""degree_9_plus"": 25}","{""0"": 2, ""1"": 9, ""2"": 1, ""3"": 8, ""4"": 5, ""5"": 1, ""6"": 3, ""7"": 1, ""8"": 1, ""9"": 1}",237,"{""backend"": ""evaluate_m19_theory_calibrated.candidate_features"", ""delta_mode"": ""none"", ""k_max"": 512, ""k_min"": 64, ""variant"": ""conservative""}",237,0.15789473684210525,1.0,1.0,0.004219409282700422,0.9915611814345991,"{""dp_17_64"": 0.046413502109704644, ""dp_257_plus"": 0.7637130801687764, ""dp_5_16"": 0.02109704641350211, ""dp_65_256"": 0.16877637130801687}","{""cn_0"": 0.9915611814345991, ""cn_2_3"": 0.008438818565400843}",0.02531645569620253,770.7426160337553,sasb_candidate_builder,7a8c57ec467ca85ca94c76665b893aa64f32e52cf48f70fccdfdf5bc30c8c6a1,237,7a8c57ec467ca85ca94c76665b893aa64f32e52cf48f70fccdfdf5bc30c8c6a1,"{""sasb_builder"": 237}",0,0,0,0,{},0.0,"{""common_neighbor_bin_l1"": 0.0, ""degree_product_bin_l1"": 0.0, ""is_boundary_edge_l1"": 0.0, ""is_bridge_edge_l1"": 0.0, ""is_inter_community_edge_l1"": 0.0, ""is_low_common_neighbor_edge_l1"": 0.0, ""mean_l1"": 0.0}",1,32,32,146.97075752797315,0
realworld_completed,bio_celegans,SASB-candidate,sasb,SASB-structured,20260513,525,early,1.0,1.0,0.0,1,1,0,0.25925925925925924,0.2597530864197531,22,241,22--241,4,5,4,5,20,0,0.0,1,6,3,32,"[""96"", ""53"", ""60"", ""51"", ""343"", ""62"", ""363"", ""85"", ""307"", ""373"", ""217"", ""220"", ""144"", ""145"", ""142"", ""143"", ""147"", ""52"", ""82"", ""118"", ""83"", ""440"", ""364"", ""398"", ""404"", ""322"", ""41"", ""434"", ""255"", ""98"", ""366"", ""154""]",84a67402ece0783e0fe77495450411f5b0d8f0f475ffedfb50e9ffb3eb6d6366,"{""boundary"": 12, ""community_rep"": 4, ""degree_core"": 10, ""random_fill"": 6}","{""degree_3_4"": 2, ""degree_5_8"": 3, ""degree_9_plus"": 27}","{""0"": 2, ""1"": 7, ""2"": 2, ""3"": 10, ""4"": 5, ""5"": 1, ""6"": 2, ""7"": 1, ""8"": 1, ""9"": 1}",237,"{""backend"": ""evaluate_m19_theory_calibrated.candidate_features"", ""delta_mode"": ""none"", ""k_max"": 512, ""k_min"": 64, ""variant"": ""conservative""}",237,0.158,1.0,1.0,0.004219409282700422,0.9957805907172996,"{""dp_17_64"": 0.05063291139240506, ""dp_257_plus"": 0.7637130801687764, ""dp_5_16"": 0.02109704641350211, ""dp_65_256"": 0.16455696202531644}","{""cn_0"": 0.9957805907172996, ""cn_2_3"": 0.004219409282700422}",0.012658227848101266,768.4852320675105,sasb_candidate_builder,eefc9f5952b1e6f95e3ab4d5c79f93286e0687441db00faae2fe4651aa05adf4,237,eefc9f5952b1e6f95e3ab4d5c79f93286e0687441db00faae2fe4651aa05adf4,"{""sasb_builder"": 237}",0,0,0,0,{},0.0,"{""common_neighbor_bin_l1"": 0.0, ""degree_product_bin_l1"": 0.0, ""is_boundary_edge_l1"": 0.0, ""is_bridge_edge_l1"": 0.0, ""is_inter_community_edge_l1"": 0.0, ""is_low_common_neighbor_edge_l1"": 0.0, ""mean_l1"": 0.0}",1,32,32,238.54557199117372,0
realworld_completed,bio_celegans,SASB-candidate,sasb,SASB-structured,20260513,526,early,1.0,1.0,0.0,1,1,0,0.2597530864197531,0.26024691358024693,117,118,117--118,3,28,3,28,84,1,0.5,1,5,3,32,"[""96"", ""53"", ""60"", ""51"", ""343"", ""62"", ""363"", ""85"", ""307"", ""373"", ""217"", ""220"", ""144"", ""145"", ""142"", ""143"", ""147"", ""52"", ""82"", ""118"", ""83"", ""440"", ""364"", ""398"", ""404"", ""322"", ""361"", ""415"", ""372"", ""202"", ""239"", ""92""]",6cf2c387705fc94ff839a451e6cb04b424624da879ade9b09ec157fdbcf9fa75,"{""boundary"": 12, ""community_rep"": 4, ""degree_core"": 10, ""random_fill"": 6}","{""degree_3_4"": 4, ""degree_5_8"": 4, ""degree_9_plus"": 24}","{""0"": 3, ""1"": 6, ""2"": 2, ""3"": 9, ""4"": 6, ""5"": 1, ""6"": 2, ""7"": 1, ""8"": 1, ""9"": 1}",237,"{""backend"": ""evaluate_m19_theory_calibrated.candidate_features"", ""delta_mode"": ""none"", ""k_max"": 512, ""k_min"": 64, ""variant"": ""conservative""}",237,0.1581054036024016,1.0,1.0,0.004219409282700422,0.9957805907172996,"{""dp_17_64"": 0.046413502109704644, ""dp_257_plus"": 0.7637130801687764, ""dp_5_16"": 0.02109704641350211, ""dp_65_256"": 0.16877637130801687}","{""cn_0"": 0.9915611814345991, ""cn_1"": 0.004219409282700422, ""cn_2_3"": 0.004219409282700422}",0.016877637130801686,768.662447257384,sasb_candidate_builder,ecb557c83b5dad8b3f944c63a9cd81da25a903a1f3aae2a3d7d1529493afc6ec,237,ecb557c83b5dad8b3f944c63a9cd81da25a903a1f3aae2a3d7d1529493afc6ec,"{""sasb_builder"": 237}",0,0,0,0,{},0.0,"{""common_neighbor_bin_l1"": 0.0, ""degree_product_bin_l1"": 0.0, ""is_boundary_edge_l1"": 0.0, ""is_bridge_edge_l1"": 0.0, ""is_inter_community_edge_l1"": 0.0, ""is_low_common_neighbor_edge_l1"": 0.0, ""mean_l1"": 0.0}",1,32,32,520.3884583639032,0
realworld_completed,bio_celegans,SASB-candidate,sasb,SASB-structured,20260513,527,early,1.0,1.0,0.0,1,1,0,0.26024691358024693,0.2607407407407407,118,127,118--127,27,2,2,27,54,0,0.0,1,3,6,32,"[""96"", ""53"", ""60"", ""51"", ""343"", ""62"", ""363"", ""85"", ""307"", ""373"", ""217"", ""220"", ""144"", ""145"", ""142"", ""143"", ""147"", ""52"", ""82"", ""83"", ""118"", ""440"", ""364"", ""398"", ""404"", ""322"", ""138"", ""260"", ""41"", ""300"", ""258"", ""313""]",5ea9c07aa42163fc4ff4e71dc87759d66aaef074f54ea32b715aa2787a765420,"{""boundary"": 12, ""community_rep"": 4, ""degree_core"": 10, ""random_fill"": 6}","{""degree_2"": 2, ""degree_3_4"": 2, ""degree_5_8"": 3, ""degree_9_plus"": 25}","{""0"": 2, ""1"": 8, ""2"": 1, ""3"": 9, ""4"": 6, ""5"": 1, ""6"": 2, ""7"": 1, ""8"": 1, ""9"": 1}",237,"{""backend"": ""evaluate_m19_theory_calibrated.candidate_features"", ""delta_mode"": ""none"", ""k_max"": 512, ""k_min"": 64, ""variant"": ""conservative""}",237,0.1582109479305741,1.0,1.0,0.004219409282700422,0.9957805907172996,"{""dp_17_64"": 0.05063291139240506, ""dp_257_plus"": 0.7637130801687764, ""dp_5_16"": 0.02109704641350211, ""dp_65_256"": 0.16455696202531644}","{""cn_0"": 0.9957805907172996, ""cn_2_3"": 0.004219409282700422}",0.012658227848101266,768.535864978903,sasb_candidate_builder,45f5b550a9d5a1ca57beb30b3f7dd4ed69df9f2bf6b39311f5e2081b48dd9f6c,237,45f5b550a9d5a1ca57beb30b3f7dd4ed69df9f2bf6b39311f5e2081b48dd9f6c,"{""sasb_builder"": 237}",0,0,0,0,{},0.0,"{""common_neighbor_bin_l1"": 0.0, ""degree_product_bin_l1"": 0.0, ""is_boundary_edge_l1"": 0.0, ""is_bridge_edge_l1"": 0.0, ""is_inter_community_edge_l1"": 0.0, ""is_low_common_neighbor_edge_l1"": 0.0, ""mean_l1"": 0.0}",1,32,32,706.6592952121558,0
realworld_completed,bio_celegans,SASB-candidate,sasb,SASB-structured,20260513,528,early,1.0,1.0,0.0,1,1,0,0.2607407407407407,0.26123456790123456,32,39,32--39,19,3,3,19,57,2,1.0,1,3,7,32,"[""96"", ""53"", ""60"", ""51"", ""343"", ""62"", ""363"", ""85"", ""307"", ""373"", ""217"", ""220"", ""144"", ""145"", ""142"", ""143"", ""147"", ""52"", ""82"", ""83"", ""118"", ""440"", ""364"", ""398"", ""404"", ""322"", ""156"", ""92"", ""122"", ""213"", ""281"", ""368""]",9e99d7d283c1d1b466175eb9ae247a30ceb6aba329afcadf368d9e913f3789ce,"{""boundary"": 12, ""community_rep"": 4, ""degree_core"": 10, ""random_fill"": 6}","{""degree_2"": 1, ""degree_3_4"": 1, ""degree_5_8"": 5, ""degree_9_plus"": 25}","{""0"": 2, ""1"": 7, ""2"": 4, ""3"": 7, ""4"": 6, ""5"": 1, ""6"": 2, ""7"": 1, ""8"": 1, ""9"": 1}",237,"{""backend"": ""evaluate_m19_theory_calibrated.candidate_features"", ""delta_mode"": ""none"", ""k_max"": 512, ""k_min"": 64, ""variant"": ""conservative""}",237,0.15831663326653306,1.0,1.0,0.004219409282700422,0.9915611814345991,"{""dp_17_64"": 0.05063291139240506, ""dp_257_plus"": 0.7637130801687764, ""dp_5_16"": 0.02109704641350211, ""dp_65_256"": 0.16455696202531644}","{""cn_0"": 0.9915611814345991, ""cn_2_3"": 0.008438818565400843}",0.02109704641350211,768.548523206751,sasb_candidate_builder,81bd7640025b3a137bdeb07be0aaa9f32f9449329797d60ade31338f091e7686,237,81bd7640025b3a137bdeb07be0aaa9f32f9449329797d60ade31338f091e7686,"{""sasb_builder"": 237}",0,0,0,0,{},0.0,"{""common_neighbor_bin_l1"": 0.0, ""degree_product_bin_l1"": 0.0, ""is_boundary_edge_l1"": 0.0, ""is_bridge_edge_l1"": 0.0, ""is_inter_community_edge_l1"": 0.0, ""is_low_common_neighbor_edge_l1"": 0.0, ""mean_l1"": 0.0}",1,32,32,453.0,0
realworld_completed,bio_celegans,SASB-candidate,sasb,SASB-structured,20260513,529,early,1.0,1.0,0.0,1,1,0,0.26123456790123456,0.2617283950617284,335,427,335--427,3,4,3,4,12,0,0.0,0,4,4,32,"[""96"", ""53"", ""60"", ""51"", ""343"", ""62"", ""363"", ""85"", ""307"", ""373"", ""217"", ""220"", ""144"", ""145"", ""142"", ""143"", ""147"", ""52"", ""82"", ""83"", ""118"", ""440"", ""364"", ""398"", ""404"", ""322"", ""208"", ""432"", ""339"", ""225"", ""237"", ""290""]",5406e21cfa1ee6b497231b726d0c6d43b9c8196898c26387a8291c478f5e796e,"{""boundary"": 12, ""community_rep"": 4, ""degree_core"": 10, ""random_fill"": 6}","{""degree_3_4"": 3, ""degree_5_8"": 5, ""degree_9_plus"": 24}","{""0"": 4, ""1"": 7, ""2"": 1, ""3"": 8, ""4"": 6, ""5"": 1, ""6"": 2, ""7"": 1, ""8"": 1, ""9"": 1}",237,"{""backend"": ""evaluate_m19_theory_calibrated.candidate_features"", ""delta_mode"": ""none"", ""k_max"": 512, ""k_min"": 64, ""variant"": ""conservative""}",237,0.15842245989304812,1.0,1.0,0.004219409282700422,0.9957805907172996,"{""dp_17_64"": 0.05485232067510549, ""dp_257_plus"": 0.7637130801687764, ""dp_5_16"": 0.02109704641350211, ""dp_65_256"": 0.16033755274261605}","{""cn_0"": 0.9957805907172996, ""cn_2_3"": 0.004219409282700422}",0.008438818565400843,767.6708860759494,sasb_candidate_builder,afc78ac12b3eaa5c93315b438c3bd1e23bcc237205134914854e1427d897e7a9,237,afc78ac12b3eaa5c93315b438c3bd1e23bcc237205134914854e1427d897e7a9,"{""sasb_builder"": 237}",0,0,0,0,{},0.0,"{""common_neighbor_bin_l1"": 0.0, ""degree_product_bin_l1"": 0.0, ""is_boundary_edge_l1"": 0.0, ""is_bridge_edge_l1"": 0.0, ""is_inter_community_edge_l1"": 0.0, ""is_low_common_neighbor_edge_l1"": 0.0, ""mean_l1"": 0.0}",1,32,32,71.74994967460044,0
realworld_completed,bio_celegans,SASB-candidate,sasb,SASB-structured,20260513,530,early,1.0,1.0,0.0,1,1,0,0.2617283950617284,0.26222222222222225,176,177,176--177,3,6,3,6,18,2,1.0,1,3,6,32,"[""96"", ""53"", ""51"", ""60"", ""343"", ""62"", ""363"", ""85"", ""307"", ""373"", ""217"", ""220"", ""144"", ""145"", ""142"", ""143"", ""147"", ""52"", ""82"", ""83"", ""118"", ""440"", ""364"", ""398"", ""348"", ""404"", ""322"", ""71"", ""104"", ""433"", ""74"", ""428""]",b56dbf792fcce611637f37394ce97f44088f1035a947640c7571b3062bf2653f,"{""boundary"": 12, ""community_rep"": 5, ""degree_core"": 10, ""random_fill"": 5}","{""degree_3_4"": 2, ""degree_5_8"": 5, ""degree_9_plus"": 25}","{""0"": 1, ""1"": 7, ""10"": 2, ""2"": 1, ""3"": 7, ""4"": 6, ""5"": 1, ""6"": 4, ""7"": 1, ""8"": 1, ""9"": 1}",237,"{""backend"": ""evaluate_m19_theory_calibrated.candidate_features"", ""delta_mode"": ""none"", ""k_max"": 512, ""k_min"": 64, ""variant"": ""conservative""}",237,0.15852842809364548,1.0,1.0,0.004219409282700422,0.9957805907172996,"{""dp_17_64"": 0.04219409282700422, ""dp_257_plus"": 0.7932489451476793, ""dp_5_16"": 0.012658227848101266, ""dp_65_256"": 0.1518987341772152}","{""cn_0"": 0.9957805907172996, ""cn_2_3"": 0.004219409282700422}",0.008438818565400843,798.6962025316456,sasb_candidate_builder,84ee2f85258ec8ad41e30dba6b71c7ea3c87578d160ac6a11a7d876f1ac0643c,237,84ee2f85258ec8ad41e30dba6b71c7ea3c87578d160ac6a11a7d876f1ac0643c,"{""sasb_builder"": 237}",0,0,0,0,{},0.0,"{""common_neighbor_bin_l1"": 0.0, ""degree_product_bin_l1"": 0.0, ""is_boundary_edge_l1"": 0.0, ""is_bridge_edge_l1"": 0.0, ""is_inter_community_edge_l1"": 0.0, ""is_low_common_neighbor_edge_l1"": 0.0, ""mean_l1"": 0.0}",1,32,32,55.78963015701971,0
realworld_completed,bio_celegans,SASB-candidate,sasb,SASB-structured,20260513,531,early,1.0,1.0,0.0,1,1,0,0.26222222222222225,0.26271604938271603,243,391,243--391,5,8,5,8,40,3,0.75,0,3,3,32,"[""96"", ""53"", ""51"", ""60"", ""343"", ""62"", ""363"", ""85"", ""307"", ""373"", ""217"", ""220"", ""144"", ""145"", ""142"", ""143"", ""147"", ""52"", ""82"", ""83"", ""118"", ""440"", ""364"", ""398"", ""348"", ""404"", ""322"", ""417"", ""148"", ""151"", ""169"", ""101""]",4eac2245bc1d30840d0bda597bf2b8ec7aadc21efaf8d89e3066e9a7203bc242,"{""boundary"": 12, ""community_rep"": 5, ""degree_core"": 10, ""random_fill"": 5}","{""degree_2"": 1, ""degree_3_4"": 4, ""degree_5_8"": 2, ""degree_9_plus"": 25}","{""0"": 1, ""1"": 8, ""10"": 2, ""2"": 1, ""3"": 8, ""4"": 5, ""5"": 1, ""6"": 2, ""7"": 2, ""8"": 1, ""9"": 1}",237,"{""backend"": ""evaluate_m19_theory_calibrated.candidate_features"", ""delta_mode"": ""none"", ""k_max"": 512, ""k_min"": 64, ""variant"": ""conservative""}",237,0.15863453815261044,1.0,1.0,0.004219409282700422,0.9957805907172996,"{""dp_17_64"": 0.04219409282700422, ""dp_257_plus"": 0.7932489451476793, ""dp_5_16"": 0.012658227848101266, ""dp_65_256"": 0.1518987341772152}","{""cn_0"": 0.9957805907172996, ""cn_2_3"": 0.004219409282700422}",0.012658227848101266,797.3459915611814,sasb_candidate_builder,5bef42d86a780adad5819bbad6eaf959e08c30a62d58a5d7e011c5e7807428c6,237,5bef42d86a780adad5819bbad6eaf959e08c30a62d58a5d7e011c5e7807428c6,"{""sasb_builder"": 237}",0,0,0,0,{},0.0,"{""common_neighbor_bin_l1"": 0.0, ""degree_product_bin_l1"": 0.0, ""is_boundary_edge_l1"": 0.0, ""is_bridge_edge_l1"": 0.0, ""is_inter_community_edge_l1"": 0.0, ""is_low_common_neighbor_edge_l1"": 0.0, ""mean_l1"": 0.0}",1,32,32,15.980622576243693,0
realworld_completed,bio_celegans,SASB-candidate,sasb,SASB-structured,20260513,532,early,1.0,1.0,0.0,1,1,0,0.26271604938271603,0.2632098765432099,104,24,104--24,5,4,4,5,20,0,0.0,1,0,3,32,"[""96"", ""53"", ""51"", ""60"", ""343"", ""62"", ""363"", ""85"", ""307"", ""373"", ""217"", ""220"", ""144"", ""145"", ""142"", ""143"", ""147"", ""52"", ""82"", ""83"", ""118"", ""440"", ""364"", ""398"", ""348"", ""404"", ""322"", ""303"", ""263"", ""228"", ""8"", ""114""]",84e4734f3de9fee55b5f7da5072e44f46d7c2de926b20cfdcff1fd6801392679,"{""boundary"": 12, ""community_rep"": 5, ""degree_core"": 10, ""random_fill"": 5}","{""degree_2"": 1, ""degree_3_4"": 3, ""degree_5_8"": 3, ""degree_9_plus"": 25}","{""0"": 1, ""1"": 6, ""10"": 1, ""2"": 1, ""3"": 9, ""4"": 6, ""5"": 1, ""6"": 4, ""7"": 1, ""8"": 1, ""9"": 1}",237,"{""backend"": ""evaluate_m19_theory_calibrated.candidate_features"", ""delta_mode"": ""none"", ""k_max"": 512, ""k_min"": 64, ""variant"": ""conservative""}",237,0.15874079035498995,1.0,1.0,0.004219409282700422,1.0,"{""dp_17_64"": 0.04219409282700422, ""dp_257_plus"": 0.7932489451476793, ""dp_5_16"": 0.012658227848101266, ""dp_65_256"": 0.1518987341772152}","{""cn_0"": 1.0}",0.0,795.2278481012659,sasb_candidate_builder,3b362b31f6e71d2ba72a0ff0c7b4deba41b3ddb7e19f5b2dca9eb8b73df73c38,237,3b362b31f6e71d2ba72a0ff0c7b4deba41b3ddb7e19f5b2dca9eb8b73df73c38,"{""sasb_builder"": 237}",0,0,0,0,{},0.0,"{""common_neighbor_bin_l1"": 0.0, ""degree_product_bin_l1"": 0.0, ""is_boundary_edge_l1"": 0.0, ""is_bridge_edge_l1"": 0.0, ""is_inter_community_edge_l1"": 0.0, ""is_low_common_neighbor_edge_l1"": 0.0, ""mean_l1"": 0.0}",1,32,32,0.0,0
realworld_completed,bio_celegans,SASB-candidate,sasb,SASB-structured,20260513,533,early,1.0,1.0,0.0,1,1,0,0.2632098765432099,0.2637037037037037,257,302,257--302,4,9,4,9,36,2,0.6666666666666666,0,5,5,32,"[""96"", ""53"", ""51"", ""60"", ""343"", ""62"", ""363"", ""85"", ""307"", ""373"", ""217"", ""220"", ""144"", ""145"", ""142"", ""143"", ""147"", ""52"", ""82"", ""83"", ""118"", ""440"", ""364"", ""398"", ""348"", ""404"", ""322"", ""448"", ""267"", ""441"", ""63"", ""149""]",73f8eac10f65f5665a7c3412f54f11aadc4b5041e820819b72d6ebd2a6efa05a,"{""boundary"": 12, ""community_rep"": 5, ""degree_core"": 10, ""random_fill"": 5}","{""degree_3_4"": 3, ""degree_5_8"": 3, ""degree_9_plus"": 26}","{""0"": 1, ""1"": 9, ""10"": 1, ""2"": 1, ""3"": 8, ""4"": 6, ""5"": 1, ""6"": 2, ""7"": 1, ""8"": 1, ""9"": 1}",237,"{""backend"": ""evaluate_m19_theory_calibrated.candidate_features"", ""delta_mode"": ""none"", ""k_max"": 512, ""k_min"": 64, ""variant"": ""conservative""}",237,0.15884718498659517,1.0,1.0,0.004219409282700422,0.9957805907172996,"{""dp_17_64"": 0.04219409282700422, ""dp_257_plus"": 0.7932489451476793, ""dp_5_16"": 0.012658227848101266, ""dp_65_256"": 0.1518987341772152}","{""cn_0"": 0.9957805907172996, ""cn_2_3"": 0.004219409282700422}",0.008438818565400843,795.295358649789,sasb_candidate_builder,fa178c9b8cdaf8c3f38fc84c1fd7da719cfbcf000f95d72358a466865178e64a,237,fa178c9b8cdaf8c3f38fc84c1fd7da719cfbcf000f95d72358a466865178e64a,"{""sasb_builder"": 237}",0,0,0,0,{},0.0,"{""common_neighbor_bin_l1"": 0.0, ""degree_product_bin_l1"": 0.0, ""is_boundary_edge_l1"": 0.0, ""is_bridge_edge_l1"": 0.0, ""is_inter_community_edge_l1"": 0.0, ""is_low_common_neighbor_edge_l1"": 0.0, ""mean_l1"": 0.0}",1,32,32,192.5369968220339,0
realworld_completed,bio_celegans,SASB-candidate,sasb,SASB-structured,20260513,534,early,1.0,1.0,0.0,1,1,0,0.2637037037037037,0.2641975308641975,129,314,129--314,6,11,6,11,66,3,0.6,1,4,1,32,"[""96"", ""53"", ""51"", ""60"", ""343"", ""62"", ""363"", ""85"", ""307"", ""373"", ""217"", ""220"", ""144"", ""145"", ""142"", ""143"", ""147"", ""52"", ""82"", ""83"", ""118"", ""440"", ""364"", ""398"", ""348"", ""404"", ""322"", ""94"", ""80"", ""292"", ""63"", ""419""]",98a11abfd5e34b1937c22c62039ec89a2c8db09f1d954fecdb4b1e09b3080679,"{""boundary"": 12, ""community_rep"": 5, ""degree_core"": 10, ""random_fill"": 5}","{""degree_3_4"": 4, ""degree_5_8"": 2, ""degree_9_plus"": 26}","{""0"": 1, ""1"": 8, ""10"": 1, ""2"": 1, ""3"": 9, ""4"": 5, ""5"": 1, ""6"": 3, ""7"": 1, ""8"": 1, ""9"": 1}",237,"{""backend"": ""evaluate_m19_theory_calibrated.candidate_features"", ""delta_mode"": ""none"", ""k_max"": 512, ""k_min"": 64, ""variant"": ""conservative""}",237,0.158953722334004,1.0,1.0,0.004219409282700422,0.9957805907172996,"{""dp_17_64"": 0.0379746835443038, ""dp_257_plus"": 0.7932489451476793, ""dp_5_16"": 0.012658227848101266, ""dp_65_256"": 0.15611814345991562}","{""cn_0"": 0.9957805907172996, ""cn_2_3"": 0.004219409282700422}",0.012658227848101266,793.2616033755274,sasb_candidate_builder,01c878442320ec0a9cbe22156a7863b835ab99efca9865d65c7e6953111261f5,237,01c878442320ec0a9cbe22156a7863b835ab99efca9865d65c7e6953111261f5,"{""sasb_builder"": 237}",0,0,0,0,{},0.0,"{""common_neighbor_bin_l1"": 0.0, ""degree_product_bin_l1"": 0.0, ""is_boundary_edge_l1"": 0.0, ""is_bridge_edge_l1"": 0.0, ""is_inter_community_edge_l1"": 0.0, ""is_low_common_neighbor_edge_l1"": 0.0, ""mean_l1"": 0.0}",1,32,32,71.47939145051518,0
realworld_completed,bio_celegans,SASB-candidate,sasb,SASB-structured,20260513,535,early,1.0,1.0,0.0,1,1,0,0.2641975308641975,0.26469135802469135,106,295,106--295,5,11,5,11,55,2,0.5,1,0,3,32,"[""96"", ""53"", ""51"", ""60"", ""343"", ""62"", ""363"", ""85"", ""307"", ""373"", ""217"", ""220"", ""144"", ""145"", ""142"", ""143"", ""147"", ""52"", ""82"", ""83"", ""118"", ""440"", ""364"", ""398"", ""348"", ""404"", ""322"", ""155"", ""152"", ""90"", ""354"", ""292""]",237cfa84fe5fd90ddf06c7d28b26d8c456eb1691897c9141ee840bd10f02fc4b,"{""boundary"": 12, ""community_rep"": 5, ""degree_core"": 10, ""random_fill"": 5}","{""degree_2"": 1, ""degree_3_4"": 5, ""degree_5_8"": 1, ""degree_9_plus"": 25}","{""0"": 1, ""1"": 7, ""10"": 2, ""2"": 1, ""3"": 8, ""4"": 5, ""5"": 1, ""6"": 3, ""7"": 2, ""8"": 1, ""9"": 1}",237,"{""backend"": ""evaluate_m19_theory_calibrated.candidate_features"", ""delta_mode"": ""none"", ""k_max"": 512, ""k_min"": 64, ""variant"": ""conservative""}",237,0.15906040268456376,1.0,1.0,0.004219409282700422,0.9957805907172996,"{""dp_17_64"": 0.04219409282700422, ""dp_257_plus"": 0.7932489451476793, ""dp_5_16"": 0.012658227848101266, ""dp_65_256"": 0.1518987341772152}","{""cn_0"": 0.9957805907172996, ""cn_2_3"": 0.004219409282700422}",0.008438818565400843,792.2784810126582,sasb_candidate_builder,217b448ddf57d49895e3cecffdc9c3d29137044a6fc92a7aaa2c11636e6cbdf5,237,217b448ddf57d49895e3cecffdc9c3d29137044a6fc92a7aaa2c11636e6cbdf5,"{""sasb_builder"": 237}",0,0,0,0,{},0.0,"{""common_neighbor_bin_l1"": 0.0, ""degree_product_bin_l1"": 0.0, ""is_boundary_edge_l1"": 0.0, ""is_bridge_edge_l1"": 0.0, ""is_inter_community_edge_l1"": 0.0, ""is_low_common_neighbor_edge_l1"": 0.0, ""mean_l1"": 0.0}",1,32,32,48.32256307525279,0
realworld_completed,bio_celegans,SASB-candidate,sasb,SASB-structured,20260513,536,early,1.0,1.0,0.0,1,1,0,0.26469135802469135,0.2651851851851852,123,32,123--32,5,18,5,18,90,1,0.25,1,9,3,32,"[""96"", ""53"", ""51"", ""60"", ""343"", ""62"", ""363"", ""85"", ""307"", ""373"", ""217"", ""220"", ""144"", ""145"", ""142"", ""143"", ""147"", ""52"", ""82"", ""83"", ""118"", ""440"", ""364"", ""398"", ""348"", ""404"", ""322"", ""28"", ""257"", ""436"", ""11"", ""412""]",1f3f76d4bae122b39c55518983f8063c7a305bc3e6899316d0e5c94f766120ea,"{""boundary"": 12, ""community_rep"": 5, ""degree_core"": 10, ""random_fill"": 5}","{""degree_3_4"": 2, ""degree_5_8"": 5, ""degree_9_plus"": 25}","{""0"": 1, ""1"": 8, ""10"": 1, ""2"": 1, ""3"": 9, ""4"": 5, ""5"": 1, ""6"": 3, ""7"": 1, ""8"": 1, ""9"": 1}",236,"{""backend"": ""evaluate_m19_theory_calibrated.candidate_features"", ""delta_mode"": ""none"", ""k_max"": 512, ""k_min"": 64, ""variant"": ""conservative""}",236,0.1584956346541303,1.0,1.0,0.00423728813559322,1.0,"{""dp_17_64"": 0.038135593220338986, ""dp_257_plus"": 0.7966101694915254, ""dp_5_16"": 0.012711864406779662, ""dp_65_256"": 0.15254237288135594}","{""cn_0"": 1.0}",0.0,794.4618644067797,sasb_candidate_builder,e661d5b079f937fb5e6272d9fa1c67e4f51ee111560a621af371b74af4c1f7a9,236,e661d5b079f937fb5e6272d9fa1c67e4f51ee111560a621af371b74af4c1f7a9,"{""sasb_builder"": 236}",0,0,0,0,{},0.0,"{""common_neighbor_bin_l1"": 0.0, ""degree_product_bin_l1"": 0.0, ""is_boundary_edge_l1"": 0.0, ""is_bridge_edge_l1"": 0.0, ""is_inter_community_edge_l1"": 0.0, ""is_low_common_neighbor_edge_l1"": 0.0, ""mean_l1"": 0.0}",1,32,32,0.0,0
realworld_completed,bio_celegans,SASB-candidate,sasb,SASB-structured,20260513,537,early,1.0,1.0,0.0,1,1,0,0.2651851851851852,0.26567901234567903,179,325,179--325,7,9,7,9,63,1,0.16666666666666666,1,1,4,32,"[""96"", ""53"", ""51"", ""60"", ""343"", ""62"", ""363"", ""85"", ""307"", ""373"", ""217"", ""220"", ""144"", ""145"", ""142"", ""143"", ""147"", ""52"", ""82"", ""83"", ""118"", ""440"", ""364"", ""398"", ""348"", ""404"", ""322"", ""27"", ""126"", ""10"", ""22"", ""177""]",2f3dcc0cfc7d727289bd4b62ec859e01e88b783e3e4b81b12c53203bfa6f957b,"{""boundary"": 12, ""community_rep"": 5, ""degree_core"": 10, ""random_fill"": 5}","{""degree_3_4"": 5, ""degree_5_8"": 2, ""degree_9_plus"": 25}","{""0"": 1, ""1"": 7, ""10"": 1, ""2"": 1, ""3"": 7, ""4"": 5, ""5"": 2, ""6"": 4, ""7"": 1, ""8"": 1, ""9"": 2}",236,"{""backend"": ""evaluate_m19_theory_calibrated.candidate_features"", ""delta_mode"": ""none"", ""k_max"": 512, ""k_min"": 64, ""variant"": ""conservative""}",236,0.1586021505376344,1.0,1.0,0.00423728813559322,1.0,"{""dp_17_64"": 0.0423728813559322, ""dp_257_plus"": 0.7966101694915254, ""dp_5_16"": 0.012711864406779662, ""dp_65_256"": 0.1483050847457627}","{""cn_0"": 0.9957627118644068, ""cn_1"": 0.00423728813559322}",0.00423728813559322,794.3347457627119,sasb_candidate_builder,6b67dc55f5f4fbe85e500cb85b4a2a97bbcde971a093dab1ed3ba3ce303c1fb7,236,6b67dc55f5f4fbe85e500cb85b4a2a97bbcde971a093dab1ed3ba3ce303c1fb7,"{""sasb_builder"": 236}",0,0,0,0,{},0.0,"{""common_neighbor_bin_l1"": 0.0, ""degree_product_bin_l1"": 0.0, ""is_boundary_edge_l1"": 0.0, ""is_bridge_edge_l1"": 0.0, ""is_inter_community_edge_l1"": 0.0, ""is_low_common_neighbor_edge_l1"": 0.0, ""mean_l1"": 0.0}",1,32,32,134.6712189111655,0
realworld_completed,bio_celegans,SASB-candidate,sasb,SASB-structured,20260513,538,early,1.0,1.0,0.0,1,1,0,0.26567901234567903,0.2661728395061728,425,452,425--452,5,5,5,5,25,1,0.25,1,4,1,32,"[""96"", ""53"", ""51"", ""60"", ""343"", ""62"", ""363"", ""85"", ""307"", ""373"", ""217"", ""220"", ""144"", ""145"", ""142"", ""143"", ""147"", ""52"", ""82"", ""83"", ""118"", ""440"", ""364"", ""398"", ""348"", ""404"", ""322"", ""157"", ""189"", ""338"", ""64"", ""209""]",09675dff753dba49eaea5344ee662ce50572de34d2ed0290141e55a603f8d5c8,"{""boundary"": 12, ""community_rep"": 5, ""degree_core"": 10, ""random_fill"": 5}","{""degree_2"": 2, ""degree_3_4"": 1, ""degree_5_8"": 4, ""degree_9_plus"": 25}","{""0"": 1, ""1"": 6, ""10"": 1, ""2"": 2, ""3"": 7, ""4"": 7, ""5"": 1, ""6"": 2, ""7"": 2, ""8"": 1, ""9"": 2}",236,"{""backend"": ""evaluate_m19_theory_calibrated.candidate_features"", ""delta_mode"": ""none"", ""k_max"": 512, ""k_min"": 64, ""variant"": ""conservative""}",236,0.15870880968392737,1.0,1.0,0.00423728813559322,1.0,"{""dp_17_64"": 0.0423728813559322, ""dp_257_plus"": 0.7966101694915254, ""dp_5_16"": 0.012711864406779662, ""dp_65_256"": 0.1483050847457627}","{""cn_0"": 0.9957627118644068, ""cn_1"": 0.00423728813559322}",0.00423728813559322,792.7754237288135,sasb_candidate_builder,ee950a388ac49c7622e4283af60e2a1f53af2df78e3e82c7a6b49bd047ad20f9,236,ee950a388ac49c7622e4283af60e2a1f53af2df78e3e82c7a6b49bd047ad20f9,"{""sasb_builder"": 236}",0,0,0,0,{},0.0,"{""common_neighbor_bin_l1"": 0.0, ""degree_product_bin_l1"": 0.0, ""is_boundary_edge_l1"": 0.0, ""is_bridge_edge_l1"": 0.0, ""is_inter_community_edge_l1"": 0.0, ""is_low_common_neighbor_edge_l1"": 0.0, ""mean_l1"": 0.0}",1,32,32,63.2970209942085,0
realworld_completed,bio_celegans,SASB-candidate,sasb,SASB-structured,20260513,539,early,1.0,1.0,0.0,1,1,0,0.2661728395061728,0.26666666666666666,130,32,130--32,3,17,3,17,51,0,0.0,1,6,3,32,"[""96"", ""53"", ""51"", ""60"", ""343"", ""62"", ""363"", ""85"", ""307"", ""373"", ""217"", ""220"", ""144"", ""145"", ""142"", ""143"", ""147"", ""52"", ""82"", ""83"", ""118"", ""440"", ""364"", ""398"", ""348"", ""404"", ""322"", ""72"", ""151"", ""192"", ""9"", ""64""]",324b39cf17d19f75974608cf07744a30083acba0cd085f0b99535cb58a270a3a,"{""boundary"": 12, ""community_rep"": 5, ""degree_core"": 10, ""random_fill"": 5}","{""degree_3_4"": 3, ""degree_5_8"": 4, ""degree_9_plus"": 25}","{""0"": 1, ""1"": 8, ""10"": 1, ""2"": 1, ""3"": 8, ""4"": 6, ""5"": 1, ""6"": 2, ""7"": 1, ""8"": 1, ""9"": 2}",236,"{""backend"": ""evaluate_m19_theory_calibrated.candidate_features"", ""delta_mode"": ""none"", ""k_max"": 512, ""k_min"": 64, ""variant"": ""conservative""}",236,0.15881561238223418,1.0,1.0,0.00423728813559322,1.0,"{""dp_17_64"": 0.0423728813559322, ""dp_257_plus"": 0.7966101694915254, ""dp_5_16"": 0.012711864406779662, ""dp_65_256"": 0.1483050847457627}","{""cn_0"": 1.0}",0.0,791.4491525423729,sasb_candidate_builder,7a5635ef5e4c06b0cb257f303862bd4b1b85a78a599b7930f47fcdf920b63dad,236,7a5635ef5e4c06b0cb257f303862bd4b1b85a78a599b7930f47fcdf920b63dad,"{""sasb_builder"": 236}",0,0,0,0,{},0.0,"{""common_neighbor_bin_l1"": 0.0, ""degree_product_bin_l1"": 0.0, ""is_boundary_edge_l1"": 0.0, ""is_bridge_edge_l1"": 0.0, ""is_inter_community_edge_l1"": 0.0, ""is_low_common_neighbor_edge_l1"": 0.0, ""mean_l1"": 0.0}",1,32,32,0.0,0
realworld_completed,bio_celegans,SASB-candidate,sasb,SASB-structured,20260513,540,early,1.0,1.0,0.0,1,1,0,0.26666666666666666,0.2671604938271605,141,307,141--307,3,13,3,13,39,2,1.0,1,5,3,32,"[""96"", ""53"", ""60"", ""51"", ""343"", ""62"", ""363"", ""85"", ""52"", ""307"", ""373"", ""217"", ""144"", ""145"", ""142"", ""143"", ""147"", ""220"", ""82"", ""83"", ""118"", ""440"", ""364"", ""398"", ""348"", ""404"", ""322"", ""274"", ""5"", ""47"", ""115"", ""158""]",075e164f8b0a106f39e297fa38dc8eee1008bf53ceb23aa69a5cda423961e843,"{""boundary"": 12, ""community_rep"": 5, ""degree_core"": 10, ""random_fill"": 5}","{""degree_2"": 1, ""degree_3_4"": 4, ""degree_5_8"": 2, ""degree_9_plus"": 25}","{""0"": 1, ""1"": 6, ""2"": 1, ""3"": 8, ""4"": 6, ""5"": 3, ""6"": 1, ""7"": 3, ""8"": 1, ""9"": 2}",236,"{""backend"": ""evaluate_m19_theory_calibrated.candidate_features"", ""delta_mode"": ""none"", ""k_max"": 512, ""k_min"": 64, ""variant"": ""conservative""}",236,0.1589225589225589,1.0,1.0,0.00423728813559322,0.9872881355932204,"{""dp_17_64"": 0.046610169491525424, ""dp_257_plus"": 0.7838983050847458, ""dp_5_16"": 0.00847457627118644, ""dp_65_256"": 0.16101694915254236}","{""cn_0"": 0.9872881355932204, ""cn_2_3"": 0.00847457627118644, ""cn_4_8"": 0.00423728813559322}",0.0423728813559322,779.9067796610169,sasb_candidate_builder,4015b1f6cd921f2600ac19e7f114fce2bd72e22b29b853ab537f5e855e9d0758,236,4015b1f6cd921f2600ac19e7f114fce2bd72e22b29b853ab537f5e855e9d0758,"{""sasb_builder"": 236}",0,0,0,0,{},0.0,"{""common_neighbor_bin_l1"": 0.0, ""degree_product_bin_l1"": 0.0, ""is_boundary_edge_l1"": 0.0, ""is_bridge_edge_l1"": 0.0, ""is_inter_community_edge_l1"": 0.0, ""is_low_common_neighbor_edge_l1"": 0.0, ""mean_l1"": 0.0}",1,32,32,294.5004598266317,0
realworld_completed,bio_celegans,SASB-candidate,sasb,SASB-structured,20260513,541,early,1.0,1.0,0.0,1,1,0,0.2671604938271605,0.26765432098765435,293,307,293--307,4,12,4,12,48,2,0.6666666666666666,1,0,3,32,"[""96"", ""53"", ""60"", ""51"", ""343"", ""62"", ""363"", ""85"", ""52"", ""373"", ""217"", ""220"", ""144"", ""145"", ""142"", ""143"", ""147"", ""82"", ""83"", ""118"", ""440"", ""109"", ""364"", ""398"", ""348"", ""404"", ""322"", ""304"", ""38"", ""21"", ""219"", ""293""]",9457075bf800c353537aa720f73f16764b6766443312e452585cb7cbf4ac8c80,"{""boundary"": 12, ""community_rep"": 5, ""degree_core"": 10, ""random_fill"": 5}","{""degree_3_4"": 4, ""degree_5_8"": 3, ""degree_9_plus"": 25}","{""0"": 1, ""1"": 6, ""2"": 1, ""3"": 9, ""4"": 7, ""5"": 3, ""6"": 1, ""7"": 2, ""8"": 1, ""9"": 1}",236,"{""backend"": ""evaluate_m19_theory_calibrated.candidate_features"", ""delta_mode"": ""none"", ""k_max"": 512, ""k_min"": 64, ""variant"": ""conservative""}",236,0.15902964959568733,1.0,1.0,0.00423728813559322,0.9915254237288136,"{""dp_17_64"": 0.0423728813559322, ""dp_257_plus"": 0.7838983050847458, ""dp_5_16"": 0.012711864406779662, ""dp_65_256"": 0.16101694915254236}","{""cn_0"": 0.9915254237288136, ""cn_2_3"": 0.00423728813559322, ""cn_4_8"": 0.00423728813559322}",0.029661016949152543,778.9830508474577,sasb_candidate_builder,61d0c2777098cabdf047044a007b3049789eaf2a458f7f2cdb796cc2a4db1fac,236,61d0c2777098cabdf047044a007b3049789eaf2a458f7f2cdb796cc2a4db1fac,"{""sasb_builder"": 236}",0,0,0,0,{},0.0,"{""common_neighbor_bin_l1"": 0.0, ""degree_product_bin_l1"": 0.0, ""is_boundary_edge_l1"": 0.0, ""is_bridge_edge_l1"": 0.0, ""is_inter_community_edge_l1"": 0.0, ""is_low_common_neighbor_edge_l1"": 0.0, ""mean_l1"": 0.0}",1,32,32,1038.0475561774401,0
realworld_completed,bio_celegans,SASB-candidate,sasb,SASB-structured,20260513,542,early,1.0,1.0,0.0,1,1,0,0.26765432098765435,0.26814814814814814,157,96,157--96,2,165,2,165,330,1,1.0,0,6,6,32,"[""96"", ""53"", ""60"", ""51"", ""343"", ""62"", ""363"", ""85"", ""52"", ""373"", ""217"", ""220"", ""144"", ""145"", ""142"", ""143"", ""147"", ""82"", ""83"", ""118"", ""440"", ""109"", ""364"", ""398"", ""348"", ""404"", ""322"", ""119"", ""316"", ""110"", ""150"", ""358""]",6f019c5b24a9aa4d23ed39a62455a64375514ddbc1f98f4f78de4fabaad38931,"{""boundary"": 12, ""community_rep"": 5, ""degree_core"": 10, ""random_fill"": 5}","{""degree_2"": 1, ""degree_3_4"": 3, ""degree_5_8"": 3, ""degree_9_plus"": 25}","{""0"": 1, ""1"": 9, ""2"": 1, ""3"": 9, ""4"": 5, ""5"": 3, ""6"": 1, ""7"": 1, ""8"": 1, ""9"": 1}",236,"{""backend"": ""evaluate_m19_theory_calibrated.candidate_features"", ""delta_mode"": ""none"", ""k_max"": 512, ""k_min"": 64, ""variant"": ""conservative""}",236,0.15913688469318948,1.0,1.0,0.00423728813559322,0.9957627118644068,"{""dp_17_64"": 0.038135593220338986, ""dp_257_plus"": 0.7838983050847458, ""dp_5_16"": 0.01694915254237288, ""dp_65_256"": 0.16101694915254236}","{""cn_0"": 0.9957627118644068, ""cn_4_8"": 0.00423728813559322}",0.0211864406779661,777.3516949152543,sasb_candidate_builder,220fb8bdae249a400918c6e47114317e0aab09e379411f3ed3cd0e58946cce3d,236,220fb8bdae249a400918c6e47114317e0aab09e379411f3ed3cd0e58946cce3d,"{""sasb_builder"": 236}",0,0,0,0,{},0.0,"{""common_neighbor_bin_l1"": 0.0, ""degree_product_bin_l1"": 0.0, ""is_boundary_edge_l1"": 0.0, ""is_bridge_edge_l1"": 0.0, ""is_inter_community_edge_l1"": 0.0, ""is_low_common_neighbor_edge_l1"": 0.0, ""mean_l1"": 0.0}",1,32,32,0.0,0
realworld_completed,bio_celegans,SASB-candidate,sasb,SASB-structured,20260513,543,early,1.0,1.0,0.0,1,1,0,0.26814814814814814,0.268641975308642,168,7,168--7,3,4,3,4,12,0,0.0,0,4,4,32,"[""96"", ""53"", ""60"", ""51"", ""343"", ""62"", ""363"", ""85"", ""52"", ""373"", ""217"", ""220"", ""144"", ""145"", ""142"", ""143"", ""147"", ""82"", ""83"", ""118"", ""440"", ""109"", ""364"", ""398"", ""348"", ""404"", ""322"", ""214"", ""25"", ""185"", ""277"", ""445""]",27a80789f16ff78f2164b4c5e919f5583569ee6ad2e1bfd3ca3243df6b03997d,"{""boundary"": 12, ""community_rep"": 5, ""degree_core"": 10, ""random_fill"": 5}","{""degree_2"": 1, ""degree_3_4"": 2, ""degree_5_8"": 4, ""degree_9_plus"": 25}","{""0"": 1, ""1"": 7, ""2"": 1, ""3"": 9, ""4"": 6, ""5"": 2, ""6"": 1, ""7"": 2, ""8"": 2, ""9"": 1}",236,"{""backend"": ""evaluate_m19_theory_calibrated.candidate_features"", ""delta_mode"": ""none"", ""k_max"": 512, ""k_min"": 64, ""variant"": ""conservative""}",236,0.1592442645074224,1.0,1.0,0.00423728813559322,0.9957627118644068,"{""dp_17_64"": 0.0423728813559322, ""dp_257_plus"": 0.7796610169491526, ""dp_5_16"": 0.01694915254237288, ""dp_65_256"": 0.16101694915254236}","{""cn_0"": 0.9957627118644068, ""cn_4_8"": 0.00423728813559322}",0.0211864406779661,772.9745762711865,sasb_candidate_builder,1e81f814277225236eedf29cbb0f3549c51791ae86c049d42cca96a3784b9146,236,1e81f814277225236eedf29cbb0f3549c51791ae86c049d42cca96a3784b9146,"{""sasb_builder"": 236}",0,0,0,0,{},0.0,"{""common_neighbor_bin_l1"": 0.0, ""degree_product_bin_l1"": 0.0, ""is_boundary_edge_l1"": 0.0, ""is_bridge_edge_l1"": 0.0, ""is_inter_community_edge_l1"": 0.0, ""is_low_common_neighbor_edge_l1"": 0.0, ""mean_l1"": 0.0}",1,32,32,0.0,0
realworld_completed,bio_celegans,SASB-candidate,sasb,SASB-structured,20260513,544,early,1.0,1.0,0.0,1,1,0,0.268641975308642,0.2691358024691358,360,362,360--362,2,5,2,5,10,1,1.0,0,8,8,32,"[""96"", ""53"", ""60"", ""51"", ""343"", ""62"", ""363"", ""85"", ""52"", ""373"", ""217"", ""220"", ""144"", ""145"", ""142"", ""143"", ""147"", ""82"", ""83"", ""118"", ""440"", ""109"", ""364"", ""398"", ""348"", ""404"", ""322"", ""164"", ""367"", ""153"", ""210"", ""372""]",d7f8380ae386b58d59459516e82d092babc80c016cb4a1173267a2e1298e2d83,"{""boundary"": 12, ""community_rep"": 5, ""degree_core"": 10, ""random_fill"": 5}","{""degree_3_4"": 4, ""degree_5_8"": 3, ""degree_9_plus"": 25}","{""0"": 1, ""1"": 6, ""2"": 1, ""3"": 10, ""4"": 7, ""5"": 2, ""6"": 1, ""7"": 2, ""8"": 1, ""9"": 1}",236,"{""backend"": ""evaluate_m19_theory_calibrated.candidate_features"", ""delta_mode"": ""none"", ""k_max"": 512, ""k_min"": 64, ""variant"": ""conservative""}",236,0.15935178933153274,1.0,1.0,0.00423728813559322,0.9957627118644068,"{""dp_17_64"": 0.0423728813559322, ""dp_257_plus"": 0.7796610169491526, ""dp_5_16"": 0.01694915254237288, ""dp_65_256"": 0.16101694915254236}","{""cn_0"": 0.9915254237288136, ""cn_1"": 0.00423728813559322, ""cn_4_8"": 0.00423728813559322}",0.025423728813559324,772.9661016949152,sasb_candidate_builder,b3137ea226fb70c00008ab66c285d7aa643770bba962209fdbd946a84a7cf36e,236,b3137ea226fb70c00008ab66c285d7aa643770bba962209fdbd946a84a7cf36e,"{""sasb_builder"": 236}",0,0,0,0,{},0.0,"{""common_neighbor_bin_l1"": 0.0, ""degree_product_bin_l1"": 0.0, ""is_boundary_edge_l1"": 0.0, ""is_bridge_edge_l1"": 0.0, ""is_inter_community_edge_l1"": 0.0, ""is_low_common_neighbor_edge_l1"": 0.0, ""mean_l1"": 0.0}",1,32,32,296.7756696428571,0
realworld_completed,bio_celegans,SASB-candidate,sasb,SASB-structured,20260513,545,early,1.0,1.0,0.0,1,1,0,0.2691358024691358,0.2696296296296296,14,33,14--33,2,4,2,4,8,0,0.0,1,4,1,32,"[""96"", ""53"", ""60"", ""51"", ""343"", ""62"", ""363"", ""85"", ""52"", ""373"", ""217"", ""220"", ""144"", ""145"", ""142"", ""143"", ""147"", ""82"", ""83"", ""118"", ""440"", ""109"", ""364"", ""398"", ""348"", ""404"", ""322"", ""120"", ""278"", ""156"", ""331"", ""221""]",791bb3afd29d21d3aedc61139242e00282f4426c087eb12187c8df543a706022,"{""boundary"": 12, ""community_rep"": 5, ""degree_core"": 10, ""random_fill"": 5}","{""degree_0_1"": 1, ""degree_2"": 1, ""degree_3_4"": 1, ""degree_5_8"": 3, ""degree_9_plus"": 26}","{""0"": 1, ""1"": 7, ""2"": 2, ""3"": 9, ""4"": 5, ""5"": 3, ""6"": 1, ""7"": 1, ""8"": 1, ""9"": 2}",236,"{""backend"": ""evaluate_m19_theory_calibrated.candidate_features"", ""delta_mode"": ""none"", ""k_max"": 512, ""k_min"": 64, ""variant"": ""conservative""}",236,0.15945945945945947,1.0,1.0,0.00423728813559322,0.9957627118644068,"{""dp_17_64"": 0.0423728813559322, ""dp_257_plus"": 0.7796610169491526, ""dp_5_16"": 0.01694915254237288, ""dp_65_256"": 0.16101694915254236}","{""cn_0"": 0.9957627118644068, ""cn_4_8"": 0.00423728813559322}",0.0211864406779661,772.9110169491526,sasb_candidate_builder,f7398ef60e91d22b648bb3f31fec4af97807abee4c701c01a2556f6c2bc13a52,236,f7398ef60e91d22b648bb3f31fec4af97807abee4c701c01a2556f6c2bc13a52,"{""sasb_builder"": 236}",0,0,0,0,{},0.0,"{""common_neighbor_bin_l1"": 0.0, ""degree_product_bin_l1"": 0.0, ""is_boundary_edge_l1"": 0.0, ""is_bridge_edge_l1"": 0.0, ""is_inter_community_edge_l1"": 0.0, ""is_low_common_neighbor_edge_l1"": 0.0, ""mean_l1"": 0.0}",1,32,32,205.04230614782819,0
realworld_completed,bio_celegans,SASB-candidate,sasb,SASB-structured,20260513,546,early,1.0,1.0,0.0,1,1,0,0.2696296296296296,0.27012345679012345,126,324,126--324,3,4,3,4,12,0,0.0,1,1,4,32,"[""96"", ""53"", ""60"", ""51"", ""343"", ""62"", ""363"", ""85"", ""52"", ""373"", ""217"", ""220"", ""144"", ""145"", ""142"", ""143"", ""147"", ""82"", ""83"", ""118"", ""440"", ""109"", ""364"", ""398"", ""348"", ""404"", ""322"", ""86"", ""22"", ""153"", ""275"", ""407""]",0f35e78c42aa99758c495835231a41017e27941d4416cbcc6bf0606b321107fd,"{""boundary"": 12, ""community_rep"": 5, ""degree_core"": 10, ""random_fill"": 5}","{""degree_3_4"": 5, ""degree_5_8"": 2, ""degree_9_plus"": 25}","{""0"": 1, ""1"": 7, ""2"": 1, ""3"": 11, ""4"": 5, ""5"": 3, ""6"": 1, ""7"": 1, ""8"": 1, ""9"": 1}",236,"{""backend"": ""evaluate_m19_theory_calibrated.candidate_features"", ""delta_mode"": ""none"", ""k_max"": 512, ""k_min"": 64, ""variant"": ""conservative""}",236,0.15956727518593644,1.0,1.0,0.00423728813559322,0.9957627118644068,"{""dp_17_64"": 0.0423728813559322, ""dp_257_plus"": 0.7796610169491526, ""dp_5_16"": 0.01694915254237288, ""dp_65_256"": 0.16101694915254236}","{""cn_0"": 0.9957627118644068, ""cn_4_8"": 0.00423728813559322}",0.0211864406779661,772.9279661016949,sasb_candidate_builder,58c323205abb107a122a72567e7d6d6e887271a70d41393450dc5735c4f8efe5,236,58c323205abb107a122a72567e7d6d6e887271a70d41393450dc5735c4f8efe5,"{""sasb_builder"": 236}",0,0,0,0,{},0.0,"{""common_neighbor_bin_l1"": 0.0, ""degree_product_bin_l1"": 0.0, ""is_boundary_edge_l1"": 0.0, ""is_bridge_edge_l1"": 0.0, ""is_inter_community_edge_l1"": 0.0, ""is_low_common_neighbor_edge_l1"": 0.0, ""mean_l1"": 0.0}",1,32,32,76.39745280523202,0
realworld_completed,bio_celegans,SASB-candidate,sasb,SASB-structured,20260513,547,early,1.0,1.0,0.0,1,1,0,0.27012345679012345,0.2706172839506173,298,300,298--300,4,8,4,8,32,3,1.0,1,3,4,32,"[""96"", ""53"", ""60"", ""51"", ""343"", ""62"", ""363"", ""85"", ""52"", ""373"", ""217"", ""220"", ""144"", ""145"", ""142"", ""143"", ""147"", ""82"", ""83"", ""118"", ""440"", ""109"", ""364"", ""398"", ""348"", ""404"", ""322"", ""149"", ""64"", ""74"", ""201"", ""263""]",a260ce9b7de34554a1a1243d0a02c1bdf5a2d6ca043aa401422623bf74900db2,"{""boundary"": 12, ""community_rep"": 5, ""degree_core"": 10, ""random_fill"": 5}","{""degree_3_4"": 1, ""degree_5_8"": 5, ""degree_9_plus"": 26}","{""0"": 1, ""1"": 8, ""2"": 1, ""3"": 9, ""4"": 5, ""5"": 3, ""6"": 1, ""7"": 1, ""8"": 1, ""9"": 2}",236,"{""backend"": ""evaluate_m19_theory_calibrated.candidate_features"", ""delta_mode"": ""none"", ""k_max"": 512, ""k_min"": 64, ""variant"": ""conservative""}",236,0.15967523680649526,1.0,1.0,0.00423728813559322,0.9915254237288136,"{""dp_17_64"": 0.046610169491525424, ""dp_257_plus"": 0.7796610169491526, ""dp_5_16"": 0.012711864406779662, ""dp_65_256"": 0.16101694915254236}","{""cn_0"": 0.9915254237288136, ""cn_2_3"": 0.00423728813559322, ""cn_4_8"": 0.00423728813559322}",0.03389830508474576,773.0127118644068,sasb_candidate_builder,aba3aec2be11140543436ca60260c2ab85f999eb9928bb3fc233e1bc0ad320e4,236,aba3aec2be11140543436ca60260c2ab85f999eb9928bb3fc233e1bc0ad320e4,"{""sasb_builder"": 236}",0,0,0,0,{},0.0,"{""common_neighbor_bin_l1"": 0.0, ""degree_product_bin_l1"": 0.0, ""is_boundary_edge_l1"": 0.0, ""is_bridge_edge_l1"": 0.0, ""is_inter_community_edge_l1"": 0.0, ""is_low_common_neighbor_edge_l1"": 0.0, ""mean_l1"": 0.0}",1,32,32,64.21877918742216,0
realworld_completed,bio_celegans,SASB-candidate,sasb,SASB-structured,20260513,548,early,1.0,1.0,0.0,1,1,0,0.2706172839506173,0.27111111111111114,197,440,197--440,6,22,6,22,132,2,0.4,1,4,1,32,"[""96"", ""53"", ""60"", ""51"", ""343"", ""62"", ""363"", ""85"", ""52"", ""373"", ""217"", ""220"", ""144"", ""145"", ""142"", ""143"", ""147"", ""82"", ""83"", ""118"", ""440"", ""109"", ""364"", ""398"", ""348"", ""404"", ""322"", ""252"", ""5"", ""128"", ""199"", ""27""]",4e9b117223be4e40a4731ab90e1c44be38bf2c6e3d9bfb070c72d01b90371431,"{""boundary"": 12, ""community_rep"": 5, ""degree_core"": 10, ""random_fill"": 5}","{""degree_2"": 2, ""degree_3_4"": 4, ""degree_5_8"": 1, ""degree_9_plus"": 25}","{""0"": 1, ""1"": 7, ""2"": 1, ""3"": 9, ""4"": 7, ""5"": 2, ""6"": 2, ""7"": 1, ""8"": 1, ""9"": 1}",236,"{""backend"": ""evaluate_m19_theory_calibrated.candidate_features"", ""delta_mode"": ""none"", ""k_max"": 512, ""k_min"": 64, ""variant"": ""conservative""}",236,0.15978334461746785,1.0,1.0,0.00423728813559322,0.9915254237288136,"{""dp_17_64"": 0.0423728813559322, ""dp_257_plus"": 0.7796610169491526, ""dp_5_16"": 0.012711864406779662, ""dp_65_256"": 0.1652542372881356}","{""cn_0"": 0.9915254237288136, ""cn_2_3"": 0.00423728813559322, ""cn_4_8"": 0.00423728813559322}",0.029661016949152543,772.4915254237288,sasb_candidate_builder,570a1afda67583dbd98e1626e20b23dc5971504b1a396334cc703480e1340e71,236,570a1afda67583dbd98e1626e20b23dc5971504b1a396334cc703480e1340e71,"{""sasb_builder"": 236}",0,0,0,0,{},0.0,"{""common_neighbor_bin_l1"": 0.0, ""degree_product_bin_l1"": 0.0, ""is_boundary_edge_l1"": 0.0, ""is_bridge_edge_l1"": 0.0, ""is_inter_community_edge_l1"": 0.0, ""is_low_common_neighbor_edge_l1"": 0.0, ""mean_l1"": 0.0}",1,32,32,638.7453661822487,0
realworld_completed,bio_celegans,SASB-candidate,sasb,SASB-structured,20260513,549,early,1.0,1.0,0.0,1,1,0,0.27111111111111114,0.2716049382716049,328,440,328--440,8,21,8,21,168,1,0.14285714285714285,1,4,1,32,"[""96"", ""53"", ""60"", ""51"", ""343"", ""62"", ""363"", ""85"", ""52"", ""373"", ""217"", ""220"", ""144"", ""145"", ""142"", ""143"", ""147"", ""82"", ""83"", ""118"", ""440"", ""109"", ""364"", ""398"", ""348"", ""404"", ""322"", ""132"", ""305"", ""28"", ""119"", ""140""]",e971c470cc6bc96507ae8a615ab117b0537a5db51870ea822b87267d0012a937,"{""boundary"": 12, ""community_rep"": 5, ""degree_core"": 10, ""random_fill"": 5}","{""degree_3_4"": 3, ""degree_5_8"": 4, ""degree_9_plus"": 25}","{""0"": 1, ""1"": 9, ""2"": 1, ""3"": 9, ""4"": 5, ""5"": 2, ""6"": 2, ""7"": 1, ""8"": 1, ""9"": 1}",235,"{""backend"": ""evaluate_m19_theory_calibrated.candidate_features"", ""delta_mode"": ""none"", ""k_max"": 512, ""k_min"": 64, ""variant"": ""conservative""}",235,0.15921409214092141,1.0,1.0,0.00425531914893617,0.9957446808510638,"{""dp_17_64"": 0.03829787234042553, ""dp_257_plus"": 0.7829787234042553, ""dp_5_16"": 0.01276595744680851, ""dp_65_256"": 0.16595744680851063}","{""cn_0"": 0.9914893617021276, ""cn_1"": 0.00425531914893617, ""cn_4_8"": 0.00425531914893617}",0.02553191489361702,774.8851063829787,sasb_candidate_builder,10a180ff6691c7a8362b4da74f03f8bb4af1d0d4fad57120c013fe24f75dbc82,235,10a180ff6691c7a8362b4da74f03f8bb4af1d0d4fad57120c013fe24f75dbc82,"{""sasb_builder"": 235}",0,0,0,0,{},0.0,"{""common_neighbor_bin_l1"": 0.0, ""degree_product_bin_l1"": 0.0, ""is_boundary_edge_l1"": 0.0, ""is_bridge_edge_l1"": 0.0, ""is_inter_community_edge_l1"": 0.0, ""is_low_common_neighbor_edge_l1"": 0.0, ""mean_l1"": 0.0}",1,32,32,247.6342801352582,0
realworld_completed,bio_celegans,SASB-candidate,sasb,SASB-structured,20260513,550,early,1.0,1.0,0.0,1,1,0,0.2716049382716049,0.27209876543209877,268,332,268--332,2,5,2,5,10,0,0.0,1,4,3,32,"[""96"", ""53"", ""60"", ""51"", ""343"", ""62"", ""363"", ""85"", ""307"", ""52"", ""373"", ""217"", ""144"", ""145"", ""142"", ""143"", ""147"", ""220"", ""82"", ""83"", ""118"", ""440"", ""364"", ""398"", ""404"", ""428"", ""392"", ""106"", ""429"", ""371"", ""261"", ""192""]",55b65f8cf321bd981fd7b916e449aca8ca127c103c8d1d32f5c239004e1f3bb1,"{""boundary"": 12, ""community_rep"": 3, ""degree_core"": 10, ""random_fill"": 7}","{""degree_3_4"": 4, ""degree_5_8"": 4, ""degree_9_plus"": 24}","{""0"": 4, ""1"": 7, ""2"": 1, ""3"": 7, ""4"": 7, ""5"": 2, ""6"": 1, ""7"": 2, ""8"": 1}",235,"{""backend"": ""evaluate_m19_theory_calibrated.candidate_features"", ""delta_mode"": ""none"", ""k_max"": 512, ""k_min"": 64, ""variant"": ""conservative""}",235,0.15932203389830507,1.0,1.0,0.00425531914893617,0.9872340425531915,"{""dp_17_64"": 0.05531914893617021, ""dp_257_plus"": 0.7404255319148936, ""dp_5_16"": 0.03829787234042553, ""dp_65_256"": 0.16595744680851063}","{""cn_0"": 0.9829787234042553, ""cn_1"": 0.00425531914893617, ""cn_2_3"": 0.00851063829787234, ""cn_4_8"": 0.00425531914893617}",0.04680851063829787,736.9446808510638,sasb_candidate_builder,3ac4e0be22538121fb5f785046a45202ebcb1c81e20ccedd0333c3015fef6f37,235,3ac4e0be22538121fb5f785046a45202ebcb1c81e20ccedd0333c3015fef6f37,"{""sasb_builder"": 235}",0,0,0,0,{},0.0,"{""common_neighbor_bin_l1"": 0.0, ""degree_product_bin_l1"": 0.0, ""is_boundary_edge_l1"": 0.0, ""is_bridge_edge_l1"": 0.0, ""is_inter_community_edge_l1"": 0.0, ""is_low_common_neighbor_edge_l1"": 0.0, ""mean_l1"": 0.0}",1,32,32,268.33447646103895,0
realworld_completed,bio_celegans,SASB-candidate,sasb,SASB-structured,20260513,551,early,1.0,1.0,0.0,1,1,0,0.27209876543209877,0.2725925925925926,44,47,44--47,4,4,4,4,16,0,0.0,1,1,0,32,"[""96"", ""53"", ""60"", ""51"", ""343"", ""62"", ""363"", ""85"", ""307"", ""52"", ""373"", ""217"", ""144"", ""145"", ""142"", ""143"", ""147"", ""220"", ""82"", ""83"", ""118"", ""440"", ""364"", ""398"", ""404"", ""309"", ""122"", ""180"", ""444"", ""429"", ""310"", ""196""]",db1378f9aaf2c3e84c6d37f06df778e399a5180acfdfdadec07c30fa17038336,"{""boundary"": 12, ""community_rep"": 3, ""degree_core"": 10, ""random_fill"": 7}","{""degree_2"": 1, ""degree_3_4"": 5, ""degree_5_8"": 2, ""degree_9_plus"": 24}","{""0"": 2, ""1"": 6, ""2"": 3, ""3"": 9, ""4"": 7, ""5"": 2, ""6"": 1, ""7"": 1, ""8"": 1}",235,"{""backend"": ""evaluate_m19_theory_calibrated.candidate_features"", ""delta_mode"": ""none"", ""k_max"": 512, ""k_min"": 64, ""variant"": ""conservative""}",235,0.15943012211668928,1.0,1.0,0.00425531914893617,0.9914893617021276,"{""dp_17_64"": 0.05106382978723404, ""dp_257_plus"": 0.7404255319148936, ""dp_5_16"": 0.0425531914893617, ""dp_65_256"": 0.16595744680851063}","{""cn_0"": 0.9829787234042553, ""cn_1"": 0.00851063829787234, ""cn_2_3"": 0.00425531914893617, ""cn_4_8"": 0.00425531914893617}",0.03829787234042553,736.8212765957447,sasb_candidate_builder,2b13636a94e51c03a6f829a13c7f9c2ede3c7e8c188b2abc49d57c764f930169,235,2b13636a94e51c03a6f829a13c7f9c2ede3c7e8c188b2abc49d57c764f930169,"{""sasb_builder"": 235}",0,0,0,0,{},0.0,"{""common_neighbor_bin_l1"": 0.0, ""degree_product_bin_l1"": 0.0, ""is_boundary_edge_l1"": 0.0, ""is_bridge_edge_l1"": 0.0, ""is_inter_community_edge_l1"": 0.0, ""is_low_common_neighbor_edge_l1"": 0.0, ""mean_l1"": 0.0}",1,32,32,241.3201331489262,0
realworld_completed,bio_celegans,SASB-candidate,sasb,SASB-structured,20260513,552,early,1.0,1.0,0.0,1,1,0,0.2725925925925926,0.2730864197530864,122,147,122--147,2,32,2,32,64,1,1.0,1,0,3,32,"[""96"", ""53"", ""60"", ""51"", ""343"", ""62"", ""363"", ""85"", ""307"", ""52"", ""373"", ""217"", ""144"", ""145"", ""142"", ""143"", ""147"", ""220"", ""82"", ""83"", ""118"", ""440"", ""364"", ""398"", ""404"", ""58"", ""411"", ""171"", ""399"", ""365"", ""111"", ""210""]",8163a72e6b4233f9d4486f97d1d780339c3fa0e5d624a0553905228405c84967,"{""boundary"": 12, ""community_rep"": 3, ""degree_core"": 10, ""random_fill"": 7}","{""degree_3_4"": 5, ""degree_5_8"": 2, ""degree_9_plus"": 25}","{""0"": 3, ""1"": 6, ""2"": 2, ""3"": 9, ""4"": 6, ""5"": 2, ""6"": 2, ""7"": 1, ""8"": 1}",235,"{""backend"": ""evaluate_m19_theory_calibrated.candidate_features"", ""delta_mode"": ""none"", ""k_max"": 512, ""k_min"": 64, ""variant"": ""conservative""}",235,0.15953835709436523,1.0,1.0,0.00425531914893617,0.9914893617021276,"{""dp_17_64"": 0.05531914893617021, ""dp_257_plus"": 0.7404255319148936, ""dp_5_16"": 0.03829787234042553, ""dp_65_256"": 0.16595744680851063}","{""cn_0"": 0.9787234042553191, ""cn_1"": 0.01276595744680851, ""cn_2_3"": 0.00425531914893617, ""cn_4_8"": 0.00425531914893617}",0.0425531914893617,737.0255319148936,sasb_candidate_builder,cce5a2d318f95ac8d17ae918dc41dbfc5ff1f1bcdda29ac32a3191757dd53ed8,235,cce5a2d318f95ac8d17ae918dc41dbfc5ff1f1bcdda29ac32a3191757dd53ed8,"{""sasb_builder"": 235}",0,0,0,0,{},0.0,"{""common_neighbor_bin_l1"": 0.0, ""degree_product_bin_l1"": 0.0, ""is_boundary_edge_l1"": 0.0, ""is_bridge_edge_l1"": 0.0, ""is_inter_community_edge_l1"": 0.0, ""is_low_common_neighbor_edge_l1"": 0.0, ""mean_l1"": 0.0}",1,32,32,279.74226325145435,0
realworld_completed,bio_celegans,SASB-candidate,sasb,SASB-structured,20260513,553,early,1.0,1.0,0.0,1,1,0,0.2730864197530864,0.27358024691358024,147,392,147--392,31,4,4,31,124,0,0.0,1,3,5,32,"[""96"", ""53"", ""60"", ""51"", ""343"", ""62"", ""363"", ""85"", ""307"", ""52"", ""373"", ""217"", ""144"", ""145"", ""142"", ""143"", ""147"", ""220"", ""82"", ""83"", ""118"", ""440"", ""364"", ""398"", ""404"", ""384"", ""196"", ""313"", ""199"", ""107"", ""228"", ""244""]",f697aa6bdffb1a872d46fb9d8e057696dc3519843c8571211d7a4ec0c7392ecf,"{""boundary"": 12, ""community_rep"": 3, ""degree_core"": 10, ""random_fill"": 7}","{""degree_2"": 1, ""degree_3_4"": 3, ""degree_5_8"": 4, ""degree_9_plus"": 24}","{""0"": 1, ""1"": 8, ""2"": 1, ""3"": 10, ""4"": 7, ""5"": 2, ""6"": 1, ""7"": 1, ""8"": 1}",235,"{""backend"": ""evaluate_m19_theory_calibrated.candidate_features"", ""delta_mode"": ""none"", ""k_max"": 512, ""k_min"": 64, ""variant"": ""conservative""}",235,0.15964673913043478,1.0,1.0,0.00425531914893617,0.9914893617021276,"{""dp_17_64"": 0.05106382978723404, ""dp_257_plus"": 0.7404255319148936, ""dp_5_16"": 0.03829787234042553, ""dp_65_256"": 0.1702127659574468}","{""cn_0"": 0.9829787234042553, ""cn_1"": 0.00851063829787234, ""cn_2_3"": 0.00425531914893617, ""cn_4_8"": 0.00425531914893617}",0.03829787234042553,737.2808510638298,sasb_candidate_builder,c193e5e97296ae9d9d5bcf211d1f773553ab397d09035577ab63dc589af33add,235,c193e5e97296ae9d9d5bcf211d1f773553ab397d09035577ab63dc589af33add,"{""sasb_builder"": 235}",0,0,0,0,{},0.0,"{""common_neighbor_bin_l1"": 0.0, ""degree_product_bin_l1"": 0.0, ""is_boundary_edge_l1"": 0.0, ""is_bridge_edge_l1"": 0.0, ""is_inter_community_edge_l1"": 0.0, ""is_low_common_neighbor_edge_l1"": 0.0, ""mean_l1"": 0.0}",1,32,32,409.0908189051202,0
realworld_completed,bio_celegans,SASB-candidate,sasb,SASB-structured,20260513,554,early,1.0,1.0,0.0,1,1,0,0.27358024691358024,0.2740740740740741,11,188,11--188,7,2,2,7,14,0,0.0,1,1,0,32,"[""96"", ""53"", ""60"", ""51"", ""343"", ""62"", ""363"", ""85"", ""307"", ""52"", ""373"", ""217"", ""144"", ""145"", ""142"", ""143"", ""147"", ""220"", ""82"", ""83"", ""118"", ""440"", ""364"", ""398"", ""404"", ""47"", ""381"", ""162"", ""351"", ""273"", ""164"", ""370""]",f233f661f1290dc10c3ee10bbff501869f6792a3e25ece96d9258d6de4ab5bbd,"{""boundary"": 12, ""community_rep"": 3, ""degree_core"": 10, ""random_fill"": 7}","{""degree_2"": 1, ""degree_3_4"": 6, ""degree_5_8"": 1, ""degree_9_plus"": 24}","{""0"": 4, ""1"": 7, ""2"": 2, ""3"": 7, ""4"": 6, ""5"": 3, ""6"": 1, ""7"": 1, ""8"": 1}",235,"{""backend"": ""evaluate_m19_theory_calibrated.candidate_features"", ""delta_mode"": ""none"", ""k_max"": 512, ""k_min"": 64, ""variant"": ""conservative""}",235,0.15975526852481306,1.0,1.0,0.00425531914893617,0.9914893617021276,"{""dp_17_64"": 0.05531914893617021, ""dp_257_plus"": 0.7404255319148936, ""dp_5_16"": 0.03829787234042553, ""dp_65_256"": 0.16595744680851063}","{""cn_0"": 0.9787234042553191, ""cn_1"": 0.01276595744680851, ""cn_2_3"": 0.00425531914893617, ""cn_4_8"": 0.00425531914893617}",0.0425531914893617,736.8808510638298,sasb_candidate_builder,d43535ec0f69fcfddcc58b7c28aee0a156a9a71dc298f8f49b288ff787fd19f8,235,d43535ec0f69fcfddcc58b7c28aee0a156a9a71dc298f8f49b288ff787fd19f8,"{""sasb_builder"": 235}",0,0,0,0,{},0.0,"{""common_neighbor_bin_l1"": 0.0, ""degree_product_bin_l1"": 0.0, ""is_boundary_edge_l1"": 0.0, ""is_bridge_edge_l1"": 0.0, ""is_inter_community_edge_l1"": 0.0, ""is_low_common_neighbor_edge_l1"": 0.0, ""mean_l1"": 0.0}",1,32,32,137.4420318743756,0
realworld_completed,bio_celegans,SASB-candidate,sasb,SASB-structured,20260513,555,early,1.0,1.0,0.0,1,1,0,0.2740740740740741,0.2745679012345679,218,295,218--295,3,10,3,10,30,1,0.5,1,0,3,32,"[""96"", ""53"", ""60"", ""51"", ""343"", ""62"", ""363"", ""85"", ""307"", ""52"", ""373"", ""217"", ""144"", ""145"", ""142"", ""143"", ""147"", ""220"", ""82"", ""83"", ""118"", ""440"", ""364"", ""398"", ""404"", ""402"", ""11"", ""136"", ""355"", ""14"", ""133"", ""387""]",476261152bbacc3ffe117e589c298d5418cf2b8ddf6a4dfea31a51ec6cc1ad98,"{""boundary"": 12, ""community_rep"": 3, ""degree_core"": 10, ""random_fill"": 7}","{""degree_0_1"": 2, ""degree_3_4"": 5, ""degree_5_8"": 1, ""degree_9_plus"": 24}","{""0"": 4, ""1"": 7, ""2"": 1, ""3"": 8, ""4"": 6, ""5"": 3, ""6"": 1, ""7"": 1, ""8"": 1}",235,"{""backend"": ""evaluate_m19_theory_calibrated.candidate_features"", ""delta_mode"": ""none"", ""k_max"": 512, ""k_min"": 64, ""variant"": ""conservative""}",235,0.1598639455782313,1.0,1.0,0.00425531914893617,0.9914893617021276,"{""dp_17_64"": 0.05531914893617021, ""dp_257_plus"": 0.7446808510638298, ""dp_5_16"": 0.03404255319148936, ""dp_65_256"": 0.16595744680851063}","{""cn_0"": 0.9787234042553191, ""cn_1"": 0.01276595744680851, ""cn_2_3"": 0.00425531914893617, ""cn_4_8"": 0.00425531914893617}",0.0425531914893617,737.9191489361702,sasb_candidate_builder,be1a966241026ae104089ad0b8ee173b34c5e29d9ac2cd5828dcf331d4c11e68,235,be1a966241026ae104089ad0b8ee173b34c5e29d9ac2cd5828dcf331d4c11e68,"{""sasb_builder"": 235}",0,0,0,0,{},0.0,"{""common_neighbor_bin_l1"": 0.0, ""degree_product_bin_l1"": 0.0, ""is_boundary_edge_l1"": 0.0, ""is_bridge_edge_l1"": 0.0, ""is_inter_community_edge_l1"": 0.0, ""is_low_common_neighbor_edge_l1"": 0.0, ""mean_l1"": 0.0}",1,32,32,119.15896551365299,0
realworld_completed,bio_celegans,SASB-candidate,sasb,SASB-structured,20260513,556,early,1.0,1.0,0.0,1,1,0,0.2745679012345679,0.2750617283950617,18,23,18--23,2,3,2,3,6,0,0.0,1,0,1,32,"[""96"", ""53"", ""60"", ""51"", ""343"", ""62"", ""363"", ""85"", ""307"", ""52"", ""373"", ""217"", ""144"", ""145"", ""142"", ""143"", ""147"", ""220"", ""82"", ""83"", ""118"", ""440"", ""364"", ""398"", ""404"", ""146"", ""185"", ""47"", ""246"", ""294"", ""356"", ""244""]",513ccb0b7e006303859e6233a22a783fcec83b2d3aa5781a3814bea3cf2c78a3,"{""boundary"": 12, ""community_rep"": 3, ""degree_core"": 10, ""random_fill"": 7}","{""degree_2"": 3, ""degree_3_4"": 3, ""degree_5_8"": 2, ""degree_9_plus"": 24}","{""0"": 2, ""1"": 6, ""2"": 2, ""3"": 10, ""4"": 6, ""5"": 2, ""6"": 2, ""7"": 1, ""8"": 1}",235,"{""backend"": ""evaluate_m19_theory_calibrated.candidate_features"", ""delta_mode"": ""none"", ""k_max"": 512, ""k_min"": 64, ""variant"": ""conservative""}",235,0.15997277059223963,1.0,1.0,0.00425531914893617,0.9914893617021276,"{""dp_17_64"": 0.05106382978723404, ""dp_257_plus"": 0.7446808510638298, ""dp_5_16"": 0.03404255319148936, ""dp_65_256"": 0.1702127659574468}","{""cn_0"": 0.9829787234042553, ""cn_1"": 0.00851063829787234, ""cn_2_3"": 0.00425531914893617, ""cn_4_8"": 0.00425531914893617}",0.03829787234042553,737.9489361702127,sasb_candidate_builder,008bc675698c6c265a6db31de83e0dd8ed10093c4ad6a55bc99c55f29f7f454c,235,008bc675698c6c265a6db31de83e0dd8ed10093c4ad6a55bc99c55f29f7f454c,"{""sasb_builder"": 235}",0,0,0,0,{},0.0,"{""common_neighbor_bin_l1"": 0.0, ""degree_product_bin_l1"": 0.0, ""is_boundary_edge_l1"": 0.0, ""is_bridge_edge_l1"": 0.0, ""is_inter_community_edge_l1"": 0.0, ""is_low_common_neighbor_edge_l1"": 0.0, ""mean_l1"": 0.0}",1,32,32,83.20402419271903,0
realworld_completed,bio_celegans,SASB-candidate,sasb,SASB-structured,20260513,557,early,1.0,1.0,0.0,1,1,0,0.2750617283950617,0.27555555555555555,129,142,129--142,5,36,5,36,180,1,0.25,1,4,1,32,"[""96"", ""53"", ""60"", ""51"", ""343"", ""62"", ""363"", ""85"", ""307"", ""52"", ""373"", ""217"", ""144"", ""145"", ""142"", ""143"", ""147"", ""220"", ""82"", ""83"", ""118"", ""440"", ""364"", ""398"", ""404"", ""126"", ""195"", ""148"", ""37"", ""183"", ""24"", ""55""]",8344c0debb3b570c70f5766c4d8f85224bb197b0dec82d7aa7eb261c95d69a64,"{""boundary"": 12, ""community_rep"": 3, ""degree_core"": 10, ""random_fill"": 7}","{""degree_2"": 2, ""degree_3_4"": 5, ""degree_5_8"": 1, ""degree_9_plus"": 24}","{""0"": 2, ""1"": 8, ""2"": 1, ""3"": 10, ""4"": 6, ""5"": 2, ""6"": 1, ""7"": 1, ""8"": 1}",235,"{""backend"": ""evaluate_m19_theory_calibrated.candidate_features"", ""delta_mode"": ""none"", ""k_max"": 512, ""k_min"": 64, ""variant"": ""conservative""}",235,0.1600817438692098,1.0,1.0,0.00425531914893617,0.9914893617021276,"{""dp_17_64"": 0.05106382978723404, ""dp_257_plus"": 0.7446808510638298, ""dp_5_16"": 0.029787234042553193, ""dp_65_256"": 0.17446808510638298}","{""cn_0"": 0.9787234042553191, ""cn_1"": 0.01276595744680851, ""cn_2_3"": 0.00425531914893617, ""cn_4_8"": 0.00425531914893617}",0.0425531914893617,738.6893617021277,sasb_candidate_builder,17f7dd43617872c6afe0705e4e5159a468b2118a4cb1de1695cdb41ad4d85699,235,17f7dd43617872c6afe0705e4e5159a468b2118a4cb1de1695cdb41ad4d85699,"{""sasb_builder"": 235}",0,0,0,0,{},0.0,"{""common_neighbor_bin_l1"": 0.0, ""degree_product_bin_l1"": 0.0, ""is_boundary_edge_l1"": 0.0, ""is_bridge_edge_l1"": 0.0, ""is_inter_community_edge_l1"": 0.0, ""is_low_common_neighbor_edge_l1"": 0.0, ""mean_l1"": 0.0}",1,32,32,478.90681836396476,0
realworld_completed,bio_celegans,SASB-candidate,sasb,SASB-structured,20260513,558,early,1.0,1.0,0.0,1,1,0,0.27555555555555555,0.2760493827160494,129,143,129--143,4,36,4,36,144,0,0.0,1,4,1,32,"[""96"", ""53"", ""60"", ""51"", ""343"", ""62"", ""363"", ""85"", ""307"", ""52"", ""373"", ""217"", ""144"", ""145"", ""143"", ""142"", ""147"", ""220"", ""82"", ""83"", ""118"", ""440"", ""364"", ""398"", ""404"", ""283"", ""353"", ""311"", ""198"", ""425"", ""13"", ""98""]",9fb43cd0449aa19ac573221c7056bc2a9ceca301e71b84e272cb754fcbc91fc5,"{""boundary"": 12, ""community_rep"": 3, ""degree_core"": 10, ""random_fill"": 7}","{""degree_2"": 2, ""degree_3_4"": 3, ""degree_5_8"": 2, ""degree_9_plus"": 25}","{""0"": 2, ""1"": 6, ""2"": 3, ""3"": 8, ""4"": 6, ""5"": 3, ""6"": 2, ""7"": 1, ""8"": 1}",235,"{""backend"": ""evaluate_m19_theory_calibrated.candidate_features"", ""delta_mode"": ""none"", ""k_max"": 512, ""k_min"": 64, ""variant"": ""conservative""}",235,0.1601908657123381,1.0,1.0,0.00425531914893617,0.9914893617021276,"{""dp_17_64"": 0.05106382978723404, ""dp_257_plus"": 0.7446808510638298, ""dp_5_16"": 0.029787234042553193, ""dp_65_256"": 0.17446808510638298}","{""cn_0"": 0.9829787234042553, ""cn_1"": 0.00851063829787234, ""cn_2_3"": 0.00425531914893617, ""cn_4_8"": 0.00425531914893617}",0.03829787234042553,738.5361702127659,sasb_candidate_builder,8232950928258cc3e39bc4db9ae8a1d99f09741189ad499cad1f1584632134a7,235,8232950928258cc3e39bc4db9ae8a1d99f09741189ad499cad1f1584632134a7,"{""sasb_builder"": 235}",0,0,0,0,{},0.0,"{""common_neighbor_bin_l1"": 0.0, ""degree_product_bin_l1"": 0.0, ""is_boundary_edge_l1"": 0.0, ""is_bridge_edge_l1"": 0.0, ""is_inter_community_edge_l1"": 0.0, ""is_low_common_neighbor_edge_l1"": 0.0, ""mean_l1"": 0.0}",1,32,32,519.2888937755839,0
realworld_completed,bio_celegans,SASB-candidate,sasb,SASB-structured,20260513,559,early,1.0,1.0,0.0,1,1,0,0.2760493827160494,0.2765432098765432,144,448,144--448,43,6,6,43,258,2,0.4,1,1,4,32,"[""96"", ""53"", ""60"", ""51"", ""343"", ""62"", ""363"", ""85"", ""307"", ""52"", ""373"", ""217"", ""144"", ""145"", ""142"", ""143"", ""147"", ""220"", ""82"", ""83"", ""118"", ""440"", ""364"", ""398"", ""404"", ""391"", ""268"", ""160"", ""153"", ""140"", ""418"", ""47""]",143245c1fa6ed30d78ee8066e2c5549e6b8478812064aeb9c49c28e8f481605b,"{""boundary"": 12, ""community_rep"": 3, ""degree_core"": 10, ""random_fill"": 7}","{""degree_0_1"": 1, ""degree_3_4"": 4, ""degree_5_8"": 3, ""degree_9_plus"": 24}","{""0"": 3, ""1"": 6, ""2"": 2, ""3"": 9, ""4"": 6, ""5"": 2, ""6"": 1, ""7"": 2, ""8"": 1}",235,"{""backend"": ""evaluate_m19_theory_calibrated.candidate_features"", ""delta_mode"": ""none"", ""k_max"": 512, ""k_min"": 64, ""variant"": ""conservative""}",235,0.16030013642564803,1.0,1.0,0.00425531914893617,0.9872340425531915,"{""dp_17_64"": 0.05106382978723404, ""dp_257_plus"": 0.7489361702127659, ""dp_5_16"": 0.029787234042553193, ""dp_65_256"": 0.1702127659574468}","{""cn_0"": 0.9787234042553191, ""cn_1"": 0.00851063829787234, ""cn_2_3"": 0.00851063829787234, ""cn_4_8"": 0.00425531914893617}",0.04680851063829787,739.0212765957447,sasb_candidate_builder,96ce03874bf210da61f8f684f4089c02b621812710308298bb871bc8c58db63a,235,96ce03874bf210da61f8f684f4089c02b621812710308298bb871bc8c58db63a,"{""sasb_builder"": 235}",0,0,0,0,{},0.0,"{""common_neighbor_bin_l1"": 0.0, ""degree_product_bin_l1"": 0.0, ""is_boundary_edge_l1"": 0.0, ""is_bridge_edge_l1"": 0.0, ""is_inter_community_edge_l1"": 0.0, ""is_low_common_neighbor_edge_l1"": 0.0, ""mean_l1"": 0.0}",1,32,32,563.3270029800332,0
realworld_completed,bio_celegans,SASB-candidate,sasb,SASB-structured,20260513,560,early,1.0,1.0,0.0,1,1,0,0.2765432098765432,0.277037037037037,147,244,147--244,30,3,3,30,90,1,0.5,1,3,0,32,"[""96"", ""53"", ""60"", ""51"", ""343"", ""62"", ""363"", ""85"", ""52"", ""373"", ""217"", ""220"", ""145"", ""144"", ""142"", ""143"", ""147"", ""82"", ""83"", ""118"", ""440"", ""109"", ""364"", ""398"", ""97"", ""348"", ""404"", ""322"", ""279"", ""304"", ""377"", ""47""]",af6073d345b21ff8dbd6bf9208c89b085f32d17d47f37a291860b65105fbcf16,"{""boundary"": 12, ""community_rep"": 6, ""degree_core"": 10, ""random_fill"": 4}","{""degree_3_4"": 4, ""degree_5_8"": 2, ""degree_9_plus"": 26}","{""0"": 3, ""1"": 6, ""10"": 1, ""2"": 1, ""3"": 9, ""4"": 5, ""5"": 2, ""6"": 2, ""7"": 1, ""8"": 1, ""9"": 1}",235,"{""backend"": ""evaluate_m19_theory_calibrated.candidate_features"", ""delta_mode"": ""none"", ""k_max"": 512, ""k_min"": 64, ""variant"": ""conservative""}",235,0.16040955631399317,1.0,1.0,0.00425531914893617,1.0,"{""dp_17_64"": 0.05106382978723404, ""dp_257_plus"": 0.7659574468085106, ""dp_5_16"": 0.01276595744680851, ""dp_65_256"": 0.1702127659574468}","{""cn_0"": 0.9957446808510638, ""cn_1"": 0.00425531914893617}",0.00425531914893617,766.6808510638298,sasb_candidate_builder,f6d939b7af0092c308a3f87f2099cfd0595f54b45d945044c1795983c0ffd9d7,235,f6d939b7af0092c308a3f87f2099cfd0595f54b45d945044c1795983c0ffd9d7,"{""sasb_builder"": 235}",0,0,0,0,{},0.0,"{""common_neighbor_bin_l1"": 0.0, ""degree_product_bin_l1"": 0.0, ""is_boundary_edge_l1"": 0.0, ""is_bridge_edge_l1"": 0.0, ""is_inter_community_edge_l1"": 0.0, ""is_low_common_neighbor_edge_l1"": 0.0, ""mean_l1"": 0.0}",1,32,32,314.9131452818341,0
realworld_completed,bio_celegans,SASB-candidate,sasb,SASB-structured,20260513,561,early,1.0,1.0,0.0,1,1,0,0.277037037037037,0.27753086419753087,145,448,145--448,43,5,5,43,215,1,0.25,1,1,4,32,"[""96"", ""53"", ""60"", ""51"", ""343"", ""62"", ""363"", ""85"", ""52"", ""373"", ""217"", ""220"", ""145"", ""144"", ""142"", ""143"", ""147"", ""82"", ""83"", ""118"", ""440"", ""109"", ""364"", ""398"", ""97"", ""348"", ""404"", ""322"", ""159"", ""327"", ""95"", ""4""]",e698670096ec94689f4a9aa94ad41474856c8ae5ed73e3e5ddbc33282ec78a66,"{""boundary"": 12, ""community_rep"": 6, ""degree_core"": 10, ""random_fill"": 4}","{""degree_0_1"": 1, ""degree_3_4"": 2, ""degree_5_8"": 3, ""degree_9_plus"": 26}","{""0"": 1, ""1"": 7, ""10"": 1, ""2"": 1, ""3"": 8, ""4"": 7, ""5"": 2, ""6"": 1, ""7"": 1, ""8"": 1, ""9"": 2}",235,"{""backend"": ""evaluate_m19_theory_calibrated.candidate_features"", ""delta_mode"": ""none"", ""k_max"": 512, ""k_min"": 64, ""variant"": ""conservative""}",235,0.16051912568306012,1.0,1.0,0.00425531914893617,1.0,"{""dp_17_64"": 0.05106382978723404, ""dp_257_plus"": 0.7659574468085106, ""dp_5_16"": 0.01276595744680851, ""dp_65_256"": 0.1702127659574468}","{""cn_0"": 0.9957446808510638, ""cn_1"": 0.00425531914893617}",0.00425531914893617,767.2127659574468,sasb_candidate_builder,e0a145d6810ca17c9ba823d4c609d4430addf17e373535de55700b278e424406,235,e0a145d6810ca17c9ba823d4c609d4430addf17e373535de55700b278e424406,"{""sasb_builder"": 235}",0,0,0,0,{},0.0,"{""common_neighbor_bin_l1"": 0.0, ""degree_product_bin_l1"": 0.0, ""is_boundary_edge_l1"": 0.0, ""is_bridge_edge_l1"": 0.0, ""is_inter_community_edge_l1"": 0.0, ""is_low_common_neighbor_edge_l1"": 0.0, ""mean_l1"": 0.0}",1,32,32,671.1457551196055,0
realworld_completed,bio_celegans,SASB-candidate,sasb,SASB-structured,20260513,562,early,1.0,1.0,0.0,1,1,0,0.27753086419753087,0.2780246913580247,144,81,144--81,42,6,6,42,252,1,0.2,1,1,4,32,"[""96"", ""53"", ""60"", ""51"", ""343"", ""62"", ""363"", ""85"", ""52"", ""373"", ""217"", ""220"", ""144"", ""145"", ""142"", ""143"", ""147"", ""82"", ""83"", ""118"", ""440"", ""109"", ""364"", ""398"", ""97"", ""348"", ""404"", ""322"", ""226"", ""50"", ""78"", ""36""]",5026664a77a62d82e2a4c14ce0724f4afe36c6d4f9cedfd725ad21fc218b2773,"{""boundary"": 12, ""community_rep"": 6, ""degree_core"": 10, ""random_fill"": 4}","{""degree_3_4"": 3, ""degree_5_8"": 3, ""degree_9_plus"": 26}","{""0"": 2, ""1"": 6, ""10"": 1, ""2"": 1, ""3"": 10, ""4"": 5, ""5"": 2, ""6"": 1, ""7"": 2, ""8"": 1, ""9"": 1}",234,"{""backend"": ""evaluate_m19_theory_calibrated.candidate_features"", ""delta_mode"": ""none"", ""k_max"": 512, ""k_min"": 64, ""variant"": ""conservative""}",234,0.1599453178400547,1.0,1.0,0.004273504273504274,1.0,"{""dp_17_64"": 0.05128205128205128, ""dp_257_plus"": 0.7649572649572649, ""dp_5_16"": 0.01282051282051282, ""dp_65_256"": 0.17094017094017094}","{""cn_0"": 1.0}",0.0,769.5470085470085,sasb_candidate_builder,b8790a2f96e863e917638d0419242b263fbfe0da5e8e7ab209e2a77c0e3a1b59,234,b8790a2f96e863e917638d0419242b263fbfe0da5e8e7ab209e2a77c0e3a1b59,"{""sasb_builder"": 234}",0,0,0,0,{},0.0,"{""common_neighbor_bin_l1"": 0.0, ""degree_product_bin_l1"": 0.0, ""is_boundary_edge_l1"": 0.0, ""is_bridge_edge_l1"": 0.0, ""is_inter_community_edge_l1"": 0.0, ""is_low_common_neighbor_edge_l1"": 0.0, ""mean_l1"": 0.0}",1,32,32,0.0,0
realworld_completed,bio_celegans,SASB-candidate,sasb,SASB-structured,20260513,563,early,1.0,1.0,0.0,1,1,0,0.2780246913580247,0.2785185185185185,145,81,145--81,42,5,5,42,210,0,0.0,1,1,4,32,"[""96"", ""53"", ""60"", ""51"", ""343"", ""62"", ""363"", ""85"", ""52"", ""373"", ""217"", ""220"", ""145"", ""144"", ""142"", ""143"", ""147"", ""82"", ""83"", ""118"", ""440"", ""109"", ""364"", ""398"", ""97"", ""348"", ""404"", ""322"", ""39"", ""219"", ""390"", ""406""]",7ab06bfb6c2fcc06fe7367226452ce3b5a3a60fb6691727ad0a1f3246507846f,"{""boundary"": 12, ""community_rep"": 6, ""degree_core"": 10, ""random_fill"": 4}","{""degree_2"": 1, ""degree_3_4"": 2, ""degree_5_8"": 3, ""degree_9_plus"": 26}","{""0"": 1, ""1"": 6, ""10"": 1, ""2"": 1, ""3"": 9, ""4"": 7, ""5"": 3, ""6"": 1, ""7"": 1, ""8"": 1, ""9"": 1}",234,"{""backend"": ""evaluate_m19_theory_calibrated.candidate_features"", ""delta_mode"": ""none"", ""k_max"": 512, ""k_min"": 64, ""variant"": ""conservative""}",234,0.1600547195622435,1.0,1.0,0.004273504273504274,1.0,"{""dp_17_64"": 0.05128205128205128, ""dp_257_plus"": 0.7649572649572649, ""dp_5_16"": 0.017094017094017096, ""dp_65_256"": 0.16666666666666666}","{""cn_0"": 1.0}",0.0,768.3418803418804,sasb_candidate_builder,1a401f82aadf7282d7fb2ee5a6600f3a97a00b8d869c1f8bba2abe647466edbf,234,1a401f82aadf7282d7fb2ee5a6600f3a97a00b8d869c1f8bba2abe647466edbf,"{""sasb_builder"": 234}",0,0,0,0,{},0.0,"{""common_neighbor_bin_l1"": 0.0, ""degree_product_bin_l1"": 0.0, ""is_boundary_edge_l1"": 0.0, ""is_bridge_edge_l1"": 0.0, ""is_inter_community_edge_l1"": 0.0, ""is_low_common_neighbor_edge_l1"": 0.0, ""mean_l1"": 0.0}",1,32,32,0.0,0
realworld_completed,bio_celegans,SASB-candidate,sasb,SASB-structured,20260513,564,early,1.0,1.0,0.0,1,1,0,0.2785185185185185,0.27901234567901234,313,354,313--354,7,2,2,7,14,1,1.0,1,1,8,32,"[""96"", ""53"", ""60"", ""51"", ""343"", ""62"", ""363"", ""85"", ""52"", ""373"", ""217"", ""220"", ""144"", ""145"", ""142"", ""143"", ""147"", ""82"", ""83"", ""118"", ""440"", ""109"", ""364"", ""398"", ""97"", ""348"", ""404"", ""322"", ""157"", ""148"", ""393"", ""360""]",17b124e759e5da267b07ccd5b5d05ca7aaca5b894be2e1f2eba6ccf85566bd06,"{""boundary"": 12, ""community_rep"": 6, ""degree_core"": 10, ""random_fill"": 4}","{""degree_0_1"": 3, ""degree_2"": 1, ""degree_3_4"": 1, ""degree_5_8"": 1, ""degree_9_plus"": 26}","{""0"": 1, ""1"": 7, ""10"": 1, ""2"": 1, ""3"": 8, ""4"": 6, ""5"": 2, ""6"": 1, ""7"": 1, ""8"": 1, ""9"": 3}",234,"{""backend"": ""evaluate_m19_theory_calibrated.candidate_features"", ""delta_mode"": ""none"", ""k_max"": 512, ""k_min"": 64, ""variant"": ""conservative""}",234,0.1601642710472279,1.0,1.0,0.004273504273504274,1.0,"{""dp_17_64"": 0.05128205128205128, ""dp_257_plus"": 0.7649572649572649, ""dp_5_16"": 0.021367521367521368, ""dp_65_256"": 0.1623931623931624}","{""cn_0"": 0.9957264957264957, ""cn_1"": 0.004273504273504274}",0.004273504273504274,767.5042735042736,sasb_candidate_builder,4278d5b1bb6a4dab76dd2656cb5ae031dea17631dd14a8b75b3c2e18789c34c2,234,4278d5b1bb6a4dab76dd2656cb5ae031dea17631dd14a8b75b3c2e18789c34c2,"{""sasb_builder"": 234}",0,0,0,0,{},0.0,"{""common_neighbor_bin_l1"": 0.0, ""degree_product_bin_l1"": 0.0, ""is_boundary_edge_l1"": 0.0, ""is_bridge_edge_l1"": 0.0, ""is_inter_community_edge_l1"": 0.0, ""is_low_common_neighbor_edge_l1"": 0.0, ""mean_l1"": 0.0}",1,32,32,78.22022058823529,0
realworld_completed,bio_celegans,SASB-candidate,sasb,SASB-structured,20260513,565,early,1.0,1.0,0.0,1,1,0,0.27901234567901234,0.2795061728395062,227,376,227--376,5,5,5,5,25,1,0.25,1,3,7,32,"[""96"", ""53"", ""60"", ""51"", ""343"", ""62"", ""363"", ""85"", ""52"", ""373"", ""217"", ""220"", ""144"", ""145"", ""142"", ""143"", ""147"", ""82"", ""83"", ""118"", ""440"", ""109"", ""364"", ""398"", ""97"", ""348"", ""404"", ""322"", ""400"", ""242"", ""285"", ""59""]",7f042e3b8982249abe1eeb105b26e337ff558fecee4f1368919eccd9e79be008,"{""boundary"": 12, ""community_rep"": 6, ""degree_core"": 10, ""random_fill"": 4}","{""degree_3_4"": 3, ""degree_5_8"": 3, ""degree_9_plus"": 26}","{""0"": 2, ""1"": 6, ""10"": 1, ""2"": 1, ""3"": 8, ""4"": 6, ""5"": 2, ""6"": 1, ""7"": 1, ""8"": 3, ""9"": 1}",234,"{""backend"": ""evaluate_m19_theory_calibrated.candidate_features"", ""delta_mode"": ""none"", ""k_max"": 512, ""k_min"": 64, ""variant"": ""conservative""}",234,0.16027397260273973,1.0,1.0,0.004273504273504274,1.0,"{""dp_17_64"": 0.05555555555555555, ""dp_257_plus"": 0.7649572649572649, ""dp_5_16"": 0.017094017094017096, ""dp_65_256"": 0.1623931623931624}","{""cn_0"": 0.9957264957264957, ""cn_1"": 0.004273504273504274}",0.004273504273504274,766.8034188034188,sasb_candidate_builder,45efa8e51a75898da5da185daeccc383de11e57b8e32f0a7a4f5b8bfd3eed35d,234,45efa8e51a75898da5da185daeccc383de11e57b8e32f0a7a4f5b8bfd3eed35d,"{""sasb_builder"": 234}",0,0,0,0,{},0.0,"{""common_neighbor_bin_l1"": 0.0, ""degree_product_bin_l1"": 0.0, ""is_boundary_edge_l1"": 0.0, ""is_bridge_edge_l1"": 0.0, ""is_inter_community_edge_l1"": 0.0, ""is_low_common_neighbor_edge_l1"": 0.0, ""mean_l1"": 0.0}",1,32,32,42.46768865272154,0
realworld_completed,bio_celegans,SASB-candidate,sasb,SASB-structured,20260513,566,early,1.0,1.0,0.0,1,1,0,0.2795061728395062,0.28,177,51,177--51,5,79,5,79,395,1,0.25,1,5,3,32,"[""96"", ""53"", ""60"", ""51"", ""343"", ""62"", ""363"", ""85"", ""52"", ""373"", ""217"", ""220"", ""144"", ""145"", ""142"", ""143"", ""147"", ""82"", ""83"", ""118"", ""440"", ""109"", ""364"", ""398"", ""97"", ""348"", ""404"", ""322"", ""288"", ""396"", ""26"", ""351""]",f1d3d6fc2c2b918383c703b047ca4b08266ea3ecc079e30648975e8ff2939aeb,"{""boundary"": 12, ""community_rep"": 6, ""degree_core"": 10, ""random_fill"": 4}","{""degree_2"": 1, ""degree_3_4"": 4, ""degree_5_8"": 1, ""degree_9_plus"": 26}","{""0"": 2, ""1"": 7, ""10"": 1, ""2"": 1, ""3"": 8, ""4"": 7, ""5"": 2, ""6"": 1, ""7"": 1, ""8"": 1, ""9"": 1}",234,"{""backend"": ""evaluate_m19_theory_calibrated.candidate_features"", ""delta_mode"": ""none"", ""k_max"": 512, ""k_min"": 64, ""variant"": ""conservative""}",234,0.16038382453735436,0.9957264957264957,0.9957264957264957,0.004273504273504274,1.0,"{""dp_17_64"": 0.05128205128205128, ""dp_257_plus"": 0.7692307692307693, ""dp_5_16"": 0.017094017094017096, ""dp_65_256"": 0.1623931623931624}","{""cn_0"": 1.0}",0.0,771.8846153846154,sasb_candidate_builder,8990439dfb3d4a485f9e8f6676a6e9f4de28eb60a6b8ffd5cbc8f8a6ac54cee7,234,8990439dfb3d4a485f9e8f6676a6e9f4de28eb60a6b8ffd5cbc8f8a6ac54cee7,"{""sasb_builder"": 234}",0,0,0,0,{},0.0,"{""common_neighbor_bin_l1"": 0.0, ""degree_product_bin_l1"": 0.0, ""is_boundary_edge_l1"": 0.0, ""is_bridge_edge_l1"": 0.0, ""is_inter_community_edge_l1"": 0.0, ""is_low_common_neighbor_edge_l1"": 0.0, ""mean_l1"": 0.0}",1,32,32,0.0,0
realworld_completed,bio_celegans,SASB-candidate,sasb,SASB-structured,20260513,567,early,1.0,1.0,0.0,1,1,0,0.28,0.2804938271604938,106,107,106--107,4,7,4,7,28,0,0.0,1,0,3,32,"[""96"", ""53"", ""60"", ""51"", ""343"", ""62"", ""363"", ""85"", ""52"", ""373"", ""217"", ""220"", ""144"", ""145"", ""142"", ""143"", ""147"", ""82"", ""83"", ""118"", ""440"", ""109"", ""364"", ""398"", ""97"", ""348"", ""404"", ""322"", ""165"", ""20"", ""86"", ""30""]",8f9975d2006428669968c3ee81f4305da49c4755b43c9cdfac402a785143c4cd,"{""boundary"": 12, ""community_rep"": 6, ""degree_core"": 10, ""random_fill"": 4}","{""degree_3_4"": 4, ""degree_5_8"": 2, ""degree_9_plus"": 26}","{""0"": 1, ""1"": 8, ""10"": 1, ""2"": 1, ""3"": 10, ""4"": 5, ""5"": 2, ""6"": 1, ""7"": 1, ""8"": 1, ""9"": 1}",234,"{""backend"": ""evaluate_m19_theory_calibrated.candidate_features"", ""delta_mode"": ""none"", ""k_max"": 512, ""k_min"": 64, ""variant"": ""conservative""}",234,0.16049382716049382,0.9957264957264957,0.9957264957264957,0.004273504273504274,1.0,"{""dp_17_64"": 0.05555555555555555, ""dp_257_plus"": 0.7649572649572649, ""dp_5_16"": 0.017094017094017096, ""dp_65_256"": 0.1623931623931624}","{""cn_0"": 1.0}",0.0,768.5897435897435,sasb_candidate_builder,3e17448d9ef0a0783578f7d09622f17ce2eb104506235f8305ef4096bd096893,234,3e17448d9ef0a0783578f7d09622f17ce2eb104506235f8305ef4096bd096893,"{""sasb_builder"": 234}",0,0,0,0,{},0.0,"{""common_neighbor_bin_l1"": 0.0, ""degree_product_bin_l1"": 0.0, ""is_boundary_edge_l1"": 0.0, ""is_bridge_edge_l1"": 0.0, ""is_inter_community_edge_l1"": 0.0, ""is_low_common_neighbor_edge_l1"": 0.0, ""mean_l1"": 0.0}",1,32,32,115.13491063563083,0
realworld_completed,bio_celegans,SASB-candidate,sasb,SASB-structured,20260513,568,early,1.0,1.0,0.0,1,1,0,0.2804938271604938,0.28098765432098766,131,236,131--236,5,12,5,12,60,2,0.5,1,0,3,32,"[""96"", ""53"", ""60"", ""51"", ""343"", ""62"", ""363"", ""85"", ""52"", ""373"", ""217"", ""220"", ""144"", ""145"", ""142"", ""143"", ""147"", ""82"", ""83"", ""118"", ""440"", ""109"", ""364"", ""398"", ""97"", ""348"", ""404"", ""322"", ""35"", ""198"", ""29"", ""285""]",a91b74db2844c297d490871cc4832856801bb9c0d44da339a7c944119c57b8af,"{""boundary"": 12, ""community_rep"": 6, ""degree_core"": 10, ""random_fill"": 4}","{""degree_2"": 1, ""degree_3_4"": 3, ""degree_5_8"": 1, ""degree_9_plus"": 27}","{""0"": 1, ""1"": 6, ""10"": 1, ""2"": 1, ""3"": 9, ""4"": 5, ""5"": 3, ""6"": 1, ""7"": 1, ""8"": 2, ""9"": 2}",234,"{""backend"": ""evaluate_m19_theory_calibrated.candidate_features"", ""delta_mode"": ""none"", ""k_max"": 512, ""k_min"": 64, ""variant"": ""conservative""}",234,0.16060398078242966,0.9957264957264957,0.9957264957264957,0.004273504273504274,0.9957264957264957,"{""dp_17_64"": 0.05555555555555555, ""dp_257_plus"": 0.7649572649572649, ""dp_5_16"": 0.017094017094017096, ""dp_65_256"": 0.1623931623931624}","{""cn_0"": 0.9957264957264957, ""cn_2_3"": 0.004273504273504274}",0.008547008547008548,768.7264957264957,sasb_candidate_builder,fab8c1811cf368e58efc04fbd8c47516cdaabbca800e8142e628be5b0555ebf5,234,fab8c1811cf368e58efc04fbd8c47516cdaabbca800e8142e628be5b0555ebf5,"{""sasb_builder"": 234}",0,0,0,0,{},0.0,"{""common_neighbor_bin_l1"": 0.0, ""degree_product_bin_l1"": 0.0, ""is_boundary_edge_l1"": 0.0, ""is_bridge_edge_l1"": 0.0, ""is_inter_community_edge_l1"": 0.0, ""is_low_common_neighbor_edge_l1"": 0.0, ""mean_l1"": 0.0}",1,32,32,140.53589935847822,0
realworld_completed,bio_celegans,SASB-candidate,sasb,SASB-structured,20260513,569,early,1.0,1.0,0.0,1,1,0,0.28098765432098766,0.2814814814814815,111,131,111--131,8,4,4,8,32,0,0.0,1,3,6,32,"[""96"", ""53"", ""60"", ""51"", ""343"", ""62"", ""363"", ""85"", ""52"", ""373"", ""217"", ""220"", ""144"", ""145"", ""142"", ""143"", ""147"", ""82"", ""83"", ""118"", ""440"", ""109"", ""364"", ""398"", ""97"", ""348"", ""404"", ""322"", ""11"", ""216"", ""87"", ""285""]",477a730eb866c44684d642513cb00ec3957813775ac856e475790e3c9420bb39,"{""boundary"": 12, ""community_rep"": 6, ""degree_core"": 10, ""random_fill"": 4}","{""degree_2"": 1, ""degree_3_4"": 3, ""degree_5_8"": 2, ""degree_9_plus"": 26}","{""0"": 1, ""1"": 8, ""10"": 1, ""2"": 1, ""3"": 8, ""4"": 5, ""5"": 3, ""6"": 1, ""7"": 1, ""8"": 2, ""9"": 1}",234,"{""backend"": ""evaluate_m19_theory_calibrated.candidate_features"", ""delta_mode"": ""none"", ""k_max"": 512, ""k_min"": 64, ""variant"": ""conservative""}",234,0.16071428571428573,0.9957264957264957,0.9957264957264957,0.004273504273504274,1.0,"{""dp_17_64"": 0.05555555555555555, ""dp_257_plus"": 0.7649572649572649, ""dp_5_16"": 0.017094017094017096, ""dp_65_256"": 0.1623931623931624}","{""cn_0"": 1.0}",0.0,767.7350427350427,sasb_candidate_builder,3fbb24ee2df9dc62d69feb9dbd2c51017375f6de2eadf24d85f6c614f40d4ffc,234,3fbb24ee2df9dc62d69feb9dbd2c51017375f6de2eadf24d85f6c614f40d4ffc,"{""sasb_builder"": 234}",0,0,0,0,{},0.0,"{""common_neighbor_bin_l1"": 0.0, ""degree_product_bin_l1"": 0.0, ""is_boundary_edge_l1"": 0.0, ""is_bridge_edge_l1"": 0.0, ""is_inter_community_edge_l1"": 0.0, ""is_low_common_neighbor_edge_l1"": 0.0, ""mean_l1"": 0.0}",1,32,32,122.69283801946844,0
realworld_completed,bio_celegans,SASB-candidate,sasb,SASB-structured,20260513,570,early,1.0,1.0,0.0,1,1,0,0.2814814814814815,0.2819753086419753,149,229,149--229,15,3,3,15,45,1,0.5,1,1,0,32,"[""96"", ""53"", ""60"", ""51"", ""343"", ""62"", ""363"", ""85"", ""307"", ""373"", ""217"", ""220"", ""144"", ""145"", ""142"", ""143"", ""52"", ""147"", ""82"", ""83"", ""118"", ""440"", ""364"", ""398"", ""404"", ""322"", ""1"", ""349"", ""126"", ""280"", ""107"", ""129""]",5e2691e6b2d01e29bdfac9a4cc8a62666ece898ed35610730599167f1c524d24,"{""boundary"": 12, ""community_rep"": 4, ""degree_core"": 10, ""random_fill"": 6}","{""degree_0_1"": 1, ""degree_2"": 2, ""degree_3_4"": 2, ""degree_5_8"": 3, ""degree_9_plus"": 24}","{""0"": 1, ""1"": 8, ""2"": 2, ""3"": 8, ""4"": 6, ""5"": 2, ""6"": 2, ""7"": 1, ""8"": 1, ""9"": 1}",234,"{""backend"": ""evaluate_m19_theory_calibrated.candidate_features"", ""delta_mode"": ""none"", ""k_max"": 512, ""k_min"": 64, ""variant"": ""conservative""}",234,0.16082474226804125,1.0,1.0,0.004273504273504274,1.0,"{""dp_17_64"": 0.05128205128205128, ""dp_257_plus"": 0.7692307692307693, ""dp_5_16"": 0.017094017094017096, ""dp_65_256"": 0.1623931623931624}","{""cn_0"": 0.9957264957264957, ""cn_1"": 0.004273504273504274}",0.004273504273504274,751.2350427350427,sasb_candidate_builder,3878dda734e87928212828294b7661dfd2568929dd6e15b6768abc239a8da578,234,3878dda734e87928212828294b7661dfd2568929dd6e15b6768abc239a8da578,"{""sasb_builder"": 234}",0,0,0,0,{},0.0,"{""common_neighbor_bin_l1"": 0.0, ""degree_product_bin_l1"": 0.0, ""is_boundary_edge_l1"": 0.0, ""is_bridge_edge_l1"": 0.0, ""is_inter_community_edge_l1"": 0.0, ""is_low_common_neighbor_edge_l1"": 0.0, ""mean_l1"": 0.0}",1,32,32,65.0467150973516,0
realworld_completed,bio_celegans,SASB-candidate,sasb,SASB-structured,20260513,571,early,1.0,1.0,0.0,1,1,0,0.2819753086419753,0.28246913580246913,149,333,149--333,14,3,3,14,42,0,0.0,1,1,0,32,"[""96"", ""53"", ""60"", ""51"", ""343"", ""62"", ""363"", ""85"", ""307"", ""373"", ""217"", ""220"", ""144"", ""145"", ""142"", ""143"", ""52"", ""147"", ""82"", ""83"", ""118"", ""440"", ""364"", ""398"", ""404"", ""322"", ""23"", ""141"", ""356"", ""216"", ""151"", ""63""]",df0bbe4e6d70adb6c6c9e6a7e68f6bdfb77369e468fe035b258a9f042dcd123f,"{""boundary"": 12, ""community_rep"": 4, ""degree_core"": 10, ""random_fill"": 6}","{""degree_2"": 4, ""degree_3_4"": 3, ""degree_5_8"": 1, ""degree_9_plus"": 24}","{""0"": 1, ""1"": 8, ""2"": 2, ""3"": 8, ""4"": 5, ""5"": 1, ""6"": 3, ""7"": 1, ""8"": 1, ""9"": 2}",234,"{""backend"": ""evaluate_m19_theory_calibrated.candidate_features"", ""delta_mode"": ""none"", ""k_max"": 512, ""k_min"": 64, ""variant"": ""conservative""}",234,0.1609353507565337,1.0,1.0,0.004273504273504274,1.0,"{""dp_17_64"": 0.05128205128205128, ""dp_257_plus"": 0.7692307692307693, ""dp_5_16"": 0.017094017094017096, ""dp_65_256"": 0.1623931623931624}","{""cn_0"": 1.0}",0.0,751.2222222222222,sasb_candidate_builder,30c5eb421d8e687cd367b4f0a688fd705d782a1ee913efaf8e9245f5f0d2f8b1,234,30c5eb421d8e687cd367b4f0a688fd705d782a1ee913efaf8e9245f5f0d2f8b1,"{""sasb_builder"": 234}",0,0,0,0,{},0.0,"{""common_neighbor_bin_l1"": 0.0, ""degree_product_bin_l1"": 0.0, ""is_boundary_edge_l1"": 0.0, ""is_bridge_edge_l1"": 0.0, ""is_inter_community_edge_l1"": 0.0, ""is_low_common_neighbor_edge_l1"": 0.0, ""mean_l1"": 0.0}",1,32,32,359.48539992534074,0
realworld_completed,bio_celegans,SASB-candidate,sasb,SASB-structured,20260513,572,early,1.0,1.0,0.0,1,1,0,0.28246913580246913,0.28296296296296297,201,426,201--426,5,2,2,5,10,1,1.0,1,1,0,32,"[""96"", ""53"", ""60"", ""51"", ""343"", ""62"", ""363"", ""85"", ""307"", ""373"", ""217"", ""220"", ""144"", ""145"", ""142"", ""143"", ""52"", ""147"", ""82"", ""83"", ""118"", ""440"", ""364"", ""398"", ""404"", ""322"", ""449"", ""437"", ""244"", ""451"", ""106"", ""70""]",990ad881f0dc2276726e4cdd776fedc6a08d62754690c4cb653dcee40c0513a2,"{""boundary"": 12, ""community_rep"": 4, ""degree_core"": 10, ""random_fill"": 6}","{""degree_2"": 4, ""degree_3_4"": 3, ""degree_5_8"": 1, ""degree_9_plus"": 24}","{""0"": 3, ""1"": 7, ""2"": 1, ""3"": 8, ""4"": 5, ""5"": 1, ""6"": 3, ""7"": 1, ""8"": 2, ""9"": 1}",234,"{""backend"": ""evaluate_m19_theory_calibrated.candidate_features"", ""delta_mode"": ""none"", ""k_max"": 512, ""k_min"": 64, ""variant"": ""conservative""}",234,0.1610461114934618,1.0,1.0,0.004273504273504274,1.0,"{""dp_17_64"": 0.04700854700854701, ""dp_257_plus"": 0.7692307692307693, ""dp_5_16"": 0.021367521367521368, ""dp_65_256"": 0.1623931623931624}","{""cn_0"": 0.9957264957264957, ""cn_1"": 0.004273504273504274}",0.004273504273504274,751.0854700854701,sasb_candidate_builder,5e3bc1481172e893357dbd20c4bef1acd4f2c24dbe0b273d168d562aaa81a491,234,5e3bc1481172e893357dbd20c4bef1acd4f2c24dbe0b273d168d562aaa81a491,"{""sasb_builder"": 234}",0,0,0,0,{},0.0,"{""common_neighbor_bin_l1"": 0.0, ""degree_product_bin_l1"": 0.0, ""is_boundary_edge_l1"": 0.0, ""is_bridge_edge_l1"": 0.0, ""is_inter_community_edge_l1"": 0.0, ""is_low_common_neighbor_edge_l1"": 0.0, ""mean_l1"": 0.0}",1,32,32,30.695547658862875,0
realworld_completed,bio_celegans,SASB-candidate,sasb,SASB-structured,20260513,573,early,1.0,1.0,0.0,1,1,0,0.28296296296296297,0.2834567901234568,249,250,249--250,8,6,6,8,48,3,0.6,1,7,3,32,"[""96"", ""53"", ""60"", ""51"", ""343"", ""62"", ""363"", ""85"", ""307"", ""373"", ""217"", ""220"", ""144"", ""145"", ""142"", ""143"", ""52"", ""147"", ""82"", ""83"", ""118"", ""440"", ""364"", ""398"", ""404"", ""322"", ""55"", ""98"", ""99"", ""353"", ""190"", ""215""]",dffd42d806541cb58a8cc482b67ef61006be66569b3ad91a14f20756b2689b1c,"{""boundary"": 12, ""community_rep"": 4, ""degree_core"": 10, ""random_fill"": 6}","{""degree_3_4"": 2, ""degree_5_8"": 5, ""degree_9_plus"": 25}","{""0"": 2, ""1"": 8, ""2"": 1, ""3"": 8, ""4"": 5, ""5"": 1, ""6"": 3, ""7"": 1, ""8"": 2, ""9"": 1}",234,"{""backend"": ""evaluate_m19_theory_calibrated.candidate_features"", ""delta_mode"": ""none"", ""k_max"": 512, ""k_min"": 64, ""variant"": ""conservative""}",234,0.16115702479338842,1.0,1.0,0.004273504273504274,0.9957264957264957,"{""dp_17_64"": 0.05128205128205128, ""dp_257_plus"": 0.7692307692307693, ""dp_5_16"": 0.017094017094017096, ""dp_65_256"": 0.1623931623931624}","{""cn_0"": 0.9957264957264957, ""cn_2_3"": 0.004273504273504274}",0.01282051282051282,750.5470085470085,sasb_candidate_builder,0e35a90dc3789f71fa315b0a9aa196cd9747fb7382ec70eec711f8e6743f6407,234,0e35a90dc3789f71fa315b0a9aa196cd9747fb7382ec70eec711f8e6743f6407,"{""sasb_builder"": 234}",0,0,0,0,{},0.0,"{""common_neighbor_bin_l1"": 0.0, ""degree_product_bin_l1"": 0.0, ""is_boundary_edge_l1"": 0.0, ""is_bridge_edge_l1"": 0.0, ""is_inter_community_edge_l1"": 0.0, ""is_low_common_neighbor_edge_l1"": 0.0, ""mean_l1"": 0.0}",1,32,32,63.21790519985907,0
realworld_completed,bio_celegans,SASB-candidate,sasb,SASB-structured,20260513,574,early,1.0,1.0,0.0,1,1,0,0.2834567901234568,0.2839506172839506,168,96,168--96,2,164,2,164,328,1,1.0,1,4,9,32,"[""96"", ""53"", ""60"", ""51"", ""343"", ""62"", ""363"", ""85"", ""307"", ""373"", ""217"", ""220"", ""144"", ""145"", ""142"", ""143"", ""52"", ""147"", ""82"", ""83"", ""118"", ""440"", ""364"", ""398"", ""404"", ""322"", ""315"", ""195"", ""138"", ""199"", ""86"", ""323""]",241c6c18cf116cc6147604489d4c0b4a0cdc37e194c04417e955f03ad8ab28f1,"{""boundary"": 12, ""community_rep"": 4, ""degree_core"": 10, ""random_fill"": 6}","{""degree_2"": 2, ""degree_3_4"": 4, ""degree_5_8"": 1, ""degree_9_plus"": 25}","{""0"": 1, ""1"": 8, ""2"": 1, ""3"": 9, ""4"": 7, ""5"": 1, ""6"": 2, ""7"": 1, ""8"": 1, ""9"": 1}",233,"{""backend"": ""evaluate_m19_theory_calibrated.candidate_features"", ""delta_mode"": ""none"", ""k_max"": 512, ""k_min"": 64, ""variant"": ""conservative""}",233,0.160578911095796,1.0,1.0,0.004291845493562232,1.0,"{""dp_17_64"": 0.04721030042918455, ""dp_257_plus"": 0.7725321888412017, ""dp_5_16"": 0.017167381974248927, ""dp_65_256"": 0.1630901287553648}","{""cn_0"": 1.0}",0.0,752.1030042918455,sasb_candidate_builder,bdb4a5605faac23f73dbe35f64fb208212e87302d4cb5de3cf6ba93e8a347c09,233,bdb4a5605faac23f73dbe35f64fb208212e87302d4cb5de3cf6ba93e8a347c09,"{""sasb_builder"": 233}",0,0,0,0,{},0.0,"{""common_neighbor_bin_l1"": 0.0, ""degree_product_bin_l1"": 0.0, ""is_boundary_edge_l1"": 0.0, ""is_bridge_edge_l1"": 0.0, ""is_inter_community_edge_l1"": 0.0, ""is_low_common_neighbor_edge_l1"": 0.0, ""mean_l1"": 0.0}",1,32,32,0.0,0
realworld_completed,bio_celegans,SASB-candidate,sasb,SASB-structured,20260513,575,early,1.0,1.0,0.0,1,1,0,0.2839506172839506,0.28444444444444444,246,322,246--322,6,8,6,8,48,3,0.6,1,3,2,32,"[""96"", ""53"", ""60"", ""51"", ""343"", ""62"", ""363"", ""85"", ""307"", ""373"", ""217"", ""220"", ""144"", ""145"", ""142"", ""143"", ""52"", ""147"", ""82"", ""83"", ""118"", ""440"", ""364"", ""398"", ""404"", ""322"", ""359"", ""162"", ""282"", ""450"", ""214"", ""163""]",62f352b5825889f828d6486216fc2aaed87c9d520b700ece6aa2285fb4ce1d92,"{""boundary"": 12, ""community_rep"": 4, ""degree_core"": 10, ""random_fill"": 6}","{""degree_3_4"": 3, ""degree_5_8"": 3, ""degree_9_plus"": 26}","{""0"": 1, ""1"": 7, ""2"": 3, ""3"": 8, ""4"": 7, ""5"": 1, ""6"": 2, ""7"": 1, ""8"": 1, ""9"": 1}",233,"{""backend"": ""evaluate_m19_theory_calibrated.candidate_features"", ""delta_mode"": ""none"", ""k_max"": 512, ""k_min"": 64, ""variant"": ""conservative""}",233,0.1606896551724138,1.0,1.0,0.004291845493562232,0.9957081545064378,"{""dp_17_64"": 0.05150214592274678, ""dp_257_plus"": 0.7682403433476395, ""dp_5_16"": 0.017167381974248927, ""dp_65_256"": 0.1630901287553648}","{""cn_0"": 0.9957081545064378, ""cn_2_3"": 0.004291845493562232}",0.012875536480686695,747.9012875536481,sasb_candidate_builder,942e8e677223daeb9b5f8acc7b02facc6b99e399a284fd56c9e145fc31a520d6,233,942e8e677223daeb9b5f8acc7b02facc6b99e399a284fd56c9e145fc31a520d6,"{""sasb_builder"": 233}",0,0,0,0,{},0.0,"{""common_neighbor_bin_l1"": 0.0, ""degree_product_bin_l1"": 0.0, ""is_boundary_edge_l1"": 0.0, ""is_bridge_edge_l1"": 0.0, ""is_inter_community_edge_l1"": 0.0, ""is_low_common_neighbor_edge_l1"": 0.0, ""mean_l1"": 0.0}",1,32,32,161.88113523908572,0
realworld_completed,bio_celegans,SASB-candidate,sasb,SASB-structured,20260513,576,early,1.0,1.0,0.0,1,1,0,0.28444444444444444,0.2849382716049383,118,275,118--275,26,4,4,26,104,1,0.3333333333333333,1,3,0,32,"[""96"", ""53"", ""60"", ""51"", ""343"", ""62"", ""363"", ""85"", ""307"", ""373"", ""217"", ""220"", ""144"", ""145"", ""142"", ""143"", ""52"", ""147"", ""82"", ""83"", ""118"", ""440"", ""364"", ""398"", ""404"", ""322"", ""61"", ""102"", ""262"", ""256"", ""167"", ""304""]",07df1c0ce25756b7d17d546e25b8ddd05aea112743831e7d512f8068b920b95b,"{""boundary"": 12, ""community_rep"": 4, ""degree_core"": 10, ""random_fill"": 6}","{""degree_2"": 1, ""degree_3_4"": 3, ""degree_5_8"": 2, ""degree_9_plus"": 26}","{""0"": 3, ""1"": 6, ""2"": 2, ""3"": 9, ""4"": 6, ""5"": 1, ""6"": 2, ""7"": 1, ""8"": 1, ""9"": 1}",233,"{""backend"": ""evaluate_m19_theory_calibrated.candidate_features"", ""delta_mode"": ""none"", ""k_max"": 512, ""k_min"": 64, ""variant"": ""conservative""}",233,0.16080055210489994,1.0,1.0,0.004291845493562232,1.0,"{""dp_17_64"": 0.04721030042918455, ""dp_257_plus"": 0.7682403433476395, ""dp_5_16"": 0.017167381974248927, ""dp_65_256"": 0.16738197424892703}","{""cn_0"": 0.9957081545064378, ""cn_1"": 0.004291845493562232}",0.004291845493562232,747.0429184549356,sasb_candidate_builder,d597e06b08667b464abf234ad6ccb8857b455ee8f697240dc266c7489567d0be,233,d597e06b08667b464abf234ad6ccb8857b455ee8f697240dc266c7489567d0be,"{""sasb_builder"": 233}",0,0,0,0,{},0.0,"{""common_neighbor_bin_l1"": 0.0, ""degree_product_bin_l1"": 0.0, ""is_boundary_edge_l1"": 0.0, ""is_bridge_edge_l1"": 0.0, ""is_inter_community_edge_l1"": 0.0, ""is_low_common_neighbor_edge_l1"": 0.0, ""mean_l1"": 0.0}",1,32,32,671.8501694411772,0
realworld_completed,bio_celegans,SASB-candidate,sasb,SASB-structured,20260513,577,early,1.0,1.0,0.0,1,1,0,0.2849382716049383,0.2854320987654321,147,265,147--265,29,3,3,29,87,1,0.5,1,3,0,32,"[""96"", ""53"", ""60"", ""51"", ""343"", ""62"", ""363"", ""85"", ""307"", ""373"", ""217"", ""220"", ""144"", ""145"", ""142"", ""143"", ""52"", ""147"", ""82"", ""83"", ""118"", ""440"", ""364"", ""398"", ""404"", ""322"", ""386"", ""92"", ""318"", ""249"", ""406"", ""392""]",3698dde3b740a69e2b7dbce712dfaaba1cf117d1443c3e1a8d67127cc73448fa,"{""boundary"": 12, ""community_rep"": 4, ""degree_core"": 10, ""random_fill"": 6}","{""degree_3_4"": 3, ""degree_5_8"": 5, ""degree_9_plus"": 24}","{""0"": 4, ""1"": 6, ""2"": 2, ""3"": 9, ""4"": 5, ""5"": 1, ""6"": 2, ""7"": 1, ""8"": 1, ""9"": 1}",233,"{""backend"": ""evaluate_m19_theory_calibrated.candidate_features"", ""delta_mode"": ""none"", ""k_max"": 512, ""k_min"": 64, ""variant"": ""conservative""}",233,0.16091160220994474,1.0,1.0,0.004291845493562232,1.0,"{""dp_17_64"": 0.04721030042918455, ""dp_257_plus"": 0.7682403433476395, ""dp_5_16"": 0.017167381974248927, ""dp_65_256"": 0.16738197424892703}","{""cn_0"": 0.9957081545064378, ""cn_1"": 0.004291845493562232}",0.004291845493562232,746.9141630901288,sasb_candidate_builder,be1c5f3aa5163985f3e88bbfb009daeef1f9a9ce4aae8ce2784561cd4a596999,233,be1c5f3aa5163985f3e88bbfb009daeef1f9a9ce4aae8ce2784561cd4a596999,"{""sasb_builder"": 233}",0,0,0,0,{},0.0,"{""common_neighbor_bin_l1"": 0.0, ""degree_product_bin_l1"": 0.0, ""is_boundary_edge_l1"": 0.0, ""is_bridge_edge_l1"": 0.0, ""is_inter_community_edge_l1"": 0.0, ""is_low_common_neighbor_edge_l1"": 0.0, ""mean_l1"": 0.0}",1,32,32,313.9609077669607,0
realworld_completed,bio_celegans,SASB-candidate,sasb,SASB-structured,20260513,578,early,1.0,1.0,0.0,1,1,0,0.2854320987654321,0.2859259259259259,147,269,147--269,28,3,3,28,84,0,0.0,1,3,8,32,"[""96"", ""53"", ""60"", ""51"", ""343"", ""62"", ""363"", ""85"", ""307"", ""373"", ""217"", ""220"", ""144"", ""145"", ""142"", ""143"", ""52"", ""82"", ""147"", ""83"", ""118"", ""440"", ""364"", ""398"", ""404"", ""322"", ""375"", ""298"", ""400"", ""174"", ""9"", ""39""]",605f62dda5d25c534bfe9add48a2b12013589761eba319abc036961ee1065c33,"{""boundary"": 12, ""community_rep"": 4, ""degree_core"": 10, ""random_fill"": 6}","{""degree_2"": 1, ""degree_3_4"": 4, ""degree_5_8"": 3, ""degree_9_plus"": 24}","{""0"": 3, ""1"": 6, ""2"": 1, ""3"": 8, ""4"": 7, ""5"": 1, ""6"": 3, ""7"": 1, ""8"": 1, ""9"": 1}",233,"{""backend"": ""evaluate_m19_theory_calibrated.candidate_features"", ""delta_mode"": ""none"", ""k_max"": 512, ""k_min"": 64, ""variant"": ""conservative""}",233,0.16102280580511402,1.0,1.0,0.004291845493562232,1.0,"{""dp_17_64"": 0.04721030042918455, ""dp_257_plus"": 0.7682403433476395, ""dp_5_16"": 0.017167381974248927, ""dp_65_256"": 0.16738197424892703}","{""cn_0"": 1.0}",0.0,746.9012875536481,sasb_candidate_builder,50c057afc49bf3c2acaf50579913042ef657eec15534c23c8d41c3c5d49f65ad,233,50c057afc49bf3c2acaf50579913042ef657eec15534c23c8d41c3c5d49f65ad,"{""sasb_builder"": 233}",0,0,0,0,{},0.0,"{""common_neighbor_bin_l1"": 0.0, ""degree_product_bin_l1"": 0.0, ""is_boundary_edge_l1"": 0.0, ""is_bridge_edge_l1"": 0.0, ""is_inter_community_edge_l1"": 0.0, ""is_low_common_neighbor_edge_l1"": 0.0, ""mean_l1"": 0.0}",1,32,32,359.64836186344627,0
realworld_completed,bio_celegans,SASB-candidate,sasb,SASB-structured,20260513,579,early,1.0,1.0,0.0,1,1,0,0.2859259259259259,0.28641975308641976,163,164,163--164,9,3,3,9,27,1,0.5,1,3,0,32,"[""96"", ""53"", ""60"", ""51"", ""343"", ""62"", ""363"", ""85"", ""307"", ""373"", ""217"", ""220"", ""144"", ""145"", ""142"", ""143"", ""52"", ""82"", ""83"", ""147"", ""118"", ""440"", ""364"", ""398"", ""404"", ""322"", ""376"", ""425"", ""269"", ""15"", ""70"", ""234""]",f003c004c4310a78e543462eaecc7a0eae4a58674b377172b5e37c7ba0d9537d,"{""boundary"": 12, ""community_rep"": 4, ""degree_core"": 10, ""random_fill"": 6}","{""degree_2"": 3, ""degree_3_4"": 4, ""degree_5_8"": 1, ""degree_9_plus"": 24}","{""0"": 4, ""1"": 6, ""2"": 1, ""3"": 9, ""4"": 6, ""5"": 1, ""6"": 2, ""7"": 1, ""8"": 1, ""9"": 1}",233,"{""backend"": ""evaluate_m19_theory_calibrated.candidate_features"", ""delta_mode"": ""none"", ""k_max"": 512, ""k_min"": 64, ""variant"": ""conservative""}",233,0.16113416320885202,1.0,1.0,0.004291845493562232,1.0,"{""dp_17_64"": 0.05150214592274678, ""dp_257_plus"": 0.7682403433476395, ""dp_5_16"": 0.017167381974248927, ""dp_65_256"": 0.1630901287553648}","{""cn_0"": 0.9957081545064378, ""cn_1"": 0.004291845493562232}",0.004291845493562232,746.6566523605151,sasb_candidate_builder,abfc010f44ddde514ad703e16dd212450293203c2c3b4b4942a9ebf1b357beaf,233,abfc010f44ddde514ad703e16dd212450293203c2c3b4b4942a9ebf1b357beaf,"{""sasb_builder"": 233}",0,0,0,0,{},0.0,"{""common_neighbor_bin_l1"": 0.0, ""degree_product_bin_l1"": 0.0, ""is_boundary_edge_l1"": 0.0, ""is_bridge_edge_l1"": 0.0, ""is_inter_community_edge_l1"": 0.0, ""is_low_common_neighbor_edge_l1"": 0.0, ""mean_l1"": 0.0}",1,32,32,101.5349651318861,0
realworld_completed,bio_celegans,SASB-candidate,sasb,SASB-structured,20260513,580,early,1.0,1.0,0.0,1,1,0,0.28641975308641976,0.2869135802469136,163,231,163--231,8,3,3,8,24,0,0.0,1,3,0,32,"[""96"", ""53"", ""60"", ""51"", ""343"", ""62"", ""363"", ""85"", ""307"", ""373"", ""217"", ""220"", ""144"", ""145"", ""142"", ""143"", ""52"", ""82"", ""83"", ""147"", ""118"", ""440"", ""364"", ""398"", ""404"", ""322"", ""39"", ""100"", ""200"", ""268"", ""68"", ""179""]",8ab1ece3b78063784ced4835ba77d715dfb4678c035dcb98d92a91ed6df784e6,"{""boundary"": 12, ""community_rep"": 4, ""degree_core"": 10, ""random_fill"": 6}","{""degree_0_1"": 1, ""degree_2"": 2, ""degree_3_4"": 2, ""degree_5_8"": 3, ""degree_9_plus"": 24}","{""0"": 1, ""1"": 7, ""2"": 2, ""3"": 7, ""4"": 8, ""5"": 3, ""6"": 1, ""7"": 1, ""8"": 1, ""9"": 1}",233,"{""backend"": ""evaluate_m19_theory_calibrated.candidate_features"", ""delta_mode"": ""none"", ""k_max"": 512, ""k_min"": 64, ""variant"": ""conservative""}",233,0.16124567474048443,1.0,1.0,0.004291845493562232,1.0,"{""dp_17_64"": 0.05150214592274678, ""dp_257_plus"": 0.759656652360515, ""dp_5_16"": 0.02575107296137339, ""dp_65_256"": 0.1630901287553648}","{""cn_0"": 0.9914163090128756, ""cn_1"": 0.008583690987124463}",0.008583690987124463,743.931330472103,sasb_candidate_builder,7cb7d1e2eb7fff0d1f75d659a9c2b26a77a9a7c4ee9c71482cd2b4fa59bc79ae,233,7cb7d1e2eb7fff0d1f75d659a9c2b26a77a9a7c4ee9c71482cd2b4fa59bc79ae,"{""sasb_builder"": 233}",0,0,0,0,{},0.0,"{""common_neighbor_bin_l1"": 0.0, ""degree_product_bin_l1"": 0.0, ""is_boundary_edge_l1"": 0.0, ""is_bridge_edge_l1"": 0.0, ""is_inter_community_edge_l1"": 0.0, ""is_low_common_neighbor_edge_l1"": 0.0, ""mean_l1"": 0.0}",1,32,32,113.23674107644696,0
realworld_completed,bio_celegans,SASB-candidate,sasb,SASB-structured,20260513,581,early,1.0,1.0,0.0,1,1,0,0.2869135802469136,0.2874074074074074,335,429,335--429,2,5,2,5,10,1,1.0,1,0,4,32,"[""96"", ""53"", ""60"", ""51"", ""343"", ""62"", ""363"", ""85"", ""307"", ""373"", ""217"", ""220"", ""144"", ""145"", ""142"", ""143"", ""52"", ""82"", ""83"", ""147"", ""118"", ""440"", ""364"", ""398"", ""404"", ""322"", ""133"", ""50"", ""447"", ""300"", ""312"", ""91""]",1674e9e0b4133d546c33a3ab4adae7fa79e2c7ab4986dbc442111747b63d9a1f,"{""boundary"": 12, ""community_rep"": 4, ""degree_core"": 10, ""random_fill"": 6}","{""degree_2"": 1, ""degree_3_4"": 4, ""degree_5_8"": 3, ""degree_9_plus"": 24}","{""0"": 2, ""1"": 8, ""2"": 2, ""3"": 7, ""4"": 6, ""5"": 2, ""6"": 1, ""7"": 1, ""8"": 2, ""9"": 1}",233,"{""backend"": ""evaluate_m19_theory_calibrated.candidate_features"", ""delta_mode"": ""none"", ""k_max"": 512, ""k_min"": 64, ""variant"": ""conservative""}",233,0.16135734072022162,1.0,1.0,0.004291845493562232,0.9957081545064378,"{""dp_17_64"": 0.04721030042918455, ""dp_257_plus"": 0.759656652360515, ""dp_5_16"": 0.02575107296137339, ""dp_65_256"": 0.16738197424892703}","{""cn_0"": 0.9871244635193133, ""cn_1"": 0.008583690987124463, ""cn_4_8"": 0.004291845493562232}",0.02575107296137339,744.2403433476395,sasb_candidate_builder,146e0151f87f2b9d44b46265b64586057f7536e765a3cdc1682e9babcf0172d7,233,146e0151f87f2b9d44b46265b64586057f7536e765a3cdc1682e9babcf0172d7,"{""sasb_builder"": 233}",0,0,0,0,{},0.0,"{""common_neighbor_bin_l1"": 0.0, ""degree_product_bin_l1"": 0.0, ""is_boundary_edge_l1"": 0.0, ""is_bridge_edge_l1"": 0.0, ""is_inter_community_edge_l1"": 0.0, ""is_low_common_neighbor_edge_l1"": 0.0, ""mean_l1"": 0.0}",1,32,32,38.58272058823529,0
realworld_completed,bio_celegans,SASB-candidate,sasb,SASB-structured,20260513,582,early,1.0,1.0,0.0,1,1,0,0.2874074074074074,0.28790123456790123,199,242,199--242,2,5,2,5,10,1,1.0,1,0,4,32,"[""96"", ""53"", ""60"", ""51"", ""343"", ""62"", ""363"", ""85"", ""307"", ""373"", ""217"", ""220"", ""144"", ""145"", ""142"", ""143"", ""52"", ""82"", ""83"", ""147"", ""118"", ""440"", ""364"", ""398"", ""404"", ""322"", ""304"", ""176"", ""130"", ""131"", ""180"", ""289""]",06889cf5db190ee1cb27e84ec8525572822622becfa335a81c7ecdc29affa9ff,"{""boundary"": 12, ""community_rep"": 4, ""degree_core"": 10, ""random_fill"": 6}","{""degree_2"": 2, ""degree_3_4"": 4, ""degree_5_8"": 2, ""degree_9_plus"": 24}","{""0"": 3, ""1"": 6, ""2"": 1, ""3"": 9, ""4"": 5, ""5"": 3, ""6"": 1, ""7"": 1, ""8"": 2, ""9"": 1}",233,"{""backend"": ""evaluate_m19_theory_calibrated.candidate_features"", ""delta_mode"": ""none"", ""k_max"": 512, ""k_min"": 64, ""variant"": ""conservative""}",233,0.16146916146916146,1.0,1.0,0.004291845493562232,0.9914163090128756,"{""dp_17_64"": 0.05150214592274678, ""dp_257_plus"": 0.759656652360515, ""dp_5_16"": 0.02145922746781116, ""dp_65_256"": 0.16738197424892703}","{""cn_0"": 0.9871244635193133, ""cn_1"": 0.004291845493562232, ""cn_4_8"": 0.008583690987124463}",0.03862660944206009,743.7038626609442,sasb_candidate_builder,aff30164d957e1aa99a685159d4b18ca2929fc37854f6a07f3e3b446b50712ab,233,aff30164d957e1aa99a685159d4b18ca2929fc37854f6a07f3e3b446b50712ab,"{""sasb_builder"": 233}",0,0,0,0,{},0.0,"{""common_neighbor_bin_l1"": 0.0, ""degree_product_bin_l1"": 0.0, ""is_boundary_edge_l1"": 0.0, ""is_bridge_edge_l1"": 0.0, ""is_inter_community_edge_l1"": 0.0, ""is_low_common_neighbor_edge_l1"": 0.0, ""mean_l1"": 0.0}",1,32,32,26.945074344392932,0
realworld_completed,bio_celegans,SASB-candidate,sasb,SASB-structured,20260513,583,early,1.0,1.0,0.0,1,1,0,0.28790123456790123,0.2883950617283951,227,445,227--445,4,7,4,7,28,2,0.6666666666666666,1,3,7,32,"[""96"", ""53"", ""60"", ""51"", ""343"", ""62"", ""363"", ""85"", ""307"", ""373"", ""217"", ""220"", ""144"", ""145"", ""142"", ""143"", ""52"", ""82"", ""83"", ""147"", ""118"", ""440"", ""364"", ""398"", ""404"", ""322"", ""204"", ""400"", ""1"", ""71"", ""40"", ""423""]",18401f0f4beae3590b68c41f2b70bed9ce623941c18d93b41b2a4bb18b50d221,"{""boundary"": 12, ""community_rep"": 4, ""degree_core"": 10, ""random_fill"": 6}","{""degree_0_1"": 1, ""degree_2"": 1, ""degree_3_4"": 2, ""degree_5_8"": 3, ""degree_9_plus"": 25}","{""0"": 3, ""1"": 6, ""2"": 3, ""3"": 9, ""4"": 5, ""5"": 2, ""6"": 1, ""7"": 1, ""8"": 1, ""9"": 1}",233,"{""backend"": ""evaluate_m19_theory_calibrated.candidate_features"", ""delta_mode"": ""none"", ""k_max"": 512, ""k_min"": 64, ""variant"": ""conservative""}",233,0.16158113730929266,1.0,1.0,0.004291845493562232,0.9871244635193133,"{""dp_17_64"": 0.055793991416309016, ""dp_257_plus"": 0.759656652360515, ""dp_5_16"": 0.017167381974248927, ""dp_65_256"": 0.16738197424892703}","{""cn_0"": 0.9871244635193133, ""cn_2_3"": 0.004291845493562232, ""cn_4_8"": 0.008583690987124463}",0.04291845493562232,743.0815450643777,sasb_candidate_builder,07f648d2e826f0736500c0829493e82d948c8f3499fcb618a6c6f5fffe356a29,233,07f648d2e826f0736500c0829493e82d948c8f3499fcb618a6c6f5fffe356a29,"{""sasb_builder"": 233}",0,0,0,0,{},0.0,"{""common_neighbor_bin_l1"": 0.0, ""degree_product_bin_l1"": 0.0, ""is_boundary_edge_l1"": 0.0, ""is_bridge_edge_l1"": 0.0, ""is_inter_community_edge_l1"": 0.0, ""is_low_common_neighbor_edge_l1"": 0.0, ""mean_l1"": 0.0}",1,32,32,26.119612076601474,0
realworld_completed,bio_celegans,SASB-candidate,sasb,SASB-structured,20260513,584,early,1.0,1.0,0.0,1,1,0,0.2883950617283951,0.28888888888888886,249,251,249--251,7,3,3,7,21,2,1.0,1,6,3,32,"[""96"", ""53"", ""60"", ""51"", ""343"", ""62"", ""363"", ""85"", ""307"", ""373"", ""217"", ""220"", ""144"", ""145"", ""142"", ""143"", ""52"", ""82"", ""83"", ""147"", ""118"", ""440"", ""364"", ""398"", ""404"", ""322"", ""371"", ""0"", ""109"", ""407"", ""131"", ""385""]",9864671a81289088b601c655575b65287dc2838bebc6f9f0c729d25123ccbdea,"{""boundary"": 12, ""community_rep"": 4, ""degree_core"": 10, ""random_fill"": 6}","{""degree_3_4"": 4, ""degree_5_8"": 3, ""degree_9_plus"": 25}","{""0"": 3, ""1"": 7, ""2"": 1, ""3"": 9, ""4"": 5, ""5"": 2, ""6"": 1, ""7"": 2, ""8"": 1, ""9"": 1}",233,"{""backend"": ""evaluate_m19_theory_calibrated.candidate_features"", ""delta_mode"": ""none"", ""k_max"": 512, ""k_min"": 64, ""variant"": ""conservative""}",233,0.16169326856349758,1.0,1.0,0.004291845493562232,0.9871244635193133,"{""dp_17_64"": 0.055793991416309016, ""dp_257_plus"": 0.759656652360515, ""dp_5_16"": 0.017167381974248927, ""dp_65_256"": 0.16738197424892703}","{""cn_0"": 0.9871244635193133, ""cn_2_3"": 0.004291845493562232, ""cn_4_8"": 0.008583690987124463}",0.04291845493562232,742.2961373390558,sasb_candidate_builder,0aa21adcf4a07b93d5568a2764459434074e22d2645b41e00b1d401973b31912,233,0aa21adcf4a07b93d5568a2764459434074e22d2645b41e00b1d401973b31912,"{""sasb_builder"": 233}",0,0,0,0,{},0.0,"{""common_neighbor_bin_l1"": 0.0, ""degree_product_bin_l1"": 0.0, ""is_boundary_edge_l1"": 0.0, ""is_bridge_edge_l1"": 0.0, ""is_inter_community_edge_l1"": 0.0, ""is_low_common_neighbor_edge_l1"": 0.0, ""mean_l1"": 0.0}",1,32,32,63.703125,0
realworld_completed,bio_celegans,SASB-candidate,sasb,SASB-structured,20260513,585,early,1.0,1.0,0.0,1,1,0,0.28888888888888886,0.2893827160493827,276,423,276--423,5,6,5,6,30,2,0.5,1,7,3,32,"[""96"", ""53"", ""60"", ""51"", ""343"", ""62"", ""363"", ""85"", ""307"", ""373"", ""217"", ""220"", ""144"", ""145"", ""142"", ""143"", ""52"", ""82"", ""83"", ""147"", ""118"", ""440"", ""364"", ""398"", ""404"", ""322"", ""207"", ""368"", ""320"", ""237"", ""289"", ""12""]",0fc0797c04fa9bbf299f312a024b2f3c771dc12962c96a3f0a4472e76982def5,"{""boundary"": 12, ""community_rep"": 4, ""degree_core"": 10, ""random_fill"": 6}","{""degree_2"": 1, ""degree_3_4"": 2, ""degree_5_8"": 5, ""degree_9_plus"": 24}","{""0"": 2, ""1"": 7, ""2"": 1, ""3"": 7, ""4"": 7, ""5"": 2, ""6"": 1, ""7"": 1, ""8"": 3, ""9"": 1}",233,"{""backend"": ""evaluate_m19_theory_calibrated.candidate_features"", ""delta_mode"": ""none"", ""k_max"": 512, ""k_min"": 64, ""variant"": ""conservative""}",233,0.16180555555555556,1.0,1.0,0.004291845493562232,0.9871244635193133,"{""dp_17_64"": 0.055793991416309016, ""dp_257_plus"": 0.759656652360515, ""dp_5_16"": 0.017167381974248927, ""dp_65_256"": 0.16738197424892703}","{""cn_0"": 0.9871244635193133, ""cn_2_3"": 0.004291845493562232, ""cn_4_8"": 0.008583690987124463}",0.04291845493562232,741.5793991416309,sasb_candidate_builder,b1aa64565715306f8053a02c4dae535ad7154b9825ba3e262b694f2984ea17e5,233,b1aa64565715306f8053a02c4dae535ad7154b9825ba3e262b694f2984ea17e5,"{""sasb_builder"": 233}",0,0,0,0,{},0.0,"{""common_neighbor_bin_l1"": 0.0, ""degree_product_bin_l1"": 0.0, ""is_boundary_edge_l1"": 0.0, ""is_bridge_edge_l1"": 0.0, ""is_inter_community_edge_l1"": 0.0, ""is_low_common_neighbor_edge_l1"": 0.0, ""mean_l1"": 0.0}",1,32,32,15.038807653743314,0
realworld_completed,bio_celegans,SASB-candidate,sasb,SASB-structured,20260513,586,early,1.0,1.0,0.0,1,1,0,0.2893827160493827,0.28987654320987655,261,262,261--262,8,12,8,12,96,4,0.5714285714285714,1,9,3,32,"[""96"", ""53"", ""60"", ""51"", ""343"", ""62"", ""363"", ""85"", ""307"", ""373"", ""217"", ""220"", ""144"", ""145"", ""142"", ""143"", ""52"", ""82"", ""83"", ""147"", ""118"", ""440"", ""364"", ""398"", ""404"", ""322"", ""269"", ""356"", ""10"", ""255"", ""421"", ""447""]",1e738cb339649e1a3949ce75df8ff126536e5ec0f9a56f4899f850cdce00fcb7,"{""boundary"": 12, ""community_rep"": 4, ""degree_core"": 10, ""random_fill"": 6}","{""degree_2"": 3, ""degree_3_4"": 3, ""degree_5_8"": 2, ""degree_9_plus"": 24}","{""0"": 3, ""1"": 6, ""2"": 3, ""3"": 8, ""4"": 5, ""5"": 2, ""6"": 1, ""7"": 1, ""8"": 2, ""9"": 1}",233,"{""backend"": ""evaluate_m19_theory_calibrated.candidate_features"", ""delta_mode"": ""none"", ""k_max"": 512, ""k_min"": 64, ""variant"": ""conservative""}",233,0.16191799861014594,1.0,1.0,0.004291845493562232,0.9914163090128756,"{""dp_17_64"": 0.05150214592274678, ""dp_257_plus"": 0.759656652360515, ""dp_5_16"": 0.017167381974248927, ""dp_65_256"": 0.17167381974248927}","{""cn_0"": 0.9914163090128756, ""cn_4_8"": 0.008583690987124463}",0.034334763948497854,741.3261802575107,sasb_candidate_builder,e4479e0c337b80e42991fb4edc8a01e28e09c00b33c64e6f0c0eeb9d9e6f8ac0,233,e4479e0c337b80e42991fb4edc8a01e28e09c00b33c64e6f0c0eeb9d9e6f8ac0,"{""sasb_builder"": 233}",0,0,0,0,{},0.0,"{""common_neighbor_bin_l1"": 0.0, ""degree_product_bin_l1"": 0.0, ""is_boundary_edge_l1"": 0.0, ""is_bridge_edge_l1"": 0.0, ""is_inter_community_edge_l1"": 0.0, ""is_low_common_neighbor_edge_l1"": 0.0, ""mean_l1"": 0.0}",1,32,32,13.248503449675324,0
realworld_completed,bio_celegans,SASB-candidate,sasb,SASB-structured,20260513,587,early,1.0,1.0,0.0,1,1,0,0.28987654320987655,0.2903703703703704,261,263,261--263,7,6,6,7,42,3,0.6,1,2,3,32,"[""96"", ""53"", ""60"", ""51"", ""343"", ""62"", ""363"", ""85"", ""307"", ""373"", ""217"", ""220"", ""144"", ""145"", ""142"", ""143"", ""52"", ""82"", ""83"", ""147"", ""118"", ""440"", ""364"", ""398"", ""404"", ""322"", ""192"", ""168"", ""230"", ""204"", ""197"", ""295""]",9ec57daf36bdd9948c60325154be586d29c966e0f291059aeebf9d5e07d2e3c4,"{""boundary"": 12, ""community_rep"": 4, ""degree_core"": 10, ""random_fill"": 6}","{""degree_0_1"": 1, ""degree_2"": 1, ""degree_3_4"": 1, ""degree_5_8"": 4, ""degree_9_plus"": 25}","{""0"": 2, ""1"": 7, ""2"": 1, ""3"": 8, ""4"": 8, ""5"": 2, ""6"": 1, ""7"": 1, ""8"": 1, ""9"": 1}",232,"{""backend"": ""evaluate_m19_theory_calibrated.candidate_features"", ""delta_mode"": ""none"", ""k_max"": 512, ""k_min"": 64, ""variant"": ""conservative""}",232,0.16133518776077885,1.0,1.0,0.004310344827586207,0.9956896551724138,"{""dp_17_64"": 0.05172413793103448, ""dp_257_plus"": 0.7629310344827587, ""dp_5_16"": 0.017241379310344827, ""dp_65_256"": 0.16810344827586207}","{""cn_0"": 0.9956896551724138, ""cn_2_3"": 0.004310344827586207}",0.01293103448275862,742.6206896551724,sasb_candidate_builder,3aefd5894b8bb1322fff4dea2ac8333824b93a0957b11df8e27708f385200c03,232,3aefd5894b8bb1322fff4dea2ac8333824b93a0957b11df8e27708f385200c03,"{""sasb_builder"": 232}",0,0,0,0,{},0.0,"{""common_neighbor_bin_l1"": 0.0, ""degree_product_bin_l1"": 0.0, ""is_boundary_edge_l1"": 0.0, ""is_bridge_edge_l1"": 0.0, ""is_inter_community_edge_l1"": 0.0, ""is_low_common_neighbor_edge_l1"": 0.0, ""mean_l1"": 0.0}",1,32,32,7.1293453065277115,0
realworld_completed,bio_celegans,SASB-candidate,sasb,SASB-structured,20260513,588,early,1.0,1.0,0.0,1,1,0,0.2903703703703704,0.2908641975308642,177,53,177--53,4,98,4,98,392,1,0.3333333333333333,1,6,3,32,"[""96"", ""53"", ""60"", ""51"", ""343"", ""62"", ""363"", ""85"", ""307"", ""373"", ""217"", ""220"", ""144"", ""145"", ""142"", ""143"", ""52"", ""82"", ""83"", ""147"", ""118"", ""440"", ""364"", ""398"", ""404"", ""322"", ""244"", ""47"", ""357"", ""301"", ""376"", ""337""]",780021308530704b9662d6c799b2b8b301ac142b1bdfd036953ebf28a9fff147,"{""boundary"": 12, ""community_rep"": 4, ""degree_core"": 10, ""random_fill"": 6}","{""degree_2"": 1, ""degree_3_4"": 5, ""degree_5_8"": 2, ""degree_9_plus"": 24}","{""0"": 3, ""1"": 6, ""2"": 1, ""3"": 8, ""4"": 7, ""5"": 3, ""6"": 1, ""7"": 1, ""8"": 1, ""9"": 1}",232,"{""backend"": ""evaluate_m19_theory_calibrated.candidate_features"", ""delta_mode"": ""none"", ""k_max"": 512, ""k_min"": 64, ""variant"": ""conservative""}",232,0.16144745998608212,0.9956896551724138,0.9956896551724138,0.004310344827586207,1.0,"{""dp_17_64"": 0.04741379310344827, ""dp_257_plus"": 0.7672413793103449, ""dp_5_16"": 0.017241379310344827, ""dp_65_256"": 0.16810344827586207}","{""cn_0"": 1.0}",0.0,744.4913793103449,sasb_candidate_builder,8c0f035b1ef22ac1f038058b660fe5505c78862cf1943986c127c8b4b89ece66,232,8c0f035b1ef22ac1f038058b660fe5505c78862cf1943986c127c8b4b89ece66,"{""sasb_builder"": 232}",0,0,0,0,{},0.0,"{""common_neighbor_bin_l1"": 0.0, ""degree_product_bin_l1"": 0.0, ""is_boundary_edge_l1"": 0.0, ""is_bridge_edge_l1"": 0.0, ""is_inter_community_edge_l1"": 0.0, ""is_low_common_neighbor_edge_l1"": 0.0, ""mean_l1"": 0.0}",1,32,32,0.0,0
realworld_completed,bio_celegans,SASB-candidate,sasb,SASB-structured,20260513,589,early,1.0,1.0,0.0,1,1,0,0.2908641975308642,0.291358024691358,177,96,177--96,3,163,3,163,489,1,0.5,1,5,0,32,"[""96"", ""53"", ""60"", ""51"", ""343"", ""62"", ""363"", ""85"", ""307"", ""373"", ""217"", ""220"", ""144"", ""145"", ""142"", ""143"", ""52"", ""82"", ""83"", ""147"", ""118"", ""440"", ""364"", ""398"", ""404"", ""322"", ""302"", ""273"", ""103"", ""13"", ""181"", ""210""]",ee392eadc7555562c58729dc413ddac7a7b471dba9c901a05a80b01588348860,"{""boundary"": 12, ""community_rep"": 4, ""degree_core"": 10, ""random_fill"": 6}","{""degree_0_1"": 1, ""degree_2"": 1, ""degree_3_4"": 3, ""degree_5_8"": 3, ""degree_9_plus"": 24}","{""0"": 3, ""1"": 6, ""2"": 2, ""3"": 7, ""4"": 6, ""5"": 2, ""6"": 1, ""7"": 1, ""8"": 1, ""9"": 3}",232,"{""backend"": ""evaluate_m19_theory_calibrated.candidate_features"", ""delta_mode"": ""none"", ""k_max"": 512, ""k_min"": 64, ""variant"": ""conservative""}",232,0.1615598885793872,0.9956896551724138,0.9956896551724138,0.004310344827586207,1.0,"{""dp_17_64"": 0.04741379310344827, ""dp_257_plus"": 0.7629310344827587, ""dp_5_16"": 0.017241379310344827, ""dp_65_256"": 0.1724137931034483}","{""cn_0"": 1.0}",0.0,741.9008620689655,sasb_candidate_builder,fa6039a4674e1cb21ddffabbb4d01c7cbac1030e4f008b1f7e58e957e999c7ba,232,fa6039a4674e1cb21ddffabbb4d01c7cbac1030e4f008b1f7e58e957e999c7ba,"{""sasb_builder"": 232}",0,0,0,0,{},0.0,"{""common_neighbor_bin_l1"": 0.0, ""degree_product_bin_l1"": 0.0, ""is_boundary_edge_l1"": 0.0, ""is_bridge_edge_l1"": 0.0, ""is_inter_community_edge_l1"": 0.0, ""is_low_common_neighbor_edge_l1"": 0.0, ""mean_l1"": 0.0}",1,32,32,0.0,0
realworld_completed,bio_celegans,SASB-candidate,sasb,SASB-structured,20260513,590,early,1.0,1.0,0.0,1,1,0,0.291358024691358,0.29185185185185186,211,395,211--395,5,3,3,5,15,1,0.5,1,4,8,32,"[""96"", ""53"", ""60"", ""51"", ""343"", ""62"", ""363"", ""85"", ""307"", ""52"", ""373"", ""217"", ""144"", ""145"", ""142"", ""143"", ""220"", ""82"", ""83"", ""147"", ""118"", ""440"", ""364"", ""398"", ""404"", ""322"", ""159"", ""379"", ""184"", ""48"", ""306"", ""321""]",3e0029fba6b4211e12850ae843b4b34a4c0748fc0100c5a2ac0406b14a2f8fde,"{""boundary"": 12, ""community_rep"": 4, ""degree_core"": 10, ""random_fill"": 6}","{""degree_0_1"": 1, ""degree_2"": 1, ""degree_3_4"": 4, ""degree_5_8"": 1, ""degree_9_plus"": 25}","{""0"": 1, ""1"": 9, ""2"": 1, ""3"": 7, ""4"": 7, ""5"": 1, ""6"": 2, ""7"": 1, ""8"": 2, ""9"": 1}",232,"{""backend"": ""evaluate_m19_theory_calibrated.candidate_features"", ""delta_mode"": ""none"", ""k_max"": 512, ""k_min"": 64, ""variant"": ""conservative""}",232,0.1616724738675958,0.9956896551724138,0.9956896551724138,0.004310344827586207,1.0,"{""dp_17_64"": 0.04741379310344827, ""dp_257_plus"": 0.75, ""dp_5_16"": 0.034482758620689655, ""dp_65_256"": 0.16810344827586207}","{""cn_0"": 0.9913793103448276, ""cn_1"": 0.008620689655172414}",0.008620689655172414,729.8189655172414,sasb_candidate_builder,d4319b963a6c0988b2ef30a51cf202a454f56c3d76e58dd845fa6205fe8b48ad,232,d4319b963a6c0988b2ef30a51cf202a454f56c3d76e58dd845fa6205fe8b48ad,"{""sasb_builder"": 232}",0,0,0,0,{},0.0,"{""common_neighbor_bin_l1"": 0.0, ""degree_product_bin_l1"": 0.0, ""is_boundary_edge_l1"": 0.0, ""is_bridge_edge_l1"": 0.0, ""is_inter_community_edge_l1"": 0.0, ""is_low_common_neighbor_edge_l1"": 0.0, ""mean_l1"": 0.0}",1,32,32,33.50757259045304,0
realworld_completed,bio_celegans,SASB-candidate,sasb,SASB-structured,20260513,591,early,1.0,1.0,0.0,1,1,0,0.29185185185185186,0.2923456790123457,213,394,213--394,5,3,3,5,15,1,0.5,0,4,4,32,"[""96"", ""53"", ""60"", ""51"", ""343"", ""62"", ""363"", ""85"", ""307"", ""52"", ""373"", ""217"", ""144"", ""145"", ""142"", ""143"", ""220"", ""82"", ""83"", ""147"", ""118"", ""440"", ""364"", ""398"", ""404"", ""322"", ""292"", ""202"", ""188"", ""46"", ""376"", ""388""]",f07a4252f6f03d6c9ba67adb4e457edb8409006b50deebcf37a9f36cdb64fd8d,"{""boundary"": 12, ""community_rep"": 4, ""degree_core"": 10, ""random_fill"": 6}","{""degree_0_1"": 1, ""degree_3_4"": 5, ""degree_5_8"": 2, ""degree_9_plus"": 24}","{""0"": 1, ""1"": 6, ""2"": 1, ""3"": 9, ""4"": 5, ""5"": 1, ""6"": 3, ""7"": 1, ""8"": 3, ""9"": 2}",232,"{""backend"": ""evaluate_m19_theory_calibrated.candidate_features"", ""delta_mode"": ""none"", ""k_max"": 512, ""k_min"": 64, ""variant"": ""conservative""}",232,0.16178521617852162,0.9956896551724138,0.9956896551724138,0.004310344827586207,1.0,"{""dp_17_64"": 0.04741379310344827, ""dp_257_plus"": 0.75, ""dp_5_16"": 0.03017241379310345, ""dp_65_256"": 0.1724137931034483}","{""cn_0"": 0.9956896551724138, ""cn_1"": 0.004310344827586207}",0.004310344827586207,729.4655172413793,sasb_candidate_builder,19d2c058fbda6df432c527a210efb13b361de0c56bea6b0c8c3b1ad958dcf274,232,19d2c058fbda6df432c527a210efb13b361de0c56bea6b0c8c3b1ad958dcf274,"{""sasb_builder"": 232}",0,0,0,0,{},0.0,"{""common_neighbor_bin_l1"": 0.0, ""degree_product_bin_l1"": 0.0, ""is_boundary_edge_l1"": 0.0, ""is_bridge_edge_l1"": 0.0, ""is_inter_community_edge_l1"": 0.0, ""is_low_common_neighbor_edge_l1"": 0.0, ""mean_l1"": 0.0}",1,32,32,28.3125,0
realworld_completed,bio_celegans,SASB-candidate,sasb,SASB-structured,20260513,592,early,1.0,1.0,0.0,1,1,0,0.2923456790123457,0.2928395061728395,179,96,179--96,6,162,6,162,972,0,0.0,1,1,0,32,"[""96"", ""53"", ""60"", ""51"", ""343"", ""62"", ""363"", ""85"", ""307"", ""52"", ""373"", ""217"", ""144"", ""145"", ""142"", ""143"", ""220"", ""82"", ""83"", ""147"", ""118"", ""440"", ""364"", ""398"", ""404"", ""322"", ""252"", ""368"", ""189"", ""198"", ""117"", ""94""]",e928998d44a851f96e80563746346db1149d40ad4b569d478fb957cc45a380b7,"{""boundary"": 12, ""community_rep"": 4, ""degree_core"": 10, ""random_fill"": 6}","{""degree_2"": 2, ""degree_3_4"": 2, ""degree_5_8"": 3, ""degree_9_plus"": 25}","{""0"": 1, ""1"": 7, ""2"": 1, ""3"": 9, ""4"": 6, ""5"": 1, ""6"": 4, ""7"": 1, ""8"": 1, ""9"": 1}",232,"{""backend"": ""evaluate_m19_theory_calibrated.candidate_features"", ""delta_mode"": ""none"", ""k_max"": 512, ""k_min"": 64, ""variant"": ""conservative""}",232,0.16189811584089323,0.9913793103448276,0.9913793103448276,0.004310344827586207,1.0,"{""dp_17_64"": 0.04741379310344827, ""dp_257_plus"": 0.7543103448275862, ""dp_5_16"": 0.02586206896551724, ""dp_65_256"": 0.1724137931034483}","{""cn_0"": 1.0}",0.0,732.176724137931,sasb_candidate_builder,67d3d7fc9b63e591ace658e3cdea83d31abf2fe8c4fc437e3b511d4ffc1cff33,232,67d3d7fc9b63e591ace658e3cdea83d31abf2fe8c4fc437e3b511d4ffc1cff33,"{""sasb_builder"": 232}",0,0,0,0,{},0.0,"{""common_neighbor_bin_l1"": 0.0, ""degree_product_bin_l1"": 0.0, ""is_boundary_edge_l1"": 0.0, ""is_bridge_edge_l1"": 0.0, ""is_inter_community_edge_l1"": 0.0, ""is_low_common_neighbor_edge_l1"": 0.0, ""mean_l1"": 0.0}",1,32,32,0.0,0
realworld_completed,bio_celegans,SASB-candidate,sasb,SASB-structured,20260513,593,early,1.0,1.0,0.0,1,1,0,0.2928395061728395,0.29333333333333333,180,96,180--96,4,161,4,161,644,2,0.6666666666666666,1,3,8,32,"[""96"", ""53"", ""60"", ""51"", ""343"", ""62"", ""363"", ""85"", ""307"", ""52"", ""373"", ""217"", ""144"", ""145"", ""142"", ""143"", ""220"", ""82"", ""83"", ""147"", ""118"", ""440"", ""364"", ""398"", ""404"", ""322"", ""127"", ""103"", ""374"", ""376"", ""199"", ""299""]",45db215efd0eca617e663732599cbafbd992c12f7c3f696790ee6bc05fbc641e,"{""boundary"": 12, ""community_rep"": 4, ""degree_core"": 10, ""random_fill"": 6}","{""degree_0_1"": 3, ""degree_3_4"": 3, ""degree_5_8"": 2, ""degree_9_plus"": 24}","{""0"": 2, ""1"": 7, ""2"": 1, ""3"": 7, ""4"": 5, ""5"": 1, ""6"": 3, ""7"": 1, ""8"": 3, ""9"": 2}",232,"{""backend"": ""evaluate_m19_theory_calibrated.candidate_features"", ""delta_mode"": ""none"", ""k_max"": 512, ""k_min"": 64, ""variant"": ""conservative""}",232,0.16201117318435754,0.9913793103448276,0.9913793103448276,0.004310344827586207,1.0,"{""dp_17_64"": 0.04741379310344827, ""dp_257_plus"": 0.75, ""dp_5_16"": 0.02586206896551724, ""dp_65_256"": 0.17672413793103448}","{""cn_0"": 1.0}",0.0,725.823275862069,sasb_candidate_builder,247a1ff5e77527b1f5d0ac002b8556852dcdb56ce58f0400b9c1625f51b46d2e,232,247a1ff5e77527b1f5d0ac002b8556852dcdb56ce58f0400b9c1625f51b46d2e,"{""sasb_builder"": 232}",0,0,0,0,{},0.0,"{""common_neighbor_bin_l1"": 0.0, ""degree_product_bin_l1"": 0.0, ""is_boundary_edge_l1"": 0.0, ""is_bridge_edge_l1"": 0.0, ""is_inter_community_edge_l1"": 0.0, ""is_low_common_neighbor_edge_l1"": 0.0, ""mean_l1"": 0.0}",1,32,32,0.0,0
realworld_completed,bio_celegans,SASB-candidate,sasb,SASB-structured,20260513,594,early,1.0,1.0,0.0,1,1,0,0.29333333333333333,0.2938271604938272,165,307,165--307,8,11,8,11,88,4,0.5714285714285714,1,3,2,32,"[""96"", ""53"", ""60"", ""51"", ""343"", ""62"", ""363"", ""85"", ""307"", ""52"", ""373"", ""217"", ""144"", ""145"", ""142"", ""143"", ""220"", ""82"", ""83"", ""147"", ""118"", ""440"", ""364"", ""398"", ""404"", ""322"", ""255"", ""387"", ""191"", ""46"", ""119"", ""312""]",85c3126ba7ddc049f9ddf6357960e61583c49d033b7b7c9a01f75b338ce8f0df,"{""boundary"": 12, ""community_rep"": 4, ""degree_core"": 10, ""random_fill"": 6}","{""degree_3_4"": 5, ""degree_5_8"": 3, ""degree_9_plus"": 24}","{""0"": 1, ""1"": 8, ""2"": 1, ""3"": 8, ""4"": 6, ""5"": 1, ""6"": 2, ""7"": 1, ""8"": 2, ""9"": 2}",232,"{""backend"": ""evaluate_m19_theory_calibrated.candidate_features"", ""delta_mode"": ""none"", ""k_max"": 512, ""k_min"": 64, ""variant"": ""conservative""}",232,0.16212438853948288,0.9913793103448276,0.9913793103448276,0.004310344827586207,0.9956896551724138,"{""dp_17_64"": 0.04741379310344827, ""dp_257_plus"": 0.7456896551724138, ""dp_5_16"": 0.02586206896551724, ""dp_65_256"": 0.1810344827586207}","{""cn_0"": 0.9956896551724138, ""cn_4_8"": 0.004310344827586207}",0.017241379310344827,720.5215517241379,sasb_candidate_builder,9bcf31fa43fbc30d5546fa7f1ef5ca3b3c2548504db8e44af4f14837cafe507f,232,9bcf31fa43fbc30d5546fa7f1ef5ca3b3c2548504db8e44af4f14837cafe507f,"{""sasb_builder"": 232}",0,0,0,0,{},0.0,"{""common_neighbor_bin_l1"": 0.0, ""degree_product_bin_l1"": 0.0, ""is_boundary_edge_l1"": 0.0, ""is_bridge_edge_l1"": 0.0, ""is_inter_community_edge_l1"": 0.0, ""is_low_common_neighbor_edge_l1"": 0.0, ""mean_l1"": 0.0}",1,32,32,90.54293754494388,0
realworld_completed,bio_celegans,SASB-candidate,sasb,SASB-structured,20260513,595,early,1.0,1.0,0.0,1,1,0,0.2938271604938272,0.29432098765432096,186,62,186--62,4,46,4,46,184,1,0.3333333333333333,1,5,4,32,"[""96"", ""53"", ""60"", ""51"", ""343"", ""62"", ""363"", ""85"", ""52"", ""373"", ""217"", ""307"", ""144"", ""145"", ""142"", ""143"", ""220"", ""82"", ""83"", ""147"", ""118"", ""440"", ""364"", ""398"", ""97"", ""404"", ""322"", ""158"", ""303"", ""167"", ""321"", ""448""]",f7a42047e27a3545cc749534f995101ce76820fc4705b503df376b88977472f6,"{""boundary"": 12, ""community_rep"": 5, ""degree_core"": 10, ""random_fill"": 5}","{""degree_2"": 2, ""degree_3_4"": 3, ""degree_5_8"": 1, ""degree_9_plus"": 26}","{""0"": 2, ""1"": 7, ""2"": 1, ""3"": 8, ""4"": 6, ""5"": 1, ""6"": 3, ""7"": 2, ""8"": 1, ""9"": 1}",232,"{""backend"": ""evaluate_m19_theory_calibrated.candidate_features"", ""delta_mode"": ""none"", ""k_max"": 512, ""k_min"": 64, ""variant"": ""conservative""}",232,0.16223776223776223,0.9870689655172413,0.9870689655172413,0.004310344827586207,1.0,"{""dp_17_64"": 0.04741379310344827, ""dp_257_plus"": 0.75, ""dp_5_16"": 0.02586206896551724, ""dp_65_256"": 0.17672413793103448}","{""cn_0"": 1.0}",0.0,722.7370689655172,sasb_candidate_builder,3a3ac3f4bb4f4102add5a4d855d1c7d00a78e5dda8592996edd58b138e5575c8,232,3a3ac3f4bb4f4102add5a4d855d1c7d00a78e5dda8592996edd58b138e5575c8,"{""sasb_builder"": 232}",0,0,0,0,{},0.0,"{""common_neighbor_bin_l1"": 0.0, ""degree_product_bin_l1"": 0.0, ""is_boundary_edge_l1"": 0.0, ""is_bridge_edge_l1"": 0.0, ""is_inter_community_edge_l1"": 0.0, ""is_low_common_neighbor_edge_l1"": 0.0, ""mean_l1"": 0.0}",1,32,32,0.0,0
realworld_completed,bio_celegans,SASB-candidate,sasb,SASB-structured,20260513,596,early,1.0,1.0,0.0,1,1,0,0.29432098765432096,0.2948148148148148,190,96,190--96,7,160,7,160,1120,1,0.16666666666666666,1,1,5,32,"[""96"", ""53"", ""60"", ""51"", ""343"", ""363"", ""62"", ""85"", ""52"", ""373"", ""217"", ""307"", ""144"", ""145"", ""142"", ""143"", ""220"", ""82"", ""83"", ""147"", ""118"", ""440"", ""364"", ""398"", ""97"", ""404"", ""322"", ""441"", ""212"", ""27"", ""73"", ""150""]",e2dbf9a9f71aa163660cc563dfda288ad0f3c5bcdc2d805592d3ff510e22a558,"{""boundary"": 12, ""community_rep"": 5, ""degree_core"": 10, ""random_fill"": 5}","{""degree_2"": 1, ""degree_3_4"": 3, ""degree_5_8"": 3, ""degree_9_plus"": 25}","{""0"": 3, ""1"": 9, ""2"": 1, ""3"": 7, ""4"": 5, ""5"": 2, ""6"": 2, ""7"": 1, ""8"": 1, ""9"": 1}",232,"{""backend"": ""evaluate_m19_theory_calibrated.candidate_features"", ""delta_mode"": ""none"", ""k_max"": 512, ""k_min"": 64, ""variant"": ""conservative""}",232,0.16235129461161651,0.9827586206896551,0.9827586206896551,0.008620689655172414,1.0,"{""dp_17_64"": 0.04741379310344827, ""dp_257_plus"": 0.7543103448275862, ""dp_5_16"": 0.02586206896551724, ""dp_65_256"": 0.1724137931034483}","{""cn_0"": 1.0}",0.0,722.7629310344828,sasb_candidate_builder,0d342b9a535ed299a794acf2363fca7f28a23483652aa67cbed462b0cfeff86f,232,0d342b9a535ed299a794acf2363fca7f28a23483652aa67cbed462b0cfeff86f,"{""sasb_builder"": 232}",0,0,0,0,{},0.0,"{""common_neighbor_bin_l1"": 0.0, ""degree_product_bin_l1"": 0.0, ""is_boundary_edge_l1"": 0.0, ""is_bridge_edge_l1"": 0.0, ""is_inter_community_edge_l1"": 0.0, ""is_low_common_neighbor_edge_l1"": 0.0, ""mean_l1"": 0.0}",1,32,32,0.0,0
realworld_completed,bio_celegans,SASB-candidate,sasb,SASB-structured,20260513,597,early,1.0,1.0,0.0,1,1,0,0.2948148148148148,0.29530864197530865,192,96,192--96,8,159,8,159,1272,6,0.8571428571428571,1,1,0,32,"[""96"", ""53"", ""60"", ""51"", ""343"", ""363"", ""62"", ""85"", ""52"", ""373"", ""217"", ""307"", ""144"", ""145"", ""142"", ""143"", ""220"", ""82"", ""83"", ""147"", ""118"", ""440"", ""364"", ""398"", ""97"", ""404"", ""322"", ""119"", ""199"", ""266"", ""306"", ""40""]",5b6ee8561b0e256e99bb9ba7e92a3e7e99fa1e0b44378e31899e38fe9b047b8f,"{""boundary"": 12, ""community_rep"": 5, ""degree_core"": 10, ""random_fill"": 5}","{""degree_0_1"": 1, ""degree_3_4"": 4, ""degree_5_8"": 1, ""degree_9_plus"": 26}","{""0"": 2, ""1"": 7, ""2"": 1, ""3"": 9, ""4"": 5, ""5"": 1, ""6"": 2, ""7"": 1, ""8"": 3, ""9"": 1}",232,"{""backend"": ""evaluate_m19_theory_calibrated.candidate_features"", ""delta_mode"": ""none"", ""k_max"": 512, ""k_min"": 64, ""variant"": ""conservative""}",232,0.16246498599439776,0.978448275862069,0.978448275862069,0.008620689655172414,1.0,"{""dp_17_64"": 0.04741379310344827, ""dp_257_plus"": 0.7543103448275862, ""dp_5_16"": 0.02586206896551724, ""dp_65_256"": 0.1724137931034483}","{""cn_0"": 1.0}",0.0,719.1681034482758,sasb_candidate_builder,deeb474ebca8dd3846ca953915a9afa1b5bf8e75777a2b28e57f65b4a58db1ca,232,deeb474ebca8dd3846ca953915a9afa1b5bf8e75777a2b28e57f65b4a58db1ca,"{""sasb_builder"": 232}",0,0,0,0,{},0.0,"{""common_neighbor_bin_l1"": 0.0, ""degree_product_bin_l1"": 0.0, ""is_boundary_edge_l1"": 0.0, ""is_bridge_edge_l1"": 0.0, ""is_inter_community_edge_l1"": 0.0, ""is_low_common_neighbor_edge_l1"": 0.0, ""mean_l1"": 0.0}",1,32,32,0.0,0
realworld_completed,bio_celegans,SASB-candidate,sasb,SASB-structured,20260513,598,early,1.0,1.0,0.0,1,1,0,0.29530864197530865,0.2958024691358025,193,53,193--53,9,97,9,97,873,0,0.0,1,1,3,32,"[""96"", ""53"", ""60"", ""51"", ""343"", ""363"", ""62"", ""85"", ""52"", ""373"", ""217"", ""307"", ""144"", ""145"", ""142"", ""143"", ""220"", ""82"", ""83"", ""147"", ""118"", ""440"", ""364"", ""398"", ""97"", ""404"", ""322"", ""406"", ""113"", ""320"", ""92"", ""238""]",7eff94e78b0cef1fea09985ba5d1c9e8a69f5afd0298a264c003829da9c12673,"{""boundary"": 12, ""community_rep"": 5, ""degree_core"": 10, ""random_fill"": 5}","{""degree_3_4"": 3, ""degree_5_8"": 4, ""degree_9_plus"": 25}","{""0"": 2, ""1"": 6, ""2"": 1, ""3"": 8, ""4"": 6, ""5"": 1, ""6"": 2, ""7"": 1, ""8"": 2, ""9"": 3}",232,"{""backend"": ""evaluate_m19_theory_calibrated.candidate_features"", ""delta_mode"": ""none"", ""k_max"": 512, ""k_min"": 64, ""variant"": ""conservative""}",232,0.16257883672039244,0.9741379310344828,0.9741379310344828,0.008620689655172414,1.0,"{""dp_17_64"": 0.04741379310344827, ""dp_257_plus"": 0.7543103448275862, ""dp_5_16"": 0.02586206896551724, ""dp_65_256"": 0.1724137931034483}","{""cn_0"": 1.0}",0.0,713.5387931034483,sasb_candidate_builder,152a59f304a699b1dc5ddb3ef25a3403ca4b25c3fa1191d8c682c64748079e6d,232,152a59f304a699b1dc5ddb3ef25a3403ca4b25c3fa1191d8c682c64748079e6d,"{""sasb_builder"": 232}",0,0,0,0,{},0.0,"{""common_neighbor_bin_l1"": 0.0, ""degree_product_bin_l1"": 0.0, ""is_boundary_edge_l1"": 0.0, ""is_bridge_edge_l1"": 0.0, ""is_inter_community_edge_l1"": 0.0, ""is_low_common_neighbor_edge_l1"": 0.0, ""mean_l1"": 0.0}",1,32,32,0.0,0
realworld_completed,bio_celegans,SASB-candidate,sasb,SASB-structured,20260513,599,early,1.0,1.0,0.0,1,1,0,0.2958024691358025,0.2962962962962963,193,96,193--96,8,158,8,158,1264,5,0.7142857142857143,1,1,5,32,"[""96"", ""53"", ""60"", ""51"", ""343"", ""363"", ""62"", ""85"", ""52"", ""373"", ""217"", ""307"", ""144"", ""145"", ""142"", ""143"", ""220"", ""82"", ""83"", ""147"", ""118"", ""440"", ""364"", ""398"", ""97"", ""404"", ""322"", ""16"", ""417"", ""422"", ""84"", ""388""]",4d4292e3c9f4d76842bb072ae98f63eebc1328456da546378e37a07c5f910c52,"{""boundary"": 12, ""community_rep"": 5, ""degree_core"": 10, ""random_fill"": 5}","{""degree_3_4"": 4, ""degree_5_8"": 3, ""degree_9_plus"": 25}","{""0"": 2, ""1"": 7, ""2"": 1, ""3"": 9, ""4"": 5, ""5"": 1, ""6"": 2, ""7"": 1, ""8"": 3, ""9"": 1}",231,"{""backend"": ""evaluate_m19_theory_calibrated.candidate_features"", ""delta_mode"": ""none"", ""k_max"": 512, ""k_min"": 64, ""variant"": ""conservative""}",231,0.16199158485273493,0.974025974025974,0.974025974025974,0.008658008658008658,1.0,"{""dp_17_64"": 0.047619047619047616, ""dp_257_plus"": 0.7532467532467533, ""dp_5_16"": 0.025974025974025976, ""dp_65_256"": 0.17316017316017315}","{""cn_0"": 1.0}",0.0,711.1904761904761,sasb_candidate_builder,342384bb192c9ba11ba2b712d776d84fbe7ace016c772d05826147c9a2738391,231,342384bb192c9ba11ba2b712d776d84fbe7ace016c772d05826147c9a2738391,"{""sasb_builder"": 231}",0,0,0,0,{},0.0,"{""common_neighbor_bin_l1"": 0.0, ""degree_product_bin_l1"": 0.0, ""is_boundary_edge_l1"": 0.0, ""is_bridge_edge_l1"": 0.0, ""is_inter_community_edge_l1"": 0.0, ""is_low_common_neighbor_edge_l1"": 0.0, ""mean_l1"": 0.0}",1,32,32,0.0,0
realworld_completed,bio_celegans,SASB-candidate,sasb,SASB-structured,20260513,600,early,1.0,1.0,0.0,1,1,0,0.2962962962962963,0.2967901234567901,201,96,201--96,4,157,4,157,628,0,0.0,1,1,5,32,"[""96"", ""53"", ""60"", ""51"", ""343"", ""363"", ""62"", ""85"", ""52"", ""373"", ""217"", ""307"", ""144"", ""145"", ""142"", ""143"", ""220"", ""82"", ""83"", ""147"", ""118"", ""440"", ""364"", ""398"", ""97"", ""404"", ""322"", ""430"", ""233"", ""238"", ""207"", ""137""]",605242cd7b716e4220c69f2735085c2d17c0519bac38528e09ad3b41a0d0ddbb,"{""boundary"": 12, ""community_rep"": 5, ""degree_core"": 10, ""random_fill"": 5}","{""degree_3_4"": 3, ""degree_5_8"": 4, ""degree_9_plus"": 25}","{""0"": 2, ""1"": 7, ""2"": 1, ""3"": 7, ""4"": 7, ""5"": 2, ""6"": 1, ""7"": 1, ""8"": 1, ""9"": 3}",231,"{""backend"": ""evaluate_m19_theory_calibrated.candidate_features"", ""delta_mode"": ""none"", ""k_max"": 512, ""k_min"": 64, ""variant"": ""conservative""}",231,0.16210526315789472,0.9696969696969697,0.9696969696969697,0.008658008658008658,1.0,"{""dp_17_64"": 0.047619047619047616, ""dp_257_plus"": 0.7532467532467533, ""dp_5_16"": 0.025974025974025976, ""dp_65_256"": 0.17316017316017315}","{""cn_0"": 1.0}",0.0,704.2207792207793,sasb_candidate_builder,dcdc60d786adcf33ef1c8d13fa5e24fb6b0e8a465d246ad4c600f75bc3e15ee5,231,dcdc60d786adcf33ef1c8d13fa5e24fb6b0e8a465d246ad4c600f75bc3e15ee5,"{""sasb_builder"": 231}",0,0,0,0,{},0.0,"{""common_neighbor_bin_l1"": 0.0, ""degree_product_bin_l1"": 0.0, ""is_boundary_edge_l1"": 0.0, ""is_bridge_edge_l1"": 0.0, ""is_inter_community_edge_l1"": 0.0, ""is_low_common_neighbor_edge_l1"": 0.0, ""mean_l1"": 0.0}",1,32,32,0.0,0
realworld_completed,bio_celegans,SASB-candidate,sasb,SASB-structured,20260513,601,early,1.0,1.0,0.0,1,1,0,0.2967901234567901,0.29728395061728397,203,60,203--60,8,40,8,40,320,3,0.42857142857142855,1,1,4,32,"[""96"", ""53"", ""60"", ""51"", ""343"", ""363"", ""62"", ""85"", ""52"", ""373"", ""217"", ""307"", ""144"", ""145"", ""142"", ""143"", ""220"", ""82"", ""83"", ""147"", ""118"", ""440"", ""364"", ""398"", ""97"", ""404"", ""322"", ""42"", ""139"", ""371"", ""263"", ""114""]",4568d05368eef925b321f37e71ee84e998162961687aa371668c47912bd85dd9,"{""boundary"": 12, ""community_rep"": 5, ""degree_core"": 10, ""random_fill"": 5}","{""degree_2"": 1, ""degree_3_4"": 4, ""degree_5_8"": 2, ""degree_9_plus"": 25}","{""0"": 2, ""1"": 6, ""2"": 1, ""3"": 8, ""4"": 5, ""5"": 2, ""6"": 1, ""7"": 2, ""8"": 1, ""9"": 4}",231,"{""backend"": ""evaluate_m19_theory_calibrated.candidate_features"", ""delta_mode"": ""none"", ""k_max"": 512, ""k_min"": 64, ""variant"": ""conservative""}",231,0.1622191011235955,0.9653679653679653,0.9653679653679653,0.008658008658008658,1.0,"{""dp_17_64"": 0.047619047619047616, ""dp_257_plus"": 0.7532467532467533, ""dp_5_16"": 0.025974025974025976, ""dp_65_256"": 0.17316017316017315}","{""cn_0"": 1.0}",0.0,700.008658008658,sasb_candidate_builder,2dc8ef7b5c74037a85655b6e0015af45a31c605a506dd3eb1bc336b8e41acdc9,231,2dc8ef7b5c74037a85655b6e0015af45a31c605a506dd3eb1bc336b8e41acdc9,"{""sasb_builder"": 231}",0,0,0,0,{},0.0,"{""common_neighbor_bin_l1"": 0.0, ""degree_product_bin_l1"": 0.0, ""is_boundary_edge_l1"": 0.0, ""is_bridge_edge_l1"": 0.0, ""is_inter_community_edge_l1"": 0.0, ""is_low_common_neighbor_edge_l1"": 0.0, ""mean_l1"": 0.0}",1,32,32,0.0,0
realworld_completed,bio_celegans,SASB-candidate,sasb,SASB-structured,20260513,602,early,1.0,1.0,0.0,1,1,0,0.29728395061728397,0.29777777777777775,206,51,206--51,10,78,10,78,780,1,0.1111111111111111,1,8,3,32,"[""96"", ""53"", ""60"", ""51"", ""343"", ""363"", ""62"", ""85"", ""52"", ""373"", ""217"", ""307"", ""144"", ""145"", ""142"", ""143"", ""220"", ""82"", ""83"", ""147"", ""118"", ""440"", ""364"", ""398"", ""97"", ""404"", ""322"", ""390"", ""233"", ""410"", ""372"", ""449""]",32f29c5c81eca7ec681ca747cfc84fc001d9d14576c9a00604b1b68bd4469503,"{""boundary"": 12, ""community_rep"": 5, ""degree_core"": 10, ""random_fill"": 5}","{""degree_2"": 1, ""degree_3_4"": 2, ""degree_5_8"": 4, ""degree_9_plus"": 25}","{""0"": 2, ""1"": 6, ""2"": 1, ""3"": 7, ""4"": 8, ""5"": 1, ""6"": 1, ""7"": 1, ""8"": 2, ""9"": 3}",231,"{""backend"": ""evaluate_m19_theory_calibrated.candidate_features"", ""delta_mode"": ""none"", ""k_max"": 512, ""k_min"": 64, ""variant"": ""conservative""}",231,0.16233309908643712,0.961038961038961,0.961038961038961,0.008658008658008658,1.0,"{""dp_17_64"": 0.047619047619047616, ""dp_257_plus"": 0.7532467532467533, ""dp_5_16"": 0.025974025974025976, ""dp_65_256"": 0.17316017316017315}","{""cn_0"": 1.0}",0.0,699.1341991341991,sasb_candidate_builder,9dc5890322e26eae9e1517a653be49a12d0cb8be62b1b88378e5399dcc887a31,231,9dc5890322e26eae9e1517a653be49a12d0cb8be62b1b88378e5399dcc887a31,"{""sasb_builder"": 231}",0,0,0,0,{},0.0,"{""common_neighbor_bin_l1"": 0.0, ""degree_product_bin_l1"": 0.0, ""is_boundary_edge_l1"": 0.0, ""is_bridge_edge_l1"": 0.0, ""is_inter_community_edge_l1"": 0.0, ""is_low_common_neighbor_edge_l1"": 0.0, ""mean_l1"": 0.0}",1,32,32,0.0,0
realworld_completed,bio_celegans,SASB-candidate,sasb,SASB-structured,20260513,603,early,1.0,1.0,0.0,1,1,0,0.29777777777777775,0.2982716049382716,206,53,206--53,9,96,9,96,864,0,0.0,1,2,3,32,"[""96"", ""53"", ""60"", ""51"", ""343"", ""363"", ""62"", ""85"", ""52"", ""373"", ""217"", ""307"", ""144"", ""145"", ""142"", ""143"", ""220"", ""82"", ""83"", ""147"", ""118"", ""440"", ""364"", ""398"", ""97"", ""404"", ""322"", ""308"", ""245"", ""103"", ""396"", ""0""]",59a62b38e65a5f2cd14da5e96404ae258107b4820bd4f13872a6d4636a5c0f1a,"{""boundary"": 12, ""community_rep"": 5, ""degree_core"": 10, ""random_fill"": 5}","{""degree_0_1"": 2, ""degree_3_4"": 3, ""degree_5_8"": 2, ""degree_9_plus"": 25}","{""0"": 3, ""1"": 7, ""2"": 2, ""3"": 8, ""4"": 6, ""5"": 1, ""6"": 1, ""7"": 1, ""8"": 1, ""9"": 2}",231,"{""backend"": ""evaluate_m19_theory_calibrated.candidate_features"", ""delta_mode"": ""none"", ""k_max"": 512, ""k_min"": 64, ""variant"": ""conservative""}",231,0.16244725738396623,0.9567099567099567,0.9567099567099567,0.008658008658008658,1.0,"{""dp_17_64"": 0.047619047619047616, ""dp_257_plus"": 0.7489177489177489, ""dp_5_16"": 0.025974025974025976, ""dp_65_256"": 0.1774891774891775}","{""cn_0"": 1.0}",0.0,697.1645021645022,sasb_candidate_builder,8f6746cdc25097dab57db33998e43dbe209b56fb6a0e908afb834e797d6b946f,231,8f6746cdc25097dab57db33998e43dbe209b56fb6a0e908afb834e797d6b946f,"{""sasb_builder"": 231}",0,0,0,0,{},0.0,"{""common_neighbor_bin_l1"": 0.0, ""degree_product_bin_l1"": 0.0, ""is_boundary_edge_l1"": 0.0, ""is_bridge_edge_l1"": 0.0, ""is_inter_community_edge_l1"": 0.0, ""is_low_common_neighbor_edge_l1"": 0.0, ""mean_l1"": 0.0}",1,32,32,0.0,0
realworld_completed,bio_celegans,SASB-candidate,sasb,SASB-structured,20260513,604,early,1.0,1.0,0.0,1,1,0,0.2982716049382716,0.29876543209876544,206,82,206--82,8,29,8,29,232,1,0.14285714285714285,1,7,4,32,"[""96"", ""53"", ""60"", ""51"", ""343"", ""363"", ""62"", ""85"", ""52"", ""373"", ""217"", ""307"", ""144"", ""145"", ""142"", ""143"", ""220"", ""82"", ""83"", ""147"", ""118"", ""440"", ""364"", ""398"", ""97"", ""404"", ""322"", ""138"", ""375"", ""351"", ""314"", ""219""]",2a642c7ca6f013013f174619682aad31c837ec2304ece5398995fb4368f7a0c8,"{""boundary"": 12, ""community_rep"": 5, ""degree_core"": 10, ""random_fill"": 5}","{""degree_2"": 2, ""degree_3_4"": 1, ""degree_5_8"": 3, ""degree_9_plus"": 26}","{""0"": 2, ""1"": 8, ""2"": 1, ""3"": 7, ""4"": 8, ""5"": 1, ""6"": 1, ""7"": 1, ""8"": 1, ""9"": 2}",231,"{""backend"": ""evaluate_m19_theory_calibrated.candidate_features"", ""delta_mode"": ""none"", ""k_max"": 512, ""k_min"": 64, ""variant"": ""conservative""}",231,0.1625615763546798,0.9523809523809523,0.9523809523809523,0.008658008658008658,1.0,"{""dp_17_64"": 0.047619047619047616, ""dp_257_plus"": 0.7445887445887446, ""dp_5_16"": 0.025974025974025976, ""dp_65_256"": 0.18181818181818182}","{""cn_0"": 1.0}",0.0,693.5974025974026,sasb_candidate_builder,602d9e0223084e0958ec1e5156aa53b21e7b04272cff5a82a58aec015c1bd8d5,231,602d9e0223084e0958ec1e5156aa53b21e7b04272cff5a82a58aec015c1bd8d5,"{""sasb_builder"": 231}",0,0,0,0,{},0.0,"{""common_neighbor_bin_l1"": 0.0, ""degree_product_bin_l1"": 0.0, ""is_boundary_edge_l1"": 0.0, ""is_bridge_edge_l1"": 0.0, ""is_inter_community_edge_l1"": 0.0, ""is_low_common_neighbor_edge_l1"": 0.0, ""mean_l1"": 0.0}",1,32,32,0.0,0
realworld_completed,bio_celegans,SASB-candidate,sasb,SASB-structured,20260513,605,early,1.0,1.0,0.0,1,1,0,0.29876543209876544,0.2992592592592593,206,83,206--83,7,28,7,28,196,0,0.0,1,2,4,32,"[""96"", ""53"", ""60"", ""51"", ""343"", ""363"", ""62"", ""85"", ""52"", ""373"", ""217"", ""307"", ""144"", ""145"", ""142"", ""143"", ""220"", ""82"", ""83"", ""147"", ""118"", ""440"", ""364"", ""398"", ""97"", ""404"", ""322"", ""345"", ""438"", ""213"", ""365"", ""182""]",0a9c8fcc90d8a3b6f9ca70fc3eea631ba255e8a2164ac4f6be70ba5d9baee4f7,"{""boundary"": 12, ""community_rep"": 5, ""degree_core"": 10, ""random_fill"": 5}","{""degree_3_4"": 5, ""degree_5_8"": 2, ""degree_9_plus"": 25}","{""0"": 2, ""1"": 7, ""2"": 2, ""3"": 8, ""4"": 6, ""5"": 1, ""6"": 1, ""7"": 1, ""8"": 2, ""9"": 2}",231,"{""backend"": ""evaluate_m19_theory_calibrated.candidate_features"", ""delta_mode"": ""none"", ""k_max"": 512, ""k_min"": 64, ""variant"": ""conservative""}",231,0.16267605633802817,0.948051948051948,0.948051948051948,0.008658008658008658,1.0,"{""dp_17_64"": 0.047619047619047616, ""dp_257_plus"": 0.7445887445887446, ""dp_5_16"": 0.025974025974025976, ""dp_65_256"": 0.18181818181818182}","{""cn_0"": 1.0}",0.0,695.5757575757576,sasb_candidate_builder,c0fa427245306bb9d136fef19f906a0bc49b43e06a2d896592f3b70f8104e04b,231,c0fa427245306bb9d136fef19f906a0bc49b43e06a2d896592f3b70f8104e04b,"{""sasb_builder"": 231}",0,0,0,0,{},0.0,"{""common_neighbor_bin_l1"": 0.0, ""degree_product_bin_l1"": 0.0, ""is_boundary_edge_l1"": 0.0, ""is_bridge_edge_l1"": 0.0, ""is_inter_community_edge_l1"": 0.0, ""is_low_common_neighbor_edge_l1"": 0.0, ""mean_l1"": 0.0}",1,32,32,0.0,0
realworld_completed,bio_celegans,SASB-candidate,sasb,SASB-structured,20260513,606,early,1.0,1.0,0.0,1,1,0,0.2992592592592593,0.29975308641975307,206,96,206--96,6,156,6,156,936,1,0.2,1,8,0,32,"[""96"", ""53"", ""60"", ""51"", ""343"", ""363"", ""62"", ""85"", ""52"", ""373"", ""217"", ""307"", ""144"", ""145"", ""142"", ""143"", ""220"", ""82"", ""147"", ""83"", ""118"", ""440"", ""364"", ""398"", ""97"", ""404"", ""322"", ""367"", ""176"", ""8"", ""39"", ""171""]",89c20ffb4776fb459bd3123457c528ff1cacef7b11d017a287888275786e0725,"{""boundary"": 12, ""community_rep"": 5, ""degree_core"": 10, ""random_fill"": 5}","{""degree_2"": 2, ""degree_3_4"": 4, ""degree_5_8"": 1, ""degree_9_plus"": 25}","{""0"": 2, ""1"": 6, ""2"": 1, ""3"": 9, ""4"": 6, ""5"": 2, ""6"": 1, ""7"": 1, ""8"": 1, ""9"": 3}",231,"{""backend"": ""evaluate_m19_theory_calibrated.candidate_features"", ""delta_mode"": ""none"", ""k_max"": 512, ""k_min"": 64, ""variant"": ""conservative""}",231,0.16279069767441862,0.9437229437229437,0.9437229437229437,0.008658008658008658,1.0,"{""dp_17_64"": 0.047619047619047616, ""dp_257_plus"": 0.7489177489177489, ""dp_5_16"": 0.025974025974025976, ""dp_65_256"": 0.1774891774891775}","{""cn_0"": 1.0}",0.0,695.952380952381,sasb_candidate_builder,a86dfc3616f05a96273449db9a1f6c6e00bc350c72c70f6a593479d982492df5,231,a86dfc3616f05a96273449db9a1f6c6e00bc350c72c70f6a593479d982492df5,"{""sasb_builder"": 231}",0,0,0,0,{},0.0,"{""common_neighbor_bin_l1"": 0.0, ""degree_product_bin_l1"": 0.0, ""is_boundary_edge_l1"": 0.0, ""is_bridge_edge_l1"": 0.0, ""is_inter_community_edge_l1"": 0.0, ""is_low_common_neighbor_edge_l1"": 0.0, ""mean_l1"": 0.0}",1,32,32,0.0,0
realworld_completed,bio_celegans,SASB-candidate,sasb,SASB-structured,20260513,607,early,1.0,1.0,0.0,1,1,0,0.29975308641975307,0.3002469135802469,207,96,207--96,7,155,7,155,1085,0,0.0,1,4,0,32,"[""96"", ""53"", ""60"", ""51"", ""343"", ""363"", ""62"", ""85"", ""52"", ""373"", ""217"", ""307"", ""144"", ""145"", ""142"", ""143"", ""220"", ""82"", ""147"", ""83"", ""118"", ""440"", ""364"", ""398"", ""97"", ""404"", ""322"", ""91"", ""241"", ""401"", ""171"", ""313""]",72b31812bf105bca54569aca920e3139a894f168460de1603ff84966068555c8,"{""boundary"": 12, ""community_rep"": 5, ""degree_core"": 10, ""random_fill"": 5}","{""degree_3_4"": 4, ""degree_5_8"": 3, ""degree_9_plus"": 25}","{""0"": 2, ""1"": 8, ""2"": 1, ""3"": 9, ""4"": 5, ""5"": 2, ""6"": 1, ""7"": 1, ""8"": 1, ""9"": 2}",231,"{""backend"": ""evaluate_m19_theory_calibrated.candidate_features"", ""delta_mode"": ""none"", ""k_max"": 512, ""k_min"": 64, ""variant"": ""conservative""}",231,0.16290550070521861,0.9393939393939394,0.9393939393939394,0.008658008658008658,1.0,"{""dp_17_64"": 0.047619047619047616, ""dp_257_plus"": 0.7489177489177489, ""dp_5_16"": 0.025974025974025976, ""dp_65_256"": 0.1774891774891775}","{""cn_0"": 1.0}",0.0,693.056277056277,sasb_candidate_builder,d7296298c6fcc38f52a708d84e4d25985ed44a5bb6400ad297835d20bb02e91a,231,d7296298c6fcc38f52a708d84e4d25985ed44a5bb6400ad297835d20bb02e91a,"{""sasb_builder"": 231}",0,0,0,0,{},0.0,"{""common_neighbor_bin_l1"": 0.0, ""degree_product_bin_l1"": 0.0, ""is_boundary_edge_l1"": 0.0, ""is_bridge_edge_l1"": 0.0, ""is_inter_community_edge_l1"": 0.0, ""is_low_common_neighbor_edge_l1"": 0.0, ""mean_l1"": 0.0}",1,32,32,0.0,0
realworld_completed,bio_celegans,SASB-candidate,sasb,SASB-structured,20260513,608,early,1.0,1.0,0.0,1,1,0,0.3002469135802469,0.30074074074074075,208,96,208--96,5,154,5,154,770,0,0.0,1,4,0,32,"[""96"", ""53"", ""60"", ""51"", ""343"", ""363"", ""62"", ""85"", ""52"", ""373"", ""217"", ""307"", ""144"", ""145"", ""142"", ""143"", ""220"", ""82"", ""147"", ""83"", ""118"", ""440"", ""364"", ""398"", ""97"", ""404"", ""322"", ""352"", ""365"", ""126"", ""292"", ""312""]",1873cb589d22c3d51b6cbeeeae9ca940d8ad254c94de21139cff9c812ca30329,"{""boundary"": 12, ""community_rep"": 5, ""degree_core"": 10, ""random_fill"": 5}","{""degree_2"": 1, ""degree_3_4"": 4, ""degree_5_8"": 2, ""degree_9_plus"": 25}","{""0"": 2, ""1"": 8, ""2"": 1, ""3"": 8, ""4"": 5, ""5"": 1, ""6"": 1, ""7"": 1, ""8"": 2, ""9"": 3}",231,"{""backend"": ""evaluate_m19_theory_calibrated.candidate_features"", ""delta_mode"": ""none"", ""k_max"": 512, ""k_min"": 64, ""variant"": ""conservative""}",231,0.16302046577275936,0.935064935064935,0.935064935064935,0.008658008658008658,1.0,"{""dp_17_64"": 0.047619047619047616, ""dp_257_plus"": 0.7445887445887446, ""dp_5_16"": 0.025974025974025976, ""dp_65_256"": 0.18181818181818182}","{""cn_0"": 1.0}",0.0,686.4935064935065,sasb_candidate_builder,4d76375a9a62ba5705d26c466c348add31f106fc9180061fa0052e632bf73d61,231,4d76375a9a62ba5705d26c466c348add31f106fc9180061fa0052e632bf73d61,"{""sasb_builder"": 231}",0,0,0,0,{},0.0,"{""common_neighbor_bin_l1"": 0.0, ""degree_product_bin_l1"": 0.0, ""is_boundary_edge_l1"": 0.0, ""is_bridge_edge_l1"": 0.0, ""is_inter_community_edge_l1"": 0.0, ""is_low_common_neighbor_edge_l1"": 0.0, ""mean_l1"": 0.0}",1,32,32,0.0,0
realworld_completed,bio_celegans,SASB-candidate,sasb,SASB-structured,20260513,609,early,1.0,1.0,0.0,1,1,0,0.30074074074074075,0.3012345679012346,209,96,209--96,5,153,5,153,765,1,0.25,1,4,0,32,"[""96"", ""53"", ""60"", ""51"", ""343"", ""363"", ""62"", ""85"", ""52"", ""373"", ""217"", ""307"", ""144"", ""145"", ""142"", ""143"", ""220"", ""82"", ""147"", ""83"", ""118"", ""440"", ""364"", ""398"", ""97"", ""404"", ""322"", ""372"", ""335"", ""126"", ""100"", ""197""]",94b52ad734da52ff05d097c3fb05df6f487c2688aff45060cb1d4258b8a5ac96,"{""boundary"": 12, ""community_rep"": 5, ""degree_core"": 10, ""random_fill"": 5}","{""degree_0_1"": 1, ""degree_2"": 2, ""degree_3_4"": 1, ""degree_5_8"": 3, ""degree_9_plus"": 25}","{""0"": 2, ""1"": 7, ""2"": 1, ""3"": 7, ""4"": 8, ""5"": 2, ""6"": 1, ""7"": 1, ""8"": 1, ""9"": 2}",231,"{""backend"": ""evaluate_m19_theory_calibrated.candidate_features"", ""delta_mode"": ""none"", ""k_max"": 512, ""k_min"": 64, ""variant"": ""conservative""}",231,0.163135593220339,0.9307359307359307,0.9307359307359307,0.008658008658008658,1.0,"{""dp_17_64"": 0.047619047619047616, ""dp_257_plus"": 0.7445887445887446, ""dp_5_16"": 0.025974025974025976, ""dp_65_256"": 0.18181818181818182}","{""cn_0"": 1.0}",0.0,682.3030303030303,sasb_candidate_builder,1cd97ed1a1c3a0773a60d131b4a5f64939e5616c6c46b93ee87c4510dd2f3fa1,231,1cd97ed1a1c3a0773a60d131b4a5f64939e5616c6c46b93ee87c4510dd2f3fa1,"{""sasb_builder"": 231}",0,0,0,0,{},0.0,"{""common_neighbor_bin_l1"": 0.0, ""degree_product_bin_l1"": 0.0, ""is_boundary_edge_l1"": 0.0, ""is_bridge_edge_l1"": 0.0, ""is_inter_community_edge_l1"": 0.0, ""is_low_common_neighbor_edge_l1"": 0.0, ""mean_l1"": 0.0}",1,32,32,0.0,0
realworld_completed,bio_celegans,SASB-candidate,sasb,SASB-structured,20260513,610,early,1.0,1.0,0.0,1,1,0,0.3012345679012346,0.3017283950617284,332,359,332--359,4,9,4,9,36,3,1.0,1,3,4,32,"[""96"", ""53"", ""60"", ""51"", ""343"", ""363"", ""62"", ""85"", ""52"", ""373"", ""217"", ""307"", ""144"", ""145"", ""142"", ""143"", ""220"", ""82"", ""147"", ""83"", ""118"", ""440"", ""364"", ""398"", ""97"", ""404"", ""322"", ""79"", ""240"", ""400"", ""442"", ""377""]",184e32ca14202e1e865eb18fc38b5a1d0717cd692344ed39d316738288425b68,"{""boundary"": 12, ""community_rep"": 5, ""degree_core"": 10, ""random_fill"": 5}","{""degree_3_4"": 3, ""degree_5_8"": 4, ""degree_9_plus"": 25}","{""0"": 2, ""1"": 6, ""2"": 2, ""3"": 8, ""4"": 5, ""5"": 2, ""6"": 1, ""7"": 1, ""8"": 1, ""9"": 4}",231,"{""backend"": ""evaluate_m19_theory_calibrated.candidate_features"", ""delta_mode"": ""none"", ""k_max"": 512, ""k_min"": 64, ""variant"": ""conservative""}",231,0.16325088339222615,0.9264069264069265,0.9264069264069265,0.008658008658008658,0.987012987012987,"{""dp_17_64"": 0.05627705627705628, ""dp_257_plus"": 0.7316017316017316, ""dp_5_16"": 0.025974025974025976, ""dp_65_256"": 0.18614718614718614}","{""cn_0"": 0.987012987012987, ""cn_2_3"": 0.008658008658008658, ""cn_4_8"": 0.004329004329004329}",0.04329004329004329,673.2640692640692,sasb_candidate_builder,4e80dc839c6f073cd6559720076bd9befdcbedaae9c3c0eea76865e5bad9a90c,231,4e80dc839c6f073cd6559720076bd9befdcbedaae9c3c0eea76865e5bad9a90c,"{""sasb_builder"": 231}",0,0,0,0,{},0.0,"{""common_neighbor_bin_l1"": 0.0, ""degree_product_bin_l1"": 0.0, ""is_boundary_edge_l1"": 0.0, ""is_bridge_edge_l1"": 0.0, ""is_inter_community_edge_l1"": 0.0, ""is_low_common_neighbor_edge_l1"": 0.0, ""mean_l1"": 0.0}",1,32,32,49.546875,0
realworld_completed,bio_celegans,SASB-candidate,sasb,SASB-structured,20260513,611,early,1.0,1.0,0.0,1,1,0,0.3017283950617284,0.3022222222222222,230,344,230--344,8,8,8,8,64,3,0.42857142857142855,1,3,4,32,"[""96"", ""53"", ""60"", ""51"", ""343"", ""363"", ""62"", ""85"", ""52"", ""373"", ""217"", ""307"", ""144"", ""145"", ""142"", ""143"", ""220"", ""82"", ""147"", ""83"", ""118"", ""440"", ""364"", ""398"", ""97"", ""404"", ""322"", ""18"", ""426"", ""425"", ""74"", ""395""]",7042293b11d7493b89a3f2962a9b8ffbc0aed05b7fb6bfb16994cefd55985b5a,"{""boundary"": 12, ""community_rep"": 5, ""degree_core"": 10, ""random_fill"": 5}","{""degree_0_1"": 2, ""degree_2"": 1, ""degree_3_4"": 2, ""degree_5_8"": 2, ""degree_9_plus"": 25}","{""0"": 2, ""1"": 6, ""2"": 1, ""3"": 7, ""4"": 6, ""5"": 3, ""6"": 1, ""7"": 1, ""8"": 1, ""9"": 4}",230,"{""backend"": ""evaluate_m19_theory_calibrated.candidate_features"", ""delta_mode"": ""none"", ""k_max"": 512, ""k_min"": 64, ""variant"": ""conservative""}",230,0.16265912305516267,0.9260869565217391,0.9260869565217391,0.008695652173913044,0.991304347826087,"{""dp_17_64"": 0.05652173913043478, ""dp_257_plus"": 0.7347826086956522, ""dp_5_16"": 0.02608695652173913, ""dp_65_256"": 0.1826086956521739}","{""cn_0"": 0.991304347826087, ""cn_2_3"": 0.008695652173913044}",0.02608695652173913,675.2521739130435,sasb_candidate_builder,fab45bab731acfded7404c7e6b086d856d588c33cd34048bca7aad6cf081c7c5,230,fab45bab731acfded7404c7e6b086d856d588c33cd34048bca7aad6cf081c7c5,"{""sasb_builder"": 230}",0,0,0,0,{},0.0,"{""common_neighbor_bin_l1"": 0.0, ""degree_product_bin_l1"": 0.0, ""is_boundary_edge_l1"": 0.0, ""is_bridge_edge_l1"": 0.0, ""is_inter_community_edge_l1"": 0.0, ""is_low_common_neighbor_edge_l1"": 0.0, ""mean_l1"": 0.0}",1,32,32,48.17383923521332,0
realworld_completed,bio_celegans,SASB-candidate,sasb,SASB-structured,20260513,612,early,1.0,1.0,0.0,1,1,0,0.3022222222222222,0.30271604938271607,230,359,230--359,7,8,7,8,56,3,0.5,1,3,4,32,"[""96"", ""53"", ""60"", ""51"", ""343"", ""363"", ""62"", ""85"", ""52"", ""373"", ""217"", ""307"", ""144"", ""145"", ""142"", ""143"", ""220"", ""82"", ""147"", ""83"", ""118"", ""440"", ""364"", ""398"", ""97"", ""404"", ""322"", ""68"", ""426"", ""360"", ""401"", ""122""]",3771e83b410ec17e5c9870b59acce540f7cc8283e01a318f8fc7fe227717f508,"{""boundary"": 12, ""community_rep"": 5, ""degree_core"": 10, ""random_fill"": 5}","{""degree_0_1"": 3, ""degree_3_4"": 2, ""degree_5_8"": 2, ""degree_9_plus"": 25}","{""0"": 3, ""1"": 6, ""2"": 2, ""3"": 8, ""4"": 5, ""5"": 2, ""6"": 1, ""7"": 1, ""8"": 1, ""9"": 3}",230,"{""backend"": ""evaluate_m19_theory_calibrated.candidate_features"", ""delta_mode"": ""none"", ""k_max"": 512, ""k_min"": 64, ""variant"": ""conservative""}",230,0.16277423920736023,0.9217391304347826,0.9217391304347826,0.008695652173913044,0.9956521739130435,"{""dp_17_64"": 0.05217391304347826, ""dp_257_plus"": 0.7391304347826086, ""dp_5_16"": 0.02608695652173913, ""dp_65_256"": 0.1826086956521739}","{""cn_0"": 0.9956521739130435, ""cn_2_3"": 0.004347826086956522}",0.013043478260869565,674.6608695652174,sasb_candidate_builder,c4735a5926308eb36ac49f43eb7acf2c6206ecfe5191fe0ebdb9eb7e9278be9a,230,c4735a5926308eb36ac49f43eb7acf2c6206ecfe5191fe0ebdb9eb7e9278be9a,"{""sasb_builder"": 230}",0,0,0,0,{},0.0,"{""common_neighbor_bin_l1"": 0.0, ""degree_product_bin_l1"": 0.0, ""is_boundary_edge_l1"": 0.0, ""is_bridge_edge_l1"": 0.0, ""is_inter_community_edge_l1"": 0.0, ""is_low_common_neighbor_edge_l1"": 0.0, ""mean_l1"": 0.0}",1,32,32,50.31160224780702,0
realworld_completed,bio_celegans,SASB-candidate,sasb,SASB-structured,20260513,613,early,1.0,1.0,0.0,1,1,0,0.30271604938271607,0.30320987654320986,210,96,210--96,5,152,5,152,760,0,0.0,1,4,0,32,"[""96"", ""53"", ""60"", ""51"", ""343"", ""363"", ""62"", ""85"", ""52"", ""373"", ""217"", ""307"", ""144"", ""145"", ""142"", ""143"", ""220"", ""82"", ""147"", ""83"", ""118"", ""440"", ""364"", ""398"", ""97"", ""404"", ""322"", ""262"", ""333"", ""132"", ""38"", ""390""]",ae00531e29a244fb85a0ad7343f4c021c2aabb1580e122caa2a310574a9fae43,"{""boundary"": 12, ""community_rep"": 5, ""degree_core"": 10, ""random_fill"": 5}","{""degree_2"": 1, ""degree_3_4"": 3, ""degree_5_8"": 2, ""degree_9_plus"": 26}","{""0"": 2, ""1"": 7, ""2"": 1, ""3"": 9, ""4"": 6, ""5"": 2, ""6"": 1, ""7"": 1, ""8"": 1, ""9"": 2}",230,"{""backend"": ""evaluate_m19_theory_calibrated.candidate_features"", ""delta_mode"": ""none"", ""k_max"": 512, ""k_min"": 64, ""variant"": ""conservative""}",230,0.16288951841359772,0.9173913043478261,0.9173913043478261,0.008695652173913044,1.0,"{""dp_17_64"": 0.04782608695652174, ""dp_257_plus"": 0.7391304347826086, ""dp_5_16"": 0.02608695652173913, ""dp_65_256"": 0.18695652173913044}","{""cn_0"": 1.0}",0.0,674.8,sasb_candidate_builder,978bf0f57b5e5a76b285c3154d4ffe47de9ed725a88140a996133181aa6de746,230,978bf0f57b5e5a76b285c3154d4ffe47de9ed725a88140a996133181aa6de746,"{""sasb_builder"": 230}",0,0,0,0,{},0.0,"{""common_neighbor_bin_l1"": 0.0, ""degree_product_bin_l1"": 0.0, ""is_boundary_edge_l1"": 0.0, ""is_bridge_edge_l1"": 0.0, ""is_inter_community_edge_l1"": 0.0, ""is_low_common_neighbor_edge_l1"": 0.0, ""mean_l1"": 0.0}",1,32,32,0.0,0
realworld_completed,bio_celegans,SASB-candidate,sasb,SASB-structured,20260513,614,early,1.0,1.0,0.0,1,1,0,0.30320987654320986,0.3037037037037037,211,96,211--96,4,151,4,151,604,0,0.0,1,4,0,32,"[""96"", ""53"", ""60"", ""51"", ""343"", ""363"", ""62"", ""85"", ""52"", ""373"", ""217"", ""307"", ""144"", ""145"", ""142"", ""143"", ""220"", ""82"", ""147"", ""83"", ""118"", ""440"", ""364"", ""398"", ""97"", ""404"", ""322"", ""138"", ""203"", ""380"", ""403"", ""237""]",b3b69ae76ac66feebaeddbeb25e71f0d1aa752421e8ad9d4b9f08c09dc3d7cc3,"{""boundary"": 12, ""community_rep"": 5, ""degree_core"": 10, ""random_fill"": 5}","{""degree_2"": 2, ""degree_3_4"": 1, ""degree_5_8"": 4, ""degree_9_plus"": 25}","{""0"": 2, ""1"": 8, ""2"": 2, ""3"": 8, ""4"": 5, ""5"": 2, ""6"": 1, ""7"": 1, ""8"": 1, ""9"": 2}",230,"{""backend"": ""evaluate_m19_theory_calibrated.candidate_features"", ""delta_mode"": ""none"", ""k_max"": 512, ""k_min"": 64, ""variant"": ""conservative""}",230,0.1630049610205528,0.9130434782608695,0.9130434782608695,0.008695652173913044,1.0,"{""dp_17_64"": 0.04782608695652174, ""dp_257_plus"": 0.7391304347826086, ""dp_5_16"": 0.02608695652173913, ""dp_65_256"": 0.18695652173913044}","{""cn_0"": 1.0}",0.0,675.195652173913,sasb_candidate_builder,4f686bbef63873a6bbd85fd9ea3017afc6059c02f20fb944db428dd0e0d8d163,230,4f686bbef63873a6bbd85fd9ea3017afc6059c02f20fb944db428dd0e0d8d163,"{""sasb_builder"": 230}",0,0,0,0,{},0.0,"{""common_neighbor_bin_l1"": 0.0, ""degree_product_bin_l1"": 0.0, ""is_boundary_edge_l1"": 0.0, ""is_bridge_edge_l1"": 0.0, ""is_inter_community_edge_l1"": 0.0, ""is_low_common_neighbor_edge_l1"": 0.0, ""mean_l1"": 0.0}",1,32,32,0.0,0
realworld_completed,bio_celegans,SASB-candidate,sasb,SASB-structured,20260513,615,early,1.0,1.0,0.0,1,1,0,0.3037037037037037,0.30419753086419754,212,60,212--60,5,39,5,39,195,1,0.25,1,1,4,32,"[""96"", ""53"", ""60"", ""51"", ""343"", ""363"", ""62"", ""85"", ""52"", ""373"", ""217"", ""307"", ""144"", ""145"", ""142"", ""143"", ""220"", ""82"", ""147"", ""83"", ""118"", ""440"", ""364"", ""398"", ""97"", ""404"", ""322"", ""255"", ""438"", ""270"", ""238"", ""329""]",c87f2ecdc09151d3d0ebcdac039ae451c29471d6ffcb7ef95d0bc768ce01ebd1,"{""boundary"": 12, ""community_rep"": 5, ""degree_core"": 10, ""random_fill"": 5}","{""degree_3_4"": 3, ""degree_5_8"": 3, ""degree_9_plus"": 26}","{""0"": 2, ""1"": 7, ""2"": 1, ""3"": 9, ""4"": 6, ""5"": 2, ""6"": 1, ""7"": 1, ""8"": 1, ""9"": 2}",230,"{""backend"": ""evaluate_m19_theory_calibrated.candidate_features"", ""delta_mode"": ""none"", ""k_max"": 512, ""k_min"": 64, ""variant"": ""conservative""}",230,0.16312056737588654,0.908695652173913,0.908695652173913,0.008695652173913044,1.0,"{""dp_17_64"": 0.04782608695652174, ""dp_257_plus"": 0.7391304347826086, ""dp_5_16"": 0.02608695652173913, ""dp_65_256"": 0.18695652173913044}","{""cn_0"": 1.0}",0.0,674.2434782608696,sasb_candidate_builder,80d20680b9771a287179aec5758c024cc4e26472063877cefc95fbe3b7df40a9,230,80d20680b9771a287179aec5758c024cc4e26472063877cefc95fbe3b7df40a9,"{""sasb_builder"": 230}",0,0,0,0,{},0.0,"{""common_neighbor_bin_l1"": 0.0, ""degree_product_bin_l1"": 0.0, ""is_boundary_edge_l1"": 0.0, ""is_bridge_edge_l1"": 0.0, ""is_inter_community_edge_l1"": 0.0, ""is_low_common_neighbor_edge_l1"": 0.0, ""mean_l1"": 0.0}",1,32,32,0.0,0
realworld_completed,bio_celegans,SASB-candidate,sasb,SASB-structured,20260513,616,early,1.0,1.0,0.0,1,1,0,0.30419753086419754,0.3046913580246914,40,53,40--53,15,95,15,95,1425,6,0.42857142857142855,0,3,3,32,"[""96"", ""53"", ""60"", ""51"", ""343"", ""363"", ""62"", ""85"", ""52"", ""373"", ""217"", ""307"", ""144"", ""145"", ""142"", ""143"", ""220"", ""82"", ""147"", ""83"", ""118"", ""440"", ""364"", ""398"", ""97"", ""404"", ""322"", ""412"", ""430"", ""157"", ""270"", ""342""]",c34414ad323137156a13fd9d44efe831ffc805cff6b10e233688efa44ad17aa4,"{""boundary"": 12, ""community_rep"": 5, ""degree_core"": 10, ""random_fill"": 5}","{""degree_0_1"": 1, ""degree_3_4"": 2, ""degree_5_8"": 3, ""degree_9_plus"": 26}","{""0"": 2, ""1"": 7, ""2"": 2, ""3"": 9, ""4"": 6, ""5"": 2, ""6"": 1, ""7"": 1, ""8"": 1, ""9"": 1}",230,"{""backend"": ""evaluate_m19_theory_calibrated.candidate_features"", ""delta_mode"": ""none"", ""k_max"": 512, ""k_min"": 64, ""variant"": ""conservative""}",230,0.16323633782824698,0.9043478260869565,0.9043478260869565,0.008695652173913044,0.9956521739130435,"{""dp_17_64"": 0.04782608695652174, ""dp_257_plus"": 0.7434782608695653, ""dp_5_16"": 0.02608695652173913, ""dp_65_256"": 0.1826086956521739}","{""cn_0"": 0.9956521739130435, ""cn_4_8"": 0.004347826086956522}",0.02608695652173913,678.7434782608696,sasb_candidate_builder,f547f3e14efbf564a2ee7e1443c04638c1688e694b46f8ff4523998da5d62a3e,230,f547f3e14efbf564a2ee7e1443c04638c1688e694b46f8ff4523998da5d62a3e,"{""sasb_builder"": 230}",0,0,0,0,{},0.0,"{""common_neighbor_bin_l1"": 0.0, ""degree_product_bin_l1"": 0.0, ""is_boundary_edge_l1"": 0.0, ""is_bridge_edge_l1"": 0.0, ""is_inter_community_edge_l1"": 0.0, ""is_low_common_neighbor_edge_l1"": 0.0, ""mean_l1"": 0.0}",1,32,32,1376.8586428626897,0
realworld_completed,bio_celegans,SASB-candidate,sasb,SASB-structured,20260513,617,early,1.0,1.0,0.0,1,1,0,0.3046913580246914,0.30518518518518517,213,96,213--96,4,150,4,150,600,0,0.0,1,4,0,32,"[""96"", ""53"", ""60"", ""51"", ""343"", ""363"", ""62"", ""85"", ""52"", ""373"", ""217"", ""307"", ""144"", ""145"", ""142"", ""143"", ""220"", ""82"", ""147"", ""83"", ""118"", ""440"", ""364"", ""398"", ""97"", ""404"", ""322"", ""210"", ""276"", ""359"", ""278"", ""23""]",dd701d52d597da345a2d80ee3247b6569ad2cbba10f113b8f6ab60adb69bb87e,"{""boundary"": 12, ""community_rep"": 5, ""degree_core"": 10, ""random_fill"": 5}","{""degree_2"": 2, ""degree_3_4"": 3, ""degree_5_8"": 2, ""degree_9_plus"": 25}","{""0"": 2, ""1"": 7, ""2"": 1, ""3"": 7, ""4"": 7, ""5"": 2, ""6"": 1, ""7"": 1, ""8"": 2, ""9"": 2}",230,"{""backend"": ""evaluate_m19_theory_calibrated.candidate_features"", ""delta_mode"": ""none"", ""k_max"": 512, ""k_min"": 64, ""variant"": ""conservative""}",230,0.16335227272727273,0.9043478260869565,0.9043478260869565,0.008695652173913044,1.0,"{""dp_17_64"": 0.04782608695652174, ""dp_257_plus"": 0.7434782608695653, ""dp_5_16"": 0.02608695652173913, ""dp_65_256"": 0.1826086956521739}","{""cn_0"": 1.0}",0.0,674.2565217391304,sasb_candidate_builder,42dcc5a34f8cc91f7a65d3d757c33be16aa90e4ea12f61adeb7d6ddfe3a223d1,230,42dcc5a34f8cc91f7a65d3d757c33be16aa90e4ea12f61adeb7d6ddfe3a223d1,"{""sasb_builder"": 230}",0,0,0,0,{},0.0,"{""common_neighbor_bin_l1"": 0.0, ""degree_product_bin_l1"": 0.0, ""is_boundary_edge_l1"": 0.0, ""is_bridge_edge_l1"": 0.0, ""is_inter_community_edge_l1"": 0.0, ""is_low_common_neighbor_edge_l1"": 0.0, ""mean_l1"": 0.0}",1,32,32,0.0,0
realworld_completed,bio_celegans,SASB-candidate,sasb,SASB-structured,20260513,618,early,1.0,1.0,0.0,1,1,0,0.30518518518518517,0.305679012345679,214,96,214--96,5,149,5,149,745,0,0.0,1,4,0,32,"[""96"", ""53"", ""60"", ""51"", ""343"", ""363"", ""62"", ""85"", ""52"", ""373"", ""217"", ""307"", ""144"", ""145"", ""142"", ""143"", ""220"", ""82"", ""147"", ""83"", ""118"", ""440"", ""364"", ""398"", ""97"", ""404"", ""322"", ""208"", ""409"", ""184"", ""342"", ""274""]",d3c4d772b6734510d02a1528af247c601148cd0aeca70f2d153f687bbec54a2e,"{""boundary"": 12, ""community_rep"": 5, ""degree_core"": 10, ""random_fill"": 5}","{""degree_2"": 1, ""degree_3_4"": 4, ""degree_5_8"": 2, ""degree_9_plus"": 25}","{""0"": 2, ""1"": 6, ""2"": 3, ""3"": 7, ""4"": 7, ""5"": 2, ""6"": 1, ""7"": 1, ""8"": 1, ""9"": 2}",230,"{""backend"": ""evaluate_m19_theory_calibrated.candidate_features"", ""delta_mode"": ""none"", ""k_max"": 512, ""k_min"": 64, ""variant"": ""conservative""}",230,0.1634683724235963,0.9,0.9,0.008695652173913044,1.0,"{""dp_17_64"": 0.04782608695652174, ""dp_257_plus"": 0.7434782608695653, ""dp_5_16"": 0.02608695652173913, ""dp_65_256"": 0.1826086956521739}","{""cn_0"": 1.0}",0.0,670.3782608695652,sasb_candidate_builder,e3a816198580b645b8bbea8b11413c3dee8258a88f0d6507e73eaa15e98aea1a,230,e3a816198580b645b8bbea8b11413c3dee8258a88f0d6507e73eaa15e98aea1a,"{""sasb_builder"": 230}",0,0,0,0,{},0.0,"{""common_neighbor_bin_l1"": 0.0, ""degree_product_bin_l1"": 0.0, ""is_boundary_edge_l1"": 0.0, ""is_bridge_edge_l1"": 0.0, ""is_inter_community_edge_l1"": 0.0, ""is_low_common_neighbor_edge_l1"": 0.0, ""mean_l1"": 0.0}",1,32,32,0.0,0
realworld_completed,bio_celegans,SASB-candidate,sasb,SASB-structured,20260513,619,early,1.0,1.0,0.0,1,1,0,0.305679012345679,0.30617283950617286,215,96,215--96,6,148,6,148,888,0,0.0,1,1,0,32,"[""96"", ""53"", ""60"", ""51"", ""343"", ""363"", ""62"", ""85"", ""52"", ""373"", ""217"", ""307"", ""144"", ""145"", ""142"", ""143"", ""220"", ""82"", ""147"", ""83"", ""118"", ""440"", ""364"", ""398"", ""97"", ""404"", ""322"", ""91"", ""234"", ""131"", ""224"", ""231""]",eedb9e6b05795be9a30ad09955da3d6d7c8ba606263adbde81a610048c88a5f9,"{""boundary"": 12, ""community_rep"": 5, ""degree_core"": 10, ""random_fill"": 5}","{""degree_2"": 1, ""degree_3_4"": 5, ""degree_5_8"": 1, ""degree_9_plus"": 25}","{""0"": 2, ""1"": 8, ""2"": 1, ""3"": 8, ""4"": 5, ""5"": 2, ""6"": 1, ""7"": 1, ""8"": 1, ""9"": 3}",230,"{""backend"": ""evaluate_m19_theory_calibrated.candidate_features"", ""delta_mode"": ""none"", ""k_max"": 512, ""k_min"": 64, ""variant"": ""conservative""}",230,0.16358463726884778,0.8956521739130435,0.8956521739130435,0.008695652173913044,1.0,"{""dp_17_64"": 0.04782608695652174, ""dp_257_plus"": 0.7434782608695653, ""dp_5_16"": 0.02608695652173913, ""dp_65_256"": 0.1826086956521739}","{""cn_0"": 1.0}",0.0,666.6913043478261,sasb_candidate_builder,eb7767e5113de8278dde03dbc01e91b125400b8c861efb64d0aa7f01a10f9274,230,eb7767e5113de8278dde03dbc01e91b125400b8c861efb64d0aa7f01a10f9274,"{""sasb_builder"": 230}",0,0,0,0,{},0.0,"{""common_neighbor_bin_l1"": 0.0, ""degree_product_bin_l1"": 0.0, ""is_boundary_edge_l1"": 0.0, ""is_bridge_edge_l1"": 0.0, ""is_inter_community_edge_l1"": 0.0, ""is_low_common_neighbor_edge_l1"": 0.0, ""mean_l1"": 0.0}",1,32,32,0.0,0
realworld_completed,bio_celegans,SASB-candidate,sasb,SASB-structured,20260513,620,early,1.0,1.0,0.0,1,1,0,0.30617283950617286,0.30666666666666664,216,96,216--96,2,147,2,147,294,1,1.0,1,5,0,32,"[""96"", ""53"", ""60"", ""51"", ""343"", ""363"", ""62"", ""85"", ""52"", ""373"", ""217"", ""307"", ""144"", ""145"", ""142"", ""143"", ""220"", ""82"", ""147"", ""83"", ""118"", ""440"", ""364"", ""398"", ""97"", ""404"", ""322"", ""289"", ""91"", ""214"", ""283"", ""270""]",0c45cbc3157738483df748c7c990648d5b52918509d4791132f66374c1b83188,"{""boundary"": 12, ""community_rep"": 5, ""degree_core"": 10, ""random_fill"": 5}","{""degree_3_4"": 4, ""degree_5_8"": 2, ""degree_9_plus"": 26}","{""0"": 1, ""1"": 7, ""2"": 2, ""3"": 8, ""4"": 6, ""5"": 2, ""6"": 1, ""7"": 2, ""8"": 2, ""9"": 1}",230,"{""backend"": ""evaluate_m19_theory_calibrated.candidate_features"", ""delta_mode"": ""none"", ""k_max"": 512, ""k_min"": 64, ""variant"": ""conservative""}",230,0.16370106761565836,0.8913043478260869,0.8913043478260869,0.008695652173913044,1.0,"{""dp_17_64"": 0.04782608695652174, ""dp_257_plus"": 0.7434782608695653, ""dp_5_16"": 0.02608695652173913, ""dp_65_256"": 0.1826086956521739}","{""cn_0"": 1.0}",0.0,661.591304347826,sasb_candidate_builder,62c46632f16cf08f53ebba932368f544b7dbe70cb2256684b83a18a5e303a4c9,230,62c46632f16cf08f53ebba932368f544b7dbe70cb2256684b83a18a5e303a4c9,"{""sasb_builder"": 230}",0,0,0,0,{},0.0,"{""common_neighbor_bin_l1"": 0.0, ""degree_product_bin_l1"": 0.0, ""is_boundary_edge_l1"": 0.0, ""is_bridge_edge_l1"": 0.0, ""is_inter_community_edge_l1"": 0.0, ""is_low_common_neighbor_edge_l1"": 0.0, ""mean_l1"": 0.0}",1,32,32,0.0,0
realworld_completed,bio_celegans,SASB-candidate,sasb,SASB-structured,20260513,621,early,1.0,1.0,0.0,1,1,0,0.30666666666666664,0.3071604938271605,217,52,217--52,11,30,11,30,330,2,0.2,1,5,3,32,"[""96"", ""53"", ""60"", ""51"", ""343"", ""363"", ""62"", ""85"", ""52"", ""373"", ""217"", ""307"", ""144"", ""145"", ""142"", ""143"", ""220"", ""82"", ""147"", ""83"", ""118"", ""440"", ""364"", ""398"", ""97"", ""404"", ""322"", ""442"", ""146"", ""386"", ""241"", ""431""]",8159a89357b356cb4c3394a3cab7d1cab1419ef3aac20d4da6f3a9e1e97a5f08,"{""boundary"": 12, ""community_rep"": 5, ""degree_core"": 10, ""random_fill"": 5}","{""degree_2"": 1, ""degree_3_4"": 4, ""degree_5_8"": 2, ""degree_9_plus"": 25}","{""0"": 2, ""1"": 6, ""2"": 2, ""3"": 9, ""4"": 6, ""5"": 2, ""6"": 1, ""7"": 1, ""8"": 2, ""9"": 1}",230,"{""backend"": ""evaluate_m19_theory_calibrated.candidate_features"", ""delta_mode"": ""none"", ""k_max"": 512, ""k_min"": 64, ""variant"": ""conservative""}",230,0.16381766381766383,0.8869565217391304,0.8869565217391304,0.008695652173913044,1.0,"{""dp_17_64"": 0.04782608695652174, ""dp_257_plus"": 0.7434782608695653, ""dp_5_16"": 0.02608695652173913, ""dp_65_256"": 0.1826086956521739}","{""cn_0"": 1.0}",0.0,671.3434782608696,sasb_candidate_builder,caf5942ca7bf4a1ba02ececb8324529e8c267b52106b9aede850cf4e5f278cf4,230,caf5942ca7bf4a1ba02ececb8324529e8c267b52106b9aede850cf4e5f278cf4,"{""sasb_builder"": 230}",0,0,0,0,{},0.0,"{""common_neighbor_bin_l1"": 0.0, ""degree_product_bin_l1"": 0.0, ""is_boundary_edge_l1"": 0.0, ""is_bridge_edge_l1"": 0.0, ""is_inter_community_edge_l1"": 0.0, ""is_low_common_neighbor_edge_l1"": 0.0, ""mean_l1"": 0.0}",1,32,32,0.0,0
realworld_completed,bio_celegans,SASB-candidate,sasb,SASB-structured,20260513,622,early,1.0,1.0,0.0,1,1,0,0.3071604938271605,0.30765432098765433,51,93,51--93,77,12,12,77,924,4,0.36363636363636365,0,3,3,32,"[""96"", ""53"", ""60"", ""51"", ""343"", ""363"", ""62"", ""85"", ""373"", ""307"", ""220"", ""52"", ""144"", ""145"", ""142"", ""143"", ""82"", ""147"", ""83"", ""118"", ""440"", ""109"", ""364"", ""398"", ""97"", ""404"", ""322"", ""417"", ""167"", ""329"", ""257"", ""89""]",ed519b68e74b1a820cc9634749757218b4ed7cc0cfa5689683e0e387e9783c66,"{""boundary"": 12, ""community_rep"": 5, ""degree_core"": 10, ""random_fill"": 5}","{""degree_3_4"": 4, ""degree_5_8"": 3, ""degree_9_plus"": 25}","{""0"": 1, ""1"": 8, ""2"": 1, ""3"": 9, ""4"": 6, ""5"": 2, ""6"": 1, ""7"": 1, ""8"": 2, ""9"": 1}",230,"{""backend"": ""evaluate_m19_theory_calibrated.candidate_features"", ""delta_mode"": ""none"", ""k_max"": 512, ""k_min"": 64, ""variant"": ""conservative""}",230,0.16393442622950818,0.8826086956521739,0.8826086956521739,0.008695652173913044,0.9956521739130435,"{""dp_17_64"": 0.04782608695652174, ""dp_257_plus"": 0.7434782608695653, ""dp_5_16"": 0.02608695652173913, ""dp_65_256"": 0.1826086956521739}","{""cn_0"": 0.9956521739130435, ""cn_4_8"": 0.004347826086956522}",0.017391304347826087,672.3304347826087,sasb_candidate_builder,c1cb18f771f43c6b58dcc2c7519371dea7601b969659c21cc4efc065fd5953ad,230,c1cb18f771f43c6b58dcc2c7519371dea7601b969659c21cc4efc065fd5953ad,"{""sasb_builder"": 230}",0,0,0,0,{},0.0,"{""common_neighbor_bin_l1"": 0.0, ""degree_product_bin_l1"": 0.0, ""is_boundary_edge_l1"": 0.0, ""is_bridge_edge_l1"": 0.0, ""is_inter_community_edge_l1"": 0.0, ""is_low_common_neighbor_edge_l1"": 0.0, ""mean_l1"": 0.0}",1,32,32,158.61803941052176,0
realworld_completed,bio_celegans,SASB-candidate,sasb,SASB-structured,20260513,623,early,1.0,1.0,0.0,1,1,0,0.30765432098765433,0.30814814814814817,217,53,217--53,10,94,10,94,940,1,0.1111111111111111,1,5,3,32,"[""96"", ""53"", ""60"", ""51"", ""343"", ""363"", ""62"", ""85"", ""373"", ""307"", ""220"", ""52"", ""144"", ""145"", ""142"", ""143"", ""82"", ""147"", ""83"", ""118"", ""440"", ""109"", ""364"", ""398"", ""97"", ""404"", ""322"", ""327"", ""133"", ""1"", ""171"", ""69""]",8450daa63ebdf7b016346ed39f65bd2dea5e7c9c13abdfdc8737bb3843329bb8,"{""boundary"": 12, ""community_rep"": 5, ""degree_core"": 10, ""random_fill"": 5}","{""degree_0_1"": 1, ""degree_2"": 1, ""degree_3_4"": 3, ""degree_5_8"": 2, ""degree_9_plus"": 25}","{""0"": 3, ""1"": 6, ""2"": 2, ""3"": 8, ""4"": 6, ""5"": 2, ""6"": 1, ""7"": 1, ""8"": 2, ""9"": 1}",229,"{""backend"": ""evaluate_m19_theory_calibrated.candidate_features"", ""delta_mode"": ""none"", ""k_max"": 512, ""k_min"": 64, ""variant"": ""conservative""}",229,0.16333808844507847,0.8864628820960698,0.8864628820960698,0.008733624454148471,1.0,"{""dp_17_64"": 0.048034934497816595, ""dp_257_plus"": 0.74235807860262, ""dp_5_16"": 0.026200873362445413, ""dp_65_256"": 0.18340611353711792}","{""cn_0"": 1.0}",0.0,670.646288209607,sasb_candidate_builder,3360b95dfb2ff851f3c54ca913c13ee666e9f11542461479949eab55bad0c42f,229,3360b95dfb2ff851f3c54ca913c13ee666e9f11542461479949eab55bad0c42f,"{""sasb_builder"": 229}",0,0,0,0,{},0.0,"{""common_neighbor_bin_l1"": 0.0, ""degree_product_bin_l1"": 0.0, ""is_boundary_edge_l1"": 0.0, ""is_bridge_edge_l1"": 0.0, ""is_inter_community_edge_l1"": 0.0, ""is_low_common_neighbor_edge_l1"": 0.0, ""mean_l1"": 0.0}",1,32,32,0.0,0
realworld_completed,bio_celegans,SASB-candidate,sasb,SASB-structured,20260513,624,early,1.0,1.0,0.0,1,1,0,0.30814814814814817,0.30864197530864196,53,94,53--94,93,13,13,93,1209,5,0.4166666666666667,0,3,3,32,"[""96"", ""53"", ""60"", ""51"", ""343"", ""363"", ""62"", ""85"", ""373"", ""307"", ""220"", ""52"", ""144"", ""145"", ""142"", ""143"", ""82"", ""147"", ""83"", ""118"", ""440"", ""109"", ""364"", ""398"", ""97"", ""404"", ""322"", ""130"", ""316"", ""27"", ""86"", ""92""]",8c009bf4a3c5646a478955ef6be96585ecd052b0fde0939f7046cca2e1af2862,"{""boundary"": 12, ""community_rep"": 5, ""degree_core"": 10, ""random_fill"": 5}","{""degree_2"": 1, ""degree_3_4"": 3, ""degree_5_8"": 3, ""degree_9_plus"": 25}","{""0"": 1, ""1"": 7, ""2"": 2, ""3"": 9, ""4"": 5, ""5"": 2, ""6"": 2, ""7"": 1, ""8"": 2, ""9"": 1}",229,"{""backend"": ""evaluate_m19_theory_calibrated.candidate_features"", ""delta_mode"": ""none"", ""k_max"": 512, ""k_min"": 64, ""variant"": ""conservative""}",229,0.16345467523197715,0.8820960698689956,0.8820960698689956,0.008733624454148471,0.9956331877729258,"{""dp_17_64"": 0.048034934497816595, ""dp_257_plus"": 0.74235807860262, ""dp_5_16"": 0.026200873362445413, ""dp_65_256"": 0.18340611353711792}","{""cn_0"": 0.9956331877729258, ""cn_4_8"": 0.004366812227074236}",0.021834061135371178,665.0,sasb_candidate_builder,8a5baa747fd6b218485480b11ffd7c23f718888df3689f29d7d50a839f2b328e,229,8a5baa747fd6b218485480b11ffd7c23f718888df3689f29d7d50a839f2b328e,"{""sasb_builder"": 229}",0,0,0,0,{},0.0,"{""common_neighbor_bin_l1"": 0.0, ""degree_product_bin_l1"": 0.0, ""is_boundary_edge_l1"": 0.0, ""is_bridge_edge_l1"": 0.0, ""is_inter_community_edge_l1"": 0.0, ""is_low_common_neighbor_edge_l1"": 0.0, ""mean_l1"": 0.0}",1,32,32,853.6193701333121,0
realworld_completed,bio_celegans,SASB-candidate,sasb,SASB-structured,20260513,625,early,1.0,1.0,0.0,1,1,0,0.30864197530864196,0.3091358024691358,147,51,147--51,27,76,27,76,2052,10,0.38461538461538464,0,3,3,32,"[""96"", ""53"", ""60"", ""51"", ""343"", ""363"", ""62"", ""85"", ""373"", ""307"", ""220"", ""52"", ""144"", ""145"", ""142"", ""143"", ""82"", ""147"", ""83"", ""118"", ""440"", ""109"", ""364"", ""398"", ""97"", ""404"", ""322"", ""409"", ""237"", ""36"", ""87"", ""448""]",b41066f26509147132017c9e6d372f51af85e9496b261fc3b19a22a96a4e0b91,"{""boundary"": 12, ""community_rep"": 5, ""degree_core"": 10, ""random_fill"": 5}","{""degree_3_4"": 4, ""degree_5_8"": 3, ""degree_9_plus"": 25}","{""0"": 2, ""1"": 7, ""2"": 2, ""3"": 9, ""4"": 6, ""5"": 1, ""6"": 1, ""7"": 1, ""8"": 2, ""9"": 1}",229,"{""backend"": ""evaluate_m19_theory_calibrated.candidate_features"", ""delta_mode"": ""none"", ""k_max"": 512, ""k_min"": 64, ""variant"": ""conservative""}",229,0.16357142857142856,0.8820960698689956,0.8820960698689956,0.008733624454148471,1.0,"{""dp_17_64"": 0.048034934497816595, ""dp_257_plus"": 0.74235807860262, ""dp_5_16"": 0.026200873362445413, ""dp_65_256"": 0.18340611353711792}","{""cn_0"": 1.0}",0.0,672.2445414847161,sasb_candidate_builder,70cdd1451bc5cf3af196c111deede9882874ffbbcc76be3fdbe73a22bede2725,229,70cdd1451bc5cf3af196c111deede9882874ffbbcc76be3fdbe73a22bede2725,"{""sasb_builder"": 229}",0,0,0,0,{},0.0,"{""common_neighbor_bin_l1"": 0.0, ""degree_product_bin_l1"": 0.0, ""is_boundary_edge_l1"": 0.0, ""is_bridge_edge_l1"": 0.0, ""is_inter_community_edge_l1"": 0.0, ""is_low_common_neighbor_edge_l1"": 0.0, ""mean_l1"": 0.0}",1,32,32,0.0,0
realworld_completed,bio_celegans,SASB-candidate,sasb,SASB-structured,20260513,626,early,1.0,1.0,0.0,1,1,0,0.3091358024691358,0.30962962962962964,147,53,147--53,26,92,26,92,2392,12,0.48,0,3,3,32,"[""96"", ""53"", ""60"", ""51"", ""343"", ""363"", ""62"", ""85"", ""373"", ""307"", ""220"", ""52"", ""144"", ""145"", ""142"", ""143"", ""82"", ""83"", ""147"", ""118"", ""440"", ""109"", ""364"", ""398"", ""97"", ""404"", ""322"", ""146"", ""99"", ""209"", ""221"", ""151""]",9180e79b8ab6e9ec44c630173ba4d26c1c3ef3c3b42d5a544a6baab3590ec1d4,"{""boundary"": 12, ""community_rep"": 5, ""degree_core"": 10, ""random_fill"": 5}","{""degree_2"": 1, ""degree_3_4"": 4, ""degree_5_8"": 1, ""degree_9_plus"": 26}","{""0"": 1, ""1"": 6, ""2"": 1, ""3"": 10, ""4"": 7, ""5"": 2, ""6"": 1, ""7"": 1, ""8"": 2, ""9"": 1}",229,"{""backend"": ""evaluate_m19_theory_calibrated.candidate_features"", ""delta_mode"": ""none"", ""k_max"": 512, ""k_min"": 64, ""variant"": ""conservative""}",229,0.16368834882058614,0.8820960698689956,0.8820960698689956,0.008733624454148471,1.0,"{""dp_17_64"": 0.048034934497816595, ""dp_257_plus"": 0.74235807860262, ""dp_5_16"": 0.026200873362445413, ""dp_65_256"": 0.18340611353711792}","{""cn_0"": 1.0}",0.0,663.0873362445415,sasb_candidate_builder,776f7164c0af6e3493585e278e5ca09e491db276420daa0578f2208945aa691c,229,776f7164c0af6e3493585e278e5ca09e491db276420daa0578f2208945aa691c,"{""sasb_builder"": 229}",0,0,0,0,{},0.0,"{""common_neighbor_bin_l1"": 0.0, ""degree_product_bin_l1"": 0.0, ""is_boundary_edge_l1"": 0.0, ""is_bridge_edge_l1"": 0.0, ""is_inter_community_edge_l1"": 0.0, ""is_low_common_neighbor_edge_l1"": 0.0, ""mean_l1"": 0.0}",1,32,32,0.0,0
realworld_completed,bio_celegans,SASB-candidate,sasb,SASB-structured,20260513,627,early,1.0,1.0,0.0,1,1,0,0.30962962962962964,0.31012345679012343,217,62,217--62,9,45,9,45,405,0,0.0,1,5,4,32,"[""96"", ""53"", ""60"", ""51"", ""343"", ""363"", ""62"", ""85"", ""373"", ""307"", ""220"", ""52"", ""144"", ""145"", ""142"", ""143"", ""82"", ""83"", ""118"", ""147"", ""440"", ""109"", ""364"", ""398"", ""97"", ""404"", ""322"", ""313"", ""250"", ""45"", ""230"", ""235""]",6afa96c7967252a5e4f41fded859dbe818b2b1e3680e8e390a64af80c5b261d0,"{""boundary"": 12, ""community_rep"": 5, ""degree_core"": 10, ""random_fill"": 5}","{""degree_3_4"": 3, ""degree_5_8"": 4, ""degree_9_plus"": 25}","{""0"": 1, ""1"": 8, ""2"": 1, ""3"": 10, ""4"": 6, ""5"": 1, ""6"": 1, ""7"": 1, ""8"": 2, ""9"": 1}",229,"{""backend"": ""evaluate_m19_theory_calibrated.candidate_features"", ""delta_mode"": ""none"", ""k_max"": 512, ""k_min"": 64, ""variant"": ""conservative""}",229,0.16380543633762518,0.8820960698689956,0.8820960698689956,0.008733624454148471,1.0,"{""dp_17_64"": 0.048034934497816595, ""dp_257_plus"": 0.74235807860262, ""dp_5_16"": 0.026200873362445413, ""dp_65_256"": 0.18340611353711792}","{""cn_0"": 1.0}",0.0,658.528384279476,sasb_candidate_builder,96fc60005db9bef9a7a1c478348d55f32f25b2dd2e5af8d8fa40b2c81d8216c9,229,96fc60005db9bef9a7a1c478348d55f32f25b2dd2e5af8d8fa40b2c81d8216c9,"{""sasb_builder"": 229}",0,0,0,0,{},0.0,"{""common_neighbor_bin_l1"": 0.0, ""degree_product_bin_l1"": 0.0, ""is_boundary_edge_l1"": 0.0, ""is_bridge_edge_l1"": 0.0, ""is_inter_community_edge_l1"": 0.0, ""is_low_common_neighbor_edge_l1"": 0.0, ""mean_l1"": 0.0}",1,32,32,0.0,0
realworld_completed,bio_celegans,SASB-candidate,sasb,SASB-structured,20260513,628,early,1.0,1.0,0.0,1,1,0,0.31012345679012343,0.3106172839506173,217,85,217--85,8,15,8,15,120,0,0.0,1,5,9,32,"[""96"", ""53"", ""60"", ""51"", ""343"", ""363"", ""85"", ""62"", ""373"", ""307"", ""220"", ""52"", ""144"", ""145"", ""142"", ""143"", ""82"", ""83"", ""118"", ""147"", ""440"", ""109"", ""364"", ""398"", ""97"", ""404"", ""322"", ""427"", ""181"", ""187"", ""204"", ""311""]",878770f46857eae3fbcf8505e47aadae4f44765c8552e0ed1436f3998e5f3c17,"{""boundary"": 12, ""community_rep"": 5, ""degree_core"": 10, ""random_fill"": 5}","{""degree_2"": 3, ""degree_3_4"": 3, ""degree_5_8"": 1, ""degree_9_plus"": 25}","{""0"": 4, ""1"": 7, ""2"": 1, ""3"": 8, ""4"": 6, ""5"": 1, ""6"": 1, ""7"": 1, ""8"": 2, ""9"": 1}",229,"{""backend"": ""evaluate_m19_theory_calibrated.candidate_features"", ""delta_mode"": ""none"", ""k_max"": 512, ""k_min"": 64, ""variant"": ""conservative""}",229,0.1639226914817466,0.8777292576419214,0.8777292576419214,0.008733624454148471,1.0,"{""dp_17_64"": 0.048034934497816595, ""dp_257_plus"": 0.74235807860262, ""dp_5_16"": 0.026200873362445413, ""dp_65_256"": 0.18340611353711792}","{""cn_0"": 1.0}",0.0,658.6419213973799,sasb_candidate_builder,8719d8893896a6022b7d242c4773cc9f9b9ae5b9714dee838b43ce0ed4f660ac,229,8719d8893896a6022b7d242c4773cc9f9b9ae5b9714dee838b43ce0ed4f660ac,"{""sasb_builder"": 229}",0,0,0,0,{},0.0,"{""common_neighbor_bin_l1"": 0.0, ""degree_product_bin_l1"": 0.0, ""is_boundary_edge_l1"": 0.0, ""is_bridge_edge_l1"": 0.0, ""is_inter_community_edge_l1"": 0.0, ""is_low_common_neighbor_edge_l1"": 0.0, ""mean_l1"": 0.0}",1,32,32,0.0,0
realworld_completed,bio_celegans,SASB-candidate,sasb,SASB-structured,20260513,629,early,1.0,1.0,0.0,1,1,0,0.3106172839506173,0.3111111111111111,217,94,217--94,7,12,7,12,84,0,0.0,1,6,3,32,"[""96"", ""53"", ""60"", ""51"", ""343"", ""363"", ""62"", ""85"", ""373"", ""307"", ""220"", ""52"", ""144"", ""145"", ""142"", ""143"", ""82"", ""83"", ""118"", ""147"", ""440"", ""109"", ""364"", ""398"", ""97"", ""404"", ""322"", ""227"", ""272"", ""173"", ""293"", ""416""]",0620a38e0484b53058c417bd777166e2079db1a74b7098bdc52956e1f7302d78,"{""boundary"": 12, ""community_rep"": 5, ""degree_core"": 10, ""random_fill"": 5}","{""degree_2"": 1, ""degree_3_4"": 4, ""degree_5_8"": 2, ""degree_9_plus"": 25}","{""0"": 3, ""1"": 6, ""2"": 1, ""3"": 10, ""4"": 5, ""5"": 1, ""6"": 1, ""7"": 1, ""8"": 3, ""9"": 1}",229,"{""backend"": ""evaluate_m19_theory_calibrated.candidate_features"", ""delta_mode"": ""none"", ""k_max"": 512, ""k_min"": 64, ""variant"": ""conservative""}",229,0.16404011461318052,0.8733624454148472,0.8733624454148472,0.008733624454148471,1.0,"{""dp_17_64"": 0.048034934497816595, ""dp_257_plus"": 0.7467248908296943, ""dp_5_16"": 0.026200873362445413, ""dp_65_256"": 0.17903930131004367}","{""cn_0"": 1.0}",0.0,659.1877729257642,sasb_candidate_builder,d4a97462c8b107a901ef22dbd8a10b29b85a0bad344b52db0cc8347b8c59a6bd,229,d4a97462c8b107a901ef22dbd8a10b29b85a0bad344b52db0cc8347b8c59a6bd,"{""sasb_builder"": 229}",0,0,0,0,{},0.0,"{""common_neighbor_bin_l1"": 0.0, ""degree_product_bin_l1"": 0.0, ""is_boundary_edge_l1"": 0.0, ""is_bridge_edge_l1"": 0.0, ""is_inter_community_edge_l1"": 0.0, ""is_low_common_neighbor_edge_l1"": 0.0, ""mean_l1"": 0.0}",1,32,32,0.0,0
realworld_completed,bio_celegans,SASB-candidate,sasb,SASB-structured,20260513,630,early,1.0,1.0,0.0,1,1,0,0.3111111111111111,0.31160493827160496,217,96,217--96,6,146,6,146,876,0,0.0,1,6,8,32,"[""96"", ""53"", ""60"", ""51"", ""343"", ""363"", ""62"", ""85"", ""373"", ""307"", ""220"", ""52"", ""144"", ""145"", ""142"", ""143"", ""82"", ""83"", ""118"", ""147"", ""440"", ""109"", ""364"", ""398"", ""97"", ""404"", ""322"", ""21"", ""101"", ""420"", ""319"", ""252""]",b5a22def36138b5885f8f82785cb431138c02510de66b00513500df4632511e9,"{""boundary"": 12, ""community_rep"": 5, ""degree_core"": 10, ""random_fill"": 5}","{""degree_3_4"": 5, ""degree_5_8"": 2, ""degree_9_plus"": 25}","{""0"": 2, ""1"": 6, ""2"": 3, ""3"": 10, ""4"": 6, ""5"": 1, ""6"": 1, ""7"": 1, ""8"": 1, ""9"": 1}",229,"{""backend"": ""evaluate_m19_theory_calibrated.candidate_features"", ""delta_mode"": ""none"", ""k_max"": 512, ""k_min"": 64, ""variant"": ""conservative""}",229,0.16415770609318997,0.868995633187773,0.868995633187773,0.008733624454148471,1.0,"{""dp_17_64"": 0.048034934497816595, ""dp_257_plus"": 0.7510917030567685, ""dp_5_16"": 0.026200873362445413, ""dp_65_256"": 0.17467248908296942}","{""cn_0"": 1.0}",0.0,659.5458515283843,sasb_candidate_builder,98eac57e076d78c5724735151fabda4f04993d4d3b6bf7c693d5a31107bdc61b,229,98eac57e076d78c5724735151fabda4f04993d4d3b6bf7c693d5a31107bdc61b,"{""sasb_builder"": 229}",0,0,0,0,{},0.0,"{""common_neighbor_bin_l1"": 0.0, ""degree_product_bin_l1"": 0.0, ""is_boundary_edge_l1"": 0.0, ""is_bridge_edge_l1"": 0.0, ""is_inter_community_edge_l1"": 0.0, ""is_low_common_neighbor_edge_l1"": 0.0, ""mean_l1"": 0.0}",1,32,32,0.0,0
realworld_completed,bio_celegans,SASB-candidate,sasb,SASB-structured,20260513,631,early,1.0,0.9955849889624724,0.004415011037527616,1,2,1,0.31160493827160496,0.31209876543209875,218,96,218--96,2,145,2,145,290,0,0.0,0,0,0,32,"[""96"", ""53"", ""60"", ""51"", ""343"", ""363"", ""62"", ""85"", ""373"", ""307"", ""220"", ""52"", ""144"", ""145"", ""142"", ""143"", ""82"", ""83"", ""118"", ""147"", ""440"", ""109"", ""364"", ""398"", ""97"", ""404"", ""322"", ""175"", ""100"", ""362"", ""402"", ""342""]",08fc72d30be492198189ec7a526a2abdfe56c6fecd30d15cc00b77869fa30629,"{""boundary"": 12, ""community_rep"": 5, ""degree_core"": 10, ""random_fill"": 5}","{""degree_2"": 1, ""degree_3_4"": 4, ""degree_5_8"": 2, ""degree_9_plus"": 25}","{""0"": 2, ""1"": 6, ""2"": 3, ""3"": 10, ""4"": 6, ""5"": 1, ""6"": 1, ""7"": 1, ""8"": 1, ""9"": 1}",229,"{""backend"": ""evaluate_m19_theory_calibrated.candidate_features"", ""delta_mode"": ""none"", ""k_max"": 512, ""k_min"": 64, ""variant"": ""conservative""}",229,0.1642754662840746,0.8646288209606987,0.8646288209606987,0.008733624454148471,1.0,"{""dp_17_64"": 0.048034934497816595, ""dp_257_plus"": 0.7510917030567685, ""dp_5_16"": 0.026200873362445413, ""dp_65_256"": 0.17467248908296942}","{""cn_0"": 1.0}",0.0,666.3799126637555,sasb_candidate_builder,633afd4f10cef9e10cd194fc9bdfde6aaa93e99e05c16b9d20a748054a102d65,229,633afd4f10cef9e10cd194fc9bdfde6aaa93e99e05c16b9d20a748054a102d65,"{""sasb_builder"": 229}",0,0,0,0,{},0.0,"{""common_neighbor_bin_l1"": 0.0, ""degree_product_bin_l1"": 0.0, ""is_boundary_edge_l1"": 0.0, ""is_bridge_edge_l1"": 0.0, ""is_inter_community_edge_l1"": 0.0, ""is_low_common_neighbor_edge_l1"": 0.0, ""mean_l1"": 0.0}",1,32,32,0.0,0
realworld_completed,bio_celegans,SASB-candidate,sasb,SASB-structured,20260513,632,early,0.9955849889624724,0.9955849889624724,0.0,2,2,0,0.31209876543209875,0.3125925925925926,109,51,109--51,19,75,19,75,1425,7,0.3888888888888889,0,3,3,32,"[""96"", ""53"", ""60"", ""51"", ""343"", ""363"", ""62"", ""85"", ""373"", ""307"", ""220"", ""52"", ""144"", ""145"", ""142"", ""143"", ""82"", ""83"", ""118"", ""147"", ""440"", ""109"", ""364"", ""398"", ""97"", ""404"", ""322"", ""49"", ""275"", ""297"", ""132"", ""443""]",ba243bf945fccf1af637c6697aea5e733960484ff5b6cbe73b2bc7a6e03a6b6c,"{""boundary"": 12, ""community_rep"": 5, ""degree_core"": 10, ""random_fill"": 5}","{""degree_2"": 2, ""degree_3_4"": 2, ""degree_5_8"": 2, ""degree_9_plus"": 26}","{""0"": 2, ""1"": 7, ""2"": 1, ""3"": 9, ""4"": 5, ""5"": 2, ""6"": 1, ""7"": 2, ""8"": 2, ""9"": 1}",229,"{""backend"": ""evaluate_m19_theory_calibrated.candidate_features"", ""delta_mode"": ""none"", ""k_max"": 512, ""k_min"": 64, ""variant"": ""conservative""}",229,0.16451149425287356,0.8646288209606987,0.8646288209606987,0.004366812227074236,1.0,"{""dp_17_64"": 0.048034934497816595, ""dp_257_plus"": 0.7510917030567685, ""dp_5_16"": 0.026200873362445413, ""dp_65_256"": 0.17467248908296942}","{""cn_0"": 1.0}",0.0,668.4934497816594,sasb_candidate_builder,a9e6cded45c23192e95ff2b619361c5109b7c2c19a48339a483a3cf294db5857,229,a9e6cded45c23192e95ff2b619361c5109b7c2c19a48339a483a3cf294db5857,"{""sasb_builder"": 229}",0,0,0,0,{},0.0,"{""common_neighbor_bin_l1"": 0.0, ""degree_product_bin_l1"": 0.0, ""is_boundary_edge_l1"": 0.0, ""is_bridge_edge_l1"": 0.0, ""is_inter_community_edge_l1"": 0.0, ""is_low_common_neighbor_edge_l1"": 0.0, ""mean_l1"": 0.0}",1,32,32,0.0,0
realworld_completed,bio_celegans,SASB-candidate,sasb,SASB-structured,20260513,633,early,0.9955849889624724,0.9955849889624724,0.0,2,2,0,0.3125925925925926,0.31308641975308643,219,96,219--96,5,144,5,144,720,2,0.5,1,4,0,32,"[""96"", ""53"", ""60"", ""51"", ""343"", ""363"", ""62"", ""85"", ""373"", ""307"", ""220"", ""52"", ""144"", ""145"", ""142"", ""143"", ""82"", ""83"", ""118"", ""147"", ""440"", ""109"", ""364"", ""398"", ""97"", ""404"", ""322"", ""437"", ""26"", ""126"", ""342"", ""295""]",ba791d7d5d5d562c3432a0eda94b8f0173620b7966f7855d851fe1838fef1b08,"{""boundary"": 12, ""community_rep"": 5, ""degree_core"": 10, ""random_fill"": 5}","{""degree_2"": 1, ""degree_3_4"": 4, ""degree_5_8"": 1, ""degree_9_plus"": 26}","{""0"": 2, ""1"": 9, ""2"": 2, ""3"": 9, ""4"": 5, ""5"": 1, ""6"": 1, ""7"": 1, ""8"": 1, ""9"": 1}",228,"{""backend"": ""evaluate_m19_theory_calibrated.candidate_features"", ""delta_mode"": ""none"", ""k_max"": 512, ""k_min"": 64, ""variant"": ""conservative""}",228,0.16391085549964055,0.868421052631579,0.868421052631579,0.0043859649122807015,1.0,"{""dp_17_64"": 0.04824561403508772, ""dp_257_plus"": 0.75, ""dp_5_16"": 0.02631578947368421, ""dp_65_256"": 0.17543859649122806}","{""cn_0"": 1.0}",0.0,664.5394736842105,sasb_candidate_builder,cf214daeede551b95c4de044afd83d195ce6f231f0db52c81fc6fa7b78d65841,228,cf214daeede551b95c4de044afd83d195ce6f231f0db52c81fc6fa7b78d65841,"{""sasb_builder"": 228}",0,0,0,0,{},0.0,"{""common_neighbor_bin_l1"": 0.0, ""degree_product_bin_l1"": 0.0, ""is_boundary_edge_l1"": 0.0, ""is_bridge_edge_l1"": 0.0, ""is_inter_community_edge_l1"": 0.0, ""is_low_common_neighbor_edge_l1"": 0.0, ""mean_l1"": 0.0}",1,32,32,0.0,0
realworld_completed,bio_celegans,SASB-candidate,sasb,SASB-structured,20260513,634,early,0.9955849889624724,0.9955849889624724,0.0,2,2,0,0.31308641975308643,0.3135802469135803,121,51,121--51,17,74,17,74,1258,6,0.375,0,3,3,32,"[""96"", ""53"", ""60"", ""51"", ""343"", ""363"", ""62"", ""85"", ""373"", ""307"", ""220"", ""52"", ""144"", ""145"", ""142"", ""143"", ""82"", ""83"", ""118"", ""147"", ""440"", ""109"", ""364"", ""398"", ""97"", ""404"", ""322"", ""209"", ""333"", ""163"", ""445"", ""292""]",3fc58597fa69e9d06dad832ed07c9e183dc2ea51747d36094aa406990fa1b65e,"{""boundary"": 12, ""community_rep"": 5, ""degree_core"": 10, ""random_fill"": 5}","{""degree_2"": 1, ""degree_3_4"": 3, ""degree_5_8"": 3, ""degree_9_plus"": 25}","{""0"": 2, ""1"": 6, ""2"": 1, ""3"": 9, ""4"": 6, ""5"": 1, ""6"": 2, ""7"": 1, ""8"": 3, ""9"": 1}",228,"{""backend"": ""evaluate_m19_theory_calibrated.candidate_features"", ""delta_mode"": ""none"", ""k_max"": 512, ""k_min"": 64, ""variant"": ""conservative""}",228,0.16402877697841728,0.8640350877192983,0.8640350877192983,0.0043859649122807015,1.0,"{""dp_17_64"": 0.04824561403508772, ""dp_257_plus"": 0.75, ""dp_5_16"": 0.02631578947368421, ""dp_65_256"": 0.17543859649122806}","{""cn_0"": 1.0}",0.0,664.0657894736842,sasb_candidate_builder,29212c1bf110a7283bc38725cc056adaee521cbc16fde66478f14ddeda853775,228,29212c1bf110a7283bc38725cc056adaee521cbc16fde66478f14ddeda853775,"{""sasb_builder"": 228}",0,0,0,0,{},0.0,"{""common_neighbor_bin_l1"": 0.0, ""degree_product_bin_l1"": 0.0, ""is_boundary_edge_l1"": 0.0, ""is_bridge_edge_l1"": 0.0, ""is_inter_community_edge_l1"": 0.0, ""is_low_common_neighbor_edge_l1"": 0.0, ""mean_l1"": 0.0}",1,32,32,0.0,0
realworld_completed,bio_celegans,SASB-candidate,sasb,SASB-structured,20260513,635,early,0.9955849889624724,0.9955849889624724,0.0,2,2,0,0.3135802469135803,0.31407407407407406,220,52,220--52,30,29,29,30,870,2,0.07142857142857142,1,4,3,32,"[""96"", ""53"", ""60"", ""51"", ""343"", ""363"", ""62"", ""85"", ""373"", ""307"", ""220"", ""52"", ""144"", ""145"", ""142"", ""143"", ""82"", ""83"", ""118"", ""147"", ""440"", ""109"", ""364"", ""398"", ""97"", ""404"", ""322"", ""326"", ""278"", ""38"", ""422"", ""380""]",7be27d0f858655768a94dfd9531702db610b5b58a5f924cb8e7f4855854f3a5c,"{""boundary"": 12, ""community_rep"": 5, ""degree_core"": 10, ""random_fill"": 5}","{""degree_2"": 1, ""degree_3_4"": 4, ""degree_5_8"": 2, ""degree_9_plus"": 25}","{""0"": 2, ""1"": 6, ""2"": 1, ""3"": 10, ""4"": 5, ""5"": 1, ""6"": 1, ""7"": 2, ""8"": 3, ""9"": 1}",228,"{""backend"": ""evaluate_m19_theory_calibrated.candidate_features"", ""delta_mode"": ""none"", ""k_max"": 512, ""k_min"": 64, ""variant"": ""conservative""}",228,0.16414686825053995,0.8640350877192983,0.8640350877192983,0.0043859649122807015,1.0,"{""dp_17_64"": 0.04824561403508772, ""dp_257_plus"": 0.75, ""dp_5_16"": 0.02631578947368421, ""dp_65_256"": 0.17543859649122806}","{""cn_0"": 1.0}",0.0,661.4342105263158,sasb_candidate_builder,b59609178426619d521a4504ebe42d1cc078ac161136c7f80b1c2b97873bc2cf,228,b59609178426619d521a4504ebe42d1cc078ac161136c7f80b1c2b97873bc2cf,"{""sasb_builder"": 228}",0,0,0,0,{},0.0,"{""common_neighbor_bin_l1"": 0.0, ""degree_product_bin_l1"": 0.0, ""is_boundary_edge_l1"": 0.0, ""is_bridge_edge_l1"": 0.0, ""is_inter_community_edge_l1"": 0.0, ""is_low_common_neighbor_edge_l1"": 0.0, ""mean_l1"": 0.0}",1,32,32,0.0,0
realworld_completed,bio_celegans,SASB-candidate,sasb,SASB-structured,20260513,636,early,0.9955849889624724,0.9955849889624724,0.0,2,2,0,0.31407407407407406,0.3145679012345679,220,53,220--53,29,91,29,91,2639,2,0.07142857142857142,1,4,3,32,"[""96"", ""53"", ""60"", ""51"", ""343"", ""363"", ""62"", ""85"", ""373"", ""307"", ""364"", ""220"", ""144"", ""145"", ""142"", ""143"", ""52"", ""82"", ""83"", ""118"", ""147"", ""440"", ""398"", ""97"", ""404"", ""322"", ""246"", ""124"", ""79"", ""234"", ""309"", ""0""]",db51a5e549883a3fc62febd8e6db91ecb2107f256cc5e4f4ad82fb715b833851,"{""boundary"": 12, ""community_rep"": 4, ""degree_core"": 10, ""random_fill"": 6}","{""degree_3_4"": 4, ""degree_5_8"": 4, ""degree_9_plus"": 24}","{""0"": 2, ""1"": 7, ""2"": 4, ""3"": 9, ""4"": 5, ""5"": 1, ""6"": 1, ""7"": 1, ""8"": 1, ""9"": 1}",228,"{""backend"": ""evaluate_m19_theory_calibrated.candidate_features"", ""delta_mode"": ""none"", ""k_max"": 512, ""k_min"": 64, ""variant"": ""conservative""}",228,0.1642651296829971,0.8596491228070176,0.8596491228070176,0.0043859649122807015,1.0,"{""dp_17_64"": 0.04824561403508772, ""dp_257_plus"": 0.75, ""dp_5_16"": 0.02631578947368421, ""dp_65_256"": 0.17543859649122806}","{""cn_0"": 1.0}",0.0,673.0263157894736,sasb_candidate_builder,6bc84e8296829f4a9425e610c4ab22ac6f31191864385b6353cf5ff0f8415d98,228,6bc84e8296829f4a9425e610c4ab22ac6f31191864385b6353cf5ff0f8415d98,"{""sasb_builder"": 228}",0,0,0,0,{},0.0,"{""common_neighbor_bin_l1"": 0.0, ""degree_product_bin_l1"": 0.0, ""is_boundary_edge_l1"": 0.0, ""is_bridge_edge_l1"": 0.0, ""is_inter_community_edge_l1"": 0.0, ""is_low_common_neighbor_edge_l1"": 0.0, ""mean_l1"": 0.0}",1,32,32,0.0,0
realworld_completed,bio_celegans,SASB-candidate,sasb,SASB-structured,20260513,637,early,0.9955849889624724,0.9955849889624724,0.0,2,2,0,0.3145679012345679,0.31506172839506175,220,85,220--85,28,14,14,28,392,0,0.0,1,4,10,32,"[""96"", ""53"", ""60"", ""51"", ""343"", ""363"", ""62"", ""85"", ""373"", ""307"", ""364"", ""52"", ""144"", ""145"", ""142"", ""143"", ""220"", ""82"", ""83"", ""118"", ""147"", ""440"", ""398"", ""97"", ""404"", ""322"", ""151"", ""406"", ""130"", ""419"", ""297"", ""327""]",27b4ca03fee979075c187ce0ceb28d5034bb200da70a7bab2b532377c5aba696,"{""boundary"": 12, ""community_rep"": 4, ""degree_core"": 10, ""random_fill"": 6}","{""degree_2"": 2, ""degree_3_4"": 2, ""degree_5_8"": 4, ""degree_9_plus"": 24}","{""0"": 2, ""1"": 6, ""2"": 1, ""3"": 10, ""4"": 6, ""5"": 2, ""6"": 2, ""7"": 1, ""8"": 1, ""9"": 1}",228,"{""backend"": ""evaluate_m19_theory_calibrated.candidate_features"", ""delta_mode"": ""none"", ""k_max"": 512, ""k_min"": 64, ""variant"": ""conservative""}",228,0.1643835616438356,0.8552631578947368,0.8552631578947368,0.0043859649122807015,1.0,"{""dp_17_64"": 0.04824561403508772, ""dp_257_plus"": 0.75, ""dp_5_16"": 0.02631578947368421, ""dp_65_256"": 0.17543859649122806}","{""cn_0"": 1.0}",0.0,661.9473684210526,sasb_candidate_builder,dfa48b8f3d135571f290c609efbe0153c14bea3ede0da15b2912542780a61142,228,dfa48b8f3d135571f290c609efbe0153c14bea3ede0da15b2912542780a61142,"{""sasb_builder"": 228}",0,0,0,0,{},0.0,"{""common_neighbor_bin_l1"": 0.0, ""degree_product_bin_l1"": 0.0, ""is_boundary_edge_l1"": 0.0, ""is_bridge_edge_l1"": 0.0, ""is_inter_community_edge_l1"": 0.0, ""is_low_common_neighbor_edge_l1"": 0.0, ""mean_l1"": 0.0}",1,32,32,0.0,0
realworld_completed,bio_celegans,SASB-candidate,sasb,SASB-structured,20260513,638,early,0.9955849889624724,0.9955849889624724,0.0,2,2,0,0.31506172839506175,0.31555555555555553,220,94,220--94,27,11,11,27,297,0,0.0,1,4,3,32,"[""96"", ""53"", ""60"", ""51"", ""343"", ""363"", ""62"", ""373"", ""307"", ""364"", ""85"", ""52"", ""144"", ""145"", ""142"", ""143"", ""82"", ""220"", ""83"", ""118"", ""147"", ""440"", ""281"", ""398"", ""97"", ""404"", ""322"", ""318"", ""177"", ""317"", ""213"", ""178""]",2a409033172854c0e8f08218d8915702a999e2780da9cc5957a4ca4a933f27af,"{""boundary"": 12, ""community_rep"": 5, ""degree_core"": 10, ""random_fill"": 5}","{""degree_2"": 1, ""degree_3_4"": 4, ""degree_5_8"": 2, ""degree_9_plus"": 25}","{""0"": 2, ""1"": 7, ""2"": 2, ""3"": 8, ""4"": 6, ""5"": 1, ""6"": 2, ""7"": 1, ""8"": 2, ""9"": 1}",228,"{""backend"": ""evaluate_m19_theory_calibrated.candidate_features"", ""delta_mode"": ""none"", ""k_max"": 512, ""k_min"": 64, ""variant"": ""conservative""}",228,0.1645021645021645,0.8508771929824561,0.8508771929824561,0.0043859649122807015,1.0,"{""dp_17_64"": 0.04824561403508772, ""dp_257_plus"": 0.75, ""dp_5_16"": 0.02631578947368421, ""dp_65_256"": 0.17543859649122806}","{""cn_0"": 1.0}",0.0,679.5833333333334,sasb_candidate_builder,733eeaf0fd33ac403b3672a8a130bb29f1795cdbc4d18919183f90076619428e,228,733eeaf0fd33ac403b3672a8a130bb29f1795cdbc4d18919183f90076619428e,"{""sasb_builder"": 228}",0,0,0,0,{},0.0,"{""common_neighbor_bin_l1"": 0.0, ""degree_product_bin_l1"": 0.0, ""is_boundary_edge_l1"": 0.0, ""is_bridge_edge_l1"": 0.0, ""is_inter_community_edge_l1"": 0.0, ""is_low_common_neighbor_edge_l1"": 0.0, ""mean_l1"": 0.0}",1,32,32,0.0,0
realworld_completed,bio_celegans,SASB-candidate,sasb,SASB-structured,20260513,639,early,0.9955849889624724,0.9955849889624724,0.0,2,2,0,0.31555555555555553,0.3160493827160494,53,93,53--93,90,11,11,90,990,5,0.5,0,3,3,32,"[""96"", ""53"", ""60"", ""51"", ""343"", ""363"", ""62"", ""373"", ""307"", ""364"", ""85"", ""52"", ""144"", ""145"", ""142"", ""143"", ""82"", ""83"", ""220"", ""118"", ""147"", ""440"", ""281"", ""398"", ""97"", ""404"", ""322"", ""219"", ""35"", ""189"", ""171"", ""347""]",51aa3b66a891f60333f2dce2f1a30ebc6698a60103c941ca6acdf4e910aaab3f,"{""boundary"": 12, ""community_rep"": 5, ""degree_core"": 10, ""random_fill"": 5}","{""degree_3_4"": 5, ""degree_5_8"": 2, ""degree_9_plus"": 25}","{""0"": 4, ""1"": 6, ""2"": 2, ""3"": 7, ""4"": 7, ""5"": 1, ""6"": 1, ""7"": 1, ""8"": 2, ""9"": 1}",228,"{""backend"": ""evaluate_m19_theory_calibrated.candidate_features"", ""delta_mode"": ""none"", ""k_max"": 512, ""k_min"": 64, ""variant"": ""conservative""}",228,0.16462093862815885,0.8464912280701754,0.8464912280701754,0.0043859649122807015,0.9956140350877193,"{""dp_17_64"": 0.05263157894736842, ""dp_257_plus"": 0.75, ""dp_5_16"": 0.02631578947368421, ""dp_65_256"": 0.17105263157894737}","{""cn_0"": 0.9956140350877193, ""cn_4_8"": 0.0043859649122807015}",0.021929824561403508,681.8991228070175,sasb_candidate_builder,e9f71c82a2093f9d807c209be76002cb2a821e95ddefa7da3023d5db1680bfa1,228,e9f71c82a2093f9d807c209be76002cb2a821e95ddefa7da3023d5db1680bfa1,"{""sasb_builder"": 228}",0,0,0,0,{},0.0,"{""common_neighbor_bin_l1"": 0.0, ""degree_product_bin_l1"": 0.0, ""is_boundary_edge_l1"": 0.0, ""is_bridge_edge_l1"": 0.0, ""is_inter_community_edge_l1"": 0.0, ""is_low_common_neighbor_edge_l1"": 0.0, ""mean_l1"": 0.0}",1,32,32,266.7929307824109,0
realworld_completed,bio_celegans,SASB-candidate,sasb,SASB-structured,20260513,640,early,0.9955849889624724,0.9955849889624724,0.0,2,2,0,0.3160493827160494,0.3165432098765432,220,96,220--96,26,143,26,143,3718,6,0.24,1,4,9,32,"[""96"", ""53"", ""60"", ""51"", ""343"", ""363"", ""62"", ""373"", ""307"", ""364"", ""85"", ""52"", ""144"", ""145"", ""142"", ""143"", ""82"", ""83"", ""220"", ""118"", ""147"", ""440"", ""281"", ""398"", ""97"", ""348"", ""404"", ""322"", ""422"", ""246"", ""6"", ""202""]",d92faac1344ca86185329238b496b2cfcd85f64370fbf9f0bb08d57f3c696147,"{""boundary"": 12, ""community_rep"": 6, ""degree_core"": 10, ""random_fill"": 4}","{""degree_3_4"": 4, ""degree_5_8"": 2, ""degree_9_plus"": 26}","{""0"": 1, ""1"": 6, ""10"": 1, ""2"": 2, ""3"": 9, ""4"": 6, ""5"": 1, ""6"": 1, ""7"": 1, ""8"": 2, ""9"": 2}",228,"{""backend"": ""evaluate_m19_theory_calibrated.candidate_features"", ""delta_mode"": ""none"", ""k_max"": 512, ""k_min"": 64, ""variant"": ""conservative""}",228,0.16473988439306358,0.868421052631579,0.868421052631579,0.0043859649122807015,1.0,"{""dp_17_64"": 0.05701754385964912, ""dp_257_plus"": 0.7456140350877193, ""dp_5_16"": 0.02631578947368421, ""dp_65_256"": 0.17105263157894737}","{""cn_0"": 1.0}",0.0,677.7850877192982,sasb_candidate_builder,9868994004dff12b0ef82aeae6406b1e08414ec1912f25e9ebb1fa2842661c37,228,9868994004dff12b0ef82aeae6406b1e08414ec1912f25e9ebb1fa2842661c37,"{""sasb_builder"": 228}",0,0,0,0,{},0.0,"{""common_neighbor_bin_l1"": 0.0, ""degree_product_bin_l1"": 0.0, ""is_boundary_edge_l1"": 0.0, ""is_bridge_edge_l1"": 0.0, ""is_inter_community_edge_l1"": 0.0, ""is_low_common_neighbor_edge_l1"": 0.0, ""mean_l1"": 0.0}",1,32,32,0.0,0
realworld_completed,bio_celegans,SASB-candidate,sasb,SASB-structured,20260513,641,early,0.9955849889624724,0.9955849889624724,0.0,2,2,0,0.3165432098765432,0.31703703703703706,221,96,221--96,9,142,9,142,1278,4,0.5,1,3,0,32,"[""96"", ""53"", ""60"", ""51"", ""343"", ""363"", ""62"", ""373"", ""307"", ""364"", ""85"", ""52"", ""144"", ""145"", ""142"", ""143"", ""82"", ""83"", ""118"", ""147"", ""220"", ""440"", ""281"", ""398"", ""97"", ""348"", ""404"", ""322"", ""435"", ""447"", ""4"", ""164""]",35bbbdfdbbeb0422195e77c37b4c8e026f272ab68b5a010873782216dfa55968,"{""boundary"": 12, ""community_rep"": 6, ""degree_core"": 10, ""random_fill"": 4}","{""degree_2"": 2, ""degree_3_4"": 2, ""degree_5_8"": 2, ""degree_9_plus"": 26}","{""0"": 1, ""1"": 7, ""10"": 1, ""2"": 3, ""3"": 7, ""4"": 6, ""5"": 1, ""6"": 1, ""7"": 1, ""8"": 2, ""9"": 2}",228,"{""backend"": ""evaluate_m19_theory_calibrated.candidate_features"", ""delta_mode"": ""none"", ""k_max"": 512, ""k_min"": 64, ""variant"": ""conservative""}",228,0.1648590021691974,0.8640350877192983,0.8640350877192983,0.0043859649122807015,1.0,"{""dp_17_64"": 0.05701754385964912, ""dp_257_plus"": 0.7456140350877193, ""dp_5_16"": 0.02631578947368421, ""dp_65_256"": 0.17105263157894737}","{""cn_0"": 1.0}",0.0,661.6491228070175,sasb_candidate_builder,f4953e1abd0ae9cb410aa75550b7765bd15057309a847431c85b2db7d94b3fee,228,f4953e1abd0ae9cb410aa75550b7765bd15057309a847431c85b2db7d94b3fee,"{""sasb_builder"": 228}",0,0,0,0,{},0.0,"{""common_neighbor_bin_l1"": 0.0, ""degree_product_bin_l1"": 0.0, ""is_boundary_edge_l1"": 0.0, ""is_bridge_edge_l1"": 0.0, ""is_inter_community_edge_l1"": 0.0, ""is_low_common_neighbor_edge_l1"": 0.0, ""mean_l1"": 0.0}",1,32,32,0.0,0
realworld_completed,bio_celegans,SASB-candidate,sasb,SASB-structured,20260513,642,early,0.9955849889624724,0.9955849889624724,0.0,2,2,0,0.31703703703703706,0.31753086419753085,222,51,222--51,11,73,11,73,803,3,0.3,0,3,3,32,"[""96"", ""53"", ""60"", ""51"", ""343"", ""363"", ""62"", ""373"", ""307"", ""364"", ""85"", ""52"", ""144"", ""145"", ""142"", ""143"", ""82"", ""83"", ""118"", ""147"", ""220"", ""440"", ""281"", ""398"", ""97"", ""348"", ""404"", ""322"", ""29"", ""123"", ""178"", ""212""]",8df1bb81e617734f4eb30d5306b5d8246c7d6dc8ce8be266dd16cc33eef57bc0,"{""boundary"": 12, ""community_rep"": 6, ""degree_core"": 10, ""random_fill"": 4}","{""degree_3_4"": 4, ""degree_5_8"": 1, ""degree_9_plus"": 27}","{""0"": 1, ""1"": 7, ""10"": 1, ""2"": 2, ""3"": 8, ""4"": 5, ""5"": 2, ""6"": 1, ""7"": 1, ""8"": 2, ""9"": 2}",228,"{""backend"": ""evaluate_m19_theory_calibrated.candidate_features"", ""delta_mode"": ""none"", ""k_max"": 512, ""k_min"": 64, ""variant"": ""conservative""}",228,0.1649782923299566,0.8596491228070176,0.8596491228070176,0.0043859649122807015,1.0,"{""dp_17_64"": 0.05701754385964912, ""dp_257_plus"": 0.7456140350877193, ""dp_5_16"": 0.02631578947368421, ""dp_65_256"": 0.17105263157894737}","{""cn_0"": 1.0}",0.0,655.3245614035088,sasb_candidate_builder,0bffe69cd0b3395c2cf95f1428cbb2d99081cae69f4e1166960533ae8e97fe84,228,0bffe69cd0b3395c2cf95f1428cbb2d99081cae69f4e1166960533ae8e97fe84,"{""sasb_builder"": 228}",0,0,0,0,{},0.0,"{""common_neighbor_bin_l1"": 0.0, ""degree_product_bin_l1"": 0.0, ""is_boundary_edge_l1"": 0.0, ""is_bridge_edge_l1"": 0.0, ""is_inter_community_edge_l1"": 0.0, ""is_low_common_neighbor_edge_l1"": 0.0, ""mean_l1"": 0.0}",1,32,32,0.0,0
realworld_completed,bio_celegans,SASB-candidate,sasb,SASB-structured,20260513,643,early,0.9955849889624724,0.9955849889624724,0.0,2,2,0,0.31753086419753085,0.3180246913580247,222,53,222--53,10,89,10,89,890,3,0.3333333333333333,0,3,3,32,"[""96"", ""53"", ""60"", ""51"", ""343"", ""363"", ""62"", ""373"", ""307"", ""364"", ""85"", ""52"", ""144"", ""145"", ""142"", ""143"", ""82"", ""83"", ""118"", ""147"", ""220"", ""440"", ""281"", ""398"", ""97"", ""348"", ""404"", ""322"", ""10"", ""15"", ""207"", ""283""]",f320ad54423301af8db5b5aee25b6924cc10360b028553cb408d3014ca02de44,"{""boundary"": 12, ""community_rep"": 6, ""degree_core"": 10, ""random_fill"": 4}","{""degree_2"": 1, ""degree_3_4"": 2, ""degree_5_8"": 3, ""degree_9_plus"": 26}","{""0"": 1, ""1"": 6, ""10"": 1, ""2"": 3, ""3"": 8, ""4"": 6, ""5"": 1, ""6"": 1, ""7"": 2, ""8"": 2, ""9"": 1}",228,"{""backend"": ""evaluate_m19_theory_calibrated.candidate_features"", ""delta_mode"": ""none"", ""k_max"": 512, ""k_min"": 64, ""variant"": ""conservative""}",228,0.16509775524981898,0.8596491228070176,0.8596491228070176,0.0043859649122807015,1.0,"{""dp_17_64"": 0.05701754385964912, ""dp_257_plus"": 0.7456140350877193, ""dp_5_16"": 0.02631578947368421, ""dp_65_256"": 0.17105263157894737}","{""cn_0"": 1.0}",0.0,651.7543859649123,sasb_candidate_builder,ff255a6642ae25ca396775e12f44aa23f43dbb446a725107b18cf6f1fb7c7e87,228,ff255a6642ae25ca396775e12f44aa23f43dbb446a725107b18cf6f1fb7c7e87,"{""sasb_builder"": 228}",0,0,0,0,{},0.0,"{""common_neighbor_bin_l1"": 0.0, ""degree_product_bin_l1"": 0.0, ""is_boundary_edge_l1"": 0.0, ""is_bridge_edge_l1"": 0.0, ""is_inter_community_edge_l1"": 0.0, ""is_low_common_neighbor_edge_l1"": 0.0, ""mean_l1"": 0.0}",1,32,32,0.0,0
realworld_completed,bio_celegans,SASB-candidate,sasb,SASB-structured,20260513,644,early,0.9955849889624724,0.9955849889624724,0.0,2,2,0,0.3180246913580247,0.31851851851851853,222,96,222--96,9,141,9,141,1269,3,0.375,1,3,9,32,"[""96"", ""53"", ""60"", ""51"", ""343"", ""363"", ""62"", ""373"", ""307"", ""364"", ""85"", ""52"", ""144"", ""145"", ""142"", ""143"", ""82"", ""83"", ""118"", ""147"", ""220"", ""440"", ""281"", ""398"", ""97"", ""348"", ""404"", ""322"", ""103"", ""410"", ""346"", ""190""]",18a0356529e404abc1a6483617620681fc26a458d56c08ea0e878d9f498740db,"{""boundary"": 12, ""community_rep"": 6, ""degree_core"": 10, ""random_fill"": 4}","{""degree_0_1"": 1, ""degree_3_4"": 2, ""degree_5_8"": 3, ""degree_9_plus"": 26}","{""0"": 1, ""1"": 7, ""10"": 1, ""2"": 2, ""3"": 7, ""4"": 6, ""5"": 2, ""6"": 1, ""7"": 1, ""8"": 3, ""9"": 1}",228,"{""backend"": ""evaluate_m19_theory_calibrated.candidate_features"", ""delta_mode"": ""none"", ""k_max"": 512, ""k_min"": 64, ""variant"": ""conservative""}",228,0.16521739130434782,0.8596491228070176,0.8596491228070176,0.0043859649122807015,1.0,"{""dp_17_64"": 0.05701754385964912, ""dp_257_plus"": 0.7456140350877193, ""dp_5_16"": 0.02631578947368421, ""dp_65_256"": 0.17105263157894737}","{""cn_0"": 1.0}",0.0,647.2850877192982,sasb_candidate_builder,e6af076a45c28350e4630d3a09140d2fcc5029f2de51fa3ef3aeef2720d07bcc,228,e6af076a45c28350e4630d3a09140d2fcc5029f2de51fa3ef3aeef2720d07bcc,"{""sasb_builder"": 228}",0,0,0,0,{},0.0,"{""common_neighbor_bin_l1"": 0.0, ""degree_product_bin_l1"": 0.0, ""is_boundary_edge_l1"": 0.0, ""is_bridge_edge_l1"": 0.0, ""is_inter_community_edge_l1"": 0.0, ""is_low_common_neighbor_edge_l1"": 0.0, ""mean_l1"": 0.0}",1,32,32,0.0,0
realworld_completed,bio_celegans,SASB-candidate,sasb,SASB-structured,20260513,645,early,0.9955849889624724,0.9955849889624724,0.0,2,2,0,0.31851851851851853,0.3190123456790123,223,51,223--51,4,72,4,72,288,1,0.3333333333333333,1,7,3,32,"[""96"", ""53"", ""60"", ""51"", ""343"", ""363"", ""62"", ""373"", ""307"", ""364"", ""85"", ""52"", ""144"", ""145"", ""142"", ""143"", ""82"", ""83"", ""118"", ""147"", ""220"", ""440"", ""281"", ""398"", ""97"", ""348"", ""404"", ""322"", ""103"", ""309"", ""451"", ""72""]",97f60ba34332d75cc8483897dac040496276efaa19c8d4e4441f3f81d4501a20,"{""boundary"": 12, ""community_rep"": 6, ""degree_core"": 10, ""random_fill"": 4}","{""degree_0_1"": 1, ""degree_2"": 1, ""degree_3_4"": 2, ""degree_5_8"": 2, ""degree_9_plus"": 26}","{""0"": 1, ""1"": 7, ""10"": 1, ""2"": 3, ""3"": 7, ""4"": 5, ""5"": 2, ""6"": 1, ""7"": 1, ""8"": 3, ""9"": 1}",227,"{""backend"": ""evaluate_m19_theory_calibrated.candidate_features"", ""delta_mode"": ""none"", ""k_max"": 512, ""k_min"": 64, ""variant"": ""conservative""}",227,0.1646120377084844,0.8590308370044053,0.8590308370044053,0.004405286343612335,1.0,"{""dp_17_64"": 0.05726872246696035, ""dp_257_plus"": 0.7444933920704846, ""dp_5_16"": 0.02643171806167401, ""dp_65_256"": 0.17180616740088106}","{""cn_0"": 1.0}",0.0,641.9118942731277,sasb_candidate_builder,16faf923f4fd436fb4bd4e7f4a763a3832b9144f441d811b86a12107ddd0d352,227,16faf923f4fd436fb4bd4e7f4a763a3832b9144f441d811b86a12107ddd0d352,"{""sasb_builder"": 227}",0,0,0,0,{},0.0,"{""common_neighbor_bin_l1"": 0.0, ""degree_product_bin_l1"": 0.0, ""is_boundary_edge_l1"": 0.0, ""is_bridge_edge_l1"": 0.0, ""is_inter_community_edge_l1"": 0.0, ""is_low_common_neighbor_edge_l1"": 0.0, ""mean_l1"": 0.0}",1,32,32,0.0,0
realworld_completed,bio_celegans,SASB-candidate,sasb,SASB-structured,20260513,646,early,0.9955849889624724,0.9955849889624724,0.0,2,2,0,0.3190123456790123,0.31950617283950616,144,305,144--305,41,7,7,41,287,1,0.16666666666666666,0,1,1,32,"[""96"", ""53"", ""60"", ""51"", ""343"", ""363"", ""62"", ""373"", ""307"", ""364"", ""85"", ""52"", ""144"", ""145"", ""142"", ""143"", ""82"", ""83"", ""118"", ""147"", ""220"", ""440"", ""281"", ""398"", ""97"", ""348"", ""404"", ""322"", ""415"", ""165"", ""163"", ""402""]",4ebe0794f055945afdc6f48d2c7306c88ec4166721f545aa6683c76f6252d188,"{""boundary"": 12, ""community_rep"": 6, ""degree_core"": 10, ""random_fill"": 4}","{""degree_3_4"": 3, ""degree_5_8"": 3, ""degree_9_plus"": 26}","{""0"": 1, ""1"": 6, ""10"": 1, ""2"": 2, ""3"": 10, ""4"": 5, ""5"": 1, ""6"": 1, ""7"": 1, ""8"": 2, ""9"": 2}",227,"{""backend"": ""evaluate_m19_theory_calibrated.candidate_features"", ""delta_mode"": ""none"", ""k_max"": 512, ""k_min"": 64, ""variant"": ""conservative""}",227,0.16473149492017417,0.8546255506607929,0.8546255506607929,0.004405286343612335,1.0,"{""dp_17_64"": 0.05726872246696035, ""dp_257_plus"": 0.7444933920704846, ""dp_5_16"": 0.02643171806167401, ""dp_65_256"": 0.17180616740088106}","{""cn_0"": 0.9911894273127754, ""cn_1"": 0.00881057268722467}",0.00881057268722467,640.568281938326,sasb_candidate_builder,ba324948960a4463e4b345c2e01010ebc6199469b816033ff7587d34396721ac,227,ba324948960a4463e4b345c2e01010ebc6199469b816033ff7587d34396721ac,"{""sasb_builder"": 227}",0,0,0,0,{},0.0,"{""common_neighbor_bin_l1"": 0.0, ""degree_product_bin_l1"": 0.0, ""is_boundary_edge_l1"": 0.0, ""is_bridge_edge_l1"": 0.0, ""is_inter_community_edge_l1"": 0.0, ""is_low_common_neighbor_edge_l1"": 0.0, ""mean_l1"": 0.0}",1,32,32,916.5581555105753,0
realworld_completed,bio_celegans,SASB-candidate,sasb,SASB-structured,20260513,647,early,0.9955849889624724,0.9955849889624724,0.0,2,2,0,0.31950617283950616,0.32,145,305,145--305,41,6,6,41,246,0,0.0,0,1,1,32,"[""96"", ""53"", ""60"", ""51"", ""343"", ""363"", ""62"", ""373"", ""307"", ""364"", ""85"", ""52"", ""145"", ""144"", ""142"", ""143"", ""82"", ""83"", ""118"", ""147"", ""220"", ""440"", ""281"", ""398"", ""97"", ""348"", ""404"", ""322"", ""35"", ""389"", ""239"", ""350""]",d9893e22f1abe469ddeb83a6598815583d5d2a6111c8a57510e0a03fa70323f5,"{""boundary"": 12, ""community_rep"": 6, ""degree_core"": 10, ""random_fill"": 4}","{""degree_3_4"": 3, ""degree_5_8"": 2, ""degree_9_plus"": 27}","{""0"": 1, ""1"": 6, ""10"": 1, ""2"": 2, ""3"": 7, ""4"": 6, ""5"": 1, ""6"": 1, ""7"": 1, ""8"": 3, ""9"": 3}",227,"{""backend"": ""evaluate_m19_theory_calibrated.candidate_features"", ""delta_mode"": ""none"", ""k_max"": 512, ""k_min"": 64, ""variant"": ""conservative""}",227,0.16485112563543936,0.8546255506607929,0.8546255506607929,0.004405286343612335,1.0,"{""dp_17_64"": 0.05726872246696035, ""dp_257_plus"": 0.7400881057268722, ""dp_5_16"": 0.02643171806167401, ""dp_65_256"": 0.1762114537444934}","{""cn_0"": 1.0}",0.0,640.114537444934,sasb_candidate_builder,cff6428e0a787fe0be2a032e532962ca3310b1e3eb506dc3777c318fd6ac3751,227,cff6428e0a787fe0be2a032e532962ca3310b1e3eb506dc3777c318fd6ac3751,"{""sasb_builder"": 227}",0,0,0,0,{},0.0,"{""common_neighbor_bin_l1"": 0.0, ""degree_product_bin_l1"": 0.0, ""is_boundary_edge_l1"": 0.0, ""is_bridge_edge_l1"": 0.0, ""is_inter_community_edge_l1"": 0.0, ""is_low_common_neighbor_edge_l1"": 0.0, ""mean_l1"": 0.0}",1,32,32,1235.8332416518044,0
realworld_completed,bio_celegans,SASB-candidate,sasb,SASB-structured,20260513,648,early,0.9955849889624724,0.9955849889624724,0.0,2,2,0,0.32,0.32049382716049385,223,53,223--53,3,88,3,88,264,0,0.0,1,6,3,32,"[""96"", ""53"", ""60"", ""51"", ""343"", ""363"", ""62"", ""373"", ""307"", ""364"", ""85"", ""52"", ""144"", ""145"", ""142"", ""143"", ""82"", ""83"", ""118"", ""147"", ""220"", ""440"", ""281"", ""398"", ""97"", ""348"", ""404"", ""322"", ""23"", ""137"", ""312"", ""248""]",d2559f762bbb5de8ff15181c65899dbd577fd84a06b850f63281d7fbd99d7f44,"{""boundary"": 12, ""community_rep"": 6, ""degree_core"": 10, ""random_fill"": 4}","{""degree_2"": 1, ""degree_3_4"": 3, ""degree_5_8"": 2, ""degree_9_plus"": 26}","{""0"": 1, ""1"": 8, ""10"": 1, ""2"": 2, ""3"": 8, ""4"": 5, ""5"": 2, ""6"": 1, ""7"": 1, ""8"": 2, ""9"": 1}",227,"{""backend"": ""evaluate_m19_theory_calibrated.candidate_features"", ""delta_mode"": ""none"", ""k_max"": 512, ""k_min"": 64, ""variant"": ""conservative""}",227,0.16497093023255813,0.8546255506607929,0.8546255506607929,0.004405286343612335,1.0,"{""dp_17_64"": 0.05726872246696035, ""dp_257_plus"": 0.7444933920704846, ""dp_5_16"": 0.02643171806167401, ""dp_65_256"": 0.17180616740088106}","{""cn_0"": 1.0}",0.0,640.647577092511,sasb_candidate_builder,5f17f4ea4642774f3fb5b77da45e3ab7d95d052960b2bff53478deb6014c3238,227,5f17f4ea4642774f3fb5b77da45e3ab7d95d052960b2bff53478deb6014c3238,"{""sasb_builder"": 227}",0,0,0,0,{},0.0,"{""common_neighbor_bin_l1"": 0.0, ""degree_product_bin_l1"": 0.0, ""is_boundary_edge_l1"": 0.0, ""is_bridge_edge_l1"": 0.0, ""is_inter_community_edge_l1"": 0.0, ""is_low_common_neighbor_edge_l1"": 0.0, ""mean_l1"": 0.0}",1,32,32,0.0,0
realworld_completed,bio_celegans,SASB-candidate,sasb,SASB-structured,20260513,649,early,0.9955849889624724,0.9955849889624724,0.0,2,2,0,0.32049382716049385,0.32098765432098764,16,96,16--96,3,140,3,140,420,2,1.0,0,0,0,32,"[""96"", ""60"", ""53"", ""51"", ""343"", ""363"", ""62"", ""373"", ""307"", ""364"", ""85"", ""52"", ""144"", ""145"", ""142"", ""143"", ""82"", ""83"", ""118"", ""147"", ""220"", ""440"", ""281"", ""398"", ""97"", ""348"", ""404"", ""322"", ""197"", ""388"", ""447"", ""114""]",19cc7ca8c248335ab355aab41f1eefc124181ec4506c07a6bffb720b42911322,"{""boundary"": 12, ""community_rep"": 6, ""degree_core"": 10, ""random_fill"": 4}","{""degree_2"": 1, ""degree_3_4"": 2, ""degree_5_8"": 3, ""degree_9_plus"": 26}","{""0"": 1, ""1"": 6, ""10"": 1, ""2"": 3, ""3"": 8, ""4"": 6, ""5"": 2, ""6"": 1, ""7"": 1, ""8"": 2, ""9"": 1}",227,"{""backend"": ""evaluate_m19_theory_calibrated.candidate_features"", ""delta_mode"": ""none"", ""k_max"": 512, ""k_min"": 64, ""variant"": ""conservative""}",227,0.1650909090909091,0.8502202643171806,0.8502202643171806,0.004405286343612335,0.9955947136563876,"{""dp_17_64"": 0.05726872246696035, ""dp_257_plus"": 0.7444933920704846, ""dp_5_16"": 0.02643171806167401, ""dp_65_256"": 0.17180616740088106}","{""cn_0"": 0.9955947136563876, ""cn_2_3"": 0.004405286343612335}",0.00881057268722467,640.136563876652,sasb_candidate_builder,6899f0deb6a5ffda769e639436ff164a51c082d4b6f4ea260ef3e50c1b81780c,227,6899f0deb6a5ffda769e639436ff164a51c082d4b6f4ea260ef3e50c1b81780c,"{""sasb_builder"": 227}",0,0,0,0,{},0.0,"{""common_neighbor_bin_l1"": 0.0, ""degree_product_bin_l1"": 0.0, ""is_boundary_edge_l1"": 0.0, ""is_bridge_edge_l1"": 0.0, ""is_inter_community_edge_l1"": 0.0, ""is_low_common_neighbor_edge_l1"": 0.0, ""mean_l1"": 0.0}",1,32,32,451.0,0
realworld_completed,bio_celegans,SASB-candidate,sasb,SASB-structured,20260513,650,early,0.9955849889624724,0.9955849889624724,0.0,2,2,0,0.32098765432098764,0.3214814814814815,142,305,142--305,35,5,5,35,175,1,0.25,1,1,4,32,"[""96"", ""60"", ""53"", ""51"", ""343"", ""363"", ""62"", ""373"", ""307"", ""364"", ""85"", ""52"", ""144"", ""145"", ""142"", ""143"", ""82"", ""83"", ""118"", ""147"", ""220"", ""440"", ""281"", ""398"", ""97"", ""404"", ""322"", ""225"", ""184"", ""301"", ""192"", ""120""]",cf4702386f69ed186f3204d96f0d223623943462e0aa9d2456cdd20661902534,"{""boundary"": 12, ""community_rep"": 5, ""degree_core"": 10, ""random_fill"": 5}","{""degree_2"": 1, ""degree_3_4"": 3, ""degree_5_8"": 3, ""degree_9_plus"": 25}","{""0"": 2, ""1"": 8, ""2"": 2, ""3"": 7, ""4"": 6, ""5"": 2, ""6"": 1, ""7"": 1, ""8"": 2, ""9"": 1}",227,"{""backend"": ""evaluate_m19_theory_calibrated.candidate_features"", ""delta_mode"": ""none"", ""k_max"": 512, ""k_min"": 64, ""variant"": ""conservative""}",227,0.16521106259097526,0.8325991189427313,0.8325991189427313,0.004405286343612335,1.0,"{""dp_17_64"": 0.05286343612334802, ""dp_257_plus"": 0.7400881057268722, ""dp_5_16"": 0.03524229074889868, ""dp_65_256"": 0.17180616740088106}","{""cn_0"": 0.9911894273127754, ""cn_1"": 0.00881057268722467}",0.00881057268722467,633.9867841409691,sasb_candidate_builder,5023f5814969246faeae44e04f284d602a62dd89ecfbddcb13987635d36ac9e8,227,5023f5814969246faeae44e04f284d602a62dd89ecfbddcb13987635d36ac9e8,"{""sasb_builder"": 227}",0,0,0,0,{},0.0,"{""common_neighbor_bin_l1"": 0.0, ""degree_product_bin_l1"": 0.0, ""is_boundary_edge_l1"": 0.0, ""is_bridge_edge_l1"": 0.0, ""is_inter_community_edge_l1"": 0.0, ""is_low_common_neighbor_edge_l1"": 0.0, ""mean_l1"": 0.0}",1,32,32,1134.9372106037333,0
realworld_completed,bio_celegans,SASB-candidate,sasb,SASB-structured,20260513,651,early,0.9955849889624724,0.9955849889624724,0.0,2,2,0,0.3214814814814815,0.3219753086419753,143,305,143--305,35,4,4,35,140,0,0.0,1,1,4,32,"[""96"", ""60"", ""53"", ""51"", ""343"", ""363"", ""62"", ""373"", ""307"", ""364"", ""85"", ""52"", ""144"", ""145"", ""143"", ""142"", ""82"", ""83"", ""118"", ""147"", ""220"", ""440"", ""281"", ""398"", ""97"", ""404"", ""322"", ""297"", ""419"", ""395"", ""186"", ""173""]",20334186a9216653fec4e76fb07068e35dc64e51cb45b96ea249a18ba5e1a191,"{""boundary"": 12, ""community_rep"": 5, ""degree_core"": 10, ""random_fill"": 5}","{""degree_2"": 2, ""degree_3_4"": 2, ""degree_5_8"": 3, ""degree_9_plus"": 25}","{""0"": 3, ""1"": 6, ""2"": 2, ""3"": 8, ""4"": 5, ""5"": 2, ""6"": 1, ""7"": 1, ""8"": 2, ""9"": 2}",227,"{""backend"": ""evaluate_m19_theory_calibrated.candidate_features"", ""delta_mode"": ""none"", ""k_max"": 512, ""k_min"": 64, ""variant"": ""conservative""}",227,0.16533139111434814,0.8281938325991189,0.8281938325991189,0.004405286343612335,1.0,"{""dp_17_64"": 0.048458149779735685, ""dp_257_plus"": 0.7444933920704846, ""dp_5_16"": 0.039647577092511016, ""dp_65_256"": 0.16740088105726872}","{""cn_0"": 1.0}",0.0,634.920704845815,sasb_candidate_builder,3f400175bc24ffb76963d2cc6aca136aa4fc2e6a33e9c080121732f430a08775,227,3f400175bc24ffb76963d2cc6aca136aa4fc2e6a33e9c080121732f430a08775,"{""sasb_builder"": 227}",0,0,0,0,{},0.0,"{""common_neighbor_bin_l1"": 0.0, ""degree_product_bin_l1"": 0.0, ""is_boundary_edge_l1"": 0.0, ""is_bridge_edge_l1"": 0.0, ""is_inter_community_edge_l1"": 0.0, ""is_low_common_neighbor_edge_l1"": 0.0, ""mean_l1"": 0.0}",1,32,32,1525.624915362826,0
realworld_completed,bio_celegans,SASB-candidate,sasb,SASB-structured,20260513,652,early,0.9955849889624724,0.9955849889624724,0.0,2,2,0,0.3219753086419753,0.3224691358024691,32,53,32--53,16,87,16,87,1392,9,0.6,0,3,3,32,"[""96"", ""60"", ""53"", ""51"", ""343"", ""363"", ""62"", ""373"", ""307"", ""364"", ""85"", ""52"", ""144"", ""145"", ""142"", ""143"", ""82"", ""83"", ""118"", ""147"", ""220"", ""440"", ""281"", ""398"", ""97"", ""404"", ""322"", ""239"", ""170"", ""255"", ""146"", ""370""]",28d100e74b5760bc3807f2cdf79e25be93d903f8b97aca6cbd58bb8e9d673581,"{""boundary"": 12, ""community_rep"": 5, ""degree_core"": 10, ""random_fill"": 5}","{""degree_2"": 1, ""degree_3_4"": 3, ""degree_5_8"": 3, ""degree_9_plus"": 25}","{""0"": 3, ""1"": 7, ""2"": 2, ""3"": 8, ""4"": 6, ""5"": 1, ""6"": 1, ""7"": 1, ""8"": 2, ""9"": 1}",227,"{""backend"": ""evaluate_m19_theory_calibrated.candidate_features"", ""delta_mode"": ""none"", ""k_max"": 512, ""k_min"": 64, ""variant"": ""conservative""}",227,0.16545189504373178,0.8237885462555066,0.8237885462555066,0.004405286343612335,0.9955947136563876,"{""dp_17_64"": 0.048458149779735685, ""dp_257_plus"": 0.748898678414097, ""dp_5_16"": 0.039647577092511016, ""dp_65_256"": 0.16299559471365638}","{""cn_0"": 0.9955947136563876, ""cn_9_plus"": 0.004405286343612335}",0.039647577092511016,640.4185022026431,sasb_candidate_builder,f327189744614b6d1cbc5a748856b50f5824bde4e41a5d3ed9c21a0303a75d89,227,f327189744614b6d1cbc5a748856b50f5824bde4e41a5d3ed9c21a0303a75d89,"{""sasb_builder"": 227}",0,0,0,0,{},0.0,"{""common_neighbor_bin_l1"": 0.0, ""degree_product_bin_l1"": 0.0, ""is_boundary_edge_l1"": 0.0, ""is_bridge_edge_l1"": 0.0, ""is_inter_community_edge_l1"": 0.0, ""is_low_common_neighbor_edge_l1"": 0.0, ""mean_l1"": 0.0}",1,32,32,407.4121347259102,0
realworld_completed,bio_celegans,SASB-candidate,sasb,SASB-structured,20260513,653,early,0.9955849889624724,0.9955849889624724,0.0,2,2,0,0.3224691358024691,0.32296296296296295,42,96,42--96,3,139,3,139,417,2,1.0,0,0,0,32,"[""96"", ""60"", ""53"", ""51"", ""343"", ""363"", ""62"", ""373"", ""307"", ""364"", ""85"", ""52"", ""144"", ""145"", ""142"", ""143"", ""82"", ""83"", ""118"", ""147"", ""220"", ""440"", ""281"", ""398"", ""97"", ""404"", ""322"", ""28"", ""216"", ""201"", ""88"", ""59""]",e4b1e0fc2bb3b6bb5546b06e727bccf0a8ac203294ba0a416d05e24bed7fc649,"{""boundary"": 12, ""community_rep"": 5, ""degree_core"": 10, ""random_fill"": 5}","{""degree_0_1"": 2, ""degree_3_4"": 3, ""degree_5_8"": 2, ""degree_9_plus"": 25}","{""0"": 1, ""1"": 7, ""2"": 4, ""3"": 8, ""4"": 5, ""5"": 2, ""6"": 1, ""7"": 1, ""8"": 2, ""9"": 1}",227,"{""backend"": ""evaluate_m19_theory_calibrated.candidate_features"", ""delta_mode"": ""none"", ""k_max"": 512, ""k_min"": 64, ""variant"": ""conservative""}",227,0.16557257476294676,0.8237885462555066,0.8237885462555066,0.004405286343612335,0.9955947136563876,"{""dp_17_64"": 0.048458149779735685, ""dp_257_plus"": 0.748898678414097, ""dp_5_16"": 0.039647577092511016, ""dp_65_256"": 0.16299559471365638}","{""cn_0"": 0.9955947136563876, ""cn_2_3"": 0.004405286343612335}",0.00881057268722467,634.8810572687224,sasb_candidate_builder,91289670c083c6656f42c7ffa6f6fe69f878a2ca4fefd97696c2667745af0fd9,227,91289670c083c6656f42c7ffa6f6fe69f878a2ca4fefd97696c2667745af0fd9,"{""sasb_builder"": 227}",0,0,0,0,{},0.0,"{""common_neighbor_bin_l1"": 0.0, ""degree_product_bin_l1"": 0.0, ""is_boundary_edge_l1"": 0.0, ""is_bridge_edge_l1"": 0.0, ""is_inter_community_edge_l1"": 0.0, ""is_low_common_neighbor_edge_l1"": 0.0, ""mean_l1"": 0.0}",1,32,32,451.0,0
realworld_completed,bio_celegans,SASB-candidate,sasb,SASB-structured,20260513,654,early,0.9955849889624724,0.9955849889624724,0.0,2,2,0,0.32296296296296295,0.3234567901234568,47,96,47--96,3,138,3,138,414,1,0.5,0,0,0,32,"[""96"", ""60"", ""53"", ""51"", ""343"", ""363"", ""62"", ""373"", ""307"", ""364"", ""85"", ""52"", ""144"", ""145"", ""142"", ""143"", ""82"", ""83"", ""118"", ""147"", ""220"", ""440"", ""281"", ""398"", ""97"", ""404"", ""322"", ""439"", ""331"", ""394"", ""258"", ""159""]",27ee3252f47b191361d01049c974206b9f2a444028c8a072f9ed0c645aa77b6a,"{""boundary"": 12, ""community_rep"": 5, ""degree_core"": 10, ""random_fill"": 5}","{""degree_0_1"": 2, ""degree_2"": 2, ""degree_3_4"": 1, ""degree_5_8"": 2, ""degree_9_plus"": 25}","{""0"": 3, ""1"": 7, ""2"": 2, ""3"": 7, ""4"": 5, ""5"": 3, ""6"": 1, ""7"": 1, ""8"": 2, ""9"": 1}",227,"{""backend"": ""evaluate_m19_theory_calibrated.candidate_features"", ""delta_mode"": ""none"", ""k_max"": 512, ""k_min"": 64, ""variant"": ""conservative""}",227,0.16569343065693432,0.8237885462555066,0.8237885462555066,0.004405286343612335,1.0,"{""dp_17_64"": 0.048458149779735685, ""dp_257_plus"": 0.748898678414097, ""dp_5_16"": 0.039647577092511016, ""dp_65_256"": 0.16299559471365638}","{""cn_0"": 0.9955947136563876, ""cn_1"": 0.004405286343612335}",0.004405286343612335,632.1806167400881,sasb_candidate_builder,6341bfba19b3f9961e13aa70d674e334b0029068e2e67130fd6719cf77a374cd,227,6341bfba19b3f9961e13aa70d674e334b0029068e2e67130fd6719cf77a374cd,"{""sasb_builder"": 227}",0,0,0,0,{},0.0,"{""common_neighbor_bin_l1"": 0.0, ""degree_product_bin_l1"": 0.0, ""is_boundary_edge_l1"": 0.0, ""is_bridge_edge_l1"": 0.0, ""is_inter_community_edge_l1"": 0.0, ""is_low_common_neighbor_edge_l1"": 0.0, ""mean_l1"": 0.0}",1,32,32,676.5,0
realworld_completed,bio_celegans,SASB-candidate,sasb,SASB-structured,20260513,655,early,0.9955849889624724,0.9955849889624724,0.0,2,2,0,0.3234567901234568,0.32395061728395064,209,390,209--390,4,3,3,4,12,0,0.0,1,4,7,32,"[""96"", ""60"", ""53"", ""51"", ""343"", ""363"", ""62"", ""373"", ""307"", ""364"", ""85"", ""52"", ""144"", ""145"", ""142"", ""143"", ""82"", ""83"", ""118"", ""147"", ""220"", ""440"", ""281"", ""398"", ""97"", ""404"", ""322"", ""451"", ""239"", ""163"", ""402"", ""222""]",352483851eb0d6a8c5a973ff7d38cba7c7821eb275cc23bcc2d9bdb5dec0f994,"{""boundary"": 12, ""community_rep"": 5, ""degree_core"": 10, ""random_fill"": 5}","{""degree_2"": 1, ""degree_3_4"": 2, ""degree_5_8"": 4, ""degree_9_plus"": 25}","{""0"": 2, ""1"": 6, ""2"": 2, ""3"": 10, ""4"": 5, ""5"": 2, ""6"": 1, ""7"": 1, ""8"": 2, ""9"": 1}",227,"{""backend"": ""evaluate_m19_theory_calibrated.candidate_features"", ""delta_mode"": ""none"", ""k_max"": 512, ""k_min"": 64, ""variant"": ""conservative""}",227,0.1658144631117604,0.8237885462555066,0.8237885462555066,0.00881057268722467,1.0,"{""dp_17_64"": 0.048458149779735685, ""dp_257_plus"": 0.748898678414097, ""dp_5_16"": 0.039647577092511016, ""dp_65_256"": 0.16299559471365638}","{""cn_0"": 1.0}",0.0,629.5859030837005,sasb_candidate_builder,c22213cc6957dca27744e6c58f4b53eb8ed74577ed4cb43efbf61ba0229e8c0c,227,c22213cc6957dca27744e6c58f4b53eb8ed74577ed4cb43efbf61ba0229e8c0c,"{""sasb_builder"": 227}",0,0,0,0,{},0.0,"{""common_neighbor_bin_l1"": 0.0, ""degree_product_bin_l1"": 0.0, ""is_boundary_edge_l1"": 0.0, ""is_bridge_edge_l1"": 0.0, ""is_inter_community_edge_l1"": 0.0, ""is_low_common_neighbor_edge_l1"": 0.0, ""mean_l1"": 0.0}",1,32,32,142.47813799904307,0
realworld_completed,bio_celegans,SASB-candidate,sasb,SASB-structured,20260513,656,early,0.9955849889624724,0.9955849889624724,0.0,2,2,0,0.32395061728395064,0.3244444444444444,54,96,54--96,2,137,2,137,274,1,1.0,0,0,0,32,"[""96"", ""60"", ""53"", ""51"", ""343"", ""363"", ""62"", ""373"", ""307"", ""364"", ""85"", ""52"", ""144"", ""145"", ""142"", ""143"", ""82"", ""83"", ""118"", ""147"", ""220"", ""440"", ""281"", ""398"", ""97"", ""404"", ""322"", ""154"", ""215"", ""209"", ""68"", ""345""]",8124beedf265ed2decbfb424eaed301a467069cd633915e55ce22a9022542541,"{""boundary"": 12, ""community_rep"": 5, ""degree_core"": 10, ""random_fill"": 5}","{""degree_3_4"": 4, ""degree_5_8"": 2, ""degree_9_plus"": 26}","{""0"": 1, ""1"": 7, ""2"": 5, ""3"": 7, ""4"": 6, ""5"": 1, ""6"": 1, ""7"": 1, ""8"": 2, ""9"": 1}",227,"{""backend"": ""evaluate_m19_theory_calibrated.candidate_features"", ""delta_mode"": ""none"", ""k_max"": 512, ""k_min"": 64, ""variant"": ""conservative""}",227,0.16593567251461988,0.8193832599118943,0.8193832599118943,0.00881057268722467,1.0,"{""dp_17_64"": 0.048458149779735685, ""dp_257_plus"": 0.7533039647577092, ""dp_5_16"": 0.03524229074889868, ""dp_65_256"": 0.16299559471365638}","{""cn_0"": 0.9955947136563876, ""cn_1"": 0.004405286343612335}",0.004405286343612335,630.1233480176212,sasb_candidate_builder,89665cb781ccca69d6ca59352d24f07f648d7b88283ca2e36da7d25d2d63563a,227,89665cb781ccca69d6ca59352d24f07f648d7b88283ca2e36da7d25d2d63563a,"{""sasb_builder"": 227}",0,0,0,0,{},0.0,"{""common_neighbor_bin_l1"": 0.0, ""degree_product_bin_l1"": 0.0, ""is_boundary_edge_l1"": 0.0, ""is_bridge_edge_l1"": 0.0, ""is_inter_community_edge_l1"": 0.0, ""is_low_common_neighbor_edge_l1"": 0.0, ""mean_l1"": 0.0}",1,32,32,451.0,0
realworld_completed,bio_celegans,SASB-candidate,sasb,SASB-structured,20260513,657,early,0.9955849889624724,0.9955849889624724,0.0,2,2,0,0.3244444444444444,0.32493827160493827,181,96,181--96,2,136,2,136,272,0,0.0,0,0,0,32,"[""96"", ""60"", ""53"", ""51"", ""343"", ""363"", ""62"", ""373"", ""307"", ""364"", ""85"", ""52"", ""144"", ""145"", ""142"", ""143"", ""82"", ""83"", ""118"", ""147"", ""220"", ""440"", ""281"", ""398"", ""97"", ""404"", ""322"", ""75"", ""449"", ""260"", ""98"", ""112""]",8522db8132173e66d8c3e991a312c50b9cfbd3866f2da7c2ffb2bd9e8ba51c73,"{""boundary"": 12, ""community_rep"": 5, ""degree_core"": 10, ""random_fill"": 5}","{""degree_2"": 1, ""degree_3_4"": 3, ""degree_5_8"": 2, ""degree_9_plus"": 26}","{""0"": 1, ""1"": 6, ""2"": 3, ""3"": 9, ""4"": 5, ""5"": 1, ""6"": 3, ""7"": 1, ""8"": 2, ""9"": 1}",226,"{""backend"": ""evaluate_m19_theory_calibrated.candidate_features"", ""delta_mode"": ""none"", ""k_max"": 512, ""k_min"": 64, ""variant"": ""conservative""}",226,0.16532553035844916,0.8230088495575221,0.8230088495575221,0.01327433628318584,1.0,"{""dp_17_64"": 0.048672566371681415, ""dp_257_plus"": 0.7522123893805309, ""dp_5_16"": 0.035398230088495575, ""dp_65_256"": 0.16371681415929204}","{""cn_0"": 1.0}",0.0,628.362831858407,sasb_candidate_builder,be9ff3ac8c43eebefdf37b2652e2f89e2bb7d2793d996c9c26c942d3f5735276,226,be9ff3ac8c43eebefdf37b2652e2f89e2bb7d2793d996c9c26c942d3f5735276,"{""sasb_builder"": 226}",0,0,0,0,{},0.0,"{""common_neighbor_bin_l1"": 0.0, ""degree_product_bin_l1"": 0.0, ""is_boundary_edge_l1"": 0.0, ""is_bridge_edge_l1"": 0.0, ""is_inter_community_edge_l1"": 0.0, ""is_low_common_neighbor_edge_l1"": 0.0, ""mean_l1"": 0.0}",1,32,32,0.0,0
realworld_completed,bio_celegans,SASB-candidate,sasb,SASB-structured,20260513,658,early,0.9955849889624724,0.9955849889624724,0.0,2,2,0,0.32493827160493827,0.3254320987654321,224,96,224--96,4,135,4,135,540,1,0.3333333333333333,1,1,6,32,"[""96"", ""60"", ""53"", ""51"", ""343"", ""363"", ""62"", ""373"", ""307"", ""364"", ""85"", ""52"", ""144"", ""145"", ""142"", ""143"", ""82"", ""83"", ""118"", ""147"", ""220"", ""440"", ""281"", ""398"", ""97"", ""404"", ""322"", ""311"", ""300"", ""127"", ""205"", ""58""]",d565f9d8d4883340f9efd345219018a27ee6118819a7a6e63ab081393ee2194c,"{""boundary"": 12, ""community_rep"": 5, ""degree_core"": 10, ""random_fill"": 5}","{""degree_0_1"": 1, ""degree_2"": 2, ""degree_3_4"": 2, ""degree_5_8"": 2, ""degree_9_plus"": 25}","{""0"": 3, ""1"": 6, ""2"": 3, ""3"": 7, ""4"": 6, ""5"": 2, ""6"": 1, ""7"": 1, ""8"": 2, ""9"": 1}",226,"{""backend"": ""evaluate_m19_theory_calibrated.candidate_features"", ""delta_mode"": ""none"", ""k_max"": 512, ""k_min"": 64, ""variant"": ""conservative""}",226,0.16544655929721816,0.8230088495575221,0.8230088495575221,0.017699115044247787,1.0,"{""dp_17_64"": 0.048672566371681415, ""dp_257_plus"": 0.7522123893805309, ""dp_5_16"": 0.035398230088495575, ""dp_65_256"": 0.16371681415929204}","{""cn_0"": 1.0}",0.0,626.3893805309734,sasb_candidate_builder,40aa2bfc437f8d3a1de61d871bb46274556c330ea105d199d667d2e5022c33d9,226,40aa2bfc437f8d3a1de61d871bb46274556c330ea105d199d667d2e5022c33d9,"{""sasb_builder"": 226}",0,0,0,0,{},0.0,"{""common_neighbor_bin_l1"": 0.0, ""degree_product_bin_l1"": 0.0, ""is_boundary_edge_l1"": 0.0, ""is_bridge_edge_l1"": 0.0, ""is_inter_community_edge_l1"": 0.0, ""is_low_common_neighbor_edge_l1"": 0.0, ""mean_l1"": 0.0}",1,32,32,0.0,0
realworld_completed,bio_celegans,SASB-candidate,sasb,SASB-structured,20260513,659,early,0.9955849889624724,0.9955849889624724,0.0,2,2,0,0.3254320987654321,0.32592592592592595,118,51,118--51,25,71,25,71,1775,12,0.5,0,3,3,32,"[""96"", ""60"", ""53"", ""51"", ""343"", ""363"", ""62"", ""373"", ""307"", ""364"", ""85"", ""52"", ""144"", ""145"", ""142"", ""143"", ""82"", ""83"", ""118"", ""147"", ""220"", ""440"", ""281"", ""398"", ""97"", ""404"", ""322"", ""6"", ""27"", ""414"", ""401"", ""311""]",bc3e3519710ced6bb6aa32e09e45774a1115ed8f9023b645e788fda5cb603827,"{""boundary"": 12, ""community_rep"": 5, ""degree_core"": 10, ""random_fill"": 5}","{""degree_2"": 1, ""degree_3_4"": 4, ""degree_5_8"": 2, ""degree_9_plus"": 25}","{""0"": 2, ""1"": 7, ""2"": 2, ""3"": 8, ""4"": 6, ""5"": 1, ""6"": 1, ""7"": 2, ""8"": 2, ""9"": 1}",226,"{""backend"": ""evaluate_m19_theory_calibrated.candidate_features"", ""delta_mode"": ""none"", ""k_max"": 512, ""k_min"": 64, ""variant"": ""conservative""}",226,0.16556776556776556,0.8185840707964602,0.8185840707964602,0.017699115044247787,1.0,"{""dp_17_64"": 0.048672566371681415, ""dp_257_plus"": 0.7522123893805309, ""dp_5_16"": 0.035398230088495575, ""dp_65_256"": 0.16371681415929204}","{""cn_0"": 1.0}",0.0,629.2168141592921,sasb_candidate_builder,3dc37c70ab00b277115174c6f3d3956738fc4b69581aed36a893a7c66c4044a2,226,3dc37c70ab00b277115174c6f3d3956738fc4b69581aed36a893a7c66c4044a2,"{""sasb_builder"": 226}",0,0,0,0,{},0.0,"{""common_neighbor_bin_l1"": 0.0, ""degree_product_bin_l1"": 0.0, ""is_boundary_edge_l1"": 0.0, ""is_bridge_edge_l1"": 0.0, ""is_inter_community_edge_l1"": 0.0, ""is_low_common_neighbor_edge_l1"": 0.0, ""mean_l1"": 0.0}",1,32,32,0.0,0
realworld_completed,bio_celegans,SASB-candidate,sasb,SASB-structured,20260513,660,early,0.9955849889624724,0.9955849889624724,0.0,2,2,0,0.32592592592592595,0.32641975308641974,226,85,226--85,8,13,8,13,104,1,0.14285714285714285,1,3,8,32,"[""96"", ""60"", ""53"", ""51"", ""343"", ""363"", ""62"", ""373"", ""307"", ""364"", ""85"", ""52"", ""144"", ""145"", ""142"", ""143"", ""82"", ""83"", ""147"", ""220"", ""118"", ""440"", ""281"", ""398"", ""97"", ""404"", ""322"", ""41"", ""346"", ""30"", ""345"", ""168""]",1092be05271ec0aec8d0429729e111b1d836accdba706adb6fb298c14494e9e4,"{""boundary"": 12, ""community_rep"": 5, ""degree_core"": 10, ""random_fill"": 5}","{""degree_0_1"": 1, ""degree_3_4"": 4, ""degree_5_8"": 1, ""degree_9_plus"": 26}","{""0"": 1, ""1"": 6, ""2"": 1, ""3"": 9, ""4"": 7, ""5"": 1, ""6"": 1, ""7"": 1, ""8"": 3, ""9"": 2}",226,"{""backend"": ""evaluate_m19_theory_calibrated.candidate_features"", ""delta_mode"": ""none"", ""k_max"": 512, ""k_min"": 64, ""variant"": ""conservative""}",226,0.1656891495601173,0.8185840707964602,0.8185840707964602,0.017699115044247787,1.0,"{""dp_17_64"": 0.048672566371681415, ""dp_257_plus"": 0.7522123893805309, ""dp_5_16"": 0.035398230088495575, ""dp_65_256"": 0.16371681415929204}","{""cn_0"": 1.0}",0.0,622.8451327433628,sasb_candidate_builder,b132e8b4557d50a3077fd5cd3f42482c2a50f857c63fdb7ea28e1bc3ab060f70,226,b132e8b4557d50a3077fd5cd3f42482c2a50f857c63fdb7ea28e1bc3ab060f70,"{""sasb_builder"": 226}",0,0,0,0,{},0.0,"{""common_neighbor_bin_l1"": 0.0, ""degree_product_bin_l1"": 0.0, ""is_boundary_edge_l1"": 0.0, ""is_bridge_edge_l1"": 0.0, ""is_inter_community_edge_l1"": 0.0, ""is_low_common_neighbor_edge_l1"": 0.0, ""mean_l1"": 0.0}",1,32,32,0.0,0
realworld_completed,bio_celegans,SASB-candidate,sasb,SASB-structured,20260513,661,early,0.9955849889624724,0.9955849889624724,0.0,2,2,0,0.32641975308641974,0.3269135802469136,226,96,226--96,7,134,7,134,938,2,0.3333333333333333,1,3,6,32,"[""96"", ""60"", ""53"", ""51"", ""343"", ""363"", ""62"", ""373"", ""307"", ""364"", ""52"", ""85"", ""144"", ""145"", ""142"", ""143"", ""82"", ""83"", ""147"", ""220"", ""118"", ""440"", ""281"", ""398"", ""97"", ""404"", ""322"", ""303"", ""382"", ""77"", ""47"", ""200""]",8a86edb6ade641a7cba9a79b0d3cb3badd951cbfcbfc655efe7f76ae4d53cb04,"{""boundary"": 12, ""community_rep"": 5, ""degree_core"": 10, ""random_fill"": 5}","{""degree_2"": 2, ""degree_3_4"": 1, ""degree_5_8"": 4, ""degree_9_plus"": 25}","{""0"": 3, ""1"": 6, ""2"": 1, ""3"": 7, ""4"": 6, ""5"": 1, ""6"": 2, ""7"": 2, ""8"": 2, ""9"": 2}",226,"{""backend"": ""evaluate_m19_theory_calibrated.candidate_features"", ""delta_mode"": ""none"", ""k_max"": 512, ""k_min"": 64, ""variant"": ""conservative""}",226,0.16581071166544387,0.8141592920353983,0.8141592920353983,0.017699115044247787,1.0,"{""dp_17_64"": 0.048672566371681415, ""dp_257_plus"": 0.7566371681415929, ""dp_5_16"": 0.035398230088495575, ""dp_65_256"": 0.1592920353982301}","{""cn_0"": 1.0}",0.0,625.5132743362832,sasb_candidate_builder,185cdcadd290282bb48860bc56f66be0fde18d0d70ee6d6e9a5f1d643d646e0c,226,185cdcadd290282bb48860bc56f66be0fde18d0d70ee6d6e9a5f1d643d646e0c,"{""sasb_builder"": 226}",0,0,0,0,{},0.0,"{""common_neighbor_bin_l1"": 0.0, ""degree_product_bin_l1"": 0.0, ""is_boundary_edge_l1"": 0.0, ""is_bridge_edge_l1"": 0.0, ""is_inter_community_edge_l1"": 0.0, ""is_low_common_neighbor_edge_l1"": 0.0, ""mean_l1"": 0.0}",1,32,32,0.0,0
realworld_completed,bio_celegans,SASB-candidate,sasb,SASB-structured,20260513,662,early,0.9955849889624724,0.9955849889624724,0.0,2,2,0,0.3269135802469136,0.3274074074074074,52,53,52--53,28,86,28,86,2408,17,0.6296296296296297,0,3,3,32,"[""96"", ""60"", ""53"", ""51"", ""343"", ""363"", ""62"", ""373"", ""307"", ""364"", ""52"", ""85"", ""144"", ""145"", ""142"", ""143"", ""82"", ""83"", ""147"", ""220"", ""118"", ""440"", ""281"", ""398"", ""97"", ""404"", ""322"", ""115"", ""432"", ""448"", ""258"", ""160""]",a16c6e2a3c7b5eb2a574e4b63e34ee1191e5ac75d7054472fecf0d44822e0a35,"{""boundary"": 12, ""community_rep"": 5, ""degree_core"": 10, ""random_fill"": 5}","{""degree_2"": 1, ""degree_3_4"": 2, ""degree_5_8"": 4, ""degree_9_plus"": 25}","{""0"": 2, ""1"": 7, ""2"": 1, ""3"": 7, ""4"": 6, ""5"": 1, ""6"": 2, ""7"": 1, ""8"": 3, ""9"": 2}",226,"{""backend"": ""evaluate_m19_theory_calibrated.candidate_features"", ""delta_mode"": ""none"", ""k_max"": 512, ""k_min"": 64, ""variant"": ""conservative""}",226,0.16593245227606462,0.8097345132743363,0.8097345132743363,0.017699115044247787,0.995575221238938,"{""dp_17_64"": 0.048672566371681415, ""dp_257_plus"": 0.7566371681415929, ""dp_5_16"": 0.035398230088495575, ""dp_65_256"": 0.1592920353982301}","{""cn_0"": 0.995575221238938, ""cn_9_plus"": 0.004424778761061947}",0.0752212389380531,629.4159292035398,sasb_candidate_builder,bce277320319c4f35d172854a5df96db92d7c58e85bedc7a8c0126ffc878b04b,226,bce277320319c4f35d172854a5df96db92d7c58e85bedc7a8c0126ffc878b04b,"{""sasb_builder"": 226}",0,0,0,0,{},0.0,"{""common_neighbor_bin_l1"": 0.0, ""degree_product_bin_l1"": 0.0, ""is_boundary_edge_l1"": 0.0, ""is_bridge_edge_l1"": 0.0, ""is_inter_community_edge_l1"": 0.0, ""is_low_common_neighbor_edge_l1"": 0.0, ""mean_l1"": 0.0}",1,32,32,1705.0220421157426,0
realworld_completed,bio_celegans,SASB-candidate,sasb,SASB-structured,20260513,663,early,0.9955849889624724,0.9955849889624724,0.0,2,2,0,0.3274074074074074,0.3279012345679012,163,53,163--53,7,85,7,85,595,3,0.5,0,3,3,32,"[""96"", ""60"", ""53"", ""51"", ""343"", ""363"", ""62"", ""373"", ""307"", ""364"", ""52"", ""85"", ""144"", ""145"", ""142"", ""143"", ""82"", ""83"", ""147"", ""220"", ""118"", ""440"", ""281"", ""398"", ""97"", ""404"", ""322"", ""189"", ""429"", ""227"", ""349"", ""353""]",0e7fe563ff5dec45e239fd3efc86dbb52d2079dcec0935d4f91d3728eae35c7c,"{""boundary"": 12, ""community_rep"": 5, ""degree_core"": 10, ""random_fill"": 5}","{""degree_3_4"": 3, ""degree_5_8"": 4, ""degree_9_plus"": 25}","{""0"": 1, ""1"": 7, ""2"": 1, ""3"": 8, ""4"": 7, ""5"": 1, ""6"": 1, ""7"": 2, ""8"": 2, ""9"": 2}",226,"{""backend"": ""evaluate_m19_theory_calibrated.candidate_features"", ""delta_mode"": ""none"", ""k_max"": 512, ""k_min"": 64, ""variant"": ""conservative""}",226,0.16605437178545188,0.8097345132743363,0.8097345132743363,0.017699115044247787,1.0,"{""dp_17_64"": 0.048672566371681415, ""dp_257_plus"": 0.7522123893805309, ""dp_5_16"": 0.035398230088495575, ""dp_65_256"": 0.16371681415929204}","{""cn_0"": 1.0}",0.0,617.4247787610619,sasb_candidate_builder,1ce0963dab7ef779d46e42eda58e78bbf21feb862ad8f54f1b5e5b4cbe596355,226,1ce0963dab7ef779d46e42eda58e78bbf21feb862ad8f54f1b5e5b4cbe596355,"{""sasb_builder"": 226}",0,0,0,0,{},0.0,"{""common_neighbor_bin_l1"": 0.0, ""degree_product_bin_l1"": 0.0, ""is_boundary_edge_l1"": 0.0, ""is_bridge_edge_l1"": 0.0, ""is_inter_community_edge_l1"": 0.0, ""is_low_common_neighbor_edge_l1"": 0.0, ""mean_l1"": 0.0}",1,32,32,0.0,0
realworld_completed,bio_celegans,SASB-candidate,sasb,SASB-structured,20260513,664,early,0.9955849889624724,0.9955849889624724,0.0,2,2,0,0.3279012345679012,0.32839506172839505,118,53,118--53,24,84,24,84,2016,13,0.5652173913043478,0,3,3,32,"[""96"", ""60"", ""53"", ""51"", ""343"", ""363"", ""62"", ""373"", ""307"", ""364"", ""52"", ""85"", ""144"", ""145"", ""142"", ""143"", ""82"", ""83"", ""147"", ""220"", ""118"", ""440"", ""281"", ""398"", ""97"", ""404"", ""322"", ""38"", ""199"", ""87"", ""7"", ""50""]",e2a005e6e6b4ca29df96db23a6f6eaa0a7c8bdfef2f4a553157785e6bfb40b4c,"{""boundary"": 12, ""community_rep"": 5, ""degree_core"": 10, ""random_fill"": 5}","{""degree_0_1"": 1, ""degree_3_4"": 5, ""degree_5_8"": 1, ""degree_9_plus"": 25}","{""0"": 2, ""1"": 7, ""2"": 1, ""3"": 8, ""4"": 6, ""5"": 1, ""6"": 1, ""7"": 2, ""8"": 2, ""9"": 2}",226,"{""backend"": ""evaluate_m19_theory_calibrated.candidate_features"", ""delta_mode"": ""none"", ""k_max"": 512, ""k_min"": 64, ""variant"": ""conservative""}",226,0.1661764705882353,0.8097345132743363,0.8097345132743363,0.017699115044247787,1.0,"{""dp_17_64"": 0.048672566371681415, ""dp_257_plus"": 0.7522123893805309, ""dp_5_16"": 0.035398230088495575, ""dp_65_256"": 0.16371681415929204}","{""cn_0"": 1.0}",0.0,626.5575221238938,sasb_candidate_builder,1d208bc2bb2ea3992c1c02228a2f63c136f62166a5795348510cd32b0c38200b,226,1d208bc2bb2ea3992c1c02228a2f63c136f62166a5795348510cd32b0c38200b,"{""sasb_builder"": 226}",0,0,0,0,{},0.0,"{""common_neighbor_bin_l1"": 0.0, ""degree_product_bin_l1"": 0.0, ""is_boundary_edge_l1"": 0.0, ""is_bridge_edge_l1"": 0.0, ""is_inter_community_edge_l1"": 0.0, ""is_low_common_neighbor_edge_l1"": 0.0, ""mean_l1"": 0.0}",1,32,32,0.0,0
realworld_completed,bio_celegans,SASB-candidate,sasb,SASB-structured,20260513,665,early,0.9955849889624724,0.9955849889624724,0.0,2,2,0,0.32839506172839505,0.3288888888888889,108,53,108--53,7,83,7,83,581,3,0.5,0,3,3,32,"[""96"", ""60"", ""53"", ""51"", ""343"", ""363"", ""62"", ""373"", ""307"", ""364"", ""52"", ""85"", ""144"", ""145"", ""142"", ""143"", ""82"", ""83"", ""147"", ""220"", ""118"", ""440"", ""281"", ""398"", ""97"", ""404"", ""322"", ""282"", ""128"", ""41"", ""157"", ""234""]",100b6e3e064b95cc830effb42db9e8a340c8c5fc95cdf478db98b212e25fd447,"{""boundary"": 12, ""community_rep"": 5, ""degree_core"": 10, ""random_fill"": 5}","{""degree_0_1"": 1, ""degree_2"": 1, ""degree_3_4"": 2, ""degree_5_8"": 2, ""degree_9_plus"": 26}","{""0"": 1, ""1"": 7, ""2"": 1, ""3"": 9, ""4"": 6, ""5"": 1, ""6"": 1, ""7"": 1, ""8"": 3, ""9"": 2}",226,"{""backend"": ""evaluate_m19_theory_calibrated.candidate_features"", ""delta_mode"": ""none"", ""k_max"": 512, ""k_min"": 64, ""variant"": ""conservative""}",226,0.16629874908020603,0.8097345132743363,0.8097345132743363,0.017699115044247787,1.0,"{""dp_17_64"": 0.048672566371681415, ""dp_257_plus"": 0.7522123893805309, ""dp_5_16"": 0.035398230088495575, ""dp_65_256"": 0.16371681415929204}","{""cn_0"": 1.0}",0.0,625.2522123893805,sasb_candidate_builder,ea0852db0eaaaadb9375e9a88309ba706196fab0559e42b142a97432db17888d,226,ea0852db0eaaaadb9375e9a88309ba706196fab0559e42b142a97432db17888d,"{""sasb_builder"": 226}",0,0,0,0,{},0.0,"{""common_neighbor_bin_l1"": 0.0, ""degree_product_bin_l1"": 0.0, ""is_boundary_edge_l1"": 0.0, ""is_bridge_edge_l1"": 0.0, ""is_inter_community_edge_l1"": 0.0, ""is_low_common_neighbor_edge_l1"": 0.0, ""mean_l1"": 0.0}",1,32,32,0.0,0
realworld_completed,bio_celegans,SASB-candidate,sasb,SASB-structured,20260513,666,early,0.9955849889624724,0.9955849889624724,0.0,2,2,0,0.3288888888888889,0.32938271604938274,109,53,109--53,18,82,18,82,1476,8,0.47058823529411764,0,3,3,32,"[""96"", ""60"", ""53"", ""51"", ""343"", ""363"", ""62"", ""373"", ""307"", ""364"", ""52"", ""85"", ""144"", ""145"", ""142"", ""143"", ""82"", ""83"", ""147"", ""220"", ""118"", ""440"", ""281"", ""398"", ""97"", ""404"", ""322"", ""93"", ""40"", ""319"", ""289"", ""110""]",9ee2d4146089c4ff25defbeba761265e669692661b422c09396569503de485fc,"{""boundary"": 12, ""community_rep"": 5, ""degree_core"": 10, ""random_fill"": 5}","{""degree_3_4"": 2, ""degree_5_8"": 3, ""degree_9_plus"": 27}","{""0"": 1, ""1"": 7, ""2"": 1, ""3"": 10, ""4"": 5, ""5"": 1, ""6"": 1, ""7"": 2, ""8"": 2, ""9"": 2}",226,"{""backend"": ""evaluate_m19_theory_calibrated.candidate_features"", ""delta_mode"": ""none"", ""k_max"": 512, ""k_min"": 64, ""variant"": ""conservative""}",226,0.16642120765832105,0.8097345132743363,0.8097345132743363,0.017699115044247787,1.0,"{""dp_17_64"": 0.048672566371681415, ""dp_257_plus"": 0.7522123893805309, ""dp_5_16"": 0.035398230088495575, ""dp_65_256"": 0.16371681415929204}","{""cn_0"": 1.0}",0.0,623.7610619469026,sasb_candidate_builder,ca41ac9e3e47f31a19f87d26f60c5d9cd7ea2b741fc3fc0b167b73a27cbf7a38,226,ca41ac9e3e47f31a19f87d26f60c5d9cd7ea2b741fc3fc0b167b73a27cbf7a38,"{""sasb_builder"": 226}",0,0,0,0,{},0.0,"{""common_neighbor_bin_l1"": 0.0, ""degree_product_bin_l1"": 0.0, ""is_boundary_edge_l1"": 0.0, ""is_bridge_edge_l1"": 0.0, ""is_inter_community_edge_l1"": 0.0, ""is_low_common_neighbor_edge_l1"": 0.0, ""mean_l1"": 0.0}",1,32,32,0.0,0
realworld_completed,bio_celegans,SASB-candidate,sasb,SASB-structured,20260513,667,early,0.9955849889624724,0.9955849889624724,0.0,2,2,0,0.32938271604938274,0.3298765432098765,107,53,107--53,6,81,6,81,486,2,0.4,1,3,7,32,"[""96"", ""60"", ""53"", ""51"", ""343"", ""363"", ""62"", ""373"", ""307"", ""364"", ""52"", ""85"", ""144"", ""145"", ""142"", ""143"", ""82"", ""83"", ""147"", ""220"", ""118"", ""440"", ""281"", ""398"", ""97"", ""404"", ""322"", ""71"", ""372"", ""41"", ""141"", ""105""]",0bf17c1f39fd977f5a32507b9891892ec78e2b81588a0482b26007617c480bc4,"{""boundary"": 12, ""community_rep"": 5, ""degree_core"": 10, ""random_fill"": 5}","{""degree_2"": 1, ""degree_3_4"": 3, ""degree_5_8"": 2, ""degree_9_plus"": 26}","{""0"": 2, ""1"": 6, ""2"": 1, ""3"": 8, ""4"": 6, ""5"": 1, ""6"": 1, ""7"": 1, ""8"": 3, ""9"": 3}",226,"{""backend"": ""evaluate_m19_theory_calibrated.candidate_features"", ""delta_mode"": ""none"", ""k_max"": 512, ""k_min"": 64, ""variant"": ""conservative""}",226,0.16654384672070743,0.8097345132743363,0.8097345132743363,0.017699115044247787,1.0,"{""dp_17_64"": 0.048672566371681415, ""dp_257_plus"": 0.7522123893805309, ""dp_5_16"": 0.035398230088495575, ""dp_65_256"": 0.16371681415929204}","{""cn_0"": 1.0}",0.0,618.0929203539823,sasb_candidate_builder,b4975e56393b2424909e17f24de73b3cb2180511e315fe79c0d50d07bd1af105,226,b4975e56393b2424909e17f24de73b3cb2180511e315fe79c0d50d07bd1af105,"{""sasb_builder"": 226}",0,0,0,0,{},0.0,"{""common_neighbor_bin_l1"": 0.0, ""degree_product_bin_l1"": 0.0, ""is_boundary_edge_l1"": 0.0, ""is_bridge_edge_l1"": 0.0, ""is_inter_community_edge_l1"": 0.0, ""is_low_common_neighbor_edge_l1"": 0.0, ""mean_l1"": 0.0}",1,32,32,0.0,0
realworld_completed,bio_celegans,SASB-candidate,sasb,SASB-structured,20260513,668,early,0.9955849889624724,0.9955849889624724,0.0,2,2,0,0.3298765432098765,0.33037037037037037,121,53,121--53,16,80,16,80,1280,5,0.3333333333333333,0,8,8,32,"[""96"", ""60"", ""53"", ""51"", ""343"", ""363"", ""62"", ""373"", ""307"", ""364"", ""52"", ""85"", ""144"", ""145"", ""142"", ""143"", ""82"", ""83"", ""147"", ""220"", ""118"", ""440"", ""281"", ""398"", ""97"", ""404"", ""322"", ""102"", ""67"", ""26"", ""280"", ""331""]",6c383428eb15efcbb458f96a9121e08e9a7e3a38d00d19360780fd3f87fc886c,"{""boundary"": 12, ""community_rep"": 5, ""degree_core"": 10, ""random_fill"": 5}","{""degree_0_1"": 1, ""degree_2"": 2, ""degree_3_4"": 3, ""degree_5_8"": 1, ""degree_9_plus"": 25}","{""0"": 1, ""1"": 8, ""2"": 2, ""3"": 7, ""4"": 6, ""5"": 1, ""6"": 2, ""7"": 1, ""8"": 2, ""9"": 2}",226,"{""backend"": ""evaluate_m19_theory_calibrated.candidate_features"", ""delta_mode"": ""none"", ""k_max"": 512, ""k_min"": 64, ""variant"": ""conservative""}",226,0.16666666666666666,0.8097345132743363,0.8097345132743363,0.017699115044247787,1.0,"{""dp_17_64"": 0.048672566371681415, ""dp_257_plus"": 0.7522123893805309, ""dp_5_16"": 0.035398230088495575, ""dp_65_256"": 0.16371681415929204}","{""cn_0"": 1.0}",0.0,616.4513274336283,sasb_candidate_builder,93f46447d5381defbb760270c451bc016d1f914230bac8b0fe0add993de4227e,226,93f46447d5381defbb760270c451bc016d1f914230bac8b0fe0add993de4227e,"{""sasb_builder"": 226}",0,0,0,0,{},0.0,"{""common_neighbor_bin_l1"": 0.0, ""degree_product_bin_l1"": 0.0, ""is_boundary_edge_l1"": 0.0, ""is_bridge_edge_l1"": 0.0, ""is_inter_community_edge_l1"": 0.0, ""is_low_common_neighbor_edge_l1"": 0.0, ""mean_l1"": 0.0}",1,32,32,0.0,0
realworld_completed,bio_celegans,SASB-candidate,sasb,SASB-structured,20260513,669,early,0.9955849889624724,0.9955849889624724,0.0,2,2,0,0.33037037037037037,0.3308641975308642,230,51,230--51,6,70,6,70,420,2,0.4,0,9,9,32,"[""96"", ""60"", ""53"", ""51"", ""343"", ""363"", ""62"", ""373"", ""307"", ""364"", ""52"", ""85"", ""144"", ""145"", ""142"", ""143"", ""82"", ""83"", ""147"", ""220"", ""118"", ""440"", ""281"", ""398"", ""97"", ""404"", ""322"", ""116"", ""90"", ""187"", ""356"", ""401""]",b90b1c64fcb8708af45b74c3d0f8046965906c8ad5253e1aa677e6865cfd0956,"{""boundary"": 12, ""community_rep"": 5, ""degree_core"": 10, ""random_fill"": 5}","{""degree_2"": 2, ""degree_3_4"": 3, ""degree_5_8"": 2, ""degree_9_plus"": 25}","{""0"": 1, ""1"": 7, ""2"": 1, ""3"": 8, ""4"": 5, ""5"": 1, ""6"": 2, ""7"": 1, ""8"": 4, ""9"": 2}",225,"{""backend"": ""evaluate_m19_theory_calibrated.candidate_features"", ""delta_mode"": ""none"", ""k_max"": 512, ""k_min"": 64, ""variant"": ""conservative""}",225,0.16605166051660517,0.8133333333333334,0.8133333333333334,0.017777777777777778,1.0,"{""dp_17_64"": 0.04888888888888889, ""dp_257_plus"": 0.7511111111111111, ""dp_5_16"": 0.035555555555555556, ""dp_65_256"": 0.16444444444444445}","{""cn_0"": 1.0}",0.0,612.2488888888889,sasb_candidate_builder,d46718c79c9e4c3ee51b00bae2678564a8222572f96e738e6945d877468cd475,225,d46718c79c9e4c3ee51b00bae2678564a8222572f96e738e6945d877468cd475,"{""sasb_builder"": 225}",0,0,0,0,{},0.0,"{""common_neighbor_bin_l1"": 0.0, ""degree_product_bin_l1"": 0.0, ""is_boundary_edge_l1"": 0.0, ""is_bridge_edge_l1"": 0.0, ""is_inter_community_edge_l1"": 0.0, ""is_low_common_neighbor_edge_l1"": 0.0, ""mean_l1"": 0.0}",1,32,32,0.0,0
realworld_completed,bio_celegans,SASB-candidate,sasb,SASB-structured,20260513,670,early,0.9955849889624724,0.9955849889624724,0.0,2,2,0,0.3308641975308642,0.331358024691358,154,166,154--166,13,6,6,13,78,2,0.4,1,2,0,32,"[""96"", ""53"", ""60"", ""51"", ""343"", ""363"", ""62"", ""373"", ""307"", ""364"", ""85"", ""302"", ""144"", ""145"", ""142"", ""143"", ""82"", ""52"", ""83"", ""147"", ""220"", ""118"", ""154"", ""281"", ""398"", ""97"", ""404"", ""322"", ""231"", ""331"", ""258"", ""104""]",ac1b368e5c23189ef0f52e03adfea6aa00eea47d8515bdf4b590be4b47a631f4,"{""boundary"": 12, ""community_rep"": 6, ""degree_core"": 10, ""random_fill"": 4}","{""degree_0_1"": 1, ""degree_2"": 2, ""degree_3_4"": 2, ""degree_5_8"": 2, ""degree_9_plus"": 25}","{""0"": 2, ""1"": 5, ""10"": 1, ""2"": 1, ""3"": 3, ""4"": 5, ""5"": 3, ""6"": 3, ""7"": 7, ""8"": 1, ""9"": 1}",225,"{""backend"": ""evaluate_m19_theory_calibrated.candidate_features"", ""delta_mode"": ""none"", ""k_max"": 512, ""k_min"": 64, ""variant"": ""conservative""}",225,0.16617429837518463,0.84,0.84,0.017777777777777778,0.9777777777777777,"{""dp_17_64"": 0.05333333333333334, ""dp_257_plus"": 0.7333333333333333, ""dp_5_16"": 0.02666666666666667, ""dp_65_256"": 0.18666666666666668}","{""cn_0"": 0.9777777777777777, ""cn_2_3"": 0.022222222222222223}",0.04888888888888889,606.3377777777778,sasb_candidate_builder,1bd8648fb5c0ead9025ea223a62de40543b47409f1d4ca0d9f159015570aeb7c,225,1bd8648fb5c0ead9025ea223a62de40543b47409f1d4ca0d9f159015570aeb7c,"{""sasb_builder"": 225}",0,0,0,0,{},0.0,"{""common_neighbor_bin_l1"": 0.0, ""degree_product_bin_l1"": 0.0, ""is_boundary_edge_l1"": 0.0, ""is_bridge_edge_l1"": 0.0, ""is_inter_community_edge_l1"": 0.0, ""is_low_common_neighbor_edge_l1"": 0.0, ""mean_l1"": 0.0}",1,32,32,455.3265710336112,0
realworld_completed,bio_celegans,SASB-candidate,sasb,SASB-structured,20260513,671,early,0.9955849889624724,0.9955849889624724,0.0,2,2,0,0.331358024691358,0.33185185185185184,281,284,281--284,14,6,6,14,84,2,0.4,1,10,2,32,"[""96"", ""53"", ""60"", ""51"", ""343"", ""363"", ""62"", ""373"", ""307"", ""364"", ""85"", ""302"", ""144"", ""145"", ""142"", ""143"", ""82"", ""52"", ""83"", ""147"", ""220"", ""118"", ""154"", ""281"", ""398"", ""97"", ""404"", ""322"", ""177"", ""193"", ""304"", ""113""]",b38aeb44cc0f1184d8848d7f44641642ed9d1848da8b0dac033e0478a83637b8,"{""boundary"": 12, ""community_rep"": 6, ""degree_core"": 10, ""random_fill"": 4}","{""degree_2"": 1, ""degree_3_4"": 2, ""degree_5_8"": 4, ""degree_9_plus"": 25}","{""0"": 3, ""1"": 6, ""10"": 1, ""2"": 1, ""3"": 3, ""4"": 5, ""5"": 2, ""6"": 2, ""7"": 7, ""8"": 1, ""9"": 1}",225,"{""backend"": ""evaluate_m19_theory_calibrated.candidate_features"", ""delta_mode"": ""none"", ""k_max"": 512, ""k_min"": 64, ""variant"": ""conservative""}",225,0.1662971175166297,0.8355555555555556,0.8355555555555556,0.017777777777777778,0.9911111111111112,"{""dp_17_64"": 0.05333333333333334, ""dp_257_plus"": 0.7377777777777778, ""dp_5_16"": 0.02666666666666667, ""dp_65_256"": 0.18222222222222223}","{""cn_0"": 0.9822222222222222, ""cn_1"": 0.008888888888888889, ""cn_2_3"": 0.008888888888888889}",0.03111111111111111,607.3511111111111,sasb_candidate_builder,382492350c7ec552471ffdc75feaa2f2b94592f75ba888fe8c9d63abf4ef7616,225,382492350c7ec552471ffdc75feaa2f2b94592f75ba888fe8c9d63abf4ef7616,"{""sasb_builder"": 225}",0,0,0,0,{},0.0,"{""common_neighbor_bin_l1"": 0.0, ""degree_product_bin_l1"": 0.0, ""is_boundary_edge_l1"": 0.0, ""is_bridge_edge_l1"": 0.0, ""is_inter_community_edge_l1"": 0.0, ""is_low_common_neighbor_edge_l1"": 0.0, ""mean_l1"": 0.0}",1,32,32,409.6965143836389,0
realworld_completed,bio_celegans,SASB-candidate,sasb,SASB-structured,20260513,672,early,0.9955849889624724,0.9955849889624724,0.0,2,2,0,0.33185185185185184,0.3323456790123457,156,166,156--166,5,5,5,5,25,1,0.25,1,2,9,32,"[""96"", ""53"", ""60"", ""51"", ""343"", ""363"", ""62"", ""373"", ""307"", ""364"", ""85"", ""302"", ""144"", ""145"", ""142"", ""143"", ""82"", ""52"", ""83"", ""147"", ""220"", ""118"", ""154"", ""281"", ""398"", ""97"", ""404"", ""322"", ""79"", ""81"", ""293"", ""73""]",537c5926bfbdf1ba4321306a3e75d104e0269e8121185b53bc06cffa7cc93da2,"{""boundary"": 12, ""community_rep"": 6, ""degree_core"": 10, ""random_fill"": 4}","{""degree_3_4"": 4, ""degree_5_8"": 3, ""degree_9_plus"": 25}","{""0"": 3, ""1"": 6, ""10"": 1, ""2"": 1, ""3"": 4, ""4"": 6, ""5"": 1, ""6"": 1, ""7"": 7, ""8"": 1, ""9"": 1}",225,"{""backend"": ""evaluate_m19_theory_calibrated.candidate_features"", ""delta_mode"": ""none"", ""k_max"": 512, ""k_min"": 64, ""variant"": ""conservative""}",225,0.16642011834319526,0.8311111111111111,0.8311111111111111,0.017777777777777778,0.9955555555555555,"{""dp_17_64"": 0.05333333333333334, ""dp_257_plus"": 0.7422222222222222, ""dp_5_16"": 0.02666666666666667, ""dp_65_256"": 0.17777777777777778}","{""cn_0"": 0.9866666666666667, ""cn_1"": 0.008888888888888889, ""cn_2_3"": 0.0044444444444444444}",0.022222222222222223,609.6488888888889,sasb_candidate_builder,5298f7e632dd0d61fdc1a2a53e692cbc9ccef98d8cc2cff67532b53d894ced81,225,5298f7e632dd0d61fdc1a2a53e692cbc9ccef98d8cc2cff67532b53d894ced81,"{""sasb_builder"": 225}",0,0,0,0,{},0.0,"{""common_neighbor_bin_l1"": 0.0, ""degree_product_bin_l1"": 0.0, ""is_boundary_edge_l1"": 0.0, ""is_bridge_edge_l1"": 0.0, ""is_inter_community_edge_l1"": 0.0, ""is_low_common_neighbor_edge_l1"": 0.0, ""mean_l1"": 0.0}",1,32,32,287.109932666245,0
realworld_completed,bio_celegans,SASB-candidate,sasb,SASB-structured,20260513,673,early,0.9955849889624724,0.9955849889624724,0.0,2,2,0,0.3323456790123457,0.3328395061728395,166,175,166--175,4,5,4,5,20,0,0.0,1,0,2,32,"[""96"", ""53"", ""60"", ""51"", ""343"", ""363"", ""62"", ""373"", ""307"", ""364"", ""85"", ""302"", ""144"", ""145"", ""142"", ""143"", ""82"", ""52"", ""83"", ""147"", ""220"", ""118"", ""154"", ""281"", ""398"", ""97"", ""404"", ""322"", ""215"", ""380"", ""150"", ""2""]",7ab8750a57b389d5cf8da8fbf8f49fb05051e2f7a9e23d4be7bff1f46723c312,"{""boundary"": 12, ""community_rep"": 6, ""degree_core"": 10, ""random_fill"": 4}","{""degree_2"": 1, ""degree_3_4"": 1, ""degree_5_8"": 5, ""degree_9_plus"": 25}","{""0"": 2, ""1"": 6, ""10"": 1, ""2"": 1, ""3"": 4, ""4"": 5, ""5"": 1, ""6"": 1, ""7"": 9, ""8"": 1, ""9"": 1}",225,"{""backend"": ""evaluate_m19_theory_calibrated.candidate_features"", ""delta_mode"": ""none"", ""k_max"": 512, ""k_min"": 64, ""variant"": ""conservative""}",225,0.16654330125832717,0.8266666666666667,0.8266666666666667,0.017777777777777778,0.9955555555555555,"{""dp_17_64"": 0.04888888888888889, ""dp_257_plus"": 0.7466666666666667, ""dp_5_16"": 0.02666666666666667, ""dp_65_256"": 0.17777777777777778}","{""cn_0"": 0.9955555555555555, ""cn_2_3"": 0.0044444444444444444}",0.013333333333333334,611.9733333333334,sasb_candidate_builder,8c0dc3ae880b525ed2e6c451402e5787da7b74b25b756c0029e74804e337ddbc,225,8c0dc3ae880b525ed2e6c451402e5787da7b74b25b756c0029e74804e337ddbc,"{""sasb_builder"": 225}",0,0,0,0,{},0.0,"{""common_neighbor_bin_l1"": 0.0, ""degree_product_bin_l1"": 0.0, ""is_boundary_edge_l1"": 0.0, ""is_bridge_edge_l1"": 0.0, ""is_inter_community_edge_l1"": 0.0, ""is_low_common_neighbor_edge_l1"": 0.0, ""mean_l1"": 0.0}",1,32,32,357.58421529306185,0
realworld_completed,bio_celegans,SASB-candidate,sasb,SASB-structured,20260513,674,early,0.9955849889624724,0.9955849889624724,0.0,2,2,0,0.3328395061728395,0.3333333333333333,363,401,363--401,34,6,6,34,204,3,0.6,1,3,8,32,"[""96"", ""53"", ""60"", ""51"", ""343"", ""363"", ""62"", ""373"", ""307"", ""364"", ""85"", ""302"", ""144"", ""145"", ""142"", ""143"", ""82"", ""52"", ""83"", ""147"", ""220"", ""118"", ""154"", ""281"", ""398"", ""97"", ""404"", ""322"", ""296"", ""358"", ""201"", ""40""]",9c969f911e8f77d1c177612ddf43dd1e66e74a31da35a3130975921d664d97dd,"{""boundary"": 12, ""community_rep"": 6, ""degree_core"": 10, ""random_fill"": 4}","{""degree_2"": 1, ""degree_3_4"": 3, ""degree_5_8"": 2, ""degree_9_plus"": 26}","{""0"": 2, ""1"": 7, ""10"": 1, ""2"": 1, ""3"": 3, ""4"": 5, ""5"": 1, ""6"": 1, ""7"": 8, ""8"": 2, ""9"": 1}",225,"{""backend"": ""evaluate_m19_theory_calibrated.candidate_features"", ""delta_mode"": ""none"", ""k_max"": 512, ""k_min"": 64, ""variant"": ""conservative""}",225,0.16666666666666666,0.8222222222222222,0.8222222222222222,0.017777777777777778,0.9955555555555555,"{""dp_17_64"": 0.044444444444444446, ""dp_257_plus"": 0.7511111111111111, ""dp_5_16"": 0.02666666666666667, ""dp_65_256"": 0.17777777777777778}","{""cn_0"": 0.9955555555555555, ""cn_2_3"": 0.0044444444444444444}",0.013333333333333334,614.3422222222222,sasb_candidate_builder,c7c02dbd5374b76d656f59eb559cede20771710c60aa09655dd2ee009499c643,225,c7c02dbd5374b76d656f59eb559cede20771710c60aa09655dd2ee009499c643,"{""sasb_builder"": 225}",0,0,0,0,{},0.0,"{""common_neighbor_bin_l1"": 0.0, ""degree_product_bin_l1"": 0.0, ""is_boundary_edge_l1"": 0.0, ""is_bridge_edge_l1"": 0.0, ""is_inter_community_edge_l1"": 0.0, ""is_low_common_neighbor_edge_l1"": 0.0, ""mean_l1"": 0.0}",1,32,32,165.88919862295526,0
realworld_completed,bio_celegans,SASB-candidate,sasb,SASB-structured,20260513,675,middle,0.9955849889624724,0.9955849889624724,0.0,2,2,0,0.3333333333333333,0.33382716049382716,111,53,111--53,7,79,7,79,553,3,0.5,1,3,7,32,"[""96"", ""53"", ""60"", ""51"", ""343"", ""363"", ""62"", ""373"", ""307"", ""364"", ""85"", ""302"", ""144"", ""145"", ""142"", ""143"", ""82"", ""52"", ""83"", ""147"", ""220"", ""118"", ""154"", ""281"", ""398"", ""97"", ""404"", ""322"", ""128"", ""334"", ""290"", ""324""]",7ce6aa59fae62fff60fe8b4ab978b69d926ffc9354b65f011d056806e72fa3eb,"{""boundary"": 12, ""community_rep"": 6, ""degree_core"": 10, ""random_fill"": 4}","{""degree_2"": 2, ""degree_3_4"": 3, ""degree_5_8"": 2, ""degree_9_plus"": 25}","{""0"": 2, ""1"": 6, ""10"": 1, ""2"": 1, ""3"": 3, ""4"": 6, ""5"": 1, ""6"": 2, ""7"": 8, ""8"": 1, ""9"": 1}",225,"{""backend"": ""evaluate_m19_theory_calibrated.candidate_features"", ""delta_mode"": ""none"", ""k_max"": 512, ""k_min"": 64, ""variant"": ""conservative""}",225,0.16679021497405486,0.8177777777777778,0.8177777777777778,0.017777777777777778,1.0,"{""dp_17_64"": 0.044444444444444446, ""dp_257_plus"": 0.7555555555555555, ""dp_5_16"": 0.02666666666666667, ""dp_65_256"": 0.17333333333333334}","{""cn_0"": 1.0}",0.0,613.8088888888889,sasb_candidate_builder,b794b69060a13609fcd6af5456f4d11c796730d1ec1ff9b223d23ba26554957d,225,b794b69060a13609fcd6af5456f4d11c796730d1ec1ff9b223d23ba26554957d,"{""sasb_builder"": 225}",0,0,0,0,{},0.0,"{""common_neighbor_bin_l1"": 0.0, ""degree_product_bin_l1"": 0.0, ""is_boundary_edge_l1"": 0.0, ""is_bridge_edge_l1"": 0.0, ""is_inter_community_edge_l1"": 0.0, ""is_low_common_neighbor_edge_l1"": 0.0, ""mean_l1"": 0.0}",1,32,32,0.0,0
realworld_completed,bio_celegans,SASB-candidate,sasb,SASB-structured,20260513,676,middle,0.9955849889624724,0.9955849889624724,0.0,2,2,0,0.33382716049382716,0.334320987654321,144,440,144--440,40,20,20,40,800,5,0.2631578947368421,0,1,1,32,"[""96"", ""53"", ""60"", ""51"", ""343"", ""363"", ""62"", ""373"", ""307"", ""364"", ""85"", ""302"", ""144"", ""145"", ""142"", ""143"", ""82"", ""52"", ""83"", ""147"", ""220"", ""118"", ""154"", ""281"", ""398"", ""97"", ""404"", ""322"", ""444"", ""424"", ""362"", ""355""]",b2fac116aafa1f6e5a494ab5cfaa0d89aebd03ff6518f24c5f10517f25d0e09a,"{""boundary"": 12, ""community_rep"": 6, ""degree_core"": 10, ""random_fill"": 4}","{""degree_3_4"": 4, ""degree_5_8"": 3, ""degree_9_plus"": 25}","{""0"": 2, ""1"": 5, ""10"": 1, ""2"": 1, ""3"": 3, ""4"": 5, ""5"": 1, ""6"": 1, ""7"": 11, ""8"": 1, ""9"": 1}",225,"{""backend"": ""evaluate_m19_theory_calibrated.candidate_features"", ""delta_mode"": ""none"", ""k_max"": 512, ""k_min"": 64, ""variant"": ""conservative""}",225,0.16691394658753708,0.8177777777777778,0.8177777777777778,0.017777777777777778,0.9955555555555555,"{""dp_17_64"": 0.044444444444444446, ""dp_257_plus"": 0.7555555555555555, ""dp_5_16"": 0.02666666666666667, ""dp_65_256"": 0.17333333333333334}","{""cn_0"": 0.9955555555555555, ""cn_4_8"": 0.0044444444444444444}",0.022222222222222223,613.5955555555555,sasb_candidate_builder,6c0486c3c6ca78b2c316f983831330ccd6b75419092f9da19d2b95e29ceaf047,225,6c0486c3c6ca78b2c316f983831330ccd6b75419092f9da19d2b95e29ceaf047,"{""sasb_builder"": 225}",0,0,0,0,{},0.0,"{""common_neighbor_bin_l1"": 0.0, ""degree_product_bin_l1"": 0.0, ""is_boundary_edge_l1"": 0.0, ""is_bridge_edge_l1"": 0.0, ""is_inter_community_edge_l1"": 0.0, ""is_low_common_neighbor_edge_l1"": 0.0, ""mean_l1"": 0.0}",1,32,32,824.2330500251469,0
realworld_completed,bio_celegans,SASB-candidate,sasb,SASB-structured,20260513,677,middle,0.9955849889624724,0.9955849889624724,0.0,2,2,0,0.334320987654321,0.3348148148148148,145,440,145--440,40,19,19,40,760,4,0.2222222222222222,0,1,1,32,"[""96"", ""53"", ""60"", ""51"", ""343"", ""363"", ""62"", ""373"", ""307"", ""364"", ""85"", ""302"", ""145"", ""144"", ""142"", ""143"", ""82"", ""52"", ""83"", ""147"", ""220"", ""118"", ""154"", ""281"", ""398"", ""97"", ""404"", ""322"", ""166"", ""104"", ""245"", ""126""]",f6a96241ce8ffb34a1534df7389ee0ad995ea7e070c42395af4f13b7f45c3ccc,"{""boundary"": 12, ""community_rep"": 6, ""degree_core"": 10, ""random_fill"": 4}","{""degree_2"": 1, ""degree_3_4"": 4, ""degree_5_8"": 2, ""degree_9_plus"": 25}","{""0"": 3, ""1"": 6, ""10"": 1, ""2"": 1, ""3"": 3, ""4"": 5, ""5"": 2, ""6"": 1, ""7"": 8, ""8"": 1, ""9"": 1}",225,"{""backend"": ""evaluate_m19_theory_calibrated.candidate_features"", ""delta_mode"": ""none"", ""k_max"": 512, ""k_min"": 64, ""variant"": ""conservative""}",225,0.16703786191536749,0.8177777777777778,0.8177777777777778,0.017777777777777778,0.9955555555555555,"{""dp_17_64"": 0.044444444444444446, ""dp_257_plus"": 0.7555555555555555, ""dp_5_16"": 0.02666666666666667, ""dp_65_256"": 0.17333333333333334}","{""cn_0"": 0.9955555555555555, ""cn_4_8"": 0.0044444444444444444}",0.017777777777777778,612.6577777777778,sasb_candidate_builder,4933d0cfea7b72d7389bf91cb0b53b45627adbc55527f3f7674f92d4bf019cd2,225,4933d0cfea7b72d7389bf91cb0b53b45627adbc55527f3f7674f92d4bf019cd2,"{""sasb_builder"": 225}",0,0,0,0,{},0.0,"{""common_neighbor_bin_l1"": 0.0, ""degree_product_bin_l1"": 0.0, ""is_boundary_edge_l1"": 0.0, ""is_bridge_edge_l1"": 0.0, ""is_inter_community_edge_l1"": 0.0, ""is_low_common_neighbor_edge_l1"": 0.0, ""mean_l1"": 0.0}",1,32,32,1371.5193358468878,0
realworld_completed,bio_celegans,SASB-candidate,sasb,SASB-structured,20260513,678,middle,0.9955849889624724,0.9955849889624724,0.0,2,2,0,0.3348148148148148,0.33530864197530863,230,53,230--53,5,78,5,78,390,1,0.25,0,8,8,32,"[""96"", ""53"", ""60"", ""51"", ""343"", ""363"", ""62"", ""373"", ""307"", ""364"", ""85"", ""302"", ""144"", ""145"", ""142"", ""143"", ""82"", ""52"", ""83"", ""147"", ""220"", ""118"", ""154"", ""281"", ""398"", ""97"", ""404"", ""322"", ""64"", ""380"", ""81"", ""330""]",53242e4a958207b44cad80922ff2e5d23d79b88ba62bb5391a99753fc2b406c2,"{""boundary"": 12, ""community_rep"": 6, ""degree_core"": 10, ""random_fill"": 4}","{""degree_3_4"": 3, ""degree_5_8"": 4, ""degree_9_plus"": 25}","{""0"": 2, ""1"": 5, ""10"": 2, ""2"": 1, ""3"": 3, ""4"": 6, ""5"": 1, ""6"": 1, ""7"": 9, ""8"": 1, ""9"": 1}",225,"{""backend"": ""evaluate_m19_theory_calibrated.candidate_features"", ""delta_mode"": ""none"", ""k_max"": 512, ""k_min"": 64, ""variant"": ""conservative""}",225,0.16716196136701336,0.8177777777777778,0.8177777777777778,0.017777777777777778,1.0,"{""dp_17_64"": 0.044444444444444446, ""dp_257_plus"": 0.7555555555555555, ""dp_5_16"": 0.02666666666666667, ""dp_65_256"": 0.17333333333333334}","{""cn_0"": 1.0}",0.0,609.7022222222222,sasb_candidate_builder,b8a7ebeb63d3249adf61e7aa6e24df5570c1e42136f1978934cd5f2a96288afa,225,b8a7ebeb63d3249adf61e7aa6e24df5570c1e42136f1978934cd5f2a96288afa,"{""sasb_builder"": 225}",0,0,0,0,{},0.0,"{""common_neighbor_bin_l1"": 0.0, ""degree_product_bin_l1"": 0.0, ""is_boundary_edge_l1"": 0.0, ""is_bridge_edge_l1"": 0.0, ""is_inter_community_edge_l1"": 0.0, ""is_low_common_neighbor_edge_l1"": 0.0, ""mean_l1"": 0.0}",1,32,32,0.0,0
realworld_completed,bio_celegans,SASB-candidate,sasb,SASB-structured,20260513,679,middle,0.9955849889624724,0.9955849889624724,0.0,2,2,0,0.33530864197530863,0.3358024691358025,230,60,230--60,4,38,4,38,152,0,0.0,1,0,4,32,"[""96"", ""53"", ""60"", ""51"", ""343"", ""363"", ""62"", ""373"", ""307"", ""364"", ""85"", ""302"", ""144"", ""145"", ""142"", ""143"", ""82"", ""52"", ""83"", ""147"", ""220"", ""118"", ""154"", ""281"", ""398"", ""97"", ""404"", ""322"", ""183"", ""301"", ""20"", ""104""]",749d3ec170cd3cc6074d4f6d33ec7990d6f18179b2d6be92d3c58d9d239a372b,"{""boundary"": 12, ""community_rep"": 6, ""degree_core"": 10, ""random_fill"": 4}","{""degree_3_4"": 5, ""degree_5_8"": 2, ""degree_9_plus"": 25}","{""0"": 2, ""1"": 6, ""10"": 1, ""2"": 1, ""3"": 3, ""4"": 6, ""5"": 3, ""6"": 1, ""7"": 7, ""8"": 1, ""9"": 1}",225,"{""backend"": ""evaluate_m19_theory_calibrated.candidate_features"", ""delta_mode"": ""none"", ""k_max"": 512, ""k_min"": 64, ""variant"": ""conservative""}",225,0.16728624535315986,0.8177777777777778,0.8177777777777778,0.017777777777777778,1.0,"{""dp_17_64"": 0.044444444444444446, ""dp_257_plus"": 0.7555555555555555, ""dp_5_16"": 0.02666666666666667, ""dp_65_256"": 0.17333333333333334}","{""cn_0"": 1.0}",0.0,607.08,sasb_candidate_builder,55b9e144c416031304cabc5c8be7b96161100656709ce5abc55940bfab5e3dbf,225,55b9e144c416031304cabc5c8be7b96161100656709ce5abc55940bfab5e3dbf,"{""sasb_builder"": 225}",0,0,0,0,{},0.0,"{""common_neighbor_bin_l1"": 0.0, ""degree_product_bin_l1"": 0.0, ""is_boundary_edge_l1"": 0.0, ""is_bridge_edge_l1"": 0.0, ""is_inter_community_edge_l1"": 0.0, ""is_low_common_neighbor_edge_l1"": 0.0, ""mean_l1"": 0.0}",1,32,32,0.0,0
realworld_completed,bio_celegans,SASB-candidate,sasb,SASB-structured,20260513,680,middle,0.9955849889624724,0.9955849889624724,0.0,2,2,0,0.3358024691358025,0.3362962962962963,230,332,230--332,3,3,3,3,9,0,0.0,1,0,3,32,"[""96"", ""53"", ""60"", ""51"", ""343"", ""363"", ""62"", ""373"", ""307"", ""364"", ""52"", ""85"", ""144"", ""145"", ""142"", ""143"", ""82"", ""83"", ""147"", ""220"", ""118"", ""440"", ""154"", ""281"", ""398"", ""97"", ""348"", ""404"", ""28"", ""126"", ""180"", ""232""]",69c02501fb32529a1d48a80f4ab2c338f96eba91028db3b59ddeb84634114a11,"{""boundary"": 12, ""community_rep"": 6, ""degree_core"": 10, ""random_fill"": 4}","{""degree_2"": 2, ""degree_3_4"": 2, ""degree_5_8"": 1, ""degree_9_plus"": 27}","{""0"": 2, ""1"": 7, ""10"": 1, ""11"": 2, ""2"": 1, ""3"": 9, ""4"": 5, ""5"": 1, ""6"": 1, ""7"": 2, ""9"": 1}",225,"{""backend"": ""evaluate_m19_theory_calibrated.candidate_features"", ""delta_mode"": ""none"", ""k_max"": 512, ""k_min"": 64, ""variant"": ""conservative""}",225,0.16741071428571427,0.8355555555555556,0.8355555555555556,0.017777777777777778,1.0,"{""dp_17_64"": 0.04888888888888889, ""dp_257_plus"": 0.7511111111111111, ""dp_5_16"": 0.035555555555555556, ""dp_65_256"": 0.16444444444444445}","{""cn_0"": 1.0}",0.0,604.0533333333333,sasb_candidate_builder,1defd0c68f25420a6cbfc6b3481bb6fd7bf8d48d77afc31022b57d178a26e05a,225,1defd0c68f25420a6cbfc6b3481bb6fd7bf8d48d77afc31022b57d178a26e05a,"{""sasb_builder"": 225}",0,0,0,0,{},0.0,"{""common_neighbor_bin_l1"": 0.0, ""degree_product_bin_l1"": 0.0, ""is_boundary_edge_l1"": 0.0, ""is_bridge_edge_l1"": 0.0, ""is_inter_community_edge_l1"": 0.0, ""is_low_common_neighbor_edge_l1"": 0.0, ""mean_l1"": 0.0}",1,32,32,102.68303571428572,0
realworld_completed,bio_celegans,SASB-candidate,sasb,SASB-structured,20260513,681,middle,0.9955849889624724,0.9955849889624724,0.0,2,2,0,0.3362962962962963,0.3367901234567901,105,96,105--96,3,133,3,133,399,2,1.0,0,0,0,32,"[""96"", ""53"", ""60"", ""51"", ""343"", ""363"", ""62"", ""373"", ""307"", ""364"", ""52"", ""85"", ""144"", ""145"", ""142"", ""143"", ""82"", ""83"", ""147"", ""220"", ""118"", ""440"", ""154"", ""281"", ""398"", ""97"", ""348"", ""404"", ""176"", ""101"", ""418"", ""338""]",881cda8d056bdd0d425b66bf383aef189aac2066b0fc0ee8d76f409e8a484ff2,"{""boundary"": 12, ""community_rep"": 6, ""degree_core"": 10, ""random_fill"": 4}","{""degree_2"": 2, ""degree_3_4"": 2, ""degree_5_8"": 1, ""degree_9_plus"": 27}","{""0"": 2, ""1"": 6, ""10"": 1, ""11"": 3, ""2"": 1, ""3"": 8, ""4"": 5, ""5"": 1, ""6"": 1, ""7"": 2, ""8"": 1, ""9"": 1}",224,"{""backend"": ""evaluate_m19_theory_calibrated.candidate_features"", ""delta_mode"": ""none"", ""k_max"": 512, ""k_min"": 64, ""variant"": ""conservative""}",224,0.16679076693968728,0.8348214285714286,0.8348214285714286,0.017857142857142856,1.0,"{""dp_17_64"": 0.049107142857142856, ""dp_257_plus"": 0.7544642857142857, ""dp_5_16"": 0.03125, ""dp_65_256"": 0.16517857142857142}","{""cn_0"": 1.0}",0.0,606.1160714285714,sasb_candidate_builder,27d35ae4b111facc718daf84d87cd3fcc275105f1cf981db5b131b6e6de7c0cf,224,27d35ae4b111facc718daf84d87cd3fcc275105f1cf981db5b131b6e6de7c0cf,"{""sasb_builder"": 224}",0,0,0,0,{},0.0,"{""common_neighbor_bin_l1"": 0.0, ""degree_product_bin_l1"": 0.0, ""is_boundary_edge_l1"": 0.0, ""is_bridge_edge_l1"": 0.0, ""is_inter_community_edge_l1"": 0.0, ""is_low_common_neighbor_edge_l1"": 0.0, ""mean_l1"": 0.0}",1,32,32,0.0,0
realworld_completed,bio_celegans,SASB-candidate,sasb,SASB-structured,20260513,682,middle,0.9955849889624724,0.9955849889624724,0.0,2,2,0,0.3367901234567901,0.33728395061728395,133,96,133--96,3,132,3,132,396,1,0.5,0,0,0,32,"[""96"", ""53"", ""60"", ""51"", ""343"", ""363"", ""62"", ""373"", ""307"", ""364"", ""52"", ""85"", ""144"", ""145"", ""142"", ""143"", ""82"", ""83"", ""147"", ""220"", ""118"", ""440"", ""154"", ""281"", ""398"", ""97"", ""348"", ""404"", ""377"", ""355"", ""158"", ""139""]",1d2f64495fab1606812ef23f373ca6cbd94c94c236386c38c930ce27ed1037e4,"{""boundary"": 12, ""community_rep"": 6, ""degree_core"": 10, ""random_fill"": 4}","{""degree_2"": 2, ""degree_3_4"": 3, ""degree_9_plus"": 27}","{""0"": 2, ""1"": 6, ""10"": 2, ""11"": 2, ""2"": 1, ""3"": 7, ""4"": 5, ""5"": 1, ""6"": 2, ""7"": 2, ""9"": 2}",224,"{""backend"": ""evaluate_m19_theory_calibrated.candidate_features"", ""delta_mode"": ""none"", ""k_max"": 512, ""k_min"": 64, ""variant"": ""conservative""}",224,0.16691505216095381,0.8348214285714286,0.8348214285714286,0.017857142857142856,1.0,"{""dp_17_64"": 0.049107142857142856, ""dp_257_plus"": 0.7544642857142857, ""dp_5_16"": 0.03125, ""dp_65_256"": 0.16517857142857142}","{""cn_0"": 1.0}",0.0,603.4866071428571,sasb_candidate_builder,8fea88659d7450e75a8377c66ff267356e75961877415ed6f3294c04d48e1dd4,224,8fea88659d7450e75a8377c66ff267356e75961877415ed6f3294c04d48e1dd4,"{""sasb_builder"": 224}",0,0,0,0,{},0.0,"{""common_neighbor_bin_l1"": 0.0, ""degree_product_bin_l1"": 0.0, ""is_boundary_edge_l1"": 0.0, ""is_bridge_edge_l1"": 0.0, ""is_inter_community_edge_l1"": 0.0, ""is_low_common_neighbor_edge_l1"": 0.0, ""mean_l1"": 0.0}",1,32,32,0.0,0
realworld_completed,bio_celegans,SASB-candidate,sasb,SASB-structured,20260513,683,middle,0.9955849889624724,0.9889624724061811,0.0066225165562913135,2,3,1,0.33728395061728395,0.3377777777777778,178,96,178--96,3,131,3,131,393,0,0.0,0,0,0,32,"[""96"", ""53"", ""60"", ""51"", ""343"", ""363"", ""62"", ""373"", ""307"", ""364"", ""52"", ""85"", ""144"", ""145"", ""142"", ""143"", ""82"", ""83"", ""147"", ""220"", ""118"", ""440"", ""154"", ""281"", ""398"", ""97"", ""348"", ""404"", ""189"", ""1"", ""166"", ""84""]",26a3a5d5fd01a2fcd867fd8816722f5e0ee195468e7c07e1861fe91be58605b2,"{""boundary"": 12, ""community_rep"": 6, ""degree_core"": 10, ""random_fill"": 4}","{""degree_0_1"": 1, ""degree_3_4"": 3, ""degree_5_8"": 1, ""degree_9_plus"": 27}","{""0"": 2, ""1"": 6, ""10"": 1, ""11"": 3, ""2"": 2, ""3"": 8, ""4"": 6, ""5"": 1, ""6"": 1, ""7"": 1, ""9"": 1}",224,"{""backend"": ""evaluate_m19_theory_calibrated.candidate_features"", ""delta_mode"": ""none"", ""k_max"": 512, ""k_min"": 64, ""variant"": ""conservative""}",224,0.16703952274422074,0.8348214285714286,0.8348214285714286,0.022321428571428572,1.0,"{""dp_17_64"": 0.049107142857142856, ""dp_257_plus"": 0.7544642857142857, ""dp_5_16"": 0.03125, ""dp_65_256"": 0.16517857142857142}","{""cn_0"": 1.0}",0.0,600.28125,sasb_candidate_builder,b752900d718ed0573d49ea809526de34d41191cc19b7fac389d22c42ceeede47,224,b752900d718ed0573d49ea809526de34d41191cc19b7fac389d22c42ceeede47,"{""sasb_builder"": 224}",0,0,0,0,{},0.0,"{""common_neighbor_bin_l1"": 0.0, ""degree_product_bin_l1"": 0.0, ""is_boundary_edge_l1"": 0.0, ""is_bridge_edge_l1"": 0.0, ""is_inter_community_edge_l1"": 0.0, ""is_low_common_neighbor_edge_l1"": 0.0, ""mean_l1"": 0.0}",1,32,32,0.0,0
realworld_completed,bio_celegans,SASB-candidate,sasb,SASB-structured,20260513,684,middle,0.9889624724061811,0.9889624724061811,0.0,3,3,0,0.3377777777777778,0.33827160493827163,106,96,106--96,3,130,3,130,390,2,1.0,0,0,0,32,"[""96"", ""53"", ""60"", ""51"", ""343"", ""363"", ""62"", ""373"", ""307"", ""364"", ""52"", ""85"", ""144"", ""145"", ""142"", ""143"", ""82"", ""83"", ""147"", ""220"", ""118"", ""440"", ""154"", ""281"", ""398"", ""97"", ""348"", ""404"", ""290"", ""389"", ""84"", ""349""]",420ffd54ef4e529ab2b16030461ef8c7646df699e2514336c9da53d9a2bbb479,"{""boundary"": 12, ""community_rep"": 6, ""degree_core"": 10, ""random_fill"": 4}","{""degree_3_4"": 4, ""degree_5_8"": 1, ""degree_9_plus"": 27}","{""0"": 2, ""1"": 7, ""10"": 1, ""11"": 2, ""2"": 1, ""3"": 9, ""4"": 5, ""5"": 1, ""6"": 1, ""7"": 2, ""9"": 1}",224,"{""backend"": ""evaluate_m19_theory_calibrated.candidate_features"", ""delta_mode"": ""none"", ""k_max"": 512, ""k_min"": 64, ""variant"": ""conservative""}",224,0.16753926701570682,0.8348214285714286,0.8348214285714286,0.017857142857142856,1.0,"{""dp_17_64"": 0.049107142857142856, ""dp_257_plus"": 0.7544642857142857, ""dp_5_16"": 0.03125, ""dp_65_256"": 0.16517857142857142}","{""cn_0"": 1.0}",0.0,597.6651785714286,sasb_candidate_builder,4a56a11973651899ed583e8653e46d13fef99992019c8574a67cc67f22452f88,224,4a56a11973651899ed583e8653e46d13fef99992019c8574a67cc67f22452f88,"{""sasb_builder"": 224}",0,0,0,0,{},0.0,"{""common_neighbor_bin_l1"": 0.0, ""degree_product_bin_l1"": 0.0, ""is_boundary_edge_l1"": 0.0, ""is_bridge_edge_l1"": 0.0, ""is_inter_community_edge_l1"": 0.0, ""is_low_common_neighbor_edge_l1"": 0.0, ""mean_l1"": 0.0}",1,32,32,0.0,0
realworld_completed,bio_celegans,SASB-candidate,sasb,SASB-structured,20260513,685,middle,0.9889624724061811,0.9889624724061811,0.0,3,3,0,0.33827160493827163,0.3387654320987654,131,96,131--96,3,129,3,129,387,1,0.5,0,10,10,32,"[""96"", ""53"", ""60"", ""51"", ""343"", ""363"", ""62"", ""373"", ""307"", ""364"", ""52"", ""85"", ""144"", ""145"", ""142"", ""143"", ""82"", ""83"", ""147"", ""220"", ""118"", ""440"", ""154"", ""281"", ""398"", ""97"", ""348"", ""404"", ""49"", ""29"", ""108"", ""407""]",8bf3f542a6f1cf1cc16d380f75b178ac4c5ae334d640688eeb55f36c69b9bdca,"{""boundary"": 12, ""community_rep"": 6, ""degree_core"": 10, ""random_fill"": 4}","{""degree_3_4"": 1, ""degree_5_8"": 2, ""degree_9_plus"": 29}","{""0"": 2, ""1"": 6, ""10"": 1, ""11"": 2, ""2"": 1, ""3"": 11, ""4"": 5, ""5"": 1, ""6"": 1, ""7"": 1, ""9"": 1}",224,"{""backend"": ""evaluate_m19_theory_calibrated.candidate_features"", ""delta_mode"": ""none"", ""k_max"": 512, ""k_min"": 64, ""variant"": ""conservative""}",224,0.16766467065868262,0.8348214285714286,0.8348214285714286,0.017857142857142856,1.0,"{""dp_17_64"": 0.049107142857142856, ""dp_257_plus"": 0.7544642857142857, ""dp_5_16"": 0.03125, ""dp_65_256"": 0.16517857142857142}","{""cn_0"": 1.0}",0.0,595.5982142857143,sasb_candidate_builder,9f1f90dca8391cf1cc247cd89c3d8d92adc3ba0a833bf32f782535425a799038,224,9f1f90dca8391cf1cc247cd89c3d8d92adc3ba0a833bf32f782535425a799038,"{""sasb_builder"": 224}",0,0,0,0,{},0.0,"{""common_neighbor_bin_l1"": 0.0, ""degree_product_bin_l1"": 0.0, ""is_boundary_edge_l1"": 0.0, ""is_bridge_edge_l1"": 0.0, ""is_inter_community_edge_l1"": 0.0, ""is_low_common_neighbor_edge_l1"": 0.0, ""mean_l1"": 0.0}",1,32,32,0.0,0
realworld_completed,bio_celegans,SASB-candidate,sasb,SASB-structured,20260513,686,middle,0.9889624724061811,0.9889624724061811,0.0,3,3,0,0.3387654320987654,0.33925925925925926,230,96,230--96,2,128,2,128,256,0,0.0,1,9,10,32,"[""96"", ""53"", ""60"", ""51"", ""343"", ""363"", ""62"", ""373"", ""307"", ""364"", ""52"", ""85"", ""144"", ""145"", ""142"", ""143"", ""82"", ""83"", ""147"", ""220"", ""118"", ""440"", ""154"", ""281"", ""398"", ""97"", ""348"", ""404"", ""340"", ""202"", ""151"", ""347""]",d62498ed37555e6c717687eb3bbd34cb97d103b92acb517dbb9ad5871b62d8ff,"{""boundary"": 12, ""community_rep"": 6, ""degree_core"": 10, ""random_fill"": 4}","{""degree_3_4"": 5, ""degree_9_plus"": 27}","{""0"": 3, ""1"": 6, ""10"": 1, ""11"": 2, ""2"": 1, ""3"": 10, ""4"": 5, ""5"": 1, ""6"": 1, ""7"": 1, ""9"": 1}",224,"{""backend"": ""evaluate_m19_theory_calibrated.candidate_features"", ""delta_mode"": ""none"", ""k_max"": 512, ""k_min"": 64, ""variant"": ""conservative""}",224,0.16779026217228465,0.8348214285714286,0.8348214285714286,0.022321428571428572,1.0,"{""dp_17_64"": 0.049107142857142856, ""dp_257_plus"": 0.7142857142857143, ""dp_5_16"": 0.03125, ""dp_65_256"": 0.20535714285714285}","{""cn_0"": 1.0}",0.0,592.4330357142857,sasb_candidate_builder,88c0c88047451a3fea0a439591e1ca893e4edc2c1b35f065711a900a5589056f,224,88c0c88047451a3fea0a439591e1ca893e4edc2c1b35f065711a900a5589056f,"{""sasb_builder"": 224}",0,0,0,0,{},0.0,"{""common_neighbor_bin_l1"": 0.0, ""degree_product_bin_l1"": 0.0, ""is_boundary_edge_l1"": 0.0, ""is_bridge_edge_l1"": 0.0, ""is_inter_community_edge_l1"": 0.0, ""is_low_common_neighbor_edge_l1"": 0.0, ""mean_l1"": 0.0}",1,32,32,0.0,0
realworld_completed,bio_celegans,SASB-candidate,sasb,SASB-structured,20260513,687,middle,0.9889624724061811,0.9889624724061811,0.0,3,3,0,0.33925925925925926,0.3397530864197531,234,96,234--96,4,127,4,127,508,1,0.3333333333333333,1,3,0,32,"[""96"", ""53"", ""60"", ""51"", ""343"", ""363"", ""62"", ""373"", ""307"", ""364"", ""52"", ""85"", ""144"", ""145"", ""142"", ""143"", ""82"", ""83"", ""147"", ""220"", ""118"", ""440"", ""154"", ""281"", ""398"", ""97"", ""348"", ""404"", ""372"", ""423"", ""367"", ""435""]",21d49b22e6e7de88c016d6d07234bc5a6e0db7e903d1ac6aa86d63db0d693ac4,"{""boundary"": 12, ""community_rep"": 6, ""degree_core"": 10, ""random_fill"": 4}","{""degree_3_4"": 2, ""degree_5_8"": 3, ""degree_9_plus"": 27}","{""0"": 2, ""1"": 7, ""10"": 1, ""11"": 2, ""2"": 1, ""3"": 9, ""4"": 6, ""5"": 1, ""6"": 1, ""7"": 1, ""9"": 1}",223,"{""backend"": ""evaluate_m19_theory_calibrated.candidate_features"", ""delta_mode"": ""none"", ""k_max"": 512, ""k_min"": 64, ""variant"": ""conservative""}",223,0.1671664167916042,0.8340807174887892,0.8340807174887892,0.02242152466367713,1.0,"{""dp_17_64"": 0.04932735426008968, ""dp_257_plus"": 0.7174887892376681, ""dp_5_16"": 0.03139013452914798, ""dp_65_256"": 0.20179372197309417}","{""cn_0"": 1.0}",0.0,591.322869955157,sasb_candidate_builder,f671d1a7e75de39722363292b3d7149ebe5feb8d02de8fb9a80812d82a79ac22,223,f671d1a7e75de39722363292b3d7149ebe5feb8d02de8fb9a80812d82a79ac22,"{""sasb_builder"": 223}",0,0,0,0,{},0.0,"{""common_neighbor_bin_l1"": 0.0, ""degree_product_bin_l1"": 0.0, ""is_boundary_edge_l1"": 0.0, ""is_bridge_edge_l1"": 0.0, ""is_inter_community_edge_l1"": 0.0, ""is_low_common_neighbor_edge_l1"": 0.0, ""mean_l1"": 0.0}",1,32,32,0.0,0
realworld_completed,bio_celegans,SASB-candidate,sasb,SASB-structured,20260513,688,middle,0.9889624724061811,0.9889624724061811,0.0,3,3,0,0.3397530864197531,0.3402469135802469,235,96,235--96,4,126,4,126,504,1,0.3333333333333333,1,4,0,32,"[""96"", ""53"", ""60"", ""51"", ""343"", ""363"", ""62"", ""373"", ""307"", ""364"", ""52"", ""85"", ""144"", ""145"", ""142"", ""143"", ""82"", ""83"", ""147"", ""220"", ""118"", ""440"", ""154"", ""281"", ""398"", ""97"", ""348"", ""404"", ""109"", ""87"", ""65"", ""187""]",ca4e9530364e8200a9bb64a0f215b9068341a15bc3705d8b070385462356bde2,"{""boundary"": 12, ""community_rep"": 6, ""degree_core"": 10, ""random_fill"": 4}","{""degree_3_4"": 4, ""degree_9_plus"": 28}","{""0"": 2, ""1"": 8, ""10"": 2, ""11"": 2, ""2"": 1, ""3"": 8, ""4"": 5, ""5"": 1, ""6"": 1, ""7"": 1, ""9"": 1}",223,"{""backend"": ""evaluate_m19_theory_calibrated.candidate_features"", ""delta_mode"": ""none"", ""k_max"": 512, ""k_min"": 64, ""variant"": ""conservative""}",223,0.16729182295573894,0.8295964125560538,0.8295964125560538,0.02242152466367713,1.0,"{""dp_17_64"": 0.04932735426008968, ""dp_257_plus"": 0.7174887892376681, ""dp_5_16"": 0.03139013452914798, ""dp_65_256"": 0.20179372197309417}","{""cn_0"": 1.0}",0.0,587.6053811659193,sasb_candidate_builder,a14c05b2691dd4d7cde72fb973f379c68ffe87f279839e47cc5b1d4308f62b2e,223,a14c05b2691dd4d7cde72fb973f379c68ffe87f279839e47cc5b1d4308f62b2e,"{""sasb_builder"": 223}",0,0,0,0,{},0.0,"{""common_neighbor_bin_l1"": 0.0, ""degree_product_bin_l1"": 0.0, ""is_boundary_edge_l1"": 0.0, ""is_bridge_edge_l1"": 0.0, ""is_inter_community_edge_l1"": 0.0, ""is_low_common_neighbor_edge_l1"": 0.0, ""mean_l1"": 0.0}",1,32,32,0.0,0
realworld_completed,bio_celegans,SASB-candidate,sasb,SASB-structured,20260513,689,middle,0.9889624724061811,0.9889624724061811,0.0,3,3,0,0.3402469135802469,0.34074074074074073,236,51,236--51,11,69,11,69,759,2,0.2,1,3,9,32,"[""96"", ""53"", ""60"", ""51"", ""343"", ""363"", ""62"", ""373"", ""307"", ""364"", ""52"", ""85"", ""144"", ""145"", ""142"", ""143"", ""82"", ""83"", ""147"", ""220"", ""118"", ""440"", ""154"", ""281"", ""398"", ""97"", ""348"", ""404"", ""20"", ""149"", ""227"", ""232""]",4827fb6b8ec528a335f40de5e8217abdcde960d23427a8b731a17dae7df34dd4,"{""boundary"": 12, ""community_rep"": 6, ""degree_core"": 10, ""random_fill"": 4}","{""degree_2"": 1, ""degree_3_4"": 3, ""degree_9_plus"": 28}","{""0"": 2, ""1"": 8, ""10"": 1, ""11"": 2, ""2"": 1, ""3"": 8, ""4"": 5, ""5"": 1, ""6"": 1, ""7"": 2, ""9"": 1}",223,"{""backend"": ""evaluate_m19_theory_calibrated.candidate_features"", ""delta_mode"": ""none"", ""k_max"": 512, ""k_min"": 64, ""variant"": ""conservative""}",223,0.16741741741741742,0.8251121076233184,0.8251121076233184,0.02242152466367713,1.0,"{""dp_17_64"": 0.04932735426008968, ""dp_257_plus"": 0.7174887892376681, ""dp_5_16"": 0.03139013452914798, ""dp_65_256"": 0.20179372197309417}","{""cn_0"": 1.0}",0.0,583.9237668161435,sasb_candidate_builder,13ad831301c319b09833f7aa89149f53de707fff8b7aa54e246d353384674e43,223,13ad831301c319b09833f7aa89149f53de707fff8b7aa54e246d353384674e43,"{""sasb_builder"": 223}",0,0,0,0,{},0.0,"{""common_neighbor_bin_l1"": 0.0, ""degree_product_bin_l1"": 0.0, ""is_boundary_edge_l1"": 0.0, ""is_bridge_edge_l1"": 0.0, ""is_inter_community_edge_l1"": 0.0, ""is_low_common_neighbor_edge_l1"": 0.0, ""mean_l1"": 0.0}",1,32,32,0.0,0
realworld_completed,bio_celegans,SASB-candidate,sasb,SASB-structured,20260513,690,middle,0.9889624724061811,0.9889624724061811,0.0,3,3,0,0.34074074074074073,0.3412345679012346,147,266,147--266,25,3,3,25,75,1,0.5,1,9,0,32,"[""96"", ""60"", ""53"", ""51"", ""343"", ""363"", ""62"", ""373"", ""364"", ""97"", ""52"", ""85"", ""144"", ""145"", ""142"", ""143"", ""82"", ""83"", ""147"", ""220"", ""118"", ""440"", ""154"", ""281"", ""398"", ""404"", ""322"", ""50"", ""354"", ""297"", ""57"", ""130""]",c9c87e92c965452e36bf165cbd82c1e8f9e0b4c24a1e04fefb9c627356a54c67,"{""boundary"": 12, ""community_rep"": 5, ""degree_core"": 10, ""random_fill"": 5}","{""degree_0_1"": 1, ""degree_2"": 2, ""degree_3_4"": 3, ""degree_5_8"": 1, ""degree_9_plus"": 25}","{""0"": 2, ""1"": 6, ""10"": 1, ""2"": 1, ""3"": 2, ""4"": 5, ""5"": 1, ""6"": 2, ""7"": 2, ""8"": 3, ""9"": 7}",223,"{""backend"": ""evaluate_m19_theory_calibrated.candidate_features"", ""delta_mode"": ""none"", ""k_max"": 512, ""k_min"": 64, ""variant"": ""conservative""}",223,0.16754320060105185,0.7847533632286996,0.7847533632286996,0.02242152466367713,0.9910313901345291,"{""dp_17_64"": 0.053811659192825115, ""dp_257_plus"": 0.7085201793721974, ""dp_5_16"": 0.03587443946188341, ""dp_65_256"": 0.20179372197309417}","{""cn_0"": 0.9820627802690582, ""cn_1"": 0.008968609865470852, ""cn_2_3"": 0.008968609865470852}",0.026905829596412557,576.1390134529148,sasb_candidate_builder,58c6413073828e64eddecfbc33d5c6b31fabcdf3921dd2dee3c15bae708913c1,223,58c6413073828e64eddecfbc33d5c6b31fabcdf3921dd2dee3c15bae708913c1,"{""sasb_builder"": 223}",0,0,0,0,{},0.0,"{""common_neighbor_bin_l1"": 0.0, ""degree_product_bin_l1"": 0.0, ""is_boundary_edge_l1"": 0.0, ""is_bridge_edge_l1"": 0.0, ""is_inter_community_edge_l1"": 0.0, ""is_low_common_neighbor_edge_l1"": 0.0, ""mean_l1"": 0.0}",1,32,32,379.93444080486626,0
realworld_completed,bio_celegans,SASB-candidate,sasb,SASB-structured,20260513,691,middle,0.9889624724061811,0.9889624724061811,0.0,3,3,0,0.3412345679012346,0.3417283950617284,266,270,266--270,2,9,2,9,18,1,1.0,1,7,3,32,"[""96"", ""60"", ""53"", ""51"", ""343"", ""363"", ""62"", ""373"", ""364"", ""97"", ""52"", ""85"", ""144"", ""145"", ""142"", ""143"", ""82"", ""83"", ""220"", ""147"", ""118"", ""440"", ""154"", ""281"", ""398"", ""404"", ""322"", ""282"", ""384"", ""242"", ""288"", ""6""]",3b37f2fcce39e988ba2d4584e4ffeafad64c184426b7633bdc5f2f176bc8495a,"{""boundary"": 12, ""community_rep"": 5, ""degree_core"": 10, ""random_fill"": 5}","{""degree_3_4"": 5, ""degree_5_8"": 2, ""degree_9_plus"": 25}","{""0"": 2, ""1"": 7, ""10"": 1, ""2"": 1, ""3"": 1, ""4"": 7, ""5"": 1, ""6"": 1, ""7"": 1, ""8"": 3, ""9"": 7}",223,"{""backend"": ""evaluate_m19_theory_calibrated.candidate_features"", ""delta_mode"": ""none"", ""k_max"": 512, ""k_min"": 64, ""variant"": ""conservative""}",223,0.16766917293233083,0.7802690582959642,0.7802690582959642,0.02242152466367713,0.9955156950672646,"{""dp_17_64"": 0.053811659192825115, ""dp_257_plus"": 0.7130044843049327, ""dp_5_16"": 0.03587443946188341, ""dp_65_256"": 0.19730941704035873}","{""cn_0"": 0.9865470852017937, ""cn_1"": 0.008968609865470852, ""cn_2_3"": 0.004484304932735426}",0.017937219730941704,577.5336322869955,sasb_candidate_builder,a0d3ebc70d07689862a5bcf7b2c23035b1a9d1024041da55140e47e11aace51f,223,a0d3ebc70d07689862a5bcf7b2c23035b1a9d1024041da55140e47e11aace51f,"{""sasb_builder"": 223}",0,0,0,0,{},0.0,"{""common_neighbor_bin_l1"": 0.0, ""degree_product_bin_l1"": 0.0, ""is_boundary_edge_l1"": 0.0, ""is_bridge_edge_l1"": 0.0, ""is_inter_community_edge_l1"": 0.0, ""is_low_common_neighbor_edge_l1"": 0.0, ""mean_l1"": 0.0}",1,32,32,81.0890442890443,0
realworld_completed,bio_celegans,SASB-candidate,sasb,SASB-structured,20260513,692,middle,0.9889624724061811,0.9889624724061811,0.0,3,3,0,0.3417283950617284,0.3422222222222222,302,347,302--347,8,3,3,8,24,2,1.0,0,9,9,32,"[""96"", ""60"", ""53"", ""51"", ""343"", ""363"", ""62"", ""373"", ""364"", ""97"", ""52"", ""85"", ""144"", ""145"", ""142"", ""143"", ""82"", ""83"", ""220"", ""147"", ""118"", ""440"", ""154"", ""281"", ""398"", ""404"", ""322"", ""390"", ""334"", ""397"", ""300"", ""101""]",b1268bd83708266fda0fe844a8716c1335e8c5747858c8c26c96042c269d7850,"{""boundary"": 12, ""community_rep"": 5, ""degree_core"": 10, ""random_fill"": 5}","{""degree_2"": 2, ""degree_3_4"": 3, ""degree_5_8"": 2, ""degree_9_plus"": 25}","{""0"": 2, ""1"": 7, ""10"": 1, ""2"": 1, ""3"": 1, ""4"": 7, ""5"": 1, ""6"": 1, ""7"": 1, ""8"": 3, ""9"": 7}",223,"{""backend"": ""evaluate_m19_theory_calibrated.candidate_features"", ""delta_mode"": ""none"", ""k_max"": 512, ""k_min"": 64, ""variant"": ""conservative""}",223,0.16779533483822423,0.7757847533632287,0.7757847533632287,0.02242152466367713,0.9955156950672646,"{""dp_17_64"": 0.04932735426008968, ""dp_257_plus"": 0.7174887892376681, ""dp_5_16"": 0.03587443946188341, ""dp_65_256"": 0.19730941704035873}","{""cn_0"": 0.9910313901345291, ""cn_1"": 0.004484304932735426, ""cn_2_3"": 0.004484304932735426}",0.013452914798206279,577.9686098654709,sasb_candidate_builder,3c80d3df11d7997f2618c031b5e927f521af23a9eb1f1c0b29caf28798a90f01,223,3c80d3df11d7997f2618c031b5e927f521af23a9eb1f1c0b29caf28798a90f01,"{""sasb_builder"": 223}",0,0,0,0,{},0.0,"{""common_neighbor_bin_l1"": 0.0, ""degree_product_bin_l1"": 0.0, ""is_boundary_edge_l1"": 0.0, ""is_bridge_edge_l1"": 0.0, ""is_inter_community_edge_l1"": 0.0, ""is_low_common_neighbor_edge_l1"": 0.0, ""mean_l1"": 0.0}",1,32,32,56.0,0
realworld_completed,bio_celegans,SASB-candidate,sasb,SASB-structured,20260513,693,middle,0.9889624724061811,0.9889624724061811,0.0,3,3,0,0.3422222222222222,0.34271604938271605,244,388,244--388,2,8,2,8,16,1,1.0,1,8,3,32,"[""96"", ""60"", ""53"", ""51"", ""343"", ""363"", ""62"", ""373"", ""364"", ""97"", ""52"", ""85"", ""144"", ""145"", ""142"", ""143"", ""82"", ""83"", ""220"", ""147"", ""118"", ""440"", ""154"", ""281"", ""398"", ""404"", ""322"", ""314"", ""351"", ""435"", ""401"", ""225""]",89aae1a5c037d1cb8bb596b86226662e6c69f49d575854799f1c1195d30fdffc,"{""boundary"": 12, ""community_rep"": 5, ""degree_core"": 10, ""random_fill"": 5}","{""degree_2"": 1, ""degree_3_4"": 2, ""degree_5_8"": 3, ""degree_9_plus"": 26}","{""0"": 2, ""1"": 8, ""10"": 1, ""2"": 1, ""3"": 1, ""4"": 6, ""5"": 1, ""6"": 1, ""7"": 1, ""8"": 2, ""9"": 8}",223,"{""backend"": ""evaluate_m19_theory_calibrated.candidate_features"", ""delta_mode"": ""none"", ""k_max"": 512, ""k_min"": 64, ""variant"": ""conservative""}",223,0.16792168674698796,0.7713004484304933,0.7713004484304933,0.02242152466367713,1.0,"{""dp_17_64"": 0.04484304932735426, ""dp_257_plus"": 0.7174887892376681, ""dp_5_16"": 0.03587443946188341, ""dp_65_256"": 0.20179372197309417}","{""cn_0"": 0.9955156950672646, ""cn_1"": 0.004484304932735426}",0.004484304932735426,579.4708520179372,sasb_candidate_builder,e6e7e21c4f4bab51eeb67f0cc4f273efa5c23f906c560bcb27a79e53d8fa9730,223,e6e7e21c4f4bab51eeb67f0cc4f273efa5c23f906c560bcb27a79e53d8fa9730,"{""sasb_builder"": 223}",0,0,0,0,{},0.0,"{""common_neighbor_bin_l1"": 0.0, ""degree_product_bin_l1"": 0.0, ""is_boundary_edge_l1"": 0.0, ""is_bridge_edge_l1"": 0.0, ""is_inter_community_edge_l1"": 0.0, ""is_low_common_neighbor_edge_l1"": 0.0, ""mean_l1"": 0.0}",1,32,32,44.82590469639649,0
realworld_completed,bio_celegans,SASB-candidate,sasb,SASB-structured,20260513,694,middle,0.9889624724061811,0.9889624724061811,0.0,3,3,0,0.34271604938271605,0.3432098765432099,236,53,236--53,10,77,10,77,770,1,0.1111111111111111,1,3,6,32,"[""96"", ""60"", ""53"", ""51"", ""343"", ""363"", ""62"", ""373"", ""364"", ""97"", ""52"", ""85"", ""144"", ""145"", ""142"", ""143"", ""82"", ""83"", ""220"", ""147"", ""118"", ""440"", ""154"", ""281"", ""398"", ""404"", ""322"", ""109"", ""156"", ""43"", ""129"", ""190""]",ea42e01e35052ba5298b51b7ca8b1892d5490dc0e3f08c0d2242cb8d2b5f05df,"{""boundary"": 12, ""community_rep"": 5, ""degree_core"": 10, ""random_fill"": 5}","{""degree_0_1"": 1, ""degree_3_4"": 3, ""degree_5_8"": 2, ""degree_9_plus"": 26}","{""0"": 1, ""1"": 8, ""10"": 1, ""2"": 2, ""3"": 1, ""4"": 6, ""5"": 1, ""6"": 1, ""7"": 1, ""8"": 2, ""9"": 8}",223,"{""backend"": ""evaluate_m19_theory_calibrated.candidate_features"", ""delta_mode"": ""none"", ""k_max"": 512, ""k_min"": 64, ""variant"": ""conservative""}",223,0.1680482290881688,0.7668161434977578,0.7668161434977578,0.02242152466367713,1.0,"{""dp_17_64"": 0.04484304932735426, ""dp_257_plus"": 0.7219730941704036, ""dp_5_16"": 0.03139013452914798, ""dp_65_256"": 0.20179372197309417}","{""cn_0"": 1.0}",0.0,580.5650224215246,sasb_candidate_builder,6fb9cdf5bda57ea187741e395eab16306afd4207f5243847735af1e61d094830,223,6fb9cdf5bda57ea187741e395eab16306afd4207f5243847735af1e61d094830,"{""sasb_builder"": 223}",0,0,0,0,{},0.0,"{""common_neighbor_bin_l1"": 0.0, ""degree_product_bin_l1"": 0.0, ""is_boundary_edge_l1"": 0.0, ""is_bridge_edge_l1"": 0.0, ""is_inter_community_edge_l1"": 0.0, ""is_low_common_neighbor_edge_l1"": 0.0, ""mean_l1"": 0.0}",1,32,32,0.0,0
realworld_completed,bio_celegans,SASB-candidate,sasb,SASB-structured,20260513,695,middle,0.9889624724061811,0.9889624724061811,0.0,3,3,0,0.3432098765432099,0.3437037037037037,144,373,144--373,39,13,13,39,507,3,0.25,0,1,1,32,"[""96"", ""60"", ""53"", ""51"", ""343"", ""363"", ""62"", ""373"", ""364"", ""97"", ""52"", ""85"", ""144"", ""145"", ""142"", ""143"", ""82"", ""83"", ""220"", ""147"", ""118"", ""440"", ""154"", ""281"", ""398"", ""404"", ""322"", ""423"", ""300"", ""261"", ""95"", ""112""]",40d61bc113f5e1bab957fd2122b52e4f22daaf0b75348777c868669a2f3a681b,"{""boundary"": 12, ""community_rep"": 5, ""degree_core"": 10, ""random_fill"": 5}","{""degree_3_4"": 2, ""degree_5_8"": 5, ""degree_9_plus"": 25}","{""0"": 2, ""1"": 6, ""10"": 2, ""2"": 2, ""3"": 1, ""4"": 6, ""5"": 1, ""6"": 1, ""7"": 1, ""8"": 2, ""9"": 8}",223,"{""backend"": ""evaluate_m19_theory_calibrated.candidate_features"", ""delta_mode"": ""none"", ""k_max"": 512, ""k_min"": 64, ""variant"": ""conservative""}",223,0.16817496229260936,0.7668161434977578,0.7668161434977578,0.02242152466367713,0.9865470852017937,"{""dp_17_64"": 0.04484304932735426, ""dp_257_plus"": 0.7219730941704036, ""dp_5_16"": 0.03139013452914798, ""dp_65_256"": 0.20179372197309417}","{""cn_0"": 0.9865470852017937, ""cn_2_3"": 0.008968609865470852, ""cn_4_8"": 0.004484304932735426}",0.05829596412556054,583.6457399103139,sasb_candidate_builder,304e3dfedf0eb7a0331f11a4db2730fa9c3e8ec8ad0b734d05a02476f855e359,223,304e3dfedf0eb7a0331f11a4db2730fa9c3e8ec8ad0b734d05a02476f855e359,"{""sasb_builder"": 223}",0,0,0,0,{},0.0,"{""common_neighbor_bin_l1"": 0.0, ""degree_product_bin_l1"": 0.0, ""is_boundary_edge_l1"": 0.0, ""is_bridge_edge_l1"": 0.0, ""is_inter_community_edge_l1"": 0.0, ""is_low_common_neighbor_edge_l1"": 0.0, ""mean_l1"": 0.0}",1,32,32,3053.7115010483244,0
realworld_completed,bio_celegans,SASB-candidate,sasb,SASB-structured,20260513,696,middle,0.9889624724061811,0.9889624724061811,0.0,3,3,0,0.3437037037037037,0.3441975308641975,145,373,145--373,39,12,12,39,468,2,0.18181818181818182,0,1,1,32,"[""96"", ""60"", ""53"", ""51"", ""343"", ""363"", ""62"", ""373"", ""364"", ""97"", ""52"", ""85"", ""145"", ""144"", ""142"", ""143"", ""82"", ""83"", ""220"", ""147"", ""118"", ""440"", ""154"", ""281"", ""398"", ""404"", ""322"", ""294"", ""336"", ""436"", ""385"", ""342""]",8adfce65e6c4c687f55ee77008df9680959e7189e8f2890d00f9890abd88ecc4,"{""boundary"": 12, ""community_rep"": 5, ""degree_core"": 10, ""random_fill"": 5}","{""degree_3_4"": 3, ""degree_5_8"": 4, ""degree_9_plus"": 25}","{""0"": 2, ""1"": 7, ""10"": 1, ""2"": 2, ""3"": 1, ""4"": 6, ""5"": 1, ""6"": 1, ""7"": 1, ""8"": 2, ""9"": 8}",223,"{""backend"": ""evaluate_m19_theory_calibrated.candidate_features"", ""delta_mode"": ""none"", ""k_max"": 512, ""k_min"": 64, ""variant"": ""conservative""}",223,0.16830188679245284,0.7668161434977578,0.7668161434977578,0.02242152466367713,0.9910313901345291,"{""dp_17_64"": 0.04484304932735426, ""dp_257_plus"": 0.7219730941704036, ""dp_5_16"": 0.03139013452914798, ""dp_65_256"": 0.20179372197309417}","{""cn_0"": 0.9820627802690582, ""cn_1"": 0.008968609865470852, ""cn_2_3"": 0.004484304932735426, ""cn_4_8"": 0.004484304932735426}",0.04932735426008968,581.286995515695,sasb_candidate_builder,6ac873bc400ba53c2d645bc9a8a01b07a1feee9b92648fe54bd403680edb394e,223,6ac873bc400ba53c2d645bc9a8a01b07a1feee9b92648fe54bd403680edb394e,"{""sasb_builder"": 223}",0,0,0,0,{},0.0,"{""common_neighbor_bin_l1"": 0.0, ""degree_product_bin_l1"": 0.0, ""is_boundary_edge_l1"": 0.0, ""is_bridge_edge_l1"": 0.0, ""is_inter_community_edge_l1"": 0.0, ""is_low_common_neighbor_edge_l1"": 0.0, ""mean_l1"": 0.0}",1,32,32,4433.197843432472,0
realworld_completed,bio_celegans,SASB-candidate,sasb,SASB-structured,20260513,697,middle,0.9889624724061811,0.9889624724061811,0.0,3,3,0,0.3441975308641975,0.34469135802469136,144,321,144--321,38,9,9,38,342,1,0.125,0,1,1,32,"[""96"", ""60"", ""53"", ""51"", ""343"", ""363"", ""62"", ""373"", ""364"", ""97"", ""52"", ""85"", ""144"", ""145"", ""142"", ""143"", ""82"", ""83"", ""220"", ""147"", ""118"", ""440"", ""154"", ""281"", ""398"", ""404"", ""322"", ""225"", ""246"", ""367"", ""230"", ""390""]",a264b385a3124713a34dbf74c2ff7f959d402e888f625accfeb14bfa9ce866ac,"{""boundary"": 12, ""community_rep"": 5, ""degree_core"": 10, ""random_fill"": 5}","{""degree_0_1"": 1, ""degree_2"": 1, ""degree_3_4"": 3, ""degree_5_8"": 2, ""degree_9_plus"": 25}","{""0"": 2, ""1"": 6, ""10"": 2, ""2"": 1, ""3"": 1, ""4"": 6, ""5"": 1, ""6"": 1, ""7"": 1, ""8"": 2, ""9"": 9}",223,"{""backend"": ""evaluate_m19_theory_calibrated.candidate_features"", ""delta_mode"": ""none"", ""k_max"": 512, ""k_min"": 64, ""variant"": ""conservative""}",223,0.16842900302114805,0.7668161434977578,0.7668161434977578,0.02242152466367713,0.9955156950672646,"{""dp_17_64"": 0.04484304932735426, ""dp_257_plus"": 0.7219730941704036, ""dp_5_16"": 0.03139013452914798, ""dp_65_256"": 0.20179372197309417}","{""cn_0"": 0.9775784753363229, ""cn_1"": 0.017937219730941704, ""cn_4_8"": 0.004484304932735426}",0.04932735426008968,579.2780269058296,sasb_candidate_builder,880e3170bf450b1232b31e1c36f5db7ff03167783b3f1eca566e41d46b45e06a,223,880e3170bf450b1232b31e1c36f5db7ff03167783b3f1eca566e41d46b45e06a,"{""sasb_builder"": 223}",0,0,0,0,{},0.0,"{""common_neighbor_bin_l1"": 0.0, ""degree_product_bin_l1"": 0.0, ""is_boundary_edge_l1"": 0.0, ""is_bridge_edge_l1"": 0.0, ""is_inter_community_edge_l1"": 0.0, ""is_low_common_neighbor_edge_l1"": 0.0, ""mean_l1"": 0.0}",1,32,32,1527.0252415748323,0
realworld_completed,bio_celegans,SASB-candidate,sasb,SASB-structured,20260513,698,middle,0.9889624724061811,0.9889624724061811,0.0,3,3,0,0.34469135802469136,0.3451851851851852,145,321,145--321,38,8,8,38,304,0,0.0,0,1,1,32,"[""96"", ""60"", ""53"", ""51"", ""343"", ""363"", ""62"", ""373"", ""364"", ""97"", ""52"", ""85"", ""145"", ""144"", ""142"", ""143"", ""82"", ""83"", ""220"", ""147"", ""118"", ""440"", ""154"", ""281"", ""398"", ""404"", ""322"", ""246"", ""130"", ""229"", ""151"", ""344""]",f9766a671800899d53e7d5d5af6377b7f9162fc950709d32950d451bd90e4142,"{""boundary"": 12, ""community_rep"": 5, ""degree_core"": 10, ""random_fill"": 5}","{""degree_2"": 2, ""degree_3_4"": 2, ""degree_5_8"": 3, ""degree_9_plus"": 25}","{""0"": 2, ""1"": 6, ""10"": 1, ""2"": 1, ""3"": 1, ""4"": 6, ""5"": 1, ""6"": 2, ""7"": 1, ""8"": 2, ""9"": 9}",223,"{""backend"": ""evaluate_m19_theory_calibrated.candidate_features"", ""delta_mode"": ""none"", ""k_max"": 512, ""k_min"": 64, ""variant"": ""conservative""}",223,0.16855631141345426,0.7668161434977578,0.7668161434977578,0.02242152466367713,0.9955156950672646,"{""dp_17_64"": 0.04484304932735426, ""dp_257_plus"": 0.7219730941704036, ""dp_5_16"": 0.03139013452914798, ""dp_65_256"": 0.20179372197309417}","{""cn_0"": 0.9865470852017937, ""cn_1"": 0.008968609865470852, ""cn_4_8"": 0.004484304932735426}",0.04035874439461883,578.5156950672646,sasb_candidate_builder,e91eb8f7c479450b3efb5eec9b941a8d9c0f4859d6a474360f85b3ce36b0dfd3,223,e91eb8f7c479450b3efb5eec9b941a8d9c0f4859d6a474360f85b3ce36b0dfd3,"{""sasb_builder"": 223}",0,0,0,0,{},0.0,"{""common_neighbor_bin_l1"": 0.0, ""degree_product_bin_l1"": 0.0, ""is_boundary_edge_l1"": 0.0, ""is_bridge_edge_l1"": 0.0, ""is_inter_community_edge_l1"": 0.0, ""is_low_common_neighbor_edge_l1"": 0.0, ""mean_l1"": 0.0}",1,32,32,1644.626799072353,0
realworld_completed,bio_celegans,SASB-candidate,sasb,SASB-structured,20260513,699,middle,0.9889624724061811,0.9889624724061811,0.0,3,3,0,0.3451851851851852,0.345679012345679,144,374,144--374,37,8,8,37,296,1,0.14285714285714285,0,1,1,32,"[""96"", ""60"", ""53"", ""51"", ""343"", ""363"", ""62"", ""373"", ""364"", ""97"", ""52"", ""85"", ""144"", ""145"", ""142"", ""143"", ""82"", ""83"", ""220"", ""147"", ""118"", ""440"", ""154"", ""281"", ""398"", ""404"", ""322"", ""443"", ""278"", ""426"", ""297"", ""267""]",43645aed0b63a0f7070b071ed99892484623697d81d9f168909fd769be7f1e25,"{""boundary"": 12, ""community_rep"": 5, ""degree_core"": 10, ""random_fill"": 5}","{""degree_0_1"": 1, ""degree_2"": 3, ""degree_3_4"": 2, ""degree_5_8"": 1, ""degree_9_plus"": 25}","{""0"": 2, ""1"": 6, ""10"": 1, ""2"": 1, ""3"": 2, ""4"": 5, ""5"": 1, ""6"": 1, ""7"": 3, ""8"": 2, ""9"": 8}",222,"{""backend"": ""evaluate_m19_theory_calibrated.candidate_features"", ""delta_mode"": ""none"", ""k_max"": 512, ""k_min"": 64, ""variant"": ""conservative""}",222,0.16792738275340394,0.7702702702702703,0.7702702702702703,0.02252252252252252,0.9954954954954955,"{""dp_17_64"": 0.04504504504504504, ""dp_257_plus"": 0.7207207207207207, ""dp_5_16"": 0.03153153153153153, ""dp_65_256"": 0.20270270270270271}","{""cn_0"": 0.9864864864864865, ""cn_1"": 0.009009009009009009, ""cn_4_8"": 0.0045045045045045045}",0.04054054054054054,578.9864864864865,sasb_candidate_builder,7797b7890ae310bc9fcabfd3749839350f804574b7d16094074b7bfcad1a8b36,222,7797b7890ae310bc9fcabfd3749839350f804574b7d16094074b7bfcad1a8b36,"{""sasb_builder"": 222}",0,0,0,0,{},0.0,"{""common_neighbor_bin_l1"": 0.0, ""degree_product_bin_l1"": 0.0, ""is_boundary_edge_l1"": 0.0, ""is_bridge_edge_l1"": 0.0, ""is_inter_community_edge_l1"": 0.0, ""is_low_common_neighbor_edge_l1"": 0.0, ""mean_l1"": 0.0}",1,32,32,1572.6214203055515,0
realworld_completed,bio_celegans,SASB-candidate,sasb,SASB-structured,20260513,700,middle,0.9889624724061811,0.9889624724061811,0.0,3,3,0,0.345679012345679,0.34617283950617284,262,363,262--363,11,33,11,33,363,3,0.3,1,8,3,32,"[""96"", ""53"", ""51"", ""60"", ""343"", ""363"", ""62"", ""52"", ""373"", ""307"", ""364"", ""262"", ""145"", ""144"", ""142"", ""143"", ""82"", ""83"", ""220"", ""147"", ""118"", ""440"", ""154"", ""281"", ""398"", ""97"", ""404"", ""99"", ""397"", ""136"", ""1"", ""248""]",44b30b6aff8bf91c6b91449d76dda1d8fdcae49f6e2bffd5c89f4b4128dbbf04,"{""boundary"": 12, ""community_rep"": 5, ""degree_core"": 10, ""random_fill"": 5}","{""degree_0_1"": 2, ""degree_3_4"": 4, ""degree_9_plus"": 26}","{""0"": 1, ""1"": 7, ""10"": 2, ""2"": 2, ""3"": 5, ""4"": 5, ""5"": 3, ""6"": 1, ""7"": 1, ""8"": 4, ""9"": 1}",222,"{""backend"": ""evaluate_m19_theory_calibrated.candidate_features"", ""delta_mode"": ""none"", ""k_max"": 512, ""k_min"": 64, ""variant"": ""conservative""}",222,0.1680545041635125,1.0,1.0,0.0045045045045045045,0.9234234234234234,"{""dp_17_64"": 0.04504504504504504, ""dp_257_plus"": 0.6981981981981982, ""dp_5_16"": 0.03153153153153153, ""dp_65_256"": 0.22522522522522523}","{""cn_0"": 0.9144144144144144, ""cn_1"": 0.009009009009009009, ""cn_2_3"": 0.04504504504504504, ""cn_4_8"": 0.03153153153153153}",0.2882882882882883,562.3108108108108,sasb_candidate_builder,978dc0b717935fc85af39634af98945b0e3fc7e19eafb659046ddbfd2ed534d7,222,978dc0b717935fc85af39634af98945b0e3fc7e19eafb659046ddbfd2ed534d7,"{""sasb_builder"": 222}",0,0,0,0,{},0.0,"{""common_neighbor_bin_l1"": 0.0, ""degree_product_bin_l1"": 0.0, ""is_boundary_edge_l1"": 0.0, ""is_bridge_edge_l1"": 0.0, ""is_inter_community_edge_l1"": 0.0, ""is_low_common_neighbor_edge_l1"": 0.0, ""mean_l1"": 0.0}",1,32,32,1451.137495128815,0
realworld_completed,bio_celegans,SASB-candidate,sasb,SASB-structured,20260513,701,middle,0.9889624724061811,0.9889624724061811,0.0,3,3,0,0.34617283950617284,0.3466666666666667,32,51,32--51,15,68,15,68,1020,7,0.5,0,7,7,32,"[""96"", ""53"", ""51"", ""60"", ""343"", ""363"", ""62"", ""52"", ""373"", ""307"", ""364"", ""118"", ""145"", ""144"", ""142"", ""143"", ""82"", ""83"", ""220"", ""147"", ""440"", ""109"", ""154"", ""281"", ""398"", ""97"", ""404"", ""16"", ""66"", ""6"", ""279"", ""114""]",9d99a3311e72267c86f58eed895195cf909f25c1c5fdc035ebd703ea07e8d11d,"{""boundary"": 12, ""community_rep"": 5, ""degree_core"": 10, ""random_fill"": 5}","{""degree_2"": 1, ""degree_3_4"": 4, ""degree_5_8"": 1, ""degree_9_plus"": 26}","{""0"": 2, ""1"": 6, ""10"": 2, ""2"": 1, ""3"": 6, ""4"": 6, ""5"": 2, ""6"": 2, ""7"": 1, ""8"": 3, ""9"": 1}",222,"{""backend"": ""evaluate_m19_theory_calibrated.candidate_features"", ""delta_mode"": ""none"", ""k_max"": 512, ""k_min"": 64, ""variant"": ""conservative""}",222,0.16818181818181818,1.0,1.0,0.0045045045045045045,0.9279279279279279,"{""dp_17_64"": 0.04504504504504504, ""dp_257_plus"": 0.6891891891891891, ""dp_5_16"": 0.03153153153153153, ""dp_65_256"": 0.23423423423423423}","{""cn_0"": 0.918918918918919, ""cn_1"": 0.009009009009009009, ""cn_2_3"": 0.04054054054054054, ""cn_4_8"": 0.03153153153153153}",0.2702702702702703,559.527027027027,sasb_candidate_builder,83ea0d6351c9936c279cf28a9bf66a1e47f4753dd3a48d5b166970d98d55f28e,222,83ea0d6351c9936c279cf28a9bf66a1e47f4753dd3a48d5b166970d98d55f28e,"{""sasb_builder"": 222}",0,0,0,0,{},0.0,"{""common_neighbor_bin_l1"": 0.0, ""degree_product_bin_l1"": 0.0, ""is_boundary_edge_l1"": 0.0, ""is_bridge_edge_l1"": 0.0, ""is_inter_community_edge_l1"": 0.0, ""is_low_common_neighbor_edge_l1"": 0.0, ""mean_l1"": 0.0}",1,32,32,637.7226184603813,0
realworld_completed,bio_celegans,SASB-candidate,sasb,SASB-structured,20260513,702,middle,0.9889624724061811,0.9889624724061811,0.0,3,3,0,0.3466666666666667,0.3471604938271605,118,277,118--277,23,8,8,23,184,1,0.14285714285714285,1,3,8,32,"[""96"", ""53"", ""51"", ""60"", ""343"", ""363"", ""62"", ""52"", ""373"", ""307"", ""364"", ""118"", ""145"", ""144"", ""142"", ""143"", ""82"", ""83"", ""220"", ""147"", ""440"", ""109"", ""154"", ""281"", ""398"", ""97"", ""404"", ""283"", ""448"", ""104"", ""181"", ""359""]",b45f1004ba751e5d609e92da8c71d5ee2043e5049291f8ff104abf251376ffc0,"{""boundary"": 12, ""community_rep"": 5, ""degree_core"": 10, ""random_fill"": 5}","{""degree_0_1"": 1, ""degree_3_4"": 3, ""degree_5_8"": 2, ""degree_9_plus"": 26}","{""0"": 2, ""1"": 6, ""10"": 2, ""2"": 1, ""3"": 6, ""4"": 7, ""5"": 2, ""6"": 1, ""7"": 1, ""8"": 2, ""9"": 2}",222,"{""backend"": ""evaluate_m19_theory_calibrated.candidate_features"", ""delta_mode"": ""none"", ""k_max"": 512, ""k_min"": 64, ""variant"": ""conservative""}",222,0.1683093252463988,0.9954954954954955,0.9954954954954955,0.0045045045045045045,0.9324324324324325,"{""dp_17_64"": 0.04504504504504504, ""dp_257_plus"": 0.6891891891891891, ""dp_5_16"": 0.03153153153153153, ""dp_65_256"": 0.23423423423423423}","{""cn_0"": 0.9234234234234234, ""cn_1"": 0.009009009009009009, ""cn_2_3"": 0.04054054054054054, ""cn_4_8"": 0.02702702702702703}",0.23423423423423423,555.4324324324324,sasb_candidate_builder,3ceb3489c234a7877b964a31370c8d8dc02740563408fc0dd4e2d9ba8e7e1477,222,3ceb3489c234a7877b964a31370c8d8dc02740563408fc0dd4e2d9ba8e7e1477,"{""sasb_builder"": 222}",0,0,0,0,{},0.0,"{""common_neighbor_bin_l1"": 0.0, ""degree_product_bin_l1"": 0.0, ""is_boundary_edge_l1"": 0.0, ""is_bridge_edge_l1"": 0.0, ""is_inter_community_edge_l1"": 0.0, ""is_low_common_neighbor_edge_l1"": 0.0, ""mean_l1"": 0.0}",1,32,32,336.80678938781364,0
realworld_completed,bio_celegans,SASB-candidate,sasb,SASB-structured,20260513,703,middle,0.9889624724061811,0.9889624724061811,0.0,3,3,0,0.3471604938271605,0.3476543209876543,202,363,202--363,3,32,3,32,96,2,1.0,1,7,3,32,"[""96"", ""53"", ""51"", ""60"", ""343"", ""363"", ""62"", ""52"", ""373"", ""307"", ""364"", ""85"", ""145"", ""144"", ""142"", ""143"", ""82"", ""83"", ""220"", ""147"", ""118"", ""440"", ""154"", ""281"", ""398"", ""97"", ""404"", ""318"", ""103"", ""436"", ""424"", ""89""]",d6d780eb55c7ab76d77a6b8c381a97166af9ebef0be0fa73a151234da3780aaf,"{""boundary"": 12, ""community_rep"": 5, ""degree_core"": 10, ""random_fill"": 5}","{""degree_0_1"": 1, ""degree_3_4"": 2, ""degree_5_8"": 3, ""degree_9_plus"": 26}","{""0"": 1, ""1"": 8, ""10"": 3, ""2"": 1, ""3"": 7, ""4"": 5, ""5"": 1, ""6"": 1, ""7"": 1, ""8"": 2, ""9"": 2}",222,"{""backend"": ""evaluate_m19_theory_calibrated.candidate_features"", ""delta_mode"": ""none"", ""k_max"": 512, ""k_min"": 64, ""variant"": ""conservative""}",222,0.16843702579666162,0.990990990990991,0.990990990990991,0.009009009009009009,0.9324324324324325,"{""dp_17_64"": 0.04504504504504504, ""dp_257_plus"": 0.6936936936936937, ""dp_5_16"": 0.03153153153153153, ""dp_65_256"": 0.22972972972972974}","{""cn_0"": 0.9279279279279279, ""cn_1"": 0.0045045045045045045, ""cn_2_3"": 0.04054054054054054, ""cn_4_8"": 0.02702702702702703}",0.22972972972972974,555.8738738738739,sasb_candidate_builder,b323da982923808e7e0e35113cc926fec2ebae423bf54e3099a68a187fce308f,222,b323da982923808e7e0e35113cc926fec2ebae423bf54e3099a68a187fce308f,"{""sasb_builder"": 222}",0,0,0,0,{},0.0,"{""common_neighbor_bin_l1"": 0.0, ""degree_product_bin_l1"": 0.0, ""is_boundary_edge_l1"": 0.0, ""is_bridge_edge_l1"": 0.0, ""is_inter_community_edge_l1"": 0.0, ""is_low_common_neighbor_edge_l1"": 0.0, ""mean_l1"": 0.0}",1,32,32,290.7,0
realworld_completed,bio_celegans,SASB-candidate,sasb,SASB-structured,20260513,704,middle,0.9889624724061811,0.9889624724061811,0.0,3,3,0,0.3476543209876543,0.34814814814814815,277,343,277--343,7,52,7,52,364,3,0.5,1,9,3,32,"[""96"", ""53"", ""51"", ""60"", ""343"", ""363"", ""62"", ""52"", ""373"", ""307"", ""364"", ""85"", ""145"", ""144"", ""142"", ""143"", ""82"", ""83"", ""220"", ""147"", ""118"", ""440"", ""154"", ""281"", ""398"", ""97"", ""404"", ""303"", ""403"", ""377"", ""341"", ""337""]",1b2dfda1a8ee7810029eab718e1c73c9c07973307df35d2ea32e53535ce983a1,"{""boundary"": 12, ""community_rep"": 5, ""degree_core"": 10, ""random_fill"": 5}","{""degree_2"": 2, ""degree_3_4"": 3, ""degree_5_8"": 1, ""degree_9_plus"": 26}","{""0"": 2, ""1"": 7, ""10"": 2, ""2"": 2, ""3"": 5, ""4"": 6, ""5"": 2, ""6"": 1, ""7"": 1, ""8"": 2, ""9"": 2}",222,"{""backend"": ""evaluate_m19_theory_calibrated.candidate_features"", ""delta_mode"": ""none"", ""k_max"": 512, ""k_min"": 64, ""variant"": ""conservative""}",222,0.16856492027334852,0.9864864864864865,0.9864864864864865,0.013513513513513514,0.9369369369369369,"{""dp_17_64"": 0.04504504504504504, ""dp_257_plus"": 0.6981981981981982, ""dp_5_16"": 0.03153153153153153, ""dp_65_256"": 0.22522522522522523}","{""cn_0"": 0.9324324324324325, ""cn_1"": 0.0045045045045045045, ""cn_2_3"": 0.04054054054054054, ""cn_4_8"": 0.02252252252252252}",0.21171171171171171,555.6306306306307,sasb_candidate_builder,5672c30569db33d4d008f6b5e27d5958978ef3f5e0f2026a2a9ae14a6f4edf49,222,5672c30569db33d4d008f6b5e27d5958978ef3f5e0f2026a2a9ae14a6f4edf49,"{""sasb_builder"": 222}",0,0,0,0,{},0.0,"{""common_neighbor_bin_l1"": 0.0, ""degree_product_bin_l1"": 0.0, ""is_boundary_edge_l1"": 0.0, ""is_bridge_edge_l1"": 0.0, ""is_inter_community_edge_l1"": 0.0, ""is_low_common_neighbor_edge_l1"": 0.0, ""mean_l1"": 0.0}",1,32,32,283.03174692557263,0
realworld_completed,bio_celegans,SASB-candidate,sasb,SASB-structured,20260513,705,middle,0.9889624724061811,0.9889624724061811,0.0,3,3,0,0.34814814814814815,0.348641975308642,38,53,38--53,4,76,4,76,304,2,0.6666666666666666,1,3,7,32,"[""96"", ""53"", ""51"", ""60"", ""343"", ""363"", ""62"", ""52"", ""373"", ""307"", ""364"", ""85"", ""145"", ""144"", ""142"", ""143"", ""82"", ""83"", ""220"", ""147"", ""118"", ""440"", ""154"", ""281"", ""398"", ""97"", ""404"", ""351"", ""366"", ""38"", ""392"", ""339""]",73390ef18666178d3e8e6a897b207bc5b167723997a4759f963592daff031612,"{""boundary"": 12, ""community_rep"": 5, ""degree_core"": 10, ""random_fill"": 5}","{""degree_2"": 1, ""degree_3_4"": 3, ""degree_5_8"": 2, ""degree_9_plus"": 26}","{""0"": 4, ""1"": 6, ""10"": 2, ""2"": 1, ""3"": 6, ""4"": 6, ""5"": 1, ""6"": 1, ""7"": 1, ""8"": 2, ""9"": 2}",222,"{""backend"": ""evaluate_m19_theory_calibrated.candidate_features"", ""delta_mode"": ""none"", ""k_max"": 512, ""k_min"": 64, ""variant"": ""conservative""}",222,0.16869300911854104,0.9819819819819819,0.9819819819819819,0.018018018018018018,0.9414414414414415,"{""dp_17_64"": 0.04504504504504504, ""dp_257_plus"": 0.6846846846846847, ""dp_5_16"": 0.03153153153153153, ""dp_65_256"": 0.23873873873873874}","{""cn_0"": 0.9369369369369369, ""cn_1"": 0.0045045045045045045, ""cn_2_3"": 0.036036036036036036, ""cn_4_8"": 0.02252252252252252}",0.1981981981981982,553.6531531531532,sasb_candidate_builder,c23c60724c2797689a89ecc700f43bef2df15335f6c0953d607a96afb768c092,222,c23c60724c2797689a89ecc700f43bef2df15335f6c0953d607a96afb768c092,"{""sasb_builder"": 222}",0,0,0,0,{},0.0,"{""common_neighbor_bin_l1"": 0.0, ""degree_product_bin_l1"": 0.0, ""is_boundary_edge_l1"": 0.0, ""is_bridge_edge_l1"": 0.0, ""is_inter_community_edge_l1"": 0.0, ""is_low_common_neighbor_edge_l1"": 0.0, ""mean_l1"": 0.0}",1,32,32,2500.0597795120348,0
realworld_completed,bio_celegans,SASB-candidate,sasb,SASB-structured,20260513,706,middle,0.9889624724061811,0.9889624724061811,0.0,3,3,0,0.348641975308642,0.3491358024691358,277,363,277--363,6,31,6,31,186,2,0.4,1,9,3,32,"[""96"", ""53"", ""51"", ""60"", ""343"", ""363"", ""62"", ""52"", ""373"", ""307"", ""364"", ""85"", ""145"", ""144"", ""142"", ""143"", ""82"", ""83"", ""220"", ""147"", ""118"", ""440"", ""154"", ""281"", ""398"", ""97"", ""404"", ""108"", ""177"", ""235"", ""66"", ""399""]",e73681bd066dd049cb525a021fd48f317f29f1cdcbc65a634155e65979919f2c,"{""boundary"": 12, ""community_rep"": 5, ""degree_core"": 10, ""random_fill"": 5}","{""degree_2"": 1, ""degree_3_4"": 3, ""degree_5_8"": 2, ""degree_9_plus"": 26}","{""0"": 2, ""1"": 6, ""10"": 2, ""2"": 1, ""3"": 6, ""4"": 6, ""5"": 2, ""6"": 2, ""7"": 1, ""8"": 2, ""9"": 2}",222,"{""backend"": ""evaluate_m19_theory_calibrated.candidate_features"", ""delta_mode"": ""none"", ""k_max"": 512, ""k_min"": 64, ""variant"": ""conservative""}",222,0.1688212927756654,0.9819819819819819,0.9819819819819819,0.018018018018018018,0.9459459459459459,"{""dp_17_64"": 0.04504504504504504, ""dp_257_plus"": 0.6801801801801802, ""dp_5_16"": 0.03153153153153153, ""dp_65_256"": 0.24324324324324326}","{""cn_0"": 0.9369369369369369, ""cn_1"": 0.009009009009009009, ""cn_2_3"": 0.03153153153153153, ""cn_4_8"": 0.02252252252252252}",0.1981981981981982,551.1666666666666,sasb_candidate_builder,21852a5e47b8e0116ce01bfbc5805d3bbb83dac6829ff8ffaefb6e78ba0f5cfc,222,21852a5e47b8e0116ce01bfbc5805d3bbb83dac6829ff8ffaefb6e78ba0f5cfc,"{""sasb_builder"": 222}",0,0,0,0,{},0.0,"{""common_neighbor_bin_l1"": 0.0, ""degree_product_bin_l1"": 0.0, ""is_boundary_edge_l1"": 0.0, ""is_bridge_edge_l1"": 0.0, ""is_inter_community_edge_l1"": 0.0, ""is_low_common_neighbor_edge_l1"": 0.0, ""mean_l1"": 0.0}",1,32,32,286.04551282051284,0
realworld_completed,bio_celegans,SASB-candidate,sasb,SASB-structured,20260513,707,middle,0.9889624724061811,0.9889624724061811,0.0,3,3,0,0.3491358024691358,0.3496296296296296,30,53,30--53,4,75,4,75,300,1,0.3333333333333333,1,3,8,32,"[""96"", ""53"", ""51"", ""60"", ""343"", ""363"", ""62"", ""52"", ""373"", ""307"", ""364"", ""85"", ""145"", ""144"", ""142"", ""143"", ""82"", ""83"", ""220"", ""147"", ""118"", ""440"", ""154"", ""281"", ""398"", ""97"", ""404"", ""319"", ""38"", ""125"", ""300"", ""200""]",aa9ac457a0feee913dba4aea3cf5c282922af36513bdd28f280fc475fdf655cb,"{""boundary"": 12, ""community_rep"": 5, ""degree_core"": 10, ""random_fill"": 5}","{""degree_3_4"": 2, ""degree_5_8"": 4, ""degree_9_plus"": 26}","{""0"": 1, ""1"": 7, ""10"": 2, ""2"": 1, ""3"": 7, ""4"": 7, ""5"": 1, ""6"": 1, ""7"": 1, ""8"": 2, ""9"": 2}",222,"{""backend"": ""evaluate_m19_theory_calibrated.candidate_features"", ""delta_mode"": ""none"", ""k_max"": 512, ""k_min"": 64, ""variant"": ""conservative""}",222,0.1689497716894977,0.9819819819819819,0.9819819819819819,0.018018018018018018,0.9504504504504504,"{""dp_17_64"": 0.04504504504504504, ""dp_257_plus"": 0.6801801801801802, ""dp_5_16"": 0.03153153153153153, ""dp_65_256"": 0.24324324324324326}","{""cn_0"": 0.9414414414414415, ""cn_1"": 0.009009009009009009, ""cn_2_3"": 0.02702702702702703, ""cn_4_8"": 0.02252252252252252}",0.18468468468468469,549.2252252252252,sasb_candidate_builder,6c8d360a075923de8e3bdfcfc14e39790f8eae672c53fa86857e5fdca9873227,222,6c8d360a075923de8e3bdfcfc14e39790f8eae672c53fa86857e5fdca9873227,"{""sasb_builder"": 222}",0,0,0,0,{},0.0,"{""common_neighbor_bin_l1"": 0.0, ""degree_product_bin_l1"": 0.0, ""is_boundary_edge_l1"": 0.0, ""is_bridge_edge_l1"": 0.0, ""is_inter_community_edge_l1"": 0.0, ""is_low_common_neighbor_edge_l1"": 0.0, ""mean_l1"": 0.0}",1,32,32,574.3453553674732,0
realworld_completed,bio_celegans,SASB-candidate,sasb,SASB-structured,20260513,708,middle,0.9889624724061811,0.9889624724061811,0.0,3,3,0,0.3496296296296296,0.35012345679012347,363,423,363--423,30,5,5,30,150,2,0.5,1,3,8,32,"[""96"", ""53"", ""51"", ""60"", ""343"", ""363"", ""62"", ""52"", ""373"", ""307"", ""364"", ""85"", ""145"", ""144"", ""142"", ""143"", ""82"", ""83"", ""220"", ""147"", ""118"", ""440"", ""154"", ""281"", ""398"", ""97"", ""404"", ""328"", ""90"", ""432"", ""192"", ""80""]",c20a2af5a83d9c4419ad9707e0ed32f6b9a1f8724a6d6405049665d113297a85,"{""boundary"": 12, ""community_rep"": 5, ""degree_core"": 10, ""random_fill"": 5}","{""degree_3_4"": 3, ""degree_5_8"": 3, ""degree_9_plus"": 26}","{""0"": 1, ""1"": 9, ""10"": 2, ""2"": 1, ""3"": 5, ""4"": 6, ""5"": 1, ""6"": 1, ""7"": 1, ""8"": 2, ""9"": 3}",222,"{""backend"": ""evaluate_m19_theory_calibrated.candidate_features"", ""delta_mode"": ""none"", ""k_max"": 512, ""k_min"": 64, ""variant"": ""conservative""}",222,0.16907844630616908,0.9819819819819819,0.9819819819819819,0.018018018018018018,0.9504504504504504,"{""dp_17_64"": 0.04504504504504504, ""dp_257_plus"": 0.6756756756756757, ""dp_5_16"": 0.03153153153153153, ""dp_65_256"": 0.24774774774774774}","{""cn_0"": 0.9414414414414415, ""cn_1"": 0.009009009009009009, ""cn_2_3"": 0.02702702702702703, ""cn_4_8"": 0.02252252252252252}",0.18468468468468469,546.9504504504505,sasb_candidate_builder,03367464fad0585cf8cc4062705edcb63da9dfd5e6ea7cec3c9d37797e73af92,222,03367464fad0585cf8cc4062705edcb63da9dfd5e6ea7cec3c9d37797e73af92,"{""sasb_builder"": 222}",0,0,0,0,{},0.0,"{""common_neighbor_bin_l1"": 0.0, ""degree_product_bin_l1"": 0.0, ""is_boundary_edge_l1"": 0.0, ""is_bridge_edge_l1"": 0.0, ""is_inter_community_edge_l1"": 0.0, ""is_low_common_neighbor_edge_l1"": 0.0, ""mean_l1"": 0.0}",1,32,32,350.2343042531022,0
realworld_completed,bio_celegans,SASB-candidate,sasb,SASB-structured,20260513,709,middle,0.9889624724061811,0.9889624724061811,0.0,3,3,0,0.35012345679012347,0.3506172839506173,41,53,41--53,9,74,9,74,666,5,0.625,1,3,6,32,"[""96"", ""53"", ""51"", ""60"", ""343"", ""363"", ""62"", ""52"", ""373"", ""307"", ""364"", ""85"", ""145"", ""144"", ""142"", ""143"", ""82"", ""83"", ""220"", ""147"", ""118"", ""440"", ""154"", ""281"", ""398"", ""97"", ""404"", ""41"", ""243"", ""126"", ""68"", ""244""]",144f02f68020dc1f38be596365180add29a575af487f2a0e1f63981212b5a1c5,"{""boundary"": 12, ""community_rep"": 5, ""degree_core"": 10, ""random_fill"": 5}","{""degree_0_1"": 1, ""degree_2"": 1, ""degree_3_4"": 3, ""degree_9_plus"": 27}","{""0"": 2, ""1"": 7, ""10"": 2, ""2"": 1, ""3"": 6, ""4"": 5, ""5"": 1, ""6"": 1, ""7"": 1, ""8"": 3, ""9"": 3}",222,"{""backend"": ""evaluate_m19_theory_calibrated.candidate_features"", ""delta_mode"": ""none"", ""k_max"": 512, ""k_min"": 64, ""variant"": ""conservative""}",222,0.16920731707317074,0.9774774774774775,0.9774774774774775,0.018018018018018018,0.954954954954955,"{""dp_17_64"": 0.04504504504504504, ""dp_257_plus"": 0.6801801801801802, ""dp_5_16"": 0.03153153153153153, ""dp_65_256"": 0.24324324324324326}","{""cn_0"": 0.9459459459459459, ""cn_1"": 0.009009009009009009, ""cn_2_3"": 0.02252252252252252, ""cn_4_8"": 0.02252252252252252}",0.17567567567567569,547.5315315315315,sasb_candidate_builder,ba6b3f373a728f3fad41978c1518ecc4bd7dcb9d38b7b554abb830e6fd675406,222,ba6b3f373a728f3fad41978c1518ecc4bd7dcb9d38b7b554abb830e6fd675406,"{""sasb_builder"": 222}",0,0,0,0,{},0.0,"{""common_neighbor_bin_l1"": 0.0, ""degree_product_bin_l1"": 0.0, ""is_boundary_edge_l1"": 0.0, ""is_bridge_edge_l1"": 0.0, ""is_inter_community_edge_l1"": 0.0, ""is_low_common_neighbor_edge_l1"": 0.0, ""mean_l1"": 0.0}",1,32,32,1327.9721243031436,0
realworld_completed,bio_celegans,SASB-candidate,sasb,SASB-structured,20260513,710,middle,0.9889624724061811,0.9889624724061811,0.0,3,3,0,0.3506172839506173,0.3511111111111111,41,51,41--51,8,67,8,67,536,3,0.42857142857142855,1,3,7,32,"[""96"", ""53"", ""51"", ""60"", ""343"", ""363"", ""62"", ""52"", ""373"", ""307"", ""364"", ""262"", ""145"", ""144"", ""142"", ""143"", ""82"", ""83"", ""220"", ""147"", ""118"", ""440"", ""281"", ""398"", ""154"", ""97"", ""404"", ""14"", ""346"", ""424"", ""296"", ""80""]",89e0234ba76fac0817c5c15d41be14536f210a26b8b5d26a2b2a4d252afdaf1b,"{""boundary"": 12, ""community_rep"": 5, ""degree_core"": 10, ""random_fill"": 5}","{""degree_0_1"": 1, ""degree_2"": 1, ""degree_3_4"": 3, ""degree_5_8"": 1, ""degree_9_plus"": 26}","{""0"": 1, ""1"": 7, ""10"": 1, ""2"": 1, ""3"": 6, ""4"": 7, ""5"": 1, ""6"": 1, ""7"": 4, ""8"": 1, ""9"": 2}",222,"{""backend"": ""evaluate_m19_theory_calibrated.candidate_features"", ""delta_mode"": ""none"", ""k_max"": 512, ""k_min"": 64, ""variant"": ""conservative""}",222,0.16933638443935928,0.9774774774774775,0.9774774774774775,0.018018018018018018,0.9594594594594594,"{""dp_17_64"": 0.04504504504504504, ""dp_257_plus"": 0.6981981981981982, ""dp_5_16"": 0.02702702702702703, ""dp_65_256"": 0.22972972972972974}","{""cn_0"": 0.954954954954955, ""cn_1"": 0.0045045045045045045, ""cn_2_3"": 0.018018018018018018, ""cn_4_8"": 0.02252252252252252}",0.16216216216216217,550.2342342342342,sasb_candidate_builder,7b8522fe02bab8aabec2575bf405e25be5b66455e3e5f0b254b15e7b87a95cee,222,7b8522fe02bab8aabec2575bf405e25be5b66455e3e5f0b254b15e7b87a95cee,"{""sasb_builder"": 222}",0,0,0,0,{},0.0,"{""common_neighbor_bin_l1"": 0.0, ""degree_product_bin_l1"": 0.0, ""is_boundary_edge_l1"": 0.0, ""is_bridge_edge_l1"": 0.0, ""is_inter_community_edge_l1"": 0.0, ""is_low_common_neighbor_edge_l1"": 0.0, ""mean_l1"": 0.0}",1,32,32,305.92581098653955,0
realworld_completed,bio_celegans,SASB-candidate,sasb,SASB-structured,20260513,711,middle,0.9889624724061811,0.9889624724061811,0.0,3,3,0,0.3511111111111111,0.35160493827160494,343,383,343--383,51,6,6,51,306,3,0.6,1,3,8,32,"[""96"", ""53"", ""51"", ""60"", ""343"", ""363"", ""62"", ""52"", ""373"", ""307"", ""364"", ""262"", ""145"", ""144"", ""142"", ""143"", ""82"", ""83"", ""220"", ""147"", ""118"", ""440"", ""281"", ""398"", ""154"", ""97"", ""404"", ""48"", ""346"", ""318"", ""138"", ""111""]",2bfaf2f6fc8d2593bcde5399acd562cf7601092b2301eeaa5fc62e44cf13be4c,"{""boundary"": 12, ""community_rep"": 5, ""degree_core"": 10, ""random_fill"": 5}","{""degree_2"": 1, ""degree_3_4"": 3, ""degree_5_8"": 2, ""degree_9_plus"": 26}","{""0"": 1, ""1"": 8, ""10"": 1, ""2"": 1, ""3"": 7, ""4"": 6, ""5"": 1, ""6"": 1, ""7"": 3, ""8"": 1, ""9"": 2}",221,"{""backend"": ""evaluate_m19_theory_calibrated.candidate_features"", ""delta_mode"": ""none"", ""k_max"": 512, ""k_min"": 64, ""variant"": ""conservative""}",221,0.1687022900763359,0.9773755656108597,0.9773755656108597,0.01809954751131222,0.9638009049773756,"{""dp_17_64"": 0.04524886877828054, ""dp_257_plus"": 0.6968325791855203, ""dp_5_16"": 0.027149321266968326, ""dp_65_256"": 0.23076923076923078}","{""cn_0"": 0.9592760180995475, ""cn_1"": 0.004524886877828055, ""cn_2_3"": 0.013574660633484163, ""cn_4_8"": 0.02262443438914027}",0.1493212669683258,549.0588235294117,sasb_candidate_builder,c9da9eb4fad3d4fd60d7358a15d41985dde5d519b6b075d49c9c2ed868af3dcd,221,c9da9eb4fad3d4fd60d7358a15d41985dde5d519b6b075d49c9c2ed868af3dcd,"{""sasb_builder"": 221}",0,0,0,0,{},0.0,"{""common_neighbor_bin_l1"": 0.0, ""degree_product_bin_l1"": 0.0, ""is_boundary_edge_l1"": 0.0, ""is_bridge_edge_l1"": 0.0, ""is_inter_community_edge_l1"": 0.0, ""is_low_common_neighbor_edge_l1"": 0.0, ""mean_l1"": 0.0}",1,32,32,249.47042080726288,0
realworld_completed,bio_celegans,SASB-candidate,sasb,SASB-structured,20260513,712,middle,0.9889624724061811,0.9889624724061811,0.0,3,3,0,0.35160493827160494,0.3520987654320988,147,250,147--250,24,5,5,24,120,1,0.25,1,3,7,32,"[""96"", ""53"", ""51"", ""60"", ""343"", ""363"", ""62"", ""52"", ""373"", ""307"", ""364"", ""262"", ""145"", ""144"", ""142"", ""143"", ""82"", ""83"", ""220"", ""147"", ""118"", ""440"", ""281"", ""398"", ""154"", ""97"", ""404"", ""164"", ""335"", ""113"", ""439"", ""308""]",781f71c7286ab271f2304b3cee76546600fdf6f518f2bd975ca39759e8aab4f7,"{""boundary"": 12, ""community_rep"": 5, ""degree_core"": 10, ""random_fill"": 5}","{""degree_0_1"": 2, ""degree_2"": 1, ""degree_3_4"": 2, ""degree_5_8"": 1, ""degree_9_plus"": 26}","{""0"": 1, ""1"": 6, ""10"": 3, ""2"": 2, ""3"": 5, ""4"": 5, ""5"": 2, ""6"": 1, ""7"": 3, ""8"": 2, ""9"": 2}",221,"{""backend"": ""evaluate_m19_theory_calibrated.candidate_features"", ""delta_mode"": ""none"", ""k_max"": 512, ""k_min"": 64, ""variant"": ""conservative""}",221,0.16883116883116883,0.9773755656108597,0.9773755656108597,0.01809954751131222,0.9683257918552036,"{""dp_17_64"": 0.04524886877828054, ""dp_257_plus"": 0.6923076923076923, ""dp_5_16"": 0.027149321266968326, ""dp_65_256"": 0.23529411764705882}","{""cn_0"": 0.9592760180995475, ""cn_1"": 0.00904977375565611, ""cn_2_3"": 0.00904977375565611, ""cn_4_8"": 0.02262443438914027}",0.14027149321266968,546.4570135746607,sasb_candidate_builder,3e3a10fcd78276175ee5042d571885ac7524fe31516b7ffeaba91a65a1cd37df,221,3e3a10fcd78276175ee5042d571885ac7524fe31516b7ffeaba91a65a1cd37df,"{""sasb_builder"": 221}",0,0,0,0,{},0.0,"{""common_neighbor_bin_l1"": 0.0, ""degree_product_bin_l1"": 0.0, ""is_boundary_edge_l1"": 0.0, ""is_bridge_edge_l1"": 0.0, ""is_inter_community_edge_l1"": 0.0, ""is_low_common_neighbor_edge_l1"": 0.0, ""mean_l1"": 0.0}",1,32,32,721.5085000333388,0
realworld_completed,bio_celegans,SASB-candidate,sasb,SASB-structured,20260513,713,middle,0.9889624724061811,0.9889624724061811,0.0,3,3,0,0.3520987654320988,0.35259259259259257,145,374,145--374,37,7,7,37,259,0,0.0,0,1,1,32,"[""96"", ""53"", ""51"", ""60"", ""343"", ""363"", ""62"", ""52"", ""373"", ""307"", ""364"", ""262"", ""145"", ""144"", ""142"", ""143"", ""82"", ""83"", ""220"", ""147"", ""118"", ""440"", ""281"", ""398"", ""154"", ""97"", ""404"", ""337"", ""282"", ""205"", ""106"", ""130""]",07e84faaf36b2a429354b3699fde43a02451709fbdbeb6de5dbd393f76a193fa,"{""boundary"": 12, ""community_rep"": 5, ""degree_core"": 10, ""random_fill"": 5}","{""degree_2"": 3, ""degree_3_4"": 1, ""degree_5_8"": 2, ""degree_9_plus"": 26}","{""0"": 1, ""1"": 6, ""10"": 3, ""2"": 1, ""3"": 5, ""4"": 6, ""5"": 2, ""6"": 1, ""7"": 3, ""8"": 2, ""9"": 2}",221,"{""backend"": ""evaluate_m19_theory_calibrated.candidate_features"", ""delta_mode"": ""none"", ""k_max"": 512, ""k_min"": 64, ""variant"": ""conservative""}",221,0.16896024464831805,0.9728506787330317,0.9728506787330317,0.01809954751131222,0.9683257918552036,"{""dp_17_64"": 0.04524886877828054, ""dp_257_plus"": 0.6968325791855203, ""dp_5_16"": 0.027149321266968326, ""dp_65_256"": 0.23076923076923078}","{""cn_0"": 0.9638009049773756, ""cn_1"": 0.004524886877828055, ""cn_2_3"": 0.00904977375565611, ""cn_4_8"": 0.02262443438914027}",0.13574660633484162,546.5203619909503,sasb_candidate_builder,19213e65c9e35dee0c1e85b13e939fc04ff78756bfb748810cd52203250c2e28,221,19213e65c9e35dee0c1e85b13e939fc04ff78756bfb748810cd52203250c2e28,"{""sasb_builder"": 221}",0,0,0,0,{},0.0,"{""common_neighbor_bin_l1"": 0.0, ""degree_product_bin_l1"": 0.0, ""is_boundary_edge_l1"": 0.0, ""is_bridge_edge_l1"": 0.0, ""is_inter_community_edge_l1"": 0.0, ""is_low_common_neighbor_edge_l1"": 0.0, ""mean_l1"": 0.0}",1,32,32,1884.6164713223977,0
realworld_completed,bio_celegans,SASB-candidate,sasb,SASB-structured,20260513,714,middle,0.9889624724061811,0.9889624724061811,0.0,3,3,0,0.35259259259259257,0.3530864197530864,227,363,227--363,3,29,3,29,87,1,0.5,1,8,3,32,"[""96"", ""53"", ""51"", ""60"", ""343"", ""363"", ""62"", ""52"", ""373"", ""307"", ""364"", ""262"", ""144"", ""145"", ""142"", ""143"", ""82"", ""83"", ""220"", ""147"", ""118"", ""440"", ""281"", ""398"", ""154"", ""97"", ""404"", ""138"", ""327"", ""137"", ""448"", ""227""]",59124115d3ed646b13d8f481873d09a1dc4787a51f88562eeb949a8a7e1074f8,"{""boundary"": 12, ""community_rep"": 5, ""degree_core"": 10, ""random_fill"": 5}","{""degree_2"": 1, ""degree_3_4"": 4, ""degree_5_8"": 1, ""degree_9_plus"": 26}","{""0"": 1, ""1"": 7, ""10"": 1, ""2"": 1, ""3"": 5, ""4"": 7, ""5"": 2, ""6"": 1, ""7"": 4, ""8"": 1, ""9"": 2}",221,"{""backend"": ""evaluate_m19_theory_calibrated.candidate_features"", ""delta_mode"": ""none"", ""k_max"": 512, ""k_min"": 64, ""variant"": ""conservative""}",221,0.16908951798010713,0.9773755656108597,0.9773755656108597,0.01809954751131222,0.9683257918552036,"{""dp_17_64"": 0.049773755656108594, ""dp_257_plus"": 0.6923076923076923, ""dp_5_16"": 0.027149321266968326, ""dp_65_256"": 0.23076923076923078}","{""cn_0"": 0.9638009049773756, ""cn_1"": 0.004524886877828055, ""cn_2_3"": 0.00904977375565611, ""cn_4_8"": 0.02262443438914027}",0.13574660633484162,545.0361990950227,sasb_candidate_builder,2aa9b0b35a32223c309a54114e8a2ae1e6d2b3860e3f3791f3424a9de9146d00,221,2aa9b0b35a32223c309a54114e8a2ae1e6d2b3860e3f3791f3424a9de9146d00,"{""sasb_builder"": 221}",0,0,0,0,{},0.0,"{""common_neighbor_bin_l1"": 0.0, ""degree_product_bin_l1"": 0.0, ""is_boundary_edge_l1"": 0.0, ""is_bridge_edge_l1"": 0.0, ""is_inter_community_edge_l1"": 0.0, ""is_low_common_neighbor_edge_l1"": 0.0, ""mean_l1"": 0.0}",1,32,32,3232.468736598724,0
realworld_completed,bio_celegans,SASB-candidate,sasb,SASB-structured,20260513,715,middle,0.9889624724061811,0.9889624724061811,0.0,3,3,0,0.3530864197530864,0.35358024691358025,29,53,29--53,9,73,9,73,657,5,0.625,1,3,7,32,"[""96"", ""53"", ""51"", ""60"", ""343"", ""363"", ""62"", ""52"", ""373"", ""307"", ""364"", ""262"", ""144"", ""145"", ""142"", ""143"", ""82"", ""83"", ""220"", ""147"", ""118"", ""440"", ""281"", ""398"", ""154"", ""97"", ""404"", ""29"", ""45"", ""157"", ""38"", ""8""]",4779cbb91b50e786cae3faeb5291da99c731c888fccdef6fe6a4c36ee72c4c01,"{""boundary"": 12, ""community_rep"": 5, ""degree_core"": 10, ""random_fill"": 5}","{""degree_0_1"": 1, ""degree_3_4"": 4, ""degree_9_plus"": 27}","{""0"": 1, ""1"": 7, ""10"": 1, ""2"": 1, ""3"": 7, ""4"": 7, ""5"": 1, ""6"": 1, ""7"": 3, ""8"": 1, ""9"": 2}",221,"{""backend"": ""evaluate_m19_theory_calibrated.candidate_features"", ""delta_mode"": ""none"", ""k_max"": 512, ""k_min"": 64, ""variant"": ""conservative""}",221,0.16921898928024504,0.9773755656108597,0.9773755656108597,0.01809954751131222,0.9683257918552036,"{""dp_17_64"": 0.05429864253393665, ""dp_257_plus"": 0.6923076923076923, ""dp_5_16"": 0.027149321266968326, ""dp_65_256"": 0.22624434389140272}","{""cn_0"": 0.9683257918552036, ""cn_2_3"": 0.00904977375565611, ""cn_4_8"": 0.02262443438914027}",0.13122171945701358,543.420814479638,sasb_candidate_builder,3d0733615be13038294e568e09fd63e1aec068cec4b91787ccfe650ea4aa2bdb,221,3d0733615be13038294e568e09fd63e1aec068cec4b91787ccfe650ea4aa2bdb,"{""sasb_builder"": 221}",0,0,0,0,{},0.0,"{""common_neighbor_bin_l1"": 0.0, ""degree_product_bin_l1"": 0.0, ""is_boundary_edge_l1"": 0.0, ""is_bridge_edge_l1"": 0.0, ""is_inter_community_edge_l1"": 0.0, ""is_low_common_neighbor_edge_l1"": 0.0, ""mean_l1"": 0.0}",1,32,32,1631.739275839585,0
realworld_completed,bio_celegans,SASB-candidate,sasb,SASB-structured,20260513,716,middle,0.9889624724061811,0.9889624724061811,0.0,3,3,0,0.35358024691358025,0.3540740740740741,147,262,147--262,23,10,10,23,230,2,0.2222222222222222,1,3,9,32,"[""96"", ""53"", ""51"", ""60"", ""343"", ""363"", ""62"", ""52"", ""373"", ""307"", ""364"", ""262"", ""144"", ""145"", ""142"", ""143"", ""82"", ""83"", ""220"", ""147"", ""118"", ""440"", ""281"", ""398"", ""154"", ""97"", ""404"", ""66"", ""24"", ""435"", ""303"", ""401""]",369f74dc7f47bce45cc0c846e8ccbe679ca547b5f402d9d27c4301b4be02c2e3,"{""boundary"": 12, ""community_rep"": 5, ""degree_core"": 10, ""random_fill"": 5}","{""degree_2"": 1, ""degree_3_4"": 2, ""degree_5_8"": 3, ""degree_9_plus"": 26}","{""0"": 2, ""1"": 7, ""10"": 1, ""2"": 1, ""3"": 6, ""4"": 5, ""5"": 2, ""6"": 1, ""7"": 4, ""8"": 1, ""9"": 2}",221,"{""backend"": ""evaluate_m19_theory_calibrated.candidate_features"", ""delta_mode"": ""none"", ""k_max"": 512, ""k_min"": 64, ""variant"": ""conservative""}",221,0.16934865900383142,0.9773755656108597,0.9773755656108597,0.01809954751131222,0.9683257918552036,"{""dp_17_64"": 0.05429864253393665, ""dp_257_plus"": 0.6877828054298643, ""dp_5_16"": 0.027149321266968326, ""dp_65_256"": 0.23076923076923078}","{""cn_0"": 0.9683257918552036, ""cn_2_3"": 0.013574660633484163, ""cn_4_8"": 0.01809954751131222}",0.11312217194570136,539.7828054298642,sasb_candidate_builder,21ba0a49d1bc838904a4889bd7000599b171dd0f4d6888f654c41801085a9918,221,21ba0a49d1bc838904a4889bd7000599b171dd0f4d6888f654c41801085a9918,"{""sasb_builder"": 221}",0,0,0,0,{},0.0,"{""common_neighbor_bin_l1"": 0.0, ""degree_product_bin_l1"": 0.0, ""is_boundary_edge_l1"": 0.0, ""is_bridge_edge_l1"": 0.0, ""is_inter_community_edge_l1"": 0.0, ""is_low_common_neighbor_edge_l1"": 0.0, ""mean_l1"": 0.0}",1,32,32,1602.9792167144476,0
realworld_completed,bio_celegans,SASB-candidate,sasb,SASB-structured,20260513,717,middle,0.9889624724061811,0.9889624724061811,0.0,3,3,0,0.3540740740740741,0.3545679012345679,29,51,29--51,8,66,8,66,528,4,0.5714285714285714,1,3,8,32,"[""96"", ""53"", ""51"", ""60"", ""343"", ""363"", ""62"", ""52"", ""373"", ""307"", ""364"", ""61"", ""144"", ""145"", ""142"", ""143"", ""82"", ""83"", ""220"", ""118"", ""147"", ""440"", ""281"", ""398"", ""154"", ""97"", ""404"", ""267"", ""401"", ""204"", ""181"", ""427""]",1beaf63c6143737c48ae73813bad02c16daaa50e00709808d9f12760a511c987,"{""boundary"": 12, ""community_rep"": 5, ""degree_core"": 10, ""random_fill"": 5}","{""degree_0_1"": 1, ""degree_2"": 1, ""degree_3_4"": 3, ""degree_5_8"": 1, ""degree_9_plus"": 26}","{""0"": 1, ""1"": 6, ""10"": 3, ""2"": 1, ""3"": 6, ""4"": 6, ""5"": 1, ""6"": 1, ""7"": 4, ""8"": 1, ""9"": 2}",221,"{""backend"": ""evaluate_m19_theory_calibrated.candidate_features"", ""delta_mode"": ""none"", ""k_max"": 512, ""k_min"": 64, ""variant"": ""conservative""}",221,0.16947852760736196,0.9773755656108597,0.9773755656108597,0.01809954751131222,0.9728506787330317,"{""dp_17_64"": 0.058823529411764705, ""dp_257_plus"": 0.6877828054298643, ""dp_5_16"": 0.027149321266968326, ""dp_65_256"": 0.22624434389140272}","{""cn_0"": 0.9728506787330317, ""cn_2_3"": 0.013574660633484163, ""cn_4_8"": 0.013574660633484163}",0.09954751131221719,538.1990950226244,sasb_candidate_builder,bbf77b72e7fdb031861c1052ef7e4511542bc3bf80775c5dabc0e59b042f7a0f,221,bbf77b72e7fdb031861c1052ef7e4511542bc3bf80775c5dabc0e59b042f7a0f,"{""sasb_builder"": 221}",0,0,0,0,{},0.0,"{""common_neighbor_bin_l1"": 0.0, ""degree_product_bin_l1"": 0.0, ""is_boundary_edge_l1"": 0.0, ""is_bridge_edge_l1"": 0.0, ""is_inter_community_edge_l1"": 0.0, ""is_low_common_neighbor_edge_l1"": 0.0, ""mean_l1"": 0.0}",1,32,32,312.2700484979044,0
realworld_completed,bio_celegans,SASB-candidate,sasb,SASB-structured,20260513,718,middle,0.9889624724061811,0.9889624724061811,0.0,3,3,0,0.3545679012345679,0.3550617283950617,49,53,49--53,9,72,9,72,648,5,0.625,0,8,8,32,"[""96"", ""53"", ""51"", ""60"", ""343"", ""363"", ""62"", ""52"", ""373"", ""307"", ""364"", ""61"", ""144"", ""145"", ""142"", ""143"", ""82"", ""83"", ""220"", ""118"", ""147"", ""440"", ""281"", ""398"", ""154"", ""97"", ""404"", ""34"", ""331"", ""43"", ""217"", ""347""]",97b1604f6f2ba535630ac89d4c4da36b2ad42c583750e3f945f1283178c5ef1b,"{""boundary"": 12, ""community_rep"": 5, ""degree_core"": 10, ""random_fill"": 5}","{""degree_0_1"": 2, ""degree_2"": 2, ""degree_3_4"": 1, ""degree_5_8"": 1, ""degree_9_plus"": 26}","{""0"": 1, ""1"": 8, ""10"": 1, ""2"": 1, ""3"": 5, ""4"": 5, ""5"": 3, ""6"": 1, ""7"": 3, ""8"": 1, ""9"": 3}",221,"{""backend"": ""evaluate_m19_theory_calibrated.candidate_features"", ""delta_mode"": ""none"", ""k_max"": 512, ""k_min"": 64, ""variant"": ""conservative""}",221,0.1696085955487337,0.9728506787330317,0.9728506787330317,0.01809954751131222,0.9773755656108597,"{""dp_17_64"": 0.058823529411764705, ""dp_257_plus"": 0.6877828054298643, ""dp_5_16"": 0.027149321266968326, ""dp_65_256"": 0.22624434389140272}","{""cn_0"": 0.9773755656108597, ""cn_2_3"": 0.013574660633484163, ""cn_4_8"": 0.00904977375565611}",0.08144796380090498,536.9411764705883,sasb_candidate_builder,9f08812463e33a865274fd975e6aabf83fa82eb69d375c50b218beafec204412,221,9f08812463e33a865274fd975e6aabf83fa82eb69d375c50b218beafec204412,"{""sasb_builder"": 221}",0,0,0,0,{},0.0,"{""common_neighbor_bin_l1"": 0.0, ""degree_product_bin_l1"": 0.0, ""is_boundary_edge_l1"": 0.0, ""is_bridge_edge_l1"": 0.0, ""is_inter_community_edge_l1"": 0.0, ""is_low_common_neighbor_edge_l1"": 0.0, ""mean_l1"": 0.0}",1,32,32,283.74904938766844,0
realworld_completed,bio_celegans,SASB-candidate,sasb,SASB-structured,20260513,719,middle,0.9889624724061811,0.9889624724061811,0.0,3,3,0,0.3550617283950617,0.35555555555555557,49,51,49--51,8,65,8,65,520,4,0.5714285714285714,0,10,10,32,"[""96"", ""53"", ""51"", ""60"", ""343"", ""363"", ""62"", ""52"", ""373"", ""307"", ""364"", ""61"", ""144"", ""145"", ""142"", ""143"", ""82"", ""83"", ""220"", ""118"", ""147"", ""440"", ""281"", ""398"", ""154"", ""97"", ""404"", ""2"", ""93"", ""59"", ""293"", ""206""]",118b42174c9bc9434327bca251e33e14204d5cc060276b8f837c881c78453ade,"{""boundary"": 12, ""community_rep"": 5, ""degree_core"": 10, ""random_fill"": 5}","{""degree_3_4"": 3, ""degree_5_8"": 2, ""degree_9_plus"": 27}","{""0"": 1, ""1"": 6, ""10"": 1, ""2"": 1, ""3"": 7, ""4"": 5, ""5"": 1, ""6"": 1, ""7"": 5, ""8"": 1, ""9"": 3}",221,"{""backend"": ""evaluate_m19_theory_calibrated.candidate_features"", ""delta_mode"": ""none"", ""k_max"": 512, ""k_min"": 64, ""variant"": ""conservative""}",221,0.16973886328725038,0.9728506787330317,0.9728506787330317,0.01809954751131222,0.9819004524886877,"{""dp_17_64"": 0.06334841628959276, ""dp_257_plus"": 0.6832579185520362, ""dp_5_16"": 0.027149321266968326, ""dp_65_256"": 0.22624434389140272}","{""cn_0"": 0.9819004524886877, ""cn_2_3"": 0.013574660633484163, ""cn_4_8"": 0.004524886877828055}",0.05429864253393665,533.6515837104073,sasb_candidate_builder,1106fddbf1922aaef963381f0168ce4bc776cee907bc0cd55a29270a9d4bf129,221,1106fddbf1922aaef963381f0168ce4bc776cee907bc0cd55a29270a9d4bf129,"{""sasb_builder"": 221}",0,0,0,0,{},0.0,"{""common_neighbor_bin_l1"": 0.0, ""degree_product_bin_l1"": 0.0, ""is_boundary_edge_l1"": 0.0, ""is_bridge_edge_l1"": 0.0, ""is_inter_community_edge_l1"": 0.0, ""is_low_common_neighbor_edge_l1"": 0.0, ""mean_l1"": 0.0}",1,32,32,320.10705021567753,0
realworld_completed,bio_celegans,SASB-candidate,sasb,SASB-structured,20260513,720,middle,0.9889624724061811,0.9889624724061811,0.0,3,3,0,0.35555555555555557,0.35604938271604936,246,343,246--343,5,50,5,50,250,3,0.75,1,10,3,32,"[""96"", ""53"", ""51"", ""60"", ""343"", ""363"", ""62"", ""52"", ""373"", ""364"", ""97"", ""307"", ""144"", ""145"", ""142"", ""143"", ""82"", ""83"", ""220"", ""118"", ""147"", ""440"", ""154"", ""281"", ""398"", ""404"", ""47"", ""348"", ""95"", ""277"", ""150"", ""305""]",8e6b8ad37d52e93356b7396758854a76111bb6e8b5b9c23f3e50d8e186f40a14,"{""boundary"": 12, ""community_rep"": 4, ""degree_core"": 10, ""random_fill"": 6}","{""degree_2"": 2, ""degree_3_4"": 2, ""degree_5_8"": 2, ""degree_9_plus"": 26}","{""0"": 3, ""1"": 6, ""10"": 4, ""2"": 1, ""3"": 5, ""4"": 6, ""5"": 1, ""6"": 1, ""7"": 1, ""8"": 1, ""9"": 3}",221,"{""backend"": ""evaluate_m19_theory_calibrated.candidate_features"", ""delta_mode"": ""none"", ""k_max"": 512, ""k_min"": 64, ""variant"": ""conservative""}",221,0.16986933128362797,0.9638009049773756,0.9638009049773756,0.01809954751131222,0.9864253393665159,"{""dp_17_64"": 0.06787330316742081, ""dp_257_plus"": 0.665158371040724, ""dp_5_16"": 0.03619909502262444, ""dp_65_256"": 0.23076923076923078}","{""cn_0"": 0.9864253393665159, ""cn_2_3"": 0.013574660633484163}",0.03619909502262444,522.7285067873303,sasb_candidate_builder,49e9acfb46500aa9d8e46f613ad3939cc1c338b982e143925cf47b915de35934,221,49e9acfb46500aa9d8e46f613ad3939cc1c338b982e143925cf47b915de35934,"{""sasb_builder"": 221}",0,0,0,0,{},0.0,"{""common_neighbor_bin_l1"": 0.0, ""degree_product_bin_l1"": 0.0, ""is_boundary_edge_l1"": 0.0, ""is_bridge_edge_l1"": 0.0, ""is_inter_community_edge_l1"": 0.0, ""is_low_common_neighbor_edge_l1"": 0.0, ""mean_l1"": 0.0}",1,32,32,178.12350722414016,0
realworld_completed,bio_celegans,SASB-candidate,sasb,SASB-structured,20260513,721,middle,0.9889624724061811,0.9889624724061811,0.0,3,3,0,0.35604938271604936,0.3565432098765432,263,363,263--363,5,28,5,28,140,2,0.5,1,7,3,32,"[""96"", ""53"", ""51"", ""60"", ""343"", ""363"", ""62"", ""52"", ""373"", ""364"", ""97"", ""307"", ""144"", ""145"", ""142"", ""143"", ""82"", ""83"", ""220"", ""118"", ""147"", ""440"", ""154"", ""281"", ""398"", ""404"", ""263"", ""328"", ""235"", ""50"", ""298"", ""448""]",ea6138b541c512ef89745315af888a72d5f70300712d0690c40daf9a41b87f0f,"{""boundary"": 12, ""community_rep"": 4, ""degree_core"": 10, ""random_fill"": 6}","{""degree_3_4"": 5, ""degree_5_8"": 2, ""degree_9_plus"": 25}","{""0"": 1, ""1"": 6, ""10"": 5, ""2"": 1, ""3"": 5, ""4"": 8, ""5"": 1, ""6"": 2, ""7"": 1, ""8"": 1, ""9"": 1}",221,"{""backend"": ""evaluate_m19_theory_calibrated.candidate_features"", ""delta_mode"": ""none"", ""k_max"": 512, ""k_min"": 64, ""variant"": ""conservative""}",221,0.17,0.9592760180995475,0.9592760180995475,0.02262443438914027,0.9909502262443439,"{""dp_17_64"": 0.06787330316742081, ""dp_257_plus"": 0.665158371040724, ""dp_5_16"": 0.03619909502262444, ""dp_65_256"": 0.23076923076923078}","{""cn_0"": 0.9909502262443439, ""cn_2_3"": 0.00904977375565611}",0.02262443438914027,520.841628959276,sasb_candidate_builder,d74169909802928dc58bf731189247aaaf41b54d87bbc345c1cd6e7962df0f2b,221,d74169909802928dc58bf731189247aaaf41b54d87bbc345c1cd6e7962df0f2b,"{""sasb_builder"": 221}",0,0,0,0,{},0.0,"{""common_neighbor_bin_l1"": 0.0, ""degree_product_bin_l1"": 0.0, ""is_boundary_edge_l1"": 0.0, ""is_bridge_edge_l1"": 0.0, ""is_inter_community_edge_l1"": 0.0, ""is_low_common_neighbor_edge_l1"": 0.0, ""mean_l1"": 0.0}",1,32,32,1443.5767762930202,0
realworld_completed,bio_celegans,SASB-candidate,sasb,SASB-structured,20260513,722,middle,0.9889624724061811,0.9889624724061811,0.0,3,3,0,0.3565432098765432,0.35703703703703704,383,424,383--424,5,6,5,6,30,0,0.0,1,7,3,32,"[""96"", ""53"", ""51"", ""60"", ""343"", ""363"", ""62"", ""52"", ""373"", ""364"", ""97"", ""307"", ""144"", ""145"", ""142"", ""143"", ""82"", ""83"", ""220"", ""118"", ""147"", ""440"", ""154"", ""281"", ""398"", ""404"", ""296"", ""276"", ""324"", ""95"", ""217"", ""288""]",d66ad9a57b54e904e6bbe5562668f807bb5a843b51354101465097e827c6ff53,"{""boundary"": 12, ""community_rep"": 4, ""degree_core"": 10, ""random_fill"": 6}","{""degree_2"": 1, ""degree_3_4"": 4, ""degree_5_8"": 2, ""degree_9_plus"": 25}","{""0"": 3, ""1"": 6, ""10"": 4, ""2"": 1, ""3"": 5, ""4"": 6, ""5"": 2, ""6"": 1, ""7"": 1, ""8"": 1, ""9"": 2}",221,"{""backend"": ""evaluate_m19_theory_calibrated.candidate_features"", ""delta_mode"": ""none"", ""k_max"": 512, ""k_min"": 64, ""variant"": ""conservative""}",221,0.17013086989992302,0.9547511312217195,0.9547511312217195,0.02262443438914027,0.995475113122172,"{""dp_17_64"": 0.06787330316742081, ""dp_257_plus"": 0.665158371040724, ""dp_5_16"": 0.03619909502262444, ""dp_65_256"": 0.23076923076923078}","{""cn_0"": 0.995475113122172, ""cn_2_3"": 0.004524886877828055}",0.013574660633484163,519.3800904977376,sasb_candidate_builder,9485c27f41cfdadfbbaa3e4a4d49976a0ac584c087003fe15d02b1de90cc19eb,221,9485c27f41cfdadfbbaa3e4a4d49976a0ac584c087003fe15d02b1de90cc19eb,"{""sasb_builder"": 221}",0,0,0,0,{},0.0,"{""common_neighbor_bin_l1"": 0.0, ""degree_product_bin_l1"": 0.0, ""is_boundary_edge_l1"": 0.0, ""is_bridge_edge_l1"": 0.0, ""is_inter_community_edge_l1"": 0.0, ""is_low_common_neighbor_edge_l1"": 0.0, ""mean_l1"": 0.0}",1,32,32,55.87484223093979,0
realworld_completed,bio_celegans,SASB-candidate,sasb,SASB-structured,20260513,723,middle,0.9889624724061811,0.9889624724061811,0.0,3,3,0,0.35703703703703704,0.3575308641975309,262,270,262--270,9,8,8,9,72,3,0.42857142857142855,1,7,3,32,"[""96"", ""53"", ""51"", ""60"", ""343"", ""363"", ""62"", ""52"", ""373"", ""364"", ""97"", ""307"", ""144"", ""145"", ""142"", ""143"", ""82"", ""83"", ""220"", ""118"", ""147"", ""440"", ""154"", ""281"", ""398"", ""404"", ""116"", ""412"", ""356"", ""153"", ""297"", ""10""]",9aa0c123d393afacdd3b89d6055d48b62c0d77996a4418bed167e2c18975dc9b,"{""boundary"": 12, ""community_rep"": 4, ""degree_core"": 10, ""random_fill"": 6}","{""degree_2"": 3, ""degree_3_4"": 3, ""degree_5_8"": 1, ""degree_9_plus"": 25}","{""0"": 1, ""1"": 6, ""10"": 5, ""2"": 1, ""3"": 6, ""4"": 5, ""5"": 2, ""6"": 2, ""7"": 1, ""8"": 2, ""9"": 1}",220,"{""backend"": ""evaluate_m19_theory_calibrated.candidate_features"", ""delta_mode"": ""none"", ""k_max"": 512, ""k_min"": 64, ""variant"": ""conservative""}",220,0.1694915254237288,0.9545454545454546,0.9545454545454546,0.022727272727272728,0.9954545454545455,"{""dp_17_64"": 0.06363636363636363, ""dp_257_plus"": 0.6681818181818182, ""dp_5_16"": 0.03636363636363636, ""dp_65_256"": 0.2318181818181818}","{""cn_0"": 0.9954545454545455, ""cn_2_3"": 0.004545454545454545}",0.013636363636363636,521.6045454545455,sasb_candidate_builder,e33110f50fccdc32dcf7db06f1701fc2936670fc011d403b2c6938eea91a6191,220,e33110f50fccdc32dcf7db06f1701fc2936670fc011d403b2c6938eea91a6191,"{""sasb_builder"": 220}",0,0,0,0,{},0.0,"{""common_neighbor_bin_l1"": 0.0, ""degree_product_bin_l1"": 0.0, ""is_boundary_edge_l1"": 0.0, ""is_bridge_edge_l1"": 0.0, ""is_inter_community_edge_l1"": 0.0, ""is_low_common_neighbor_edge_l1"": 0.0, ""mean_l1"": 0.0}",1,32,32,19.08665656251863,0
realworld_completed,bio_celegans,SASB-candidate,sasb,SASB-structured,20260513,724,middle,0.9889624724061811,0.9889624724061811,0.0,3,3,0,0.3575308641975309,0.35802469135802467,165,51,165--51,7,64,7,64,448,3,0.5,1,3,8,32,"[""96"", ""53"", ""51"", ""60"", ""343"", ""363"", ""62"", ""52"", ""373"", ""364"", ""97"", ""307"", ""144"", ""145"", ""142"", ""143"", ""82"", ""83"", ""220"", ""118"", ""147"", ""440"", ""154"", ""281"", ""398"", ""404"", ""311"", ""273"", ""98"", ""447"", ""338"", ""257""]",38c810b152b53267145a9a86e3d07afba7b3db52908a32301b21496b7176add5,"{""boundary"": 12, ""community_rep"": 4, ""degree_core"": 10, ""random_fill"": 6}","{""degree_2"": 3, ""degree_3_4"": 3, ""degree_9_plus"": 26}","{""0"": 3, ""1"": 6, ""10"": 4, ""2"": 2, ""3"": 6, ""4"": 5, ""5"": 2, ""6"": 1, ""7"": 1, ""8"": 1, ""9"": 1}",220,"{""backend"": ""evaluate_m19_theory_calibrated.candidate_features"", ""delta_mode"": ""none"", ""k_max"": 512, ""k_min"": 64, ""variant"": ""conservative""}",220,0.16962220508866616,0.95,0.95,0.022727272727272728,1.0,"{""dp_17_64"": 0.06818181818181818, ""dp_257_plus"": 0.6681818181818182, ""dp_5_16"": 0.03636363636363636, ""dp_65_256"": 0.22727272727272727}","{""cn_0"": 1.0}",0.0,520.5954545454546,sasb_candidate_builder,a17bd9e34bd592d5861bb351d84a0c93e4268df59a239dcd6c453c452efe193f,220,a17bd9e34bd592d5861bb351d84a0c93e4268df59a239dcd6c453c452efe193f,"{""sasb_builder"": 220}",0,0,0,0,{},0.0,"{""common_neighbor_bin_l1"": 0.0, ""degree_product_bin_l1"": 0.0, ""is_boundary_edge_l1"": 0.0, ""is_bridge_edge_l1"": 0.0, ""is_inter_community_edge_l1"": 0.0, ""is_low_common_neighbor_edge_l1"": 0.0, ""mean_l1"": 0.0}",1,32,32,0.0,0
realworld_completed,bio_celegans,SASB-candidate,sasb,SASB-structured,20260513,725,middle,0.9889624724061811,0.9889624724061811,0.0,3,3,0,0.35802469135802467,0.3585185185185185,165,53,165--53,6,71,6,71,426,2,0.4,1,3,8,32,"[""96"", ""53"", ""51"", ""60"", ""343"", ""363"", ""62"", ""52"", ""373"", ""364"", ""97"", ""307"", ""144"", ""145"", ""142"", ""143"", ""82"", ""83"", ""220"", ""118"", ""147"", ""440"", ""154"", ""281"", ""398"", ""404"", ""383"", ""252"", ""420"", ""19"", ""55"", ""68""]",7e838c546673d24181f7b07b287fee6f85c3e1cc08fb846bab0f89c104acec2d,"{""boundary"": 12, ""community_rep"": 4, ""degree_core"": 10, ""random_fill"": 6}","{""degree_3_4"": 5, ""degree_5_8"": 2, ""degree_9_plus"": 25}","{""0"": 2, ""1"": 7, ""10"": 5, ""2"": 1, ""3"": 5, ""4"": 5, ""5"": 1, ""6"": 1, ""7"": 1, ""8"": 3, ""9"": 1}",220,"{""backend"": ""evaluate_m19_theory_calibrated.candidate_features"", ""delta_mode"": ""none"", ""k_max"": 512, ""k_min"": 64, ""variant"": ""conservative""}",220,0.1697530864197531,0.9454545454545454,0.9454545454545454,0.022727272727272728,1.0,"{""dp_17_64"": 0.06818181818181818, ""dp_257_plus"": 0.6636363636363637, ""dp_5_16"": 0.03636363636363636, ""dp_65_256"": 0.2318181818181818}","{""cn_0"": 1.0}",0.0,518.3772727272727,sasb_candidate_builder,c9d1f5396d003021633922b1db4782897f9a978a45216bbadc7d1e2920618752,220,c9d1f5396d003021633922b1db4782897f9a978a45216bbadc7d1e2920618752,"{""sasb_builder"": 220}",0,0,0,0,{},0.0,"{""common_neighbor_bin_l1"": 0.0, ""degree_product_bin_l1"": 0.0, ""is_boundary_edge_l1"": 0.0, ""is_bridge_edge_l1"": 0.0, ""is_inter_community_edge_l1"": 0.0, ""is_low_common_neighbor_edge_l1"": 0.0, ""mean_l1"": 0.0}",1,32,32,0.0,0
realworld_completed,bio_celegans,SASB-candidate,sasb,SASB-structured,20260513,726,middle,0.9889624724061811,0.9889624724061811,0.0,3,3,0,0.3585185185185185,0.35901234567901236,236,60,236--60,9,37,9,37,333,1,0.125,1,3,4,32,"[""96"", ""53"", ""51"", ""60"", ""343"", ""363"", ""62"", ""52"", ""373"", ""364"", ""97"", ""307"", ""144"", ""145"", ""142"", ""143"", ""82"", ""83"", ""220"", ""118"", ""147"", ""440"", ""154"", ""281"", ""398"", ""404"", ""288"", ""308"", ""216"", ""257"", ""380"", ""214""]",e4678a5a801799b1d578105833b3ed21a0493a81951de8738a61dbbd7874933c,"{""boundary"": 12, ""community_rep"": 4, ""degree_core"": 10, ""random_fill"": 6}","{""degree_0_1"": 2, ""degree_3_4"": 4, ""degree_5_8"": 1, ""degree_9_plus"": 25}","{""0"": 2, ""1"": 6, ""10"": 3, ""2"": 2, ""3"": 6, ""4"": 6, ""5"": 3, ""6"": 1, ""7"": 1, ""8"": 1, ""9"": 1}",220,"{""backend"": ""evaluate_m19_theory_calibrated.candidate_features"", ""delta_mode"": ""none"", ""k_max"": 512, ""k_min"": 64, ""variant"": ""conservative""}",220,0.16988416988416988,0.9409090909090909,0.9409090909090909,0.022727272727272728,1.0,"{""dp_17_64"": 0.06818181818181818, ""dp_257_plus"": 0.6636363636363637, ""dp_5_16"": 0.03636363636363636, ""dp_65_256"": 0.2318181818181818}","{""cn_0"": 1.0}",0.0,517.4045454545454,sasb_candidate_builder,33886ef39f542fe460e373aad3a7b32763f468311d98247c32aa53810d5026cb,220,33886ef39f542fe460e373aad3a7b32763f468311d98247c32aa53810d5026cb,"{""sasb_builder"": 220}",0,0,0,0,{},0.0,"{""common_neighbor_bin_l1"": 0.0, ""degree_product_bin_l1"": 0.0, ""is_boundary_edge_l1"": 0.0, ""is_bridge_edge_l1"": 0.0, ""is_inter_community_edge_l1"": 0.0, ""is_low_common_neighbor_edge_l1"": 0.0, ""mean_l1"": 0.0}",1,32,32,0.0,0
realworld_completed,bio_celegans,SASB-candidate,sasb,SASB-structured,20260513,727,middle,0.9889624724061811,0.9889624724061811,0.0,3,3,0,0.35901234567901236,0.3595061728395062,236,96,236--96,8,125,8,125,1000,1,0.14285714285714285,1,3,0,32,"[""96"", ""53"", ""51"", ""60"", ""343"", ""363"", ""62"", ""52"", ""373"", ""364"", ""97"", ""307"", ""144"", ""145"", ""142"", ""143"", ""82"", ""83"", ""220"", ""118"", ""147"", ""440"", ""154"", ""281"", ""398"", ""404"", ""388"", ""342"", ""90"", ""146"", ""371"", ""246""]",b3ed02fadeaf445608129e30a1caefd30ce1a5ec06c4bbad768f58d3988e5587,"{""boundary"": 12, ""community_rep"": 4, ""degree_core"": 10, ""random_fill"": 6}","{""degree_2"": 1, ""degree_3_4"": 5, ""degree_5_8"": 1, ""degree_9_plus"": 25}","{""0"": 1, ""1"": 6, ""10"": 4, ""2"": 2, ""3"": 6, ""4"": 6, ""5"": 1, ""6"": 1, ""7"": 2, ""8"": 2, ""9"": 1}",220,"{""backend"": ""evaluate_m19_theory_calibrated.candidate_features"", ""delta_mode"": ""none"", ""k_max"": 512, ""k_min"": 64, ""variant"": ""conservative""}",220,0.17001545595054096,0.9363636363636364,0.9363636363636364,0.022727272727272728,1.0,"{""dp_17_64"": 0.06818181818181818, ""dp_257_plus"": 0.6454545454545455, ""dp_5_16"": 0.03636363636363636, ""dp_65_256"": 0.25}","{""cn_0"": 1.0}",0.0,517.7318181818182,sasb_candidate_builder,053af0e78537a9beb29b41575f421ca4f8ebf54f10ac62594317532f9df07905,220,053af0e78537a9beb29b41575f421ca4f8ebf54f10ac62594317532f9df07905,"{""sasb_builder"": 220}",0,0,0,0,{},0.0,"{""common_neighbor_bin_l1"": 0.0, ""degree_product_bin_l1"": 0.0, ""is_boundary_edge_l1"": 0.0, ""is_bridge_edge_l1"": 0.0, ""is_inter_community_edge_l1"": 0.0, ""is_low_common_neighbor_edge_l1"": 0.0, ""mean_l1"": 0.0}",1,32,32,0.0,0
realworld_completed,bio_celegans,SASB-candidate,sasb,SASB-structured,20260513,728,middle,0.9889624724061811,0.9889624724061811,0.0,3,3,0,0.3595061728395062,0.36,242,96,242--96,4,124,4,124,496,1,0.3333333333333333,1,4,6,32,"[""96"", ""53"", ""51"", ""60"", ""343"", ""363"", ""62"", ""52"", ""373"", ""364"", ""97"", ""307"", ""144"", ""145"", ""142"", ""143"", ""82"", ""83"", ""220"", ""118"", ""147"", ""440"", ""154"", ""281"", ""398"", ""404"", ""402"", ""311"", ""199"", ""12"", ""36"", ""408""]",4335e51c6a5c02d01f93cdb818e542a8e43e839d63313a17652bf1253dcd6df3,"{""boundary"": 12, ""community_rep"": 4, ""degree_core"": 10, ""random_fill"": 6}","{""degree_0_1"": 1, ""degree_2"": 2, ""degree_3_4"": 3, ""degree_5_8"": 1, ""degree_9_plus"": 25}","{""0"": 3, ""1"": 6, ""10"": 4, ""2"": 1, ""3"": 7, ""4"": 5, ""5"": 1, ""6"": 2, ""7"": 1, ""8"": 1, ""9"": 1}",220,"{""backend"": ""evaluate_m19_theory_calibrated.candidate_features"", ""delta_mode"": ""none"", ""k_max"": 512, ""k_min"": 64, ""variant"": ""conservative""}",220,0.17014694508894046,0.9318181818181818,0.9318181818181818,0.022727272727272728,1.0,"{""dp_17_64"": 0.06818181818181818, ""dp_257_plus"": 0.6454545454545455, ""dp_5_16"": 0.03636363636363636, ""dp_65_256"": 0.25}","{""cn_0"": 1.0}",0.0,513.0227272727273,sasb_candidate_builder,bf312151945f29ec3ba72071600a1f30acce3d993ddda8efe8c13c96d439fb9f,220,bf312151945f29ec3ba72071600a1f30acce3d993ddda8efe8c13c96d439fb9f,"{""sasb_builder"": 220}",0,0,0,0,{},0.0,"{""common_neighbor_bin_l1"": 0.0, ""degree_product_bin_l1"": 0.0, ""is_boundary_edge_l1"": 0.0, ""is_bridge_edge_l1"": 0.0, ""is_inter_community_edge_l1"": 0.0, ""is_low_common_neighbor_edge_l1"": 0.0, ""mean_l1"": 0.0}",1,32,32,0.0,0
realworld_completed,bio_celegans,SASB-candidate,sasb,SASB-structured,20260513,729,middle,0.9889624724061811,0.9889624724061811,0.0,3,3,0,0.36,0.36049382716049383,243,59,243--59,4,4,4,4,16,0,0.0,1,8,2,32,"[""96"", ""53"", ""51"", ""60"", ""343"", ""363"", ""62"", ""52"", ""373"", ""364"", ""97"", ""307"", ""144"", ""145"", ""142"", ""143"", ""82"", ""83"", ""220"", ""118"", ""147"", ""440"", ""154"", ""281"", ""398"", ""404"", ""182"", ""58"", ""341"", ""110"", ""392"", ""130""]",3c8ebd3ea64b68d87222ff93d59ad660ed8870099682ed9319d64b8ee8379133,"{""boundary"": 12, ""community_rep"": 4, ""degree_core"": 10, ""random_fill"": 6}","{""degree_2"": 1, ""degree_3_4"": 5, ""degree_5_8"": 1, ""degree_9_plus"": 25}","{""0"": 2, ""1"": 8, ""10"": 3, ""2"": 2, ""3"": 6, ""4"": 5, ""5"": 2, ""6"": 1, ""7"": 1, ""8"": 1, ""9"": 1}",220,"{""backend"": ""evaluate_m19_theory_calibrated.candidate_features"", ""delta_mode"": ""none"", ""k_max"": 512, ""k_min"": 64, ""variant"": ""conservative""}",220,0.17027863777089783,0.9272727272727272,0.9272727272727272,0.022727272727272728,1.0,"{""dp_17_64"": 0.06818181818181818, ""dp_257_plus"": 0.6454545454545455, ""dp_5_16"": 0.03636363636363636, ""dp_65_256"": 0.25}","{""cn_0"": 1.0}",0.0,511.4818181818182,sasb_candidate_builder,11ad4131a9b1292a67ef3cc906109300b18df759abbca4d3c64f4a846a25dbe5,220,11ad4131a9b1292a67ef3cc906109300b18df759abbca4d3c64f4a846a25dbe5,"{""sasb_builder"": 220}",0,0,0,0,{},0.0,"{""common_neighbor_bin_l1"": 0.0, ""degree_product_bin_l1"": 0.0, ""is_boundary_edge_l1"": 0.0, ""is_bridge_edge_l1"": 0.0, ""is_inter_community_edge_l1"": 0.0, ""is_low_common_neighbor_edge_l1"": 0.0, ""mean_l1"": 0.0}",1,32,32,0.0,0
realworld_completed,bio_celegans,SASB-candidate,sasb,SASB-structured,20260513,730,middle,0.9889624724061811,0.9889624724061811,0.0,3,3,0,0.36049382716049383,0.36098765432098767,118,294,118--294,22,5,5,22,110,1,0.25,1,3,10,32,"[""96"", ""53"", ""51"", ""60"", ""343"", ""363"", ""62"", ""52"", ""373"", ""364"", ""97"", ""307"", ""144"", ""145"", ""142"", ""143"", ""82"", ""83"", ""220"", ""118"", ""147"", ""440"", ""154"", ""281"", ""398"", ""348"", ""404"", ""334"", ""336"", ""3"", ""210"", ""351""]",807469a6bf6d20838084f5ff20aa3ed3d1a336e2dd51653fd62248f15d4e19db,"{""boundary"": 12, ""community_rep"": 5, ""degree_core"": 10, ""random_fill"": 5}","{""degree_2"": 3, ""degree_3_4"": 2, ""degree_5_8"": 1, ""degree_9_plus"": 26}","{""0"": 1, ""1"": 6, ""10"": 3, ""11"": 1, ""2"": 1, ""3"": 5, ""4"": 8, ""5"": 2, ""6"": 2, ""7"": 1, ""8"": 1, ""9"": 1}",220,"{""backend"": ""evaluate_m19_theory_calibrated.candidate_features"", ""delta_mode"": ""none"", ""k_max"": 512, ""k_min"": 64, ""variant"": ""conservative""}",220,0.17041053446940357,0.9454545454545454,0.9454545454545454,0.022727272727272728,0.9863636363636363,"{""dp_17_64"": 0.07272727272727272, ""dp_257_plus"": 0.6409090909090909, ""dp_5_16"": 0.031818181818181815, ""dp_65_256"": 0.2545454545454545}","{""cn_0"": 0.9818181818181818, ""cn_1"": 0.004545454545454545, ""cn_2_3"": 0.00909090909090909, ""cn_4_8"": 0.004545454545454545}",0.045454545454545456,516.7,sasb_candidate_builder,864e8ecab061ec408f5150ff0f74c52131986e2be7610941e48605273001cb73,220,864e8ecab061ec408f5150ff0f74c52131986e2be7610941e48605273001cb73,"{""sasb_builder"": 220}",0,0,0,0,{},0.0,"{""common_neighbor_bin_l1"": 0.0, ""degree_product_bin_l1"": 0.0, ""is_boundary_edge_l1"": 0.0, ""is_bridge_edge_l1"": 0.0, ""is_inter_community_edge_l1"": 0.0, ""is_low_common_neighbor_edge_l1"": 0.0, ""mean_l1"": 0.0}",1,32,32,421.47340215078725,0
realworld_completed,bio_celegans,SASB-candidate,sasb,SASB-structured,20260513,731,middle,0.9889624724061811,0.9889624724061811,0.0,3,3,0,0.36098765432098767,0.36148148148148146,118,412,118--412,21,6,6,21,126,1,0.2,1,3,9,32,"[""96"", ""53"", ""51"", ""60"", ""343"", ""363"", ""62"", ""52"", ""373"", ""364"", ""97"", ""307"", ""144"", ""145"", ""142"", ""143"", ""82"", ""83"", ""220"", ""147"", ""118"", ""440"", ""154"", ""281"", ""398"", ""348"", ""404"", ""450"", ""120"", ""451"", ""269"", ""319""]",baa485837ffda269fa04d5b6ad7fe81b4ccd1a4e4cd16cc5752da8b13f022131,"{""boundary"": 12, ""community_rep"": 5, ""degree_core"": 10, ""random_fill"": 5}","{""degree_2"": 2, ""degree_3_4"": 2, ""degree_5_8"": 2, ""degree_9_plus"": 26}","{""0"": 1, ""1"": 8, ""10"": 3, ""11"": 1, ""2"": 1, ""3"": 6, ""4"": 5, ""5"": 2, ""6"": 2, ""7"": 1, ""8"": 1, ""9"": 1}",220,"{""backend"": ""evaluate_m19_theory_calibrated.candidate_features"", ""delta_mode"": ""none"", ""k_max"": 512, ""k_min"": 64, ""variant"": ""conservative""}",220,0.17054263565891473,0.9454545454545454,0.9454545454545454,0.022727272727272728,0.9863636363636363,"{""dp_17_64"": 0.07727272727272727, ""dp_257_plus"": 0.6409090909090909, ""dp_5_16"": 0.031818181818181815, ""dp_65_256"": 0.25}","{""cn_0"": 0.9818181818181818, ""cn_1"": 0.004545454545454545, ""cn_2_3"": 0.004545454545454545, ""cn_4_8"": 0.00909090909090909}",0.05454545454545454,516.2227272727273,sasb_candidate_builder,451909b8fb430f75d1e03c07359e175f6919caa92faa837f9df32c553dbfb9db,220,451909b8fb430f75d1e03c07359e175f6919caa92faa837f9df32c553dbfb9db,"{""sasb_builder"": 220}",0,0,0,0,{},0.0,"{""common_neighbor_bin_l1"": 0.0, ""degree_product_bin_l1"": 0.0, ""is_boundary_edge_l1"": 0.0, ""is_bridge_edge_l1"": 0.0, ""is_inter_community_edge_l1"": 0.0, ""is_low_common_neighbor_edge_l1"": 0.0, ""mean_l1"": 0.0}",1,32,32,495.82782250205554,0
realworld_completed,bio_celegans,SASB-candidate,sasb,SASB-structured,20260513,732,middle,0.9889624724061811,0.9889624724061811,0.0,3,3,0,0.36148148148148146,0.3619753086419753,294,343,294--343,4,49,4,49,196,3,1.0,1,10,3,32,"[""96"", ""53"", ""51"", ""60"", ""343"", ""363"", ""62"", ""52"", ""373"", ""364"", ""97"", ""307"", ""144"", ""145"", ""142"", ""143"", ""82"", ""83"", ""220"", ""147"", ""118"", ""440"", ""154"", ""281"", ""398"", ""348"", ""404"", ""151"", ""80"", ""58"", ""104"", ""152""]",e930b5d04f947fd0e78fba587a897a8c1f5c3406fd77b870df1cd2ba74a3f38b,"{""boundary"": 12, ""community_rep"": 5, ""degree_core"": 10, ""random_fill"": 5}","{""degree_3_4"": 6, ""degree_9_plus"": 26}","{""0"": 1, ""1"": 7, ""10"": 5, ""11"": 1, ""2"": 2, ""3"": 5, ""4"": 5, ""5"": 2, ""6"": 1, ""7"": 1, ""8"": 1, ""9"": 1}",220,"{""backend"": ""evaluate_m19_theory_calibrated.candidate_features"", ""delta_mode"": ""none"", ""k_max"": 512, ""k_min"": 64, ""variant"": ""conservative""}",220,0.17067494181536075,0.9363636363636364,0.9363636363636364,0.022727272727272728,0.990909090909091,"{""dp_17_64"": 0.07272727272727272, ""dp_257_plus"": 0.6409090909090909, ""dp_5_16"": 0.031818181818181815, ""dp_65_256"": 0.2545454545454545}","{""cn_0"": 0.990909090909091, ""cn_2_3"": 0.004545454545454545, ""cn_4_8"": 0.004545454545454545}",0.031818181818181815,518.5,sasb_candidate_builder,d5bcfc15a43b44e2990c56e82e96fb2e79cfc50ddae91a241950402270d80083,220,d5bcfc15a43b44e2990c56e82e96fb2e79cfc50ddae91a241950402270d80083,"{""sasb_builder"": 220}",0,0,0,0,{},0.0,"{""common_neighbor_bin_l1"": 0.0, ""degree_product_bin_l1"": 0.0, ""is_boundary_edge_l1"": 0.0, ""is_bridge_edge_l1"": 0.0, ""is_inter_community_edge_l1"": 0.0, ""is_low_common_neighbor_edge_l1"": 0.0, ""mean_l1"": 0.0}",1,32,32,172.35555555555555,0
realworld_completed,bio_celegans,SASB-candidate,sasb,SASB-structured,20260513,733,middle,0.9889624724061811,0.9889624724061811,0.0,3,3,0,0.3619753086419753,0.36246913580246914,343,412,343--412,48,5,5,48,240,3,0.75,1,3,9,32,"[""96"", ""53"", ""51"", ""60"", ""343"", ""363"", ""62"", ""52"", ""373"", ""364"", ""97"", ""307"", ""144"", ""145"", ""142"", ""143"", ""82"", ""83"", ""220"", ""147"", ""118"", ""440"", ""154"", ""281"", ""398"", ""348"", ""404"", ""368"", ""79"", ""123"", ""401"", ""443""]",8996c8245a441a60c38241d9ee501531af7825b367692ab7c3a2719c36ec478b,"{""boundary"": 12, ""community_rep"": 5, ""degree_core"": 10, ""random_fill"": 5}","{""degree_2"": 1, ""degree_3_4"": 2, ""degree_5_8"": 3, ""degree_9_plus"": 26}","{""0"": 1, ""1"": 7, ""10"": 4, ""11"": 1, ""2"": 1, ""3"": 5, ""4"": 5, ""5"": 2, ""6"": 2, ""7"": 1, ""8"": 1, ""9"": 2}",220,"{""backend"": ""evaluate_m19_theory_calibrated.candidate_features"", ""delta_mode"": ""none"", ""k_max"": 512, ""k_min"": 64, ""variant"": ""conservative""}",220,0.17080745341614906,0.9363636363636364,0.9363636363636364,0.022727272727272728,0.990909090909091,"{""dp_17_64"": 0.07727272727272727, ""dp_257_plus"": 0.6409090909090909, ""dp_5_16"": 0.031818181818181815, ""dp_65_256"": 0.25}","{""cn_0"": 0.990909090909091, ""cn_2_3"": 0.00909090909090909}",0.02727272727272727,516.1090909090909,sasb_candidate_builder,d3fbe86ec89f3235f702f8b7bae358ec5d3caa34645c13f0ae88104d23d41348,220,d3fbe86ec89f3235f702f8b7bae358ec5d3caa34645c13f0ae88104d23d41348,"{""sasb_builder"": 220}",0,0,0,0,{},0.0,"{""common_neighbor_bin_l1"": 0.0, ""degree_product_bin_l1"": 0.0, ""is_boundary_edge_l1"": 0.0, ""is_bridge_edge_l1"": 0.0, ""is_inter_community_edge_l1"": 0.0, ""is_low_common_neighbor_edge_l1"": 0.0, ""mean_l1"": 0.0}",1,32,32,196.67198912198913,0
realworld_completed,bio_celegans,SASB-candidate,sasb,SASB-structured,20260513,734,middle,0.9889624724061811,0.9889624724061811,0.0,3,3,0,0.36246913580246914,0.362962962962963,411,412,411--412,10,4,4,10,40,2,0.6666666666666666,1,3,9,32,"[""96"", ""53"", ""51"", ""60"", ""343"", ""363"", ""62"", ""52"", ""373"", ""364"", ""97"", ""307"", ""144"", ""145"", ""142"", ""143"", ""82"", ""83"", ""220"", ""147"", ""118"", ""440"", ""154"", ""281"", ""398"", ""348"", ""404"", ""383"", ""228"", ""100"", ""357"", ""308""]",906a3252870e185699ce7abe61ea5858a69fbdee4eca282ece0f40d9e5d33ca4,"{""boundary"": 12, ""community_rep"": 5, ""degree_core"": 10, ""random_fill"": 5}","{""degree_0_1"": 1, ""degree_2"": 1, ""degree_3_4"": 3, ""degree_5_8"": 1, ""degree_9_plus"": 26}","{""0"": 1, ""1"": 6, ""10"": 4, ""11"": 1, ""2"": 2, ""3"": 6, ""4"": 7, ""5"": 1, ""6"": 1, ""7"": 1, ""8"": 1, ""9"": 1}",220,"{""backend"": ""evaluate_m19_theory_calibrated.candidate_features"", ""delta_mode"": ""none"", ""k_max"": 512, ""k_min"": 64, ""variant"": ""conservative""}",220,0.17094017094017094,0.9318181818181818,0.9318181818181818,0.022727272727272728,0.9954545454545455,"{""dp_17_64"": 0.07727272727272727, ""dp_257_plus"": 0.6454545454545455, ""dp_5_16"": 0.031818181818181815, ""dp_65_256"": 0.24545454545454545}","{""cn_0"": 0.9954545454545455, ""cn_2_3"": 0.004545454545454545}",0.00909090909090909,516.45,sasb_candidate_builder,72029f07212e2649e33d5bbf1c229780c7f18decb7991f01b5ff9b129bcbd5b7,220,72029f07212e2649e33d5bbf1c229780c7f18decb7991f01b5ff9b129bcbd5b7,"{""sasb_builder"": 220}",0,0,0,0,{},0.0,"{""common_neighbor_bin_l1"": 0.0, ""degree_product_bin_l1"": 0.0, ""is_boundary_edge_l1"": 0.0, ""is_bridge_edge_l1"": 0.0, ""is_inter_community_edge_l1"": 0.0, ""is_low_common_neighbor_edge_l1"": 0.0, ""mean_l1"": 0.0}",1,32,32,34.994592145814316,0
realworld_completed,bio_celegans,SASB-candidate,sasb,SASB-structured,20260513,735,middle,0.9889624724061811,0.9889624724061811,0.0,3,3,0,0.362962962962963,0.3634567901234568,243,96,243--96,3,123,3,123,369,0,0.0,1,9,6,32,"[""96"", ""53"", ""51"", ""60"", ""343"", ""363"", ""62"", ""52"", ""373"", ""364"", ""97"", ""307"", ""144"", ""145"", ""142"", ""143"", ""82"", ""83"", ""220"", ""147"", ""118"", ""440"", ""154"", ""281"", ""398"", ""348"", ""404"", ""393"", ""405"", ""443"", ""299"", ""414""]",0e4f3b68394213d7735d209f3fdabb0260067c9c5f2dcbbf915b9c1b06339c60,"{""boundary"": 12, ""community_rep"": 5, ""degree_core"": 10, ""random_fill"": 5}","{""degree_0_1"": 1, ""degree_2"": 1, ""degree_3_4"": 4, ""degree_9_plus"": 26}","{""0"": 1, ""1"": 7, ""10"": 3, ""11"": 2, ""2"": 2, ""3"": 5, ""4"": 5, ""5"": 2, ""6"": 2, ""7"": 1, ""8"": 1, ""9"": 1}",219,"{""backend"": ""evaluate_m19_theory_calibrated.candidate_features"", ""delta_mode"": ""none"", ""k_max"": 512, ""k_min"": 64, ""variant"": ""conservative""}",219,0.1702954898911353,0.9315068493150684,0.9315068493150684,0.0228310502283105,1.0,"{""dp_17_64"": 0.0730593607305936, ""dp_257_plus"": 0.6484018264840182, ""dp_5_16"": 0.0319634703196347, ""dp_65_256"": 0.2465753424657534}","{""cn_0"": 1.0}",0.0,518.0182648401826,sasb_candidate_builder,2e71c95431165d4669285b9de346429c7fb196b87436bdb48a187ec63ee9b2fb,219,2e71c95431165d4669285b9de346429c7fb196b87436bdb48a187ec63ee9b2fb,"{""sasb_builder"": 219}",0,0,0,0,{},0.0,"{""common_neighbor_bin_l1"": 0.0, ""degree_product_bin_l1"": 0.0, ""is_boundary_edge_l1"": 0.0, ""is_bridge_edge_l1"": 0.0, ""is_inter_community_edge_l1"": 0.0, ""is_low_common_neighbor_edge_l1"": 0.0, ""mean_l1"": 0.0}",1,32,32,0.0,0
realworld_completed,bio_celegans,SASB-candidate,sasb,SASB-structured,20260513,736,middle,0.9889624724061811,0.9889624724061811,0.0,3,3,0,0.3634567901234568,0.3639506172839506,246,60,246--60,4,36,4,36,144,0,0.0,1,9,4,32,"[""96"", ""53"", ""51"", ""60"", ""343"", ""363"", ""62"", ""52"", ""373"", ""364"", ""97"", ""307"", ""144"", ""145"", ""142"", ""143"", ""82"", ""83"", ""220"", ""147"", ""118"", ""440"", ""154"", ""281"", ""398"", ""348"", ""404"", ""428"", ""253"", ""333"", ""6"", ""93""]",4a2663f462debd4443e509e61c0c60d8ca8b11aaa6fbb6234ddc224eea2ac5b7,"{""boundary"": 12, ""community_rep"": 5, ""degree_core"": 10, ""random_fill"": 5}","{""degree_2"": 1, ""degree_3_4"": 3, ""degree_5_8"": 1, ""degree_9_plus"": 27}","{""0"": 1, ""1"": 6, ""10"": 4, ""11"": 1, ""2"": 1, ""3"": 6, ""4"": 7, ""5"": 1, ""6"": 2, ""7"": 1, ""8"": 1, ""9"": 1}",219,"{""backend"": ""evaluate_m19_theory_calibrated.candidate_features"", ""delta_mode"": ""none"", ""k_max"": 512, ""k_min"": 64, ""variant"": ""conservative""}",219,0.17042801556420234,0.9269406392694064,0.9269406392694064,0.0228310502283105,1.0,"{""dp_17_64"": 0.0730593607305936, ""dp_257_plus"": 0.6484018264840182, ""dp_5_16"": 0.0319634703196347, ""dp_65_256"": 0.2465753424657534}","{""cn_0"": 1.0}",0.0,516.0502283105022,sasb_candidate_builder,0d2403a14abd9f674b8e5a69feead97bb7f598d05fea02ec2490fed9b101cc9e,219,0d2403a14abd9f674b8e5a69feead97bb7f598d05fea02ec2490fed9b101cc9e,"{""sasb_builder"": 219}",0,0,0,0,{},0.0,"{""common_neighbor_bin_l1"": 0.0, ""degree_product_bin_l1"": 0.0, ""is_boundary_edge_l1"": 0.0, ""is_bridge_edge_l1"": 0.0, ""is_inter_community_edge_l1"": 0.0, ""is_low_common_neighbor_edge_l1"": 0.0, ""mean_l1"": 0.0}",1,32,32,0.0,0
realworld_completed,bio_celegans,SASB-candidate,sasb,SASB-structured,20260513,737,middle,0.9889624724061811,0.9889624724061811,0.0,3,3,0,0.3639506172839506,0.36444444444444446,249,51,249--51,6,63,6,63,378,1,0.2,1,11,10,32,"[""96"", ""53"", ""51"", ""60"", ""343"", ""363"", ""62"", ""52"", ""373"", ""364"", ""97"", ""307"", ""144"", ""145"", ""142"", ""143"", ""82"", ""83"", ""220"", ""147"", ""118"", ""440"", ""154"", ""281"", ""398"", ""348"", ""404"", ""259"", ""242"", ""332"", ""174"", ""379""]",168715f84ff173990bcf75f19d018bb3fa4d60ba31f51d6d25e3c6b8933cc8cc,"{""boundary"": 12, ""community_rep"": 5, ""degree_core"": 10, ""random_fill"": 5}","{""degree_2"": 1, ""degree_3_4"": 4, ""degree_5_8"": 1, ""degree_9_plus"": 26}","{""0"": 1, ""1"": 6, ""10"": 5, ""11"": 1, ""2"": 1, ""3"": 5, ""4"": 7, ""5"": 1, ""6"": 2, ""7"": 1, ""8"": 1, ""9"": 1}",219,"{""backend"": ""evaluate_m19_theory_calibrated.candidate_features"", ""delta_mode"": ""none"", ""k_max"": 512, ""k_min"": 64, ""variant"": ""conservative""}",219,0.1705607476635514,0.9223744292237442,0.9223744292237442,0.0228310502283105,1.0,"{""dp_17_64"": 0.0730593607305936, ""dp_257_plus"": 0.6529680365296804, ""dp_5_16"": 0.0319634703196347, ""dp_65_256"": 0.2420091324200913}","{""cn_0"": 1.0}",0.0,517.5205479452055,sasb_candidate_builder,7069ac2ae551cd590bc4179cc8f0b5a93f8342a4bf1b388a1604f8cc65f53fc7,219,7069ac2ae551cd590bc4179cc8f0b5a93f8342a4bf1b388a1604f8cc65f53fc7,"{""sasb_builder"": 219}",0,0,0,0,{},0.0,"{""common_neighbor_bin_l1"": 0.0, ""degree_product_bin_l1"": 0.0, ""is_boundary_edge_l1"": 0.0, ""is_bridge_edge_l1"": 0.0, ""is_inter_community_edge_l1"": 0.0, ""is_low_common_neighbor_edge_l1"": 0.0, ""mean_l1"": 0.0}",1,32,32,0.0,0
realworld_completed,bio_celegans,SASB-candidate,sasb,SASB-structured,20260513,738,middle,0.9889624724061811,0.9889624724061811,0.0,3,3,0,0.36444444444444446,0.36493827160493825,249,53,249--53,5,70,5,70,350,0,0.0,1,0,10,32,"[""96"", ""53"", ""51"", ""60"", ""343"", ""363"", ""62"", ""52"", ""373"", ""364"", ""97"", ""307"", ""144"", ""145"", ""142"", ""143"", ""82"", ""83"", ""220"", ""147"", ""118"", ""440"", ""154"", ""281"", ""398"", ""348"", ""404"", ""38"", ""77"", ""160"", ""110"", ""338""]",e361d5e58a7f82f03198b6e0f952a2cfb16f6a996bf6a0f88ff37557c7c03003,"{""boundary"": 12, ""community_rep"": 5, ""degree_core"": 10, ""random_fill"": 5}","{""degree_2"": 1, ""degree_3_4"": 2, ""degree_5_8"": 3, ""degree_9_plus"": 26}","{""0"": 1, ""1"": 7, ""10"": 4, ""11"": 1, ""2"": 2, ""3"": 6, ""4"": 5, ""5"": 1, ""6"": 1, ""7"": 2, ""8"": 1, ""9"": 1}",219,"{""backend"": ""evaluate_m19_theory_calibrated.candidate_features"", ""delta_mode"": ""none"", ""k_max"": 512, ""k_min"": 64, ""variant"": ""conservative""}",219,0.17069368667186283,0.9178082191780822,0.9178082191780822,0.0228310502283105,1.0,"{""dp_17_64"": 0.0730593607305936, ""dp_257_plus"": 0.6484018264840182, ""dp_5_16"": 0.0319634703196347, ""dp_65_256"": 0.2465753424657534}","{""cn_0"": 1.0}",0.0,514.7808219178082,sasb_candidate_builder,e2ee2cfbb736933f1f6026f54661accd008e1c4935a6924b3868573376b795e1,219,e2ee2cfbb736933f1f6026f54661accd008e1c4935a6924b3868573376b795e1,"{""sasb_builder"": 219}",0,0,0,0,{},0.0,"{""common_neighbor_bin_l1"": 0.0, ""degree_product_bin_l1"": 0.0, ""is_boundary_edge_l1"": 0.0, ""is_bridge_edge_l1"": 0.0, ""is_inter_community_edge_l1"": 0.0, ""is_low_common_neighbor_edge_l1"": 0.0, ""mean_l1"": 0.0}",1,32,32,0.0,0
realworld_completed,bio_celegans,SASB-candidate,sasb,SASB-structured,20260513,739,middle,0.9889624724061811,0.9889624724061811,0.0,3,3,0,0.36493827160493825,0.3654320987654321,249,96,249--96,4,122,4,122,488,2,0.6666666666666666,0,7,7,32,"[""96"", ""53"", ""51"", ""60"", ""343"", ""363"", ""62"", ""52"", ""373"", ""364"", ""97"", ""307"", ""144"", ""145"", ""142"", ""143"", ""82"", ""83"", ""220"", ""147"", ""118"", ""440"", ""154"", ""281"", ""398"", ""348"", ""404"", ""124"", ""223"", ""103"", ""312"", ""80""]",3336350ff2618ecfd7ec11cb2d4da6e461e7aa06e0db01e30b796ca6f6f7b528,"{""boundary"": 12, ""community_rep"": 5, ""degree_core"": 10, ""random_fill"": 5}","{""degree_0_1"": 1, ""degree_2"": 1, ""degree_3_4"": 3, ""degree_5_8"": 1, ""degree_9_plus"": 26}","{""0"": 1, ""1"": 8, ""10"": 4, ""11"": 1, ""2"": 1, ""3"": 5, ""4"": 5, ""5"": 1, ""6"": 1, ""7"": 2, ""8"": 1, ""9"": 2}",219,"{""backend"": ""evaluate_m19_theory_calibrated.candidate_features"", ""delta_mode"": ""none"", ""k_max"": 512, ""k_min"": 64, ""variant"": ""conservative""}",219,0.17082683307332294,0.91324200913242,0.91324200913242,0.0228310502283105,1.0,"{""dp_17_64"": 0.0730593607305936, ""dp_257_plus"": 0.6484018264840182, ""dp_5_16"": 0.0319634703196347, ""dp_65_256"": 0.2465753424657534}","{""cn_0"": 1.0}",0.0,513.0410958904109,sasb_candidate_builder,6595ffffc9af4e46c950378cbc226e33c97570cbbfd51139617180df2ef2da69,219,6595ffffc9af4e46c950378cbc226e33c97570cbbfd51139617180df2ef2da69,"{""sasb_builder"": 219}",0,0,0,0,{},0.0,"{""common_neighbor_bin_l1"": 0.0, ""degree_product_bin_l1"": 0.0, ""is_boundary_edge_l1"": 0.0, ""is_bridge_edge_l1"": 0.0, ""is_inter_community_edge_l1"": 0.0, ""is_low_common_neighbor_edge_l1"": 0.0, ""mean_l1"": 0.0}",1,32,32,0.0,0
realworld_completed,bio_celegans,SASB-candidate,sasb,SASB-structured,20260513,740,middle,0.9889624724061811,0.9889624724061811,0.0,3,3,0,0.3654320987654321,0.36592592592592593,406,408,406--408,7,7,7,7,49,4,0.6666666666666666,1,9,3,32,"[""96"", ""53"", ""51"", ""60"", ""343"", ""363"", ""62"", ""52"", ""373"", ""307"", ""364"", ""85"", ""144"", ""145"", ""142"", ""143"", ""82"", ""83"", ""220"", ""147"", ""118"", ""440"", ""154"", ""281"", ""398"", ""97"", ""348"", ""404"", ""408"", ""66"", ""115"", ""360""]",1b61a8e50120d2c54d6373be38de87becd7befdc90186a041b6b5f111f42555e,"{""boundary"": 12, ""community_rep"": 6, ""degree_core"": 10, ""random_fill"": 4}","{""degree_0_1"": 1, ""degree_3_4"": 1, ""degree_5_8"": 3, ""degree_9_plus"": 27}","{""0"": 1, ""1"": 6, ""10"": 1, ""11"": 1, ""2"": 1, ""3"": 6, ""4"": 5, ""5"": 2, ""6"": 2, ""7"": 2, ""8"": 3, ""9"": 2}",219,"{""backend"": ""evaluate_m19_theory_calibrated.candidate_features"", ""delta_mode"": ""none"", ""k_max"": 512, ""k_min"": 64, ""variant"": ""conservative""}",219,0.17096018735362997,0.9223744292237442,0.9223744292237442,0.0228310502283105,0.9771689497716894,"{""dp_17_64"": 0.0821917808219178, ""dp_257_plus"": 0.6438356164383562, ""dp_5_16"": 0.0319634703196347, ""dp_65_256"": 0.2420091324200913}","{""cn_0"": 0.9771689497716894, ""cn_2_3"": 0.0091324200913242, ""cn_4_8"": 0.0136986301369863}",0.091324200913242,507.86301369863014,sasb_candidate_builder,ce7c13388e0c705c1dba561b8ba0c70b07d1c1d89fe905584e482e6336c70c9a,219,ce7c13388e0c705c1dba561b8ba0c70b07d1c1d89fe905584e482e6336c70c9a,"{""sasb_builder"": 219}",0,0,0,0,{},0.0,"{""common_neighbor_bin_l1"": 0.0, ""degree_product_bin_l1"": 0.0, ""is_boundary_edge_l1"": 0.0, ""is_bridge_edge_l1"": 0.0, ""is_inter_community_edge_l1"": 0.0, ""is_low_common_neighbor_edge_l1"": 0.0, ""mean_l1"": 0.0}",1,32,32,291.57435562521766,0
realworld_completed,bio_celegans,SASB-candidate,sasb,SASB-structured,20260513,741,middle,0.9889624724061811,0.9889624724061811,0.0,3,3,0,0.36592592592592593,0.3664197530864198,109,406,109--406,17,6,6,17,102,1,0.2,1,3,9,32,"[""96"", ""53"", ""51"", ""60"", ""343"", ""363"", ""62"", ""52"", ""373"", ""307"", ""364"", ""85"", ""144"", ""145"", ""142"", ""143"", ""82"", ""83"", ""220"", ""147"", ""118"", ""440"", ""154"", ""281"", ""398"", ""97"", ""348"", ""404"", ""104"", ""179"", ""384"", ""201""]",cc16cdb5dc51b26b3facde54603b24136c91b1c25700bff727d893fe41af867d,"{""boundary"": 12, ""community_rep"": 6, ""degree_core"": 10, ""random_fill"": 4}","{""degree_3_4"": 4, ""degree_5_8"": 1, ""degree_9_plus"": 27}","{""0"": 1, ""1"": 9, ""10"": 1, ""11"": 1, ""2"": 1, ""3"": 5, ""4"": 5, ""5"": 2, ""6"": 1, ""7"": 2, ""8"": 2, ""9"": 2}",219,"{""backend"": ""evaluate_m19_theory_calibrated.candidate_features"", ""delta_mode"": ""none"", ""k_max"": 512, ""k_min"": 64, ""variant"": ""conservative""}",219,0.17109375,0.9178082191780822,0.9178082191780822,0.0228310502283105,0.9863013698630136,"{""dp_17_64"": 0.0776255707762557, ""dp_257_plus"": 0.6484018264840182, ""dp_5_16"": 0.0319634703196347, ""dp_65_256"": 0.2420091324200913}","{""cn_0"": 0.9817351598173516, ""cn_1"": 0.0045662100456621, ""cn_2_3"": 0.0045662100456621, ""cn_4_8"": 0.0091324200913242}",0.0639269406392694,508.24657534246575,sasb_candidate_builder,88de0b70b2ed3a5cc304c66b708e30ee763bae05602c3635e69821506ad43775,219,88de0b70b2ed3a5cc304c66b708e30ee763bae05602c3635e69821506ad43775,"{""sasb_builder"": 219}",0,0,0,0,{},0.0,"{""common_neighbor_bin_l1"": 0.0, ""degree_product_bin_l1"": 0.0, ""is_boundary_edge_l1"": 0.0, ""is_bridge_edge_l1"": 0.0, ""is_inter_community_edge_l1"": 0.0, ""is_low_common_neighbor_edge_l1"": 0.0, ""mean_l1"": 0.0}",1,32,32,173.01458830410664,0
realworld_completed,bio_celegans,SASB-candidate,sasb,SASB-structured,20260513,742,middle,0.9889624724061811,0.9889624724061811,0.0,3,3,0,0.3664197530864198,0.36691358024691356,343,406,343--406,47,5,5,47,235,4,1.0,1,3,9,32,"[""96"", ""53"", ""51"", ""60"", ""343"", ""363"", ""62"", ""52"", ""373"", ""307"", ""364"", ""85"", ""144"", ""145"", ""142"", ""143"", ""82"", ""83"", ""220"", ""147"", ""118"", ""440"", ""154"", ""281"", ""398"", ""97"", ""348"", ""404"", ""153"", ""106"", ""301"", ""10""]",4b47d72939229e61240eccfa69437377d48865b2e7832c88486d48f87c7c18c0,"{""boundary"": 12, ""community_rep"": 6, ""degree_core"": 10, ""random_fill"": 4}","{""degree_2"": 1, ""degree_3_4"": 4, ""degree_9_plus"": 27}","{""0"": 2, ""1"": 6, ""10"": 1, ""11"": 1, ""2"": 1, ""3"": 5, ""4"": 5, ""5"": 2, ""6"": 2, ""7"": 2, ""8"": 2, ""9"": 3}",219,"{""backend"": ""evaluate_m19_theory_calibrated.candidate_features"", ""delta_mode"": ""none"", ""k_max"": 512, ""k_min"": 64, ""variant"": ""conservative""}",219,0.1712275215011728,0.91324200913242,0.91324200913242,0.0228310502283105,0.9863013698630136,"{""dp_17_64"": 0.0776255707762557, ""dp_257_plus"": 0.6484018264840182, ""dp_5_16"": 0.0319634703196347, ""dp_65_256"": 0.2420091324200913}","{""cn_0"": 0.9863013698630136, ""cn_2_3"": 0.0045662100456621, ""cn_4_8"": 0.0091324200913242}",0.0547945205479452,510.72146118721463,sasb_candidate_builder,38b3bbabb259b5712c1fd22e39322d1e44b84d2d9d6e94be7da1ff125001cfe8,219,38b3bbabb259b5712c1fd22e39322d1e44b84d2d9d6e94be7da1ff125001cfe8,"{""sasb_builder"": 219}",0,0,0,0,{},0.0,"{""common_neighbor_bin_l1"": 0.0, ""degree_product_bin_l1"": 0.0, ""is_boundary_edge_l1"": 0.0, ""is_bridge_edge_l1"": 0.0, ""is_inter_community_edge_l1"": 0.0, ""is_low_common_neighbor_edge_l1"": 0.0, ""mean_l1"": 0.0}",1,32,32,162.30555555555554,0
realworld_completed,bio_celegans,SASB-candidate,sasb,SASB-structured,20260513,743,middle,0.9889624724061811,0.9889624724061811,0.0,3,3,0,0.36691358024691356,0.3674074074074074,343,407,343--407,46,6,6,46,276,4,0.8,1,3,9,32,"[""96"", ""53"", ""51"", ""60"", ""343"", ""363"", ""62"", ""52"", ""373"", ""307"", ""364"", ""85"", ""144"", ""145"", ""142"", ""143"", ""82"", ""83"", ""220"", ""147"", ""118"", ""440"", ""154"", ""281"", ""398"", ""97"", ""348"", ""404"", ""376"", ""411"", ""237"", ""56""]",f1587177f57a5cb45596fc51daee561047c33fe90e4b721f53fc72f8069859c5,"{""boundary"": 12, ""community_rep"": 6, ""degree_core"": 10, ""random_fill"": 4}","{""degree_3_4"": 2, ""degree_5_8"": 2, ""degree_9_plus"": 28}","{""0"": 3, ""1"": 6, ""10"": 1, ""11"": 1, ""2"": 2, ""3"": 6, ""4"": 5, ""5"": 1, ""6"": 1, ""7"": 2, ""8"": 2, ""9"": 2}",219,"{""backend"": ""evaluate_m19_theory_calibrated.candidate_features"", ""delta_mode"": ""none"", ""k_max"": 512, ""k_min"": 64, ""variant"": ""conservative""}",219,0.17136150234741784,0.908675799086758,0.908675799086758,0.0228310502283105,0.9908675799086758,"{""dp_17_64"": 0.0776255707762557, ""dp_257_plus"": 0.6529680365296804, ""dp_5_16"": 0.0319634703196347, ""dp_65_256"": 0.2374429223744292}","{""cn_0"": 0.9908675799086758, ""cn_2_3"": 0.0045662100456621, ""cn_4_8"": 0.0045662100456621}",0.0319634703196347,509.42922374429224,sasb_candidate_builder,4acdece1a03cb0dc62b9631c79a7c64513c30406d9ba1152169dbb8b0aa3da40,219,4acdece1a03cb0dc62b9631c79a7c64513c30406d9ba1152169dbb8b0aa3da40,"{""sasb_builder"": 219}",0,0,0,0,{},0.0,"{""common_neighbor_bin_l1"": 0.0, ""degree_product_bin_l1"": 0.0, ""is_boundary_edge_l1"": 0.0, ""is_bridge_edge_l1"": 0.0, ""is_inter_community_edge_l1"": 0.0, ""is_low_common_neighbor_edge_l1"": 0.0, ""mean_l1"": 0.0}",1,32,32,139.38358974358977,0
realworld_completed,bio_celegans,SASB-candidate,sasb,SASB-structured,20260513,744,middle,0.9889624724061811,0.9889624724061811,0.0,3,3,0,0.3674074074074074,0.36790123456790125,407,419,407--419,5,8,5,8,40,2,0.5,1,9,3,32,"[""96"", ""53"", ""51"", ""60"", ""343"", ""363"", ""62"", ""52"", ""373"", ""307"", ""364"", ""85"", ""144"", ""145"", ""142"", ""143"", ""82"", ""83"", ""220"", ""147"", ""118"", ""440"", ""154"", ""281"", ""398"", ""97"", ""348"", ""404"", ""70"", ""23"", ""325"", ""109""]",f1fbd150b51ed4f020fba0532a815ac2142937d7e4dc908a1c827658625803d9,"{""boundary"": 12, ""community_rep"": 6, ""degree_core"": 10, ""random_fill"": 4}","{""degree_2"": 2, ""degree_3_4"": 1, ""degree_5_8"": 1, ""degree_9_plus"": 28}","{""0"": 2, ""1"": 7, ""10"": 1, ""11"": 1, ""2"": 1, ""3"": 6, ""4"": 6, ""5"": 1, ""6"": 1, ""7"": 2, ""8"": 2, ""9"": 2}",219,"{""backend"": ""evaluate_m19_theory_calibrated.candidate_features"", ""delta_mode"": ""none"", ""k_max"": 512, ""k_min"": 64, ""variant"": ""conservative""}",219,0.17149569303054032,0.9041095890410958,0.9041095890410958,0.0228310502283105,0.9954337899543378,"{""dp_17_64"": 0.0776255707762557, ""dp_257_plus"": 0.6529680365296804, ""dp_5_16"": 0.0319634703196347, ""dp_65_256"": 0.2374429223744292}","{""cn_0"": 0.9954337899543378, ""cn_2_3"": 0.0045662100456621}",0.0091324200913242,507.9406392694064,sasb_candidate_builder,4d4fe22fcb3259cf7b7cd93325a79bed54c0e26e0547cf66502f9034bfe71cd5,219,4d4fe22fcb3259cf7b7cd93325a79bed54c0e26e0547cf66502f9034bfe71cd5,"{""sasb_builder"": 219}",0,0,0,0,{},0.0,"{""common_neighbor_bin_l1"": 0.0, ""degree_product_bin_l1"": 0.0, ""is_boundary_edge_l1"": 0.0, ""is_bridge_edge_l1"": 0.0, ""is_inter_community_edge_l1"": 0.0, ""is_low_common_neighbor_edge_l1"": 0.0, ""mean_l1"": 0.0}",1,32,32,107.64780248759183,0
realworld_completed,bio_celegans,SASB-candidate,sasb,SASB-structured,20260513,745,middle,0.9889624724061811,0.9889624724061811,0.0,3,3,0,0.36790123456790125,0.36839506172839503,250,96,250--96,4,121,4,121,484,1,0.3333333333333333,1,9,8,32,"[""96"", ""53"", ""51"", ""60"", ""343"", ""363"", ""62"", ""52"", ""373"", ""307"", ""364"", ""85"", ""144"", ""145"", ""142"", ""143"", ""82"", ""83"", ""220"", ""147"", ""118"", ""440"", ""154"", ""281"", ""398"", ""97"", ""348"", ""404"", ""294"", ""240"", ""417"", ""412""]",5ecc2f01ae1e935d5ca11d4088cf5ae5af6e69887c4027d519e6c5a61828fc61,"{""boundary"": 12, ""community_rep"": 6, ""degree_core"": 10, ""random_fill"": 4}","{""degree_3_4"": 4, ""degree_5_8"": 1, ""degree_9_plus"": 27}","{""0"": 2, ""1"": 7, ""10"": 1, ""11"": 1, ""2"": 1, ""3"": 5, ""4"": 5, ""5"": 1, ""6"": 1, ""7"": 2, ""8"": 2, ""9"": 4}",219,"{""backend"": ""evaluate_m19_theory_calibrated.candidate_features"", ""delta_mode"": ""none"", ""k_max"": 512, ""k_min"": 64, ""variant"": ""conservative""}",219,0.17163009404388715,0.8995433789954338,0.8995433789954338,0.0228310502283105,1.0,"{""dp_17_64"": 0.0730593607305936, ""dp_257_plus"": 0.6575342465753424, ""dp_5_16"": 0.0319634703196347, ""dp_65_256"": 0.2374429223744292}","{""cn_0"": 1.0}",0.0,508.04566210045664,sasb_candidate_builder,c9c89076f72025da997415123258a7d561baddf24b41509c4846ae715c7eda5d,219,c9c89076f72025da997415123258a7d561baddf24b41509c4846ae715c7eda5d,"{""sasb_builder"": 219}",0,0,0,0,{},0.0,"{""common_neighbor_bin_l1"": 0.0, ""degree_product_bin_l1"": 0.0, ""is_boundary_edge_l1"": 0.0, ""is_bridge_edge_l1"": 0.0, ""is_inter_community_edge_l1"": 0.0, ""is_low_common_neighbor_edge_l1"": 0.0, ""mean_l1"": 0.0}",1,32,32,0.0,0
realworld_completed,bio_celegans,SASB-candidate,sasb,SASB-structured,20260513,746,middle,0.9889624724061811,0.9889624724061811,0.0,3,3,0,0.36839506172839503,0.3688888888888889,256,86,256--86,3,4,3,4,12,0,0.0,1,0,1,32,"[""96"", ""53"", ""51"", ""60"", ""343"", ""363"", ""62"", ""52"", ""373"", ""307"", ""364"", ""85"", ""144"", ""145"", ""142"", ""143"", ""82"", ""83"", ""220"", ""147"", ""118"", ""440"", ""154"", ""281"", ""398"", ""97"", ""348"", ""404"", ""399"", ""317"", ""180"", ""33""]",919982e15c4446d6224bba06a8f27a178b5e78c362e08864b4a690d699625ba7,"{""boundary"": 12, ""community_rep"": 6, ""degree_core"": 10, ""random_fill"": 4}","{""degree_3_4"": 5, ""degree_9_plus"": 27}","{""0"": 2, ""1"": 8, ""10"": 1, ""11"": 1, ""2"": 1, ""3"": 6, ""4"": 5, ""5"": 1, ""6"": 1, ""7"": 2, ""8"": 2, ""9"": 2}",218,"{""backend"": ""evaluate_m19_theory_calibrated.candidate_features"", ""delta_mode"": ""none"", ""k_max"": 512, ""k_min"": 64, ""variant"": ""conservative""}",218,0.17098039215686275,0.8990825688073395,0.8990825688073395,0.022935779816513763,1.0,"{""dp_17_64"": 0.07339449541284404, ""dp_257_plus"": 0.6559633027522935, ""dp_5_16"": 0.03211009174311927, ""dp_65_256"": 0.23853211009174313}","{""cn_0"": 1.0}",0.0,505.8256880733945,sasb_candidate_builder,2b1d0da6ece59d128511dcd3376a9aa8802154c9396bd3cb1a9f8da989cbc78e,218,2b1d0da6ece59d128511dcd3376a9aa8802154c9396bd3cb1a9f8da989cbc78e,"{""sasb_builder"": 218}",0,0,0,0,{},0.0,"{""common_neighbor_bin_l1"": 0.0, ""degree_product_bin_l1"": 0.0, ""is_boundary_edge_l1"": 0.0, ""is_bridge_edge_l1"": 0.0, ""is_inter_community_edge_l1"": 0.0, ""is_low_common_neighbor_edge_l1"": 0.0, ""mean_l1"": 0.0}",1,32,32,0.0,0
realworld_completed,bio_celegans,SASB-candidate,sasb,SASB-structured,20260513,747,middle,0.9889624724061811,0.9889624724061811,0.0,3,3,0,0.3688888888888889,0.3693827160493827,257,96,257--96,3,120,3,120,360,0,0.0,1,6,5,32,"[""96"", ""53"", ""51"", ""60"", ""343"", ""363"", ""62"", ""52"", ""373"", ""307"", ""364"", ""85"", ""144"", ""145"", ""142"", ""143"", ""82"", ""83"", ""220"", ""147"", ""118"", ""440"", ""154"", ""281"", ""398"", ""97"", ""348"", ""404"", ""157"", ""285"", ""80"", ""140""]",73bf2744f0c3b2aa7e1a63f52e137c2b5048e0fd2f683487c846b88595f89a68,"{""boundary"": 12, ""community_rep"": 6, ""degree_core"": 10, ""random_fill"": 4}","{""degree_0_1"": 1, ""degree_3_4"": 4, ""degree_9_plus"": 27}","{""0"": 1, ""1"": 7, ""10"": 2, ""11"": 1, ""2"": 1, ""3"": 5, ""4"": 6, ""5"": 1, ""6"": 1, ""7"": 3, ""8"": 2, ""9"": 2}",218,"{""backend"": ""evaluate_m19_theory_calibrated.candidate_features"", ""delta_mode"": ""none"", ""k_max"": 512, ""k_min"": 64, ""variant"": ""conservative""}",218,0.17111459968602827,0.8944954128440367,0.8944954128440367,0.022935779816513763,1.0,"{""dp_17_64"": 0.07339449541284404, ""dp_257_plus"": 0.6605504587155964, ""dp_5_16"": 0.027522935779816515, ""dp_65_256"": 0.23853211009174313}","{""cn_0"": 1.0}",0.0,507.76605504587155,sasb_candidate_builder,37e96fb9e439402a6813f6a3763ee645ae276ee0cdba2d1aa5c0a97ef12ec6ca,218,37e96fb9e439402a6813f6a3763ee645ae276ee0cdba2d1aa5c0a97ef12ec6ca,"{""sasb_builder"": 218}",0,0,0,0,{},0.0,"{""common_neighbor_bin_l1"": 0.0, ""degree_product_bin_l1"": 0.0, ""is_boundary_edge_l1"": 0.0, ""is_bridge_edge_l1"": 0.0, ""is_inter_community_edge_l1"": 0.0, ""is_low_common_neighbor_edge_l1"": 0.0, ""mean_l1"": 0.0}",1,32,32,0.0,0
realworld_completed,bio_celegans,SASB-candidate,sasb,SASB-structured,20260513,748,middle,0.9889624724061811,0.9889624724061811,0.0,3,3,0,0.3693827160493827,0.36987654320987656,259,31,259--31,7,8,7,8,56,2,0.3333333333333333,1,9,3,32,"[""96"", ""53"", ""51"", ""60"", ""343"", ""363"", ""62"", ""52"", ""373"", ""307"", ""364"", ""85"", ""144"", ""145"", ""142"", ""143"", ""82"", ""83"", ""220"", ""147"", ""118"", ""440"", ""154"", ""281"", ""398"", ""97"", ""348"", ""404"", ""277"", ""87"", ""153"", ""284""]",5d2c4ee257f0727a87c26ed267a317e4c4120a33087487a91672333f7b8d0e94,"{""boundary"": 12, ""community_rep"": 6, ""degree_core"": 10, ""random_fill"": 4}","{""degree_3_4"": 3, ""degree_5_8"": 2, ""degree_9_plus"": 27}","{""0"": 1, ""1"": 7, ""10"": 1, ""11"": 1, ""2"": 2, ""3"": 5, ""4"": 5, ""5"": 1, ""6"": 1, ""7"": 2, ""8"": 2, ""9"": 4}",218,"{""backend"": ""evaluate_m19_theory_calibrated.candidate_features"", ""delta_mode"": ""none"", ""k_max"": 512, ""k_min"": 64, ""variant"": ""conservative""}",218,0.17124901806755696,0.8899082568807339,0.8899082568807339,0.022935779816513763,1.0,"{""dp_17_64"": 0.07339449541284404, ""dp_257_plus"": 0.6605504587155964, ""dp_5_16"": 0.027522935779816515, ""dp_65_256"": 0.23853211009174313}","{""cn_0"": 1.0}",0.0,505.23853211009174,sasb_candidate_builder,6482f961f8c165c354e4da5098d5f464ff7b9c26b41c49078ceb57dbdd486aa7,218,6482f961f8c165c354e4da5098d5f464ff7b9c26b41c49078ceb57dbdd486aa7,"{""sasb_builder"": 218}",0,0,0,0,{},0.0,"{""common_neighbor_bin_l1"": 0.0, ""degree_product_bin_l1"": 0.0, ""is_boundary_edge_l1"": 0.0, ""is_bridge_edge_l1"": 0.0, ""is_inter_community_edge_l1"": 0.0, ""is_low_common_neighbor_edge_l1"": 0.0, ""mean_l1"": 0.0}",1,32,32,0.0,0
realworld_completed,bio_celegans,SASB-candidate,sasb,SASB-structured,20260513,749,middle,0.9889624724061811,0.9889624724061811,0.0,3,3,0,0.36987654320987656,0.37037037037037035,259,49,259--49,6,7,6,7,42,1,0.2,1,8,3,32,"[""96"", ""53"", ""51"", ""60"", ""343"", ""363"", ""62"", ""52"", ""373"", ""307"", ""364"", ""85"", ""144"", ""145"", ""142"", ""143"", ""82"", ""83"", ""220"", ""147"", ""118"", ""440"", ""154"", ""281"", ""398"", ""97"", ""348"", ""404"", ""256"", ""214"", ""369"", ""191""]",f493ad235f75c87b1c4b1ad3a5cfb34679f0bc54951de3b75849f6b04585b122,"{""boundary"": 12, ""community_rep"": 6, ""degree_core"": 10, ""random_fill"": 4}","{""degree_2"": 1, ""degree_3_4"": 2, ""degree_5_8"": 1, ""degree_9_plus"": 28}","{""0"": 2, ""1"": 6, ""10"": 1, ""11"": 1, ""2"": 1, ""3"": 6, ""4"": 7, ""5"": 1, ""6"": 1, ""7"": 2, ""8"": 2, ""9"": 2}",218,"{""backend"": ""evaluate_m19_theory_calibrated.candidate_features"", ""delta_mode"": ""none"", ""k_max"": 512, ""k_min"": 64, ""variant"": ""conservative""}",218,0.17138364779874213,0.8853211009174312,0.8853211009174312,0.022935779816513763,1.0,"{""dp_17_64"": 0.06880733944954129, ""dp_257_plus"": 0.6651376146788991, ""dp_5_16"": 0.027522935779816515, ""dp_65_256"": 0.23853211009174313}","{""cn_0"": 1.0}",0.0,506.2889908256881,sasb_candidate_builder,edb9e1ec6279612bac7ee291a71f7fae6f4f1c45cfd7454d62f5fd6e904d884a,218,edb9e1ec6279612bac7ee291a71f7fae6f4f1c45cfd7454d62f5fd6e904d884a,"{""sasb_builder"": 218}",0,0,0,0,{},0.0,"{""common_neighbor_bin_l1"": 0.0, ""degree_product_bin_l1"": 0.0, ""is_boundary_edge_l1"": 0.0, ""is_bridge_edge_l1"": 0.0, ""is_inter_community_edge_l1"": 0.0, ""is_low_common_neighbor_edge_l1"": 0.0, ""mean_l1"": 0.0}",1,32,32,0.0,0
realworld_completed,bio_celegans,SASB-candidate,sasb,SASB-structured,20260513,750,middle,0.9889624724061811,0.9889624724061811,0.0,3,3,0,0.37037037037037035,0.3708641975308642,261,51,261--51,6,62,6,62,372,1,0.2,1,0,9,32,"[""96"", ""53"", ""51"", ""60"", ""343"", ""363"", ""62"", ""52"", ""373"", ""364"", ""97"", ""307"", ""144"", ""145"", ""142"", ""143"", ""82"", ""83"", ""220"", ""147"", ""118"", ""440"", ""154"", ""281"", ""398"", ""348"", ""404"", ""115"", ""116"", ""284"", ""289"", ""68""]",68e8afe0ca3f35c1d4b492381c4520f9e7fc1412b84a4090b7191a99dc0bb4f4,"{""boundary"": 12, ""community_rep"": 5, ""degree_core"": 10, ""random_fill"": 5}","{""degree_2"": 1, ""degree_3_4"": 3, ""degree_5_8"": 2, ""degree_9_plus"": 26}","{""0"": 1, ""1"": 6, ""10"": 1, ""11"": 2, ""2"": 2, ""3"": 5, ""4"": 5, ""5"": 2, ""6"": 3, ""7"": 1, ""8"": 1, ""9"": 3}",218,"{""backend"": ""evaluate_m19_theory_calibrated.candidate_features"", ""delta_mode"": ""none"", ""k_max"": 512, ""k_min"": 64, ""variant"": ""conservative""}",218,0.17151848937844216,0.8715596330275229,0.8715596330275229,0.022935779816513763,1.0,"{""dp_17_64"": 0.06422018348623854, ""dp_257_plus"": 0.6651376146788991, ""dp_5_16"": 0.022935779816513763, ""dp_65_256"": 0.24770642201834864}","{""cn_0"": 1.0}",0.0,506.6880733944954,sasb_candidate_builder,a6c4989f7c2d5de9ce107d8298b86b3dd00fa364923c381b6516ff693b5904fa,218,a6c4989f7c2d5de9ce107d8298b86b3dd00fa364923c381b6516ff693b5904fa,"{""sasb_builder"": 218}",0,0,0,0,{},0.0,"{""common_neighbor_bin_l1"": 0.0, ""degree_product_bin_l1"": 0.0, ""is_boundary_edge_l1"": 0.0, ""is_bridge_edge_l1"": 0.0, ""is_inter_community_edge_l1"": 0.0, ""is_low_common_neighbor_edge_l1"": 0.0, ""mean_l1"": 0.0}",1,32,32,0.0,0
realworld_completed,bio_celegans,SASB-candidate,sasb,SASB-structured,20260513,751,middle,0.9889624724061811,0.9889624724061811,0.0,3,3,0,0.3708641975308642,0.37135802469135804,261,53,261--53,5,69,5,69,345,0,0.0,1,9,7,32,"[""96"", ""53"", ""51"", ""60"", ""343"", ""363"", ""62"", ""52"", ""373"", ""364"", ""97"", ""307"", ""144"", ""145"", ""142"", ""143"", ""82"", ""83"", ""220"", ""147"", ""118"", ""440"", ""154"", ""281"", ""398"", ""348"", ""404"", ""193"", ""328"", ""285"", ""156"", ""247""]",cad114f30aef9405d169141d5fe41702119447716d335ca99a2123a96b48d8e5,"{""boundary"": 12, ""community_rep"": 5, ""degree_core"": 10, ""random_fill"": 5}","{""degree_3_4"": 4, ""degree_5_8"": 2, ""degree_9_plus"": 26}","{""0"": 1, ""1"": 7, ""10"": 1, ""11"": 1, ""2"": 2, ""3"": 5, ""4"": 6, ""5"": 2, ""6"": 1, ""7"": 1, ""8"": 1, ""9"": 4}",218,"{""backend"": ""evaluate_m19_theory_calibrated.candidate_features"", ""delta_mode"": ""none"", ""k_max"": 512, ""k_min"": 64, ""variant"": ""conservative""}",218,0.17165354330708663,0.8669724770642202,0.8669724770642202,0.022935779816513763,1.0,"{""dp_17_64"": 0.06422018348623854, ""dp_257_plus"": 0.6651376146788991, ""dp_5_16"": 0.022935779816513763, ""dp_65_256"": 0.24770642201834864}","{""cn_0"": 1.0}",0.0,504.4036697247706,sasb_candidate_builder,a360141e5dec27aea477525d8a217417840d8c88881d08034ee4cb716af75cba,218,a360141e5dec27aea477525d8a217417840d8c88881d08034ee4cb716af75cba,"{""sasb_builder"": 218}",0,0,0,0,{},0.0,"{""common_neighbor_bin_l1"": 0.0, ""degree_product_bin_l1"": 0.0, ""is_boundary_edge_l1"": 0.0, ""is_bridge_edge_l1"": 0.0, ""is_inter_community_edge_l1"": 0.0, ""is_low_common_neighbor_edge_l1"": 0.0, ""mean_l1"": 0.0}",1,32,32,0.0,0
realworld_completed,bio_celegans,SASB-candidate,sasb,SASB-structured,20260513,752,middle,0.9889624724061811,0.9889624724061811,0.0,3,3,0,0.37135802469135804,0.3718518518518519,261,96,261--96,4,119,4,119,476,3,1.0,1,9,0,32,"[""96"", ""53"", ""51"", ""60"", ""343"", ""363"", ""62"", ""52"", ""373"", ""364"", ""97"", ""307"", ""144"", ""145"", ""142"", ""143"", ""82"", ""83"", ""220"", ""147"", ""118"", ""440"", ""154"", ""281"", ""398"", ""348"", ""404"", ""180"", ""323"", ""87"", ""260"", ""3""]",437437ad18d40710a434e20d43db27e5449bfa07f69f7b468b8df927ca2e7b35,"{""boundary"": 12, ""community_rep"": 5, ""degree_core"": 10, ""random_fill"": 5}","{""degree_2"": 1, ""degree_3_4"": 5, ""degree_9_plus"": 26}","{""0"": 1, ""1"": 7, ""10"": 1, ""11"": 1, ""2"": 1, ""3"": 6, ""4"": 6, ""5"": 1, ""6"": 2, ""7"": 1, ""8"": 1, ""9"": 4}",218,"{""backend"": ""evaluate_m19_theory_calibrated.candidate_features"", ""delta_mode"": ""none"", ""k_max"": 512, ""k_min"": 64, ""variant"": ""conservative""}",218,0.17178881008668243,0.8623853211009175,0.8623853211009175,0.022935779816513763,1.0,"{""dp_17_64"": 0.06422018348623854, ""dp_257_plus"": 0.6651376146788991, ""dp_5_16"": 0.022935779816513763, ""dp_65_256"": 0.24770642201834864}","{""cn_0"": 1.0}",0.0,502.2798165137615,sasb_candidate_builder,97a4ba99be9e600c4ded7b00236248fd484b308362a56afd9a0ab2a40198650d,218,97a4ba99be9e600c4ded7b00236248fd484b308362a56afd9a0ab2a40198650d,"{""sasb_builder"": 218}",0,0,0,0,{},0.0,"{""common_neighbor_bin_l1"": 0.0, ""degree_product_bin_l1"": 0.0, ""is_boundary_edge_l1"": 0.0, ""is_bridge_edge_l1"": 0.0, ""is_inter_community_edge_l1"": 0.0, ""is_low_common_neighbor_edge_l1"": 0.0, ""mean_l1"": 0.0}",1,32,32,0.0,0
realworld_completed,bio_celegans,SASB-candidate,sasb,SASB-structured,20260513,753,middle,0.9889624724061811,0.9889624724061811,0.0,3,3,0,0.3718518518518519,0.37234567901234567,120,440,120--440,7,18,7,18,126,0,0.0,0,1,1,32,"[""96"", ""53"", ""51"", ""60"", ""343"", ""363"", ""62"", ""52"", ""373"", ""364"", ""97"", ""307"", ""144"", ""145"", ""142"", ""143"", ""82"", ""83"", ""220"", ""147"", ""118"", ""440"", ""154"", ""281"", ""398"", ""348"", ""404"", ""370"", ""267"", ""243"", ""177"", ""175""]",1ffc67ad46faaedb9d27589f71a4e93918bae308a03b5d82356fe5e73793af41,"{""boundary"": 12, ""community_rep"": 5, ""degree_core"": 10, ""random_fill"": 5}","{""degree_2"": 2, ""degree_3_4"": 3, ""degree_5_8"": 1, ""degree_9_plus"": 26}","{""0"": 1, ""1"": 7, ""10"": 1, ""11"": 1, ""2"": 2, ""3"": 6, ""4"": 5, ""5"": 1, ""6"": 2, ""7"": 1, ""8"": 1, ""9"": 4}",218,"{""backend"": ""evaluate_m19_theory_calibrated.candidate_features"", ""delta_mode"": ""none"", ""k_max"": 512, ""k_min"": 64, ""variant"": ""conservative""}",218,0.1719242902208202,0.8577981651376146,0.8577981651376146,0.022935779816513763,1.0,"{""dp_17_64"": 0.06422018348623854, ""dp_257_plus"": 0.6605504587155964, ""dp_5_16"": 0.022935779816513763, ""dp_65_256"": 0.25229357798165136}","{""cn_0"": 1.0}",0.0,498.3807339449541,sasb_candidate_builder,d5593a53c4878067e3b596db14f61e47e4c214a4b3db491bf3e0706cd35c7b47,218,d5593a53c4878067e3b596db14f61e47e4c214a4b3db491bf3e0706cd35c7b47,"{""sasb_builder"": 218}",0,0,0,0,{},0.0,"{""common_neighbor_bin_l1"": 0.0, ""degree_product_bin_l1"": 0.0, ""is_boundary_edge_l1"": 0.0, ""is_bridge_edge_l1"": 0.0, ""is_inter_community_edge_l1"": 0.0, ""is_low_common_neighbor_edge_l1"": 0.0, ""mean_l1"": 0.0}",1,32,32,620.0363745972566,0
realworld_completed,bio_celegans,SASB-candidate,sasb,SASB-structured,20260513,754,middle,0.9889624724061811,0.9889624724061811,0.0,3,3,0,0.37234567901234567,0.3728395061728395,262,31,262--31,8,7,7,8,56,1,0.16666666666666666,1,10,3,32,"[""96"", ""53"", ""51"", ""60"", ""343"", ""363"", ""62"", ""52"", ""373"", ""364"", ""97"", ""307"", ""144"", ""145"", ""142"", ""143"", ""82"", ""83"", ""220"", ""147"", ""118"", ""440"", ""154"", ""281"", ""398"", ""348"", ""404"", ""19"", ""371"", ""217"", ""290"", ""367""]",0f53efe3ee1fd45432b9ce3979bdb7ec11381eb72338f98cb045c4aea8d16c9d,"{""boundary"": 12, ""community_rep"": 5, ""degree_core"": 10, ""random_fill"": 5}","{""degree_3_4"": 4, ""degree_5_8"": 2, ""degree_9_plus"": 26}","{""0"": 1, ""1"": 7, ""10"": 2, ""11"": 1, ""2"": 1, ""3"": 5, ""4"": 5, ""5"": 1, ""6"": 2, ""7"": 1, ""8"": 1, ""9"": 5}",218,"{""backend"": ""evaluate_m19_theory_calibrated.candidate_features"", ""delta_mode"": ""none"", ""k_max"": 512, ""k_min"": 64, ""variant"": ""conservative""}",218,0.17205998421468036,0.8577981651376146,0.8577981651376146,0.022935779816513763,1.0,"{""dp_17_64"": 0.06422018348623854, ""dp_257_plus"": 0.6605504587155964, ""dp_5_16"": 0.022935779816513763, ""dp_65_256"": 0.25229357798165136}","{""cn_0"": 1.0}",0.0,498.22477064220186,sasb_candidate_builder,c1b431338f4d73d4150c75759d0eff019353e47f45377b8f79fad8e102b1d143,218,c1b431338f4d73d4150c75759d0eff019353e47f45377b8f79fad8e102b1d143,"{""sasb_builder"": 218}",0,0,0,0,{},0.0,"{""common_neighbor_bin_l1"": 0.0, ""degree_product_bin_l1"": 0.0, ""is_boundary_edge_l1"": 0.0, ""is_bridge_edge_l1"": 0.0, ""is_inter_community_edge_l1"": 0.0, ""is_low_common_neighbor_edge_l1"": 0.0, ""mean_l1"": 0.0}",1,32,32,0.0,0
realworld_completed,bio_celegans,SASB-candidate,sasb,SASB-structured,20260513,755,middle,0.9889624724061811,0.9889624724061811,0.0,3,3,0,0.3728395061728395,0.37333333333333335,262,49,262--49,7,6,6,7,42,0,0.0,1,10,3,32,"[""96"", ""53"", ""51"", ""60"", ""343"", ""363"", ""62"", ""52"", ""373"", ""364"", ""97"", ""307"", ""144"", ""145"", ""142"", ""143"", ""82"", ""83"", ""220"", ""147"", ""118"", ""440"", ""154"", ""281"", ""398"", ""348"", ""404"", ""3"", ""402"", ""256"", ""270"", ""324""]",a723da1b49240ef81ff7e197bec930c0c8378bfc7c9571218d7d034377fdf8ef,"{""boundary"": 12, ""community_rep"": 5, ""degree_core"": 10, ""random_fill"": 5}","{""degree_2"": 2, ""degree_3_4"": 3, ""degree_5_8"": 1, ""degree_9_plus"": 26}","{""0"": 1, ""1"": 6, ""10"": 1, ""11"": 1, ""2"": 1, ""3"": 6, ""4"": 6, ""5"": 1, ""6"": 2, ""7"": 1, ""8"": 2, ""9"": 4}",218,"{""backend"": ""evaluate_m19_theory_calibrated.candidate_features"", ""delta_mode"": ""none"", ""k_max"": 512, ""k_min"": 64, ""variant"": ""conservative""}",218,0.1721958925750395,0.8532110091743119,0.8532110091743119,0.022935779816513763,1.0,"{""dp_17_64"": 0.06422018348623854, ""dp_257_plus"": 0.6605504587155964, ""dp_5_16"": 0.022935779816513763, ""dp_65_256"": 0.25229357798165136}","{""cn_0"": 1.0}",0.0,498.4770642201835,sasb_candidate_builder,52d01f49824bf901c85d0e22a21d643e1cdf05c475bb16c5652f17d924b0bba7,218,52d01f49824bf901c85d0e22a21d643e1cdf05c475bb16c5652f17d924b0bba7,"{""sasb_builder"": 218}",0,0,0,0,{},0.0,"{""common_neighbor_bin_l1"": 0.0, ""degree_product_bin_l1"": 0.0, ""is_boundary_edge_l1"": 0.0, ""is_bridge_edge_l1"": 0.0, ""is_inter_community_edge_l1"": 0.0, ""is_low_common_neighbor_edge_l1"": 0.0, ""mean_l1"": 0.0}",1,32,32,0.0,0
realworld_completed,bio_celegans,SASB-candidate,sasb,SASB-structured,20260513,756,middle,0.9889624724061811,0.9889624724061811,0.0,3,3,0,0.37333333333333335,0.37382716049382714,164,96,164--96,2,118,2,118,236,1,1.0,0,6,6,32,"[""96"", ""53"", ""51"", ""60"", ""343"", ""363"", ""62"", ""52"", ""373"", ""364"", ""97"", ""307"", ""144"", ""145"", ""142"", ""143"", ""82"", ""83"", ""220"", ""147"", ""118"", ""440"", ""154"", ""281"", ""398"", ""348"", ""404"", ""240"", ""78"", ""74"", ""386"", ""443""]",0634b0a94bea4875b32983cb2d441e23dd202df058b58cba89031374c89925b1,"{""boundary"": 12, ""community_rep"": 5, ""degree_core"": 10, ""random_fill"": 5}","{""degree_2"": 1, ""degree_3_4"": 3, ""degree_5_8"": 2, ""degree_9_plus"": 26}","{""0"": 1, ""1"": 6, ""10"": 1, ""11"": 2, ""2"": 1, ""3"": 5, ""4"": 5, ""5"": 1, ""6"": 2, ""7"": 1, ""8"": 4, ""9"": 3}",218,"{""backend"": ""evaluate_m19_theory_calibrated.candidate_features"", ""delta_mode"": ""none"", ""k_max"": 512, ""k_min"": 64, ""variant"": ""conservative""}",218,0.17233201581027668,0.8486238532110092,0.8486238532110092,0.022935779816513763,1.0,"{""dp_17_64"": 0.05963302752293578, ""dp_257_plus"": 0.6605504587155964, ""dp_5_16"": 0.022935779816513763, ""dp_65_256"": 0.25688073394495414}","{""cn_0"": 1.0}",0.0,499.1880733944954,sasb_candidate_builder,61dea32e2cb0f070e5e917c86eb79731938f4cda9e3a43d5850de53ce22ea1de,218,61dea32e2cb0f070e5e917c86eb79731938f4cda9e3a43d5850de53ce22ea1de,"{""sasb_builder"": 218}",0,0,0,0,{},0.0,"{""common_neighbor_bin_l1"": 0.0, ""degree_product_bin_l1"": 0.0, ""is_boundary_edge_l1"": 0.0, ""is_bridge_edge_l1"": 0.0, ""is_inter_community_edge_l1"": 0.0, ""is_low_common_neighbor_edge_l1"": 0.0, ""mean_l1"": 0.0}",1,32,32,0.0,0
realworld_completed,bio_celegans,SASB-candidate,sasb,SASB-structured,20260513,757,middle,0.9889624724061811,0.9889624724061811,0.0,3,3,0,0.37382716049382714,0.374320987654321,169,96,169--96,3,117,3,117,351,2,1.0,0,0,0,32,"[""96"", ""53"", ""51"", ""60"", ""343"", ""363"", ""62"", ""52"", ""373"", ""364"", ""97"", ""307"", ""144"", ""145"", ""142"", ""143"", ""82"", ""83"", ""220"", ""147"", ""118"", ""440"", ""154"", ""281"", ""398"", ""348"", ""404"", ""45"", ""22"", ""168"", ""151"", ""280""]",1a245ee47d9d9e6b9f37e5f1bf0aeb324cbc4fbf846333e26cbe6922c5c920be,"{""boundary"": 12, ""community_rep"": 5, ""degree_core"": 10, ""random_fill"": 5}","{""degree_0_1"": 1, ""degree_2"": 1, ""degree_3_4"": 4, ""degree_9_plus"": 26}","{""0"": 1, ""1"": 7, ""10"": 1, ""11"": 1, ""2"": 1, ""3"": 5, ""4"": 6, ""5"": 1, ""6"": 2, ""7"": 1, ""8"": 1, ""9"": 5}",218,"{""backend"": ""evaluate_m19_theory_calibrated.candidate_features"", ""delta_mode"": ""none"", ""k_max"": 512, ""k_min"": 64, ""variant"": ""conservative""}",218,0.17246835443037975,0.8486238532110092,0.8486238532110092,0.027522935779816515,1.0,"{""dp_17_64"": 0.05963302752293578, ""dp_257_plus"": 0.6605504587155964, ""dp_5_16"": 0.022935779816513763, ""dp_65_256"": 0.25688073394495414}","{""cn_0"": 1.0}",0.0,496.88532110091745,sasb_candidate_builder,9fdece7ad195c6cb2619f9d776f7bab9945672c816171afbd2cfb8daf11ec604,218,9fdece7ad195c6cb2619f9d776f7bab9945672c816171afbd2cfb8daf11ec604,"{""sasb_builder"": 218}",0,0,0,0,{},0.0,"{""common_neighbor_bin_l1"": 0.0, ""degree_product_bin_l1"": 0.0, ""is_boundary_edge_l1"": 0.0, ""is_bridge_edge_l1"": 0.0, ""is_inter_community_edge_l1"": 0.0, ""is_low_common_neighbor_edge_l1"": 0.0, ""mean_l1"": 0.0}",1,32,32,0.0,0
realworld_completed,bio_celegans,SASB-candidate,sasb,SASB-structured,20260513,758,middle,0.9889624724061811,0.9889624724061811,0.0,3,3,0,0.374320987654321,0.3748148148148148,172,96,172--96,3,116,3,116,348,1,0.5,0,8,8,32,"[""96"", ""53"", ""51"", ""60"", ""343"", ""363"", ""62"", ""52"", ""373"", ""364"", ""97"", ""307"", ""144"", ""145"", ""142"", ""143"", ""82"", ""83"", ""220"", ""147"", ""118"", ""440"", ""154"", ""281"", ""398"", ""348"", ""404"", ""185"", ""439"", ""80"", ""365"", ""341""]",1c929948b98984778d744653f10c240de8a23eeab50e6b3b32c0556f51cde34b,"{""boundary"": 12, ""community_rep"": 5, ""degree_core"": 10, ""random_fill"": 5}","{""degree_2"": 1, ""degree_3_4"": 4, ""degree_5_8"": 1, ""degree_9_plus"": 26}","{""0"": 1, ""1"": 8, ""10"": 1, ""11"": 2, ""2"": 1, ""3"": 5, ""4"": 5, ""5"": 1, ""6"": 2, ""7"": 1, ""8"": 2, ""9"": 3}",217,"{""backend"": ""evaluate_m19_theory_calibrated.candidate_features"", ""delta_mode"": ""none"", ""k_max"": 512, ""k_min"": 64, ""variant"": ""conservative""}",217,0.17181314330958036,0.8525345622119815,0.8525345622119815,0.027649769585253458,1.0,"{""dp_17_64"": 0.059907834101382486, ""dp_257_plus"": 0.6682027649769585, ""dp_5_16"": 0.02304147465437788, ""dp_65_256"": 0.2488479262672811}","{""cn_0"": 1.0}",0.0,497.2764976958525,sasb_candidate_builder,9d211c7527c7650226c0a05b5643910ce735277dac86f6f46e32c525c91a227c,217,9d211c7527c7650226c0a05b5643910ce735277dac86f6f46e32c525c91a227c,"{""sasb_builder"": 217}",0,0,0,0,{},0.0,"{""common_neighbor_bin_l1"": 0.0, ""degree_product_bin_l1"": 0.0, ""is_boundary_edge_l1"": 0.0, ""is_bridge_edge_l1"": 0.0, ""is_inter_community_edge_l1"": 0.0, ""is_low_common_neighbor_edge_l1"": 0.0, ""mean_l1"": 0.0}",1,32,32,0.0,0
realworld_completed,bio_celegans,SASB-candidate,sasb,SASB-structured,20260513,759,middle,0.9889624724061811,0.9889624724061811,0.0,3,3,0,0.3748148148148148,0.37530864197530867,173,96,173--96,5,115,5,115,575,2,0.5,0,0,0,32,"[""96"", ""53"", ""51"", ""60"", ""343"", ""363"", ""62"", ""52"", ""373"", ""364"", ""97"", ""307"", ""144"", ""145"", ""142"", ""143"", ""82"", ""83"", ""220"", ""147"", ""118"", ""440"", ""154"", ""281"", ""398"", ""348"", ""404"", ""396"", ""424"", ""319"", ""388"", ""201""]",e21e723d88d504adafccb6d707aa9ba8731d29e88eb834d09878236c5f682336,"{""boundary"": 12, ""community_rep"": 5, ""degree_core"": 10, ""random_fill"": 5}","{""degree_3_4"": 3, ""degree_5_8"": 3, ""degree_9_plus"": 26}","{""0"": 1, ""1"": 7, ""10"": 1, ""11"": 1, ""2"": 1, ""3"": 8, ""4"": 6, ""5"": 1, ""6"": 1, ""7"": 1, ""8"": 1, ""9"": 3}",217,"{""backend"": ""evaluate_m19_theory_calibrated.candidate_features"", ""delta_mode"": ""none"", ""k_max"": 512, ""k_min"": 64, ""variant"": ""conservative""}",217,0.17194928684627575,0.8525345622119815,0.8525345622119815,0.027649769585253458,1.0,"{""dp_17_64"": 0.059907834101382486, ""dp_257_plus"": 0.663594470046083, ""dp_5_16"": 0.02304147465437788, ""dp_65_256"": 0.2534562211981567}","{""cn_0"": 1.0}",0.0,494.47926267281105,sasb_candidate_builder,e5b0a9391b230f136db8eb7327317b41fcfafb134057ded6d976e66e9906cb9b,217,e5b0a9391b230f136db8eb7327317b41fcfafb134057ded6d976e66e9906cb9b,"{""sasb_builder"": 217}",0,0,0,0,{},0.0,"{""common_neighbor_bin_l1"": 0.0, ""degree_product_bin_l1"": 0.0, ""is_boundary_edge_l1"": 0.0, ""is_bridge_edge_l1"": 0.0, ""is_inter_community_edge_l1"": 0.0, ""is_low_common_neighbor_edge_l1"": 0.0, ""mean_l1"": 0.0}",1,32,32,0.0,0
realworld_completed,bio_celegans,SASB-candidate,sasb,SASB-structured,20260513,760,middle,0.9889624724061811,0.9889624724061811,0.0,3,3,0,0.37530864197530867,0.37580246913580245,170,96,170--96,3,114,3,114,342,1,0.5,0,7,7,32,"[""96"", ""53"", ""51"", ""60"", ""343"", ""363"", ""62"", ""52"", ""373"", ""364"", ""97"", ""307"", ""144"", ""145"", ""142"", ""143"", ""82"", ""83"", ""220"", ""147"", ""118"", ""440"", ""154"", ""281"", ""398"", ""348"", ""404"", ""312"", ""66"", ""317"", ""98"", ""206""]",e5a9baf27f5793d0852565d9d568205bed0c185c6f9318ed0fe6d18993d76c04,"{""boundary"": 12, ""community_rep"": 5, ""degree_core"": 10, ""random_fill"": 5}","{""degree_3_4"": 2, ""degree_5_8"": 3, ""degree_9_plus"": 27}","{""0"": 1, ""1"": 8, ""10"": 1, ""11"": 2, ""2"": 2, ""3"": 6, ""4"": 5, ""5"": 1, ""6"": 1, ""7"": 1, ""8"": 1, ""9"": 3}",217,"{""backend"": ""evaluate_m19_theory_calibrated.candidate_features"", ""delta_mode"": ""none"", ""k_max"": 512, ""k_min"": 64, ""variant"": ""conservative""}",217,0.17208564631245044,0.8525345622119815,0.8525345622119815,0.027649769585253458,1.0,"{""dp_17_64"": 0.059907834101382486, ""dp_257_plus"": 0.6682027649769585, ""dp_5_16"": 0.02304147465437788, ""dp_65_256"": 0.2488479262672811}","{""cn_0"": 1.0}",0.0,491.55299539170505,sasb_candidate_builder,d1c34423650eca02292e6c0c5d32c3441b831aaea3ae4b4455d959b7cf97d122,217,d1c34423650eca02292e6c0c5d32c3441b831aaea3ae4b4455d959b7cf97d122,"{""sasb_builder"": 217}",0,0,0,0,{},0.0,"{""common_neighbor_bin_l1"": 0.0, ""degree_product_bin_l1"": 0.0, ""is_boundary_edge_l1"": 0.0, ""is_bridge_edge_l1"": 0.0, ""is_inter_community_edge_l1"": 0.0, ""is_low_common_neighbor_edge_l1"": 0.0, ""mean_l1"": 0.0}",1,32,32,0.0,0
realworld_completed,bio_celegans,SASB-candidate,sasb,SASB-structured,20260513,761,middle,0.9889624724061811,0.977924944812362,0.011037527593819041,3,4,1,0.37580246913580245,0.3762962962962963,171,96,171--96,3,113,3,113,339,0,0.0,1,8,0,32,"[""96"", ""53"", ""51"", ""60"", ""343"", ""363"", ""62"", ""52"", ""373"", ""364"", ""97"", ""307"", ""144"", ""145"", ""142"", ""143"", ""82"", ""83"", ""220"", ""147"", ""118"", ""440"", ""154"", ""281"", ""398"", ""348"", ""404"", ""331"", ""222"", ""10"", ""438"", ""227""]",017e3d5f97fac6d9102110d5b653a73400d203bcd32e3821de608efb5591f703,"{""boundary"": 12, ""community_rep"": 5, ""degree_core"": 10, ""random_fill"": 5}","{""degree_0_1"": 1, ""degree_2"": 1, ""degree_3_4"": 2, ""degree_5_8"": 2, ""degree_9_plus"": 26}","{""0"": 1, ""1"": 7, ""10"": 1, ""11"": 2, ""2"": 1, ""3"": 6, ""4"": 5, ""5"": 1, ""6"": 2, ""7"": 1, ""8"": 1, ""9"": 4}",217,"{""backend"": ""evaluate_m19_theory_calibrated.candidate_features"", ""delta_mode"": ""none"", ""k_max"": 512, ""k_min"": 64, ""variant"": ""conservative""}",217,0.17222222222222222,0.8525345622119815,0.8525345622119815,0.03225806451612903,1.0,"{""dp_17_64"": 0.059907834101382486, ""dp_257_plus"": 0.663594470046083, ""dp_5_16"": 0.02304147465437788, ""dp_65_256"": 0.2534562211981567}","{""cn_0"": 1.0}",0.0,488.7926267281106,sasb_candidate_builder,776b816282659a0eb040934eed1321669cc5b281979dcb33e7fe6fad892be28f,217,776b816282659a0eb040934eed1321669cc5b281979dcb33e7fe6fad892be28f,"{""sasb_builder"": 217}",0,0,0,0,{},0.0,"{""common_neighbor_bin_l1"": 0.0, ""degree_product_bin_l1"": 0.0, ""is_boundary_edge_l1"": 0.0, ""is_bridge_edge_l1"": 0.0, ""is_inter_community_edge_l1"": 0.0, ""is_low_common_neighbor_edge_l1"": 0.0, ""mean_l1"": 0.0}",1,32,32,0.0,0
realworld_completed,bio_celegans,SASB-candidate,sasb,SASB-structured,20260513,762,middle,0.977924944812362,0.9735099337748344,0.004415011037527616,4,5,1,0.3762962962962963,0.37679012345679014,231,96,231--96,2,112,2,112,224,0,0.0,0,0,0,32,"[""96"", ""53"", ""51"", ""60"", ""343"", ""363"", ""62"", ""52"", ""373"", ""364"", ""97"", ""307"", ""144"", ""145"", ""142"", ""143"", ""82"", ""83"", ""220"", ""147"", ""118"", ""440"", ""154"", ""281"", ""398"", ""348"", ""404"", ""158"", ""287"", ""447"", ""267"", ""395""]",fc9b9dfeb585dd5bcd4705ad60a390831b23ef366f9bf514a2bc56dc87223d00,"{""boundary"": 12, ""community_rep"": 5, ""degree_core"": 10, ""random_fill"": 5}","{""degree_0_1"": 1, ""degree_2"": 3, ""degree_3_4"": 2, ""degree_9_plus"": 26}","{""0"": 1, ""1"": 6, ""10"": 1, ""11"": 2, ""2"": 2, ""3"": 7, ""4"": 5, ""5"": 1, ""6"": 1, ""7"": 2, ""8"": 1, ""9"": 3}",216,"{""backend"": ""evaluate_m19_theory_calibrated.candidate_features"", ""delta_mode"": ""none"", ""k_max"": 512, ""k_min"": 64, ""variant"": ""conservative""}",216,0.17238627294493217,0.8564814814814815,0.8564814814814815,0.027777777777777776,1.0,"{""dp_17_64"": 0.06018518518518518, ""dp_257_plus"": 0.6620370370370371, ""dp_5_16"": 0.023148148148148147, ""dp_65_256"": 0.25462962962962965}","{""cn_0"": 1.0}",0.0,487.1759259259259,sasb_candidate_builder,7bd9f6a2115ad4189a85928f1887d7255b9531b1fd9865eab32a97b9ac25a4f4,216,7bd9f6a2115ad4189a85928f1887d7255b9531b1fd9865eab32a97b9ac25a4f4,"{""sasb_builder"": 216}",0,0,0,0,{},0.0,"{""common_neighbor_bin_l1"": 0.0, ""degree_product_bin_l1"": 0.0, ""is_boundary_edge_l1"": 0.0, ""is_bridge_edge_l1"": 0.0, ""is_inter_community_edge_l1"": 0.0, ""is_low_common_neighbor_edge_l1"": 0.0, ""mean_l1"": 0.0}",1,32,32,0.0,0
realworld_completed,bio_celegans,SASB-candidate,sasb,SASB-structured,20260513,763,middle,0.9735099337748344,0.9735099337748344,0.0,5,5,0,0.37679012345679014,0.3772839506172839,262,96,262--96,6,111,6,111,666,1,0.2,1,8,7,32,"[""96"", ""53"", ""51"", ""60"", ""343"", ""363"", ""62"", ""52"", ""373"", ""364"", ""97"", ""307"", ""144"", ""145"", ""142"", ""143"", ""82"", ""83"", ""220"", ""147"", ""118"", ""440"", ""154"", ""281"", ""398"", ""348"", ""404"", ""380"", ""7"", ""269"", ""403"", ""121""]",6106346338196619443109b6aaed5ee4594a587de4fcbea0cc749c57034bf869,"{""boundary"": 12, ""community_rep"": 5, ""degree_core"": 10, ""random_fill"": 5}","{""degree_2"": 2, ""degree_3_4"": 2, ""degree_5_8"": 1, ""degree_9_plus"": 27}","{""0"": 1, ""1"": 6, ""10"": 1, ""11"": 1, ""2"": 2, ""3"": 7, ""4"": 6, ""5"": 1, ""6"": 1, ""7"": 2, ""8"": 1, ""9"": 3}",216,"{""backend"": ""evaluate_m19_theory_calibrated.candidate_features"", ""delta_mode"": ""none"", ""k_max"": 512, ""k_min"": 64, ""variant"": ""conservative""}",216,0.17266187050359713,0.8564814814814815,0.8564814814814815,0.023148148148148147,1.0,"{""dp_17_64"": 0.06018518518518518, ""dp_257_plus"": 0.6620370370370371, ""dp_5_16"": 0.023148148148148147, ""dp_65_256"": 0.25462962962962965}","{""cn_0"": 1.0}",0.0,484.97222222222223,sasb_candidate_builder,92f9b4c0695bcf6061b61226404c6f63ffa16f01fa5910b46a8da5a4e15db6e7,216,92f9b4c0695bcf6061b61226404c6f63ffa16f01fa5910b46a8da5a4e15db6e7,"{""sasb_builder"": 216}",0,0,0,0,{},0.0,"{""common_neighbor_bin_l1"": 0.0, ""degree_product_bin_l1"": 0.0, ""is_boundary_edge_l1"": 0.0, ""is_bridge_edge_l1"": 0.0, ""is_inter_community_edge_l1"": 0.0, ""is_low_common_neighbor_edge_l1"": 0.0, ""mean_l1"": 0.0}",1,32,32,0.0,0
realworld_completed,bio_celegans,SASB-candidate,sasb,SASB-structured,20260513,764,middle,0.9735099337748344,0.9735099337748344,0.0,5,5,0,0.3772839506172839,0.37777777777777777,263,96,263--96,4,110,4,110,440,0,0.0,1,8,6,32,"[""96"", ""53"", ""51"", ""60"", ""343"", ""363"", ""62"", ""52"", ""373"", ""364"", ""97"", ""307"", ""144"", ""145"", ""142"", ""143"", ""82"", ""83"", ""220"", ""147"", ""118"", ""440"", ""154"", ""281"", ""398"", ""348"", ""404"", ""282"", ""235"", ""236"", ""268"", ""84""]",087a1c7cab45baaec2c5ece1dfd588b227c2d1df0b9532840ad1b9752467c6a9,"{""boundary"": 12, ""community_rep"": 5, ""degree_core"": 10, ""random_fill"": 5}","{""degree_0_1"": 1, ""degree_3_4"": 3, ""degree_5_8"": 2, ""degree_9_plus"": 26}","{""0"": 1, ""1"": 6, ""10"": 1, ""11"": 1, ""2"": 1, ""3"": 6, ""4"": 7, ""5"": 1, ""6"": 1, ""7"": 1, ""8"": 2, ""9"": 4}",216,"{""backend"": ""evaluate_m19_theory_calibrated.candidate_features"", ""delta_mode"": ""none"", ""k_max"": 512, ""k_min"": 64, ""variant"": ""conservative""}",216,0.1728,0.8518518518518519,0.8518518518518519,0.023148148148148147,1.0,"{""dp_17_64"": 0.06018518518518518, ""dp_257_plus"": 0.6620370370370371, ""dp_5_16"": 0.023148148148148147, ""dp_65_256"": 0.25462962962962965}","{""cn_0"": 1.0}",0.0,481.18981481481484,sasb_candidate_builder,b5eed2a23049d3747e7f661c32860e9378faf30309309c20527787474658e448,216,b5eed2a23049d3747e7f661c32860e9378faf30309309c20527787474658e448,"{""sasb_builder"": 216}",0,0,0,0,{},0.0,"{""common_neighbor_bin_l1"": 0.0, ""degree_product_bin_l1"": 0.0, ""is_boundary_edge_l1"": 0.0, ""is_bridge_edge_l1"": 0.0, ""is_inter_community_edge_l1"": 0.0, ""is_low_common_neighbor_edge_l1"": 0.0, ""mean_l1"": 0.0}",1,32,32,0.0,0
realworld_completed,bio_celegans,SASB-candidate,sasb,SASB-structured,20260513,765,middle,0.9735099337748344,0.9735099337748344,0.0,5,5,0,0.37777777777777777,0.3782716049382716,264,62,264--62,6,44,6,44,264,1,0.2,0,4,4,32,"[""96"", ""53"", ""51"", ""60"", ""343"", ""363"", ""62"", ""52"", ""373"", ""364"", ""97"", ""307"", ""144"", ""145"", ""142"", ""143"", ""82"", ""83"", ""220"", ""147"", ""118"", ""440"", ""154"", ""281"", ""398"", ""348"", ""404"", ""252"", ""212"", ""148"", ""199"", ""380""]",1e3f596e40c24c890f1debb54c35a9e1a5f85dfb76049327a11ecc6a1307ef11,"{""boundary"": 12, ""community_rep"": 5, ""degree_core"": 10, ""random_fill"": 5}","{""degree_0_1"": 1, ""degree_2"": 1, ""degree_3_4"": 3, ""degree_5_8"": 1, ""degree_9_plus"": 26}","{""0"": 1, ""1"": 8, ""10"": 1, ""11"": 1, ""2"": 1, ""3"": 6, ""4"": 5, ""5"": 1, ""6"": 1, ""7"": 2, ""8"": 1, ""9"": 4}",216,"{""backend"": ""evaluate_m19_theory_calibrated.candidate_features"", ""delta_mode"": ""none"", ""k_max"": 512, ""k_min"": 64, ""variant"": ""conservative""}",216,0.17293835068054444,0.8472222222222222,0.8472222222222222,0.023148148148148147,1.0,"{""dp_17_64"": 0.06018518518518518, ""dp_257_plus"": 0.6620370370370371, ""dp_5_16"": 0.023148148148148147, ""dp_65_256"": 0.25462962962962965}","{""cn_0"": 1.0}",0.0,478.47222222222223,sasb_candidate_builder,d40ad89dc5752c05f55f2665e3f9110ec81e848318d4a72b6d197fa60649e45d,216,d40ad89dc5752c05f55f2665e3f9110ec81e848318d4a72b6d197fa60649e45d,"{""sasb_builder"": 216}",0,0,0,0,{},0.0,"{""common_neighbor_bin_l1"": 0.0, ""degree_product_bin_l1"": 0.0, ""is_boundary_edge_l1"": 0.0, ""is_bridge_edge_l1"": 0.0, ""is_inter_community_edge_l1"": 0.0, ""is_low_common_neighbor_edge_l1"": 0.0, ""mean_l1"": 0.0}",1,32,32,0.0,0
realworld_completed,bio_celegans,SASB-candidate,sasb,SASB-structured,20260513,766,middle,0.9735099337748344,0.9735099337748344,0.0,5,5,0,0.3782716049382716,0.37876543209876545,270,51,270--51,7,61,7,61,427,2,0.3333333333333333,1,3,9,32,"[""96"", ""53"", ""51"", ""60"", ""343"", ""363"", ""62"", ""52"", ""373"", ""364"", ""97"", ""307"", ""144"", ""145"", ""142"", ""143"", ""82"", ""83"", ""220"", ""147"", ""118"", ""440"", ""154"", ""281"", ""398"", ""348"", ""404"", ""362"", ""99"", ""186"", ""181"", ""323""]",c576dae68baa372b87ffaa004396c62c544278eaa2847a7c134263de081ca39d,"{""boundary"": 12, ""community_rep"": 5, ""degree_core"": 10, ""random_fill"": 5}","{""degree_0_1"": 1, ""degree_3_4"": 5, ""degree_9_plus"": 26}","{""0"": 1, ""1"": 6, ""10"": 1, ""11"": 1, ""2"": 1, ""3"": 5, ""4"": 6, ""5"": 1, ""6"": 3, ""7"": 2, ""8"": 1, ""9"": 4}",216,"{""backend"": ""evaluate_m19_theory_calibrated.candidate_features"", ""delta_mode"": ""none"", ""k_max"": 512, ""k_min"": 64, ""variant"": ""conservative""}",216,0.17307692307692307,0.8472222222222222,0.8472222222222222,0.023148148148148147,1.0,"{""dp_17_64"": 0.06018518518518518, ""dp_257_plus"": 0.6574074074074074, ""dp_5_16"": 0.023148148148148147, ""dp_65_256"": 0.25925925925925924}","{""cn_0"": 1.0}",0.0,477.7824074074074,sasb_candidate_builder,e01b838fad94af693663bd32270cd44102452e727faafbc245c4187f886867e8,216,e01b838fad94af693663bd32270cd44102452e727faafbc245c4187f886867e8,"{""sasb_builder"": 216}",0,0,0,0,{},0.0,"{""common_neighbor_bin_l1"": 0.0, ""degree_product_bin_l1"": 0.0, ""is_boundary_edge_l1"": 0.0, ""is_bridge_edge_l1"": 0.0, ""is_inter_community_edge_l1"": 0.0, ""is_low_common_neighbor_edge_l1"": 0.0, ""mean_l1"": 0.0}",1,32,32,0.0,0
realworld_completed,bio_celegans,SASB-candidate,sasb,SASB-structured,20260513,767,middle,0.9735099337748344,0.9735099337748344,0.0,5,5,0,0.37876543209876545,0.37925925925925924,270,53,270--53,6,68,6,68,408,1,0.2,1,3,7,32,"[""96"", ""53"", ""60"", ""51"", ""343"", ""363"", ""62"", ""52"", ""373"", ""364"", ""97"", ""307"", ""144"", ""145"", ""142"", ""143"", ""82"", ""83"", ""220"", ""147"", ""118"", ""440"", ""154"", ""281"", ""398"", ""348"", ""404"", ""428"", ""326"", ""129"", ""107"", ""128""]",6f24da9a5ad9ec8d416c5109cc315c6e05b00bcd292c67839a93c9d654c6b62a,"{""boundary"": 12, ""community_rep"": 5, ""degree_core"": 10, ""random_fill"": 5}","{""degree_2"": 1, ""degree_3_4"": 3, ""degree_5_8"": 2, ""degree_9_plus"": 26}","{""0"": 1, ""1"": 7, ""10"": 1, ""11"": 1, ""2"": 1, ""3"": 6, ""4"": 7, ""5"": 1, ""6"": 1, ""7"": 2, ""8"": 1, ""9"": 3}",216,"{""backend"": ""evaluate_m19_theory_calibrated.candidate_features"", ""delta_mode"": ""none"", ""k_max"": 512, ""k_min"": 64, ""variant"": ""conservative""}",216,0.17321571772253408,0.8425925925925926,0.8425925925925926,0.023148148148148147,1.0,"{""dp_17_64"": 0.06018518518518518, ""dp_257_plus"": 0.6574074074074074, ""dp_5_16"": 0.023148148148148147, ""dp_65_256"": 0.25925925925925924}","{""cn_0"": 1.0}",0.0,479.68055555555554,sasb_candidate_builder,53589242d5d0394a5e73b6a7e285fe4d3de11f7e7a1822ac8ab6e0fbc5e9d8d9,216,53589242d5d0394a5e73b6a7e285fe4d3de11f7e7a1822ac8ab6e0fbc5e9d8d9,"{""sasb_builder"": 216}",0,0,0,0,{},0.0,"{""common_neighbor_bin_l1"": 0.0, ""degree_product_bin_l1"": 0.0, ""is_boundary_edge_l1"": 0.0, ""is_bridge_edge_l1"": 0.0, ""is_inter_community_edge_l1"": 0.0, ""is_low_common_neighbor_edge_l1"": 0.0, ""mean_l1"": 0.0}",1,32,32,0.0,0
realworld_completed,bio_celegans,SASB-candidate,sasb,SASB-structured,20260513,768,middle,0.9735099337748344,0.9735099337748344,0.0,5,5,0,0.37925925925925924,0.3797530864197531,270,96,270--96,5,109,5,109,545,2,0.5,1,3,8,32,"[""96"", ""53"", ""60"", ""51"", ""343"", ""363"", ""62"", ""52"", ""373"", ""364"", ""97"", ""307"", ""144"", ""145"", ""142"", ""143"", ""82"", ""83"", ""220"", ""147"", ""118"", ""440"", ""154"", ""281"", ""398"", ""348"", ""404"", ""40"", ""212"", ""272"", ""110"", ""215""]",bb0a820a630278f2df73b3b10c4937784d34ac16ee58a15fbeeb312d71af4e05,"{""boundary"": 12, ""community_rep"": 5, ""degree_core"": 10, ""random_fill"": 5}","{""degree_3_4"": 3, ""degree_5_8"": 2, ""degree_9_plus"": 27}","{""0"": 1, ""1"": 9, ""10"": 1, ""11"": 1, ""2"": 1, ""3"": 7, ""4"": 5, ""5"": 1, ""6"": 1, ""7"": 1, ""8"": 1, ""9"": 3}",215,"{""backend"": ""evaluate_m19_theory_calibrated.candidate_features"", ""delta_mode"": ""none"", ""k_max"": 512, ""k_min"": 64, ""variant"": ""conservative""}",215,0.1725521669341894,0.8418604651162791,0.8418604651162791,0.023255813953488372,1.0,"{""dp_17_64"": 0.06046511627906977, ""dp_257_plus"": 0.6558139534883721, ""dp_5_16"": 0.023255813953488372, ""dp_65_256"": 0.26046511627906976}","{""cn_0"": 1.0}",0.0,478.26976744186044,sasb_candidate_builder,bd45c9ddd896ad8495befc48432083e674c7c0d5d28f37313d4bed140a8b2468,215,bd45c9ddd896ad8495befc48432083e674c7c0d5d28f37313d4bed140a8b2468,"{""sasb_builder"": 215}",0,0,0,0,{},0.0,"{""common_neighbor_bin_l1"": 0.0, ""degree_product_bin_l1"": 0.0, ""is_boundary_edge_l1"": 0.0, ""is_bridge_edge_l1"": 0.0, ""is_inter_community_edge_l1"": 0.0, ""is_low_common_neighbor_edge_l1"": 0.0, ""mean_l1"": 0.0}",1,32,32,0.0,0
realworld_completed,bio_celegans,SASB-candidate,sasb,SASB-structured,20260513,769,middle,0.9735099337748344,0.9735099337748344,0.0,5,5,0,0.3797530864197531,0.3802469135802469,174,96,174--96,3,108,3,108,324,2,1.0,0,0,0,32,"[""96"", ""53"", ""60"", ""51"", ""343"", ""363"", ""62"", ""52"", ""373"", ""364"", ""97"", ""307"", ""144"", ""145"", ""142"", ""143"", ""82"", ""83"", ""220"", ""147"", ""118"", ""440"", ""154"", ""281"", ""398"", ""348"", ""404"", ""286"", ""211"", ""182"", ""6"", ""110""]",737dc9d7bfa4d3c4d94f6f863fa5765170dfac4334d1d42f636f9804615acb45,"{""boundary"": 12, ""community_rep"": 5, ""degree_core"": 10, ""random_fill"": 5}","{""degree_3_4"": 5, ""degree_5_8"": 1, ""degree_9_plus"": 26}","{""0"": 1, ""1"": 8, ""10"": 1, ""11"": 1, ""2"": 1, ""3"": 6, ""4"": 7, ""5"": 1, ""6"": 1, ""7"": 1, ""8"": 1, ""9"": 3}",215,"{""backend"": ""evaluate_m19_theory_calibrated.candidate_features"", ""delta_mode"": ""none"", ""k_max"": 512, ""k_min"": 64, ""variant"": ""conservative""}",215,0.17269076305220885,0.8372093023255814,0.8372093023255814,0.023255813953488372,1.0,"{""dp_17_64"": 0.06046511627906977, ""dp_257_plus"": 0.6558139534883721, ""dp_5_16"": 0.023255813953488372, ""dp_65_256"": 0.26046511627906976}","{""cn_0"": 1.0}",0.0,475.0093023255814,sasb_candidate_builder,5b0ea1421e3b8f8e747c4a40cd2629b16a2f48dd5de159a1a5722ec0b6baffe7,215,5b0ea1421e3b8f8e747c4a40cd2629b16a2f48dd5de159a1a5722ec0b6baffe7,"{""sasb_builder"": 215}",0,0,0,0,{},0.0,"{""common_neighbor_bin_l1"": 0.0, ""degree_product_bin_l1"": 0.0, ""is_boundary_edge_l1"": 0.0, ""is_bridge_edge_l1"": 0.0, ""is_inter_community_edge_l1"": 0.0, ""is_low_common_neighbor_edge_l1"": 0.0, ""mean_l1"": 0.0}",1,32,32,0.0,0
realworld_completed,bio_celegans,SASB-candidate,sasb,SASB-structured,20260513,770,middle,0.9735099337748344,0.9735099337748344,0.0,5,5,0,0.3802469135802469,0.38074074074074077,238,96,238--96,3,107,3,107,321,1,0.5,0,8,8,32,"[""96"", ""53"", ""60"", ""51"", ""343"", ""363"", ""62"", ""52"", ""373"", ""364"", ""97"", ""307"", ""144"", ""145"", ""142"", ""143"", ""82"", ""83"", ""220"", ""147"", ""118"", ""440"", ""154"", ""281"", ""398"", ""348"", ""404"", ""141"", ""249"", ""359"", ""107"", ""294""]",84137f563a7917bf9b2982048117656438fa8d9888efbab56d7dda69cabcb3af,"{""boundary"": 12, ""community_rep"": 5, ""degree_core"": 10, ""random_fill"": 5}","{""degree_2"": 1, ""degree_3_4"": 3, ""degree_5_8"": 2, ""degree_9_plus"": 26}","{""0"": 2, ""1"": 6, ""10"": 1, ""11"": 1, ""2"": 1, ""3"": 6, ""4"": 6, ""5"": 1, ""6"": 4, ""7"": 1, ""8"": 1, ""9"": 2}",215,"{""backend"": ""evaluate_m19_theory_calibrated.candidate_features"", ""delta_mode"": ""none"", ""k_max"": 512, ""k_min"": 64, ""variant"": ""conservative""}",215,0.17282958199356913,0.8372093023255814,0.8372093023255814,0.023255813953488372,1.0,"{""dp_17_64"": 0.06046511627906977, ""dp_257_plus"": 0.6511627906976745, ""dp_5_16"": 0.027906976744186046, ""dp_65_256"": 0.26046511627906976}","{""cn_0"": 1.0}",0.0,468.06976744186045,sasb_candidate_builder,c26df1a61eca7bdaf8096fddc7355482a8c18b7141f81a5e1728dc9f07830122,215,c26df1a61eca7bdaf8096fddc7355482a8c18b7141f81a5e1728dc9f07830122,"{""sasb_builder"": 215}",0,0,0,0,{},0.0,"{""common_neighbor_bin_l1"": 0.0, ""degree_product_bin_l1"": 0.0, ""is_boundary_edge_l1"": 0.0, ""is_bridge_edge_l1"": 0.0, ""is_inter_community_edge_l1"": 0.0, ""is_low_common_neighbor_edge_l1"": 0.0, ""mean_l1"": 0.0}",1,32,32,0.0,0
realworld_completed,bio_celegans,SASB-candidate,sasb,SASB-structured,20260513,771,middle,0.9735099337748344,0.9735099337748344,0.0,5,5,0,0.38074074074074077,0.38123456790123456,239,96,239--96,5,106,5,106,530,2,0.5,0,0,0,32,"[""96"", ""53"", ""60"", ""51"", ""343"", ""363"", ""62"", ""52"", ""373"", ""364"", ""97"", ""307"", ""144"", ""145"", ""142"", ""143"", ""82"", ""83"", ""220"", ""147"", ""118"", ""440"", ""154"", ""281"", ""398"", ""348"", ""404"", ""368"", ""223"", ""0"", ""414"", ""361""]",5bbdbddefe55910cd2392c01d43463885b1f9dd07b8cfc7487521648b91705d5,"{""boundary"": 12, ""community_rep"": 5, ""degree_core"": 10, ""random_fill"": 5}","{""degree_2"": 1, ""degree_3_4"": 3, ""degree_5_8"": 2, ""degree_9_plus"": 26}","{""0"": 1, ""1"": 9, ""10"": 2, ""11"": 1, ""2"": 1, ""3"": 5, ""4"": 5, ""5"": 1, ""6"": 4, ""7"": 1, ""8"": 1, ""9"": 1}",215,"{""backend"": ""evaluate_m19_theory_calibrated.candidate_features"", ""delta_mode"": ""none"", ""k_max"": 512, ""k_min"": 64, ""variant"": ""conservative""}",215,0.17296862429605792,0.8372093023255814,0.8372093023255814,0.023255813953488372,1.0,"{""dp_17_64"": 0.06046511627906977, ""dp_257_plus"": 0.6511627906976745, ""dp_5_16"": 0.027906976744186046, ""dp_65_256"": 0.26046511627906976}","{""cn_0"": 1.0}",0.0,465.8790697674419,sasb_candidate_builder,c14d5592657df39735d8d3a6b8cff6738919c13f7ede304759a84872e18acad5,215,c14d5592657df39735d8d3a6b8cff6738919c13f7ede304759a84872e18acad5,"{""sasb_builder"": 215}",0,0,0,0,{},0.0,"{""common_neighbor_bin_l1"": 0.0, ""degree_product_bin_l1"": 0.0, ""is_boundary_edge_l1"": 0.0, ""is_bridge_edge_l1"": 0.0, ""is_inter_community_edge_l1"": 0.0, ""is_low_common_neighbor_edge_l1"": 0.0, ""mean_l1"": 0.0}",1,32,32,0.0,0
realworld_completed,bio_celegans,SASB-candidate,sasb,SASB-structured,20260513,772,middle,0.9735099337748344,0.9735099337748344,0.0,5,5,0,0.38123456790123456,0.3817283950617284,240,96,240--96,3,105,3,105,315,1,0.5,0,0,0,32,"[""96"", ""53"", ""60"", ""51"", ""343"", ""363"", ""62"", ""52"", ""373"", ""364"", ""97"", ""307"", ""144"", ""145"", ""142"", ""143"", ""82"", ""83"", ""220"", ""147"", ""118"", ""440"", ""154"", ""281"", ""398"", ""348"", ""404"", ""301"", ""222"", ""92"", ""346"", ""304""]",6f7f29c824562811fd214819a5dbc381f981989b971f9b76e7e62c8a4ed22bf5,"{""boundary"": 12, ""community_rep"": 5, ""degree_core"": 10, ""random_fill"": 5}","{""degree_3_4"": 3, ""degree_5_8"": 3, ""degree_9_plus"": 26}","{""0"": 1, ""1"": 6, ""10"": 1, ""11"": 2, ""2"": 1, ""3"": 6, ""4"": 6, ""5"": 2, ""6"": 3, ""7"": 1, ""8"": 2, ""9"": 1}",215,"{""backend"": ""evaluate_m19_theory_calibrated.candidate_features"", ""delta_mode"": ""none"", ""k_max"": 512, ""k_min"": 64, ""variant"": ""conservative""}",215,0.17310789049919484,0.8372093023255814,0.8372093023255814,0.023255813953488372,1.0,"{""dp_17_64"": 0.06046511627906977, ""dp_257_plus"": 0.6511627906976745, ""dp_5_16"": 0.027906976744186046, ""dp_65_256"": 0.26046511627906976}","{""cn_0"": 1.0}",0.0,462.646511627907,sasb_candidate_builder,7a8f5aa60f3a5275b9796c272a2f2441d576771e3621866a0ae4722ab26217b4,215,7a8f5aa60f3a5275b9796c272a2f2441d576771e3621866a0ae4722ab26217b4,"{""sasb_builder"": 215}",0,0,0,0,{},0.0,"{""common_neighbor_bin_l1"": 0.0, ""degree_product_bin_l1"": 0.0, ""is_boundary_edge_l1"": 0.0, ""is_bridge_edge_l1"": 0.0, ""is_inter_community_edge_l1"": 0.0, ""is_low_common_neighbor_edge_l1"": 0.0, ""mean_l1"": 0.0}",1,32,32,0.0,0
realworld_completed,bio_celegans,SASB-candidate,sasb,SASB-structured,20260513,773,middle,0.9735099337748344,0.9735099337748344,0.0,5,5,0,0.3817283950617284,0.38222222222222224,273,96,273--96,4,104,4,104,416,1,0.3333333333333333,0,7,7,32,"[""96"", ""53"", ""60"", ""51"", ""343"", ""363"", ""62"", ""52"", ""373"", ""364"", ""97"", ""307"", ""144"", ""145"", ""142"", ""143"", ""82"", ""83"", ""220"", ""147"", ""118"", ""440"", ""154"", ""281"", ""398"", ""348"", ""404"", ""139"", ""394"", ""314"", ""370"", ""425""]",53b6a4b63390f43c1d0132eced3abff65cdafde45e8f3d03c7b78a9e7ac12f9d,"{""boundary"": 12, ""community_rep"": 5, ""degree_core"": 10, ""random_fill"": 5}","{""degree_2"": 2, ""degree_3_4"": 2, ""degree_5_8"": 1, ""degree_9_plus"": 27}","{""0"": 1, ""1"": 8, ""10"": 1, ""11"": 1, ""2"": 1, ""3"": 5, ""4"": 6, ""5"": 2, ""6"": 3, ""7"": 1, ""8"": 2, ""9"": 1}",215,"{""backend"": ""evaluate_m19_theory_calibrated.candidate_features"", ""delta_mode"": ""none"", ""k_max"": 512, ""k_min"": 64, ""variant"": ""conservative""}",215,0.17324738114423852,0.8372093023255814,0.8372093023255814,0.023255813953488372,1.0,"{""dp_17_64"": 0.06046511627906977, ""dp_257_plus"": 0.6511627906976745, ""dp_5_16"": 0.027906976744186046, ""dp_65_256"": 0.26046511627906976}","{""cn_0"": 1.0}",0.0,464.6,sasb_candidate_builder,65fc870977bbf772db4922713f2098ba84e72883931478029e73ee6deeb3aec4,215,65fc870977bbf772db4922713f2098ba84e72883931478029e73ee6deeb3aec4,"{""sasb_builder"": 215}",0,0,0,0,{},0.0,"{""common_neighbor_bin_l1"": 0.0, ""degree_product_bin_l1"": 0.0, ""is_boundary_edge_l1"": 0.0, ""is_bridge_edge_l1"": 0.0, ""is_inter_community_edge_l1"": 0.0, ""is_low_common_neighbor_edge_l1"": 0.0, ""mean_l1"": 0.0}",1,32,32,0.0,0
realworld_completed,bio_celegans,SASB-candidate,sasb,SASB-structured,20260513,774,middle,0.9735099337748344,0.9735099337748344,0.0,5,5,0,0.38222222222222224,0.38271604938271603,274,96,274--96,3,103,3,103,309,1,0.5,0,0,0,32,"[""96"", ""53"", ""60"", ""51"", ""343"", ""363"", ""62"", ""52"", ""373"", ""364"", ""97"", ""307"", ""144"", ""145"", ""142"", ""143"", ""82"", ""83"", ""220"", ""147"", ""118"", ""440"", ""154"", ""281"", ""398"", ""348"", ""404"", ""424"", ""167"", ""410"", ""194"", ""449""]",c9df62424789eb4600948472285f8c0acd1558152a5acdebfed200ef52f174a1,"{""boundary"": 12, ""community_rep"": 5, ""degree_core"": 10, ""random_fill"": 5}","{""degree_2"": 1, ""degree_3_4"": 3, ""degree_5_8"": 2, ""degree_9_plus"": 26}","{""0"": 1, ""1"": 6, ""10"": 1, ""11"": 1, ""2"": 1, ""3"": 7, ""4"": 5, ""5"": 2, ""6"": 3, ""7"": 2, ""8"": 2, ""9"": 1}",215,"{""backend"": ""evaluate_m19_theory_calibrated.candidate_features"", ""delta_mode"": ""none"", ""k_max"": 512, ""k_min"": 64, ""variant"": ""conservative""}",215,0.17338709677419356,0.8372093023255814,0.8372093023255814,0.023255813953488372,1.0,"{""dp_17_64"": 0.06046511627906977, ""dp_257_plus"": 0.6511627906976745, ""dp_5_16"": 0.027906976744186046, ""dp_65_256"": 0.26046511627906976}","{""cn_0"": 1.0}",0.0,461.88837209302324,sasb_candidate_builder,286137e010c39323c46f4383b4959f5a9100a1554068b13f7edeee86d68df6b9,215,286137e010c39323c46f4383b4959f5a9100a1554068b13f7edeee86d68df6b9,"{""sasb_builder"": 215}",0,0,0,0,{},0.0,"{""common_neighbor_bin_l1"": 0.0, ""degree_product_bin_l1"": 0.0, ""is_boundary_edge_l1"": 0.0, ""is_bridge_edge_l1"": 0.0, ""is_inter_community_edge_l1"": 0.0, ""is_low_common_neighbor_edge_l1"": 0.0, ""mean_l1"": 0.0}",1,32,32,0.0,0
realworld_completed,bio_celegans,SASB-candidate,sasb,SASB-structured,20260513,775,middle,0.9735099337748344,0.9735099337748344,0.0,5,5,0,0.38271604938271603,0.38320987654320987,275,94,275--94,3,10,3,10,30,0,0.0,1,10,3,32,"[""96"", ""53"", ""60"", ""51"", ""343"", ""363"", ""62"", ""52"", ""373"", ""364"", ""97"", ""307"", ""144"", ""145"", ""142"", ""143"", ""82"", ""83"", ""220"", ""147"", ""118"", ""440"", ""154"", ""281"", ""398"", ""348"", ""404"", ""101"", ""288"", ""431"", ""90"", ""400""]",918bd209f3aede7982866f4d33b687dcc6213a107735f8b7bbd21df213b00f58,"{""boundary"": 12, ""community_rep"": 5, ""degree_core"": 10, ""random_fill"": 5}","{""degree_3_4"": 5, ""degree_5_8"": 1, ""degree_9_plus"": 26}","{""0"": 1, ""1"": 6, ""10"": 1, ""11"": 4, ""2"": 1, ""3"": 5, ""4"": 5, ""5"": 1, ""6"": 3, ""7"": 1, ""8"": 3, ""9"": 1}",215,"{""backend"": ""evaluate_m19_theory_calibrated.candidate_features"", ""delta_mode"": ""none"", ""k_max"": 512, ""k_min"": 64, ""variant"": ""conservative""}",215,0.1735270379338176,0.8372093023255814,0.8372093023255814,0.023255813953488372,1.0,"{""dp_17_64"": 0.06046511627906977, ""dp_257_plus"": 0.6511627906976745, ""dp_5_16"": 0.027906976744186046, ""dp_65_256"": 0.26046511627906976}","{""cn_0"": 1.0}",0.0,460.2372093023256,sasb_candidate_builder,4237dd9bef2bb39aee803f1a88ed7c1d906566238820c8e2e8105a612d7630b3,215,4237dd9bef2bb39aee803f1a88ed7c1d906566238820c8e2e8105a612d7630b3,"{""sasb_builder"": 215}",0,0,0,0,{},0.0,"{""common_neighbor_bin_l1"": 0.0, ""degree_product_bin_l1"": 0.0, ""is_boundary_edge_l1"": 0.0, ""is_bridge_edge_l1"": 0.0, ""is_inter_community_edge_l1"": 0.0, ""is_low_common_neighbor_edge_l1"": 0.0, ""mean_l1"": 0.0}",1,32,32,0.0,0
realworld_completed,bio_celegans,SASB-candidate,sasb,SASB-structured,20260513,776,middle,0.9735099337748344,0.9735099337748344,0.0,5,5,0,0.38320987654320987,0.3837037037037037,32,343,32--343,14,45,14,45,630,5,0.38461538461538464,0,3,3,32,"[""96"", ""53"", ""60"", ""51"", ""343"", ""363"", ""62"", ""52"", ""373"", ""364"", ""97"", ""307"", ""144"", ""145"", ""142"", ""143"", ""82"", ""83"", ""220"", ""147"", ""118"", ""440"", ""154"", ""281"", ""398"", ""348"", ""404"", ""237"", ""303"", ""103"", ""278"", ""304""]",0854080129fb0f17fed8642324727e7f988ded150295d9fef027c3eb433b5cf9,"{""boundary"": 12, ""community_rep"": 5, ""degree_core"": 10, ""random_fill"": 5}","{""degree_0_1"": 1, ""degree_2"": 2, ""degree_3_4"": 1, ""degree_5_8"": 2, ""degree_9_plus"": 26}","{""0"": 1, ""1"": 6, ""10"": 2, ""11"": 1, ""2"": 1, ""3"": 5, ""4"": 5, ""5"": 2, ""6"": 4, ""7"": 1, ""8"": 3, ""9"": 1}",215,"{""backend"": ""evaluate_m19_theory_calibrated.candidate_features"", ""delta_mode"": ""none"", ""k_max"": 512, ""k_min"": 64, ""variant"": ""conservative""}",215,0.17366720516962844,0.8325581395348837,0.8325581395348837,0.023255813953488372,0.9953488372093023,"{""dp_17_64"": 0.05581395348837209, ""dp_257_plus"": 0.6511627906976745, ""dp_5_16"": 0.027906976744186046, ""dp_65_256"": 0.2651162790697674}","{""cn_0"": 0.9953488372093023, ""cn_4_8"": 0.004651162790697674}",0.023255813953488372,462.47441860465113,sasb_candidate_builder,14d7bd683d2be4af8b6a08b9fe34ea2d092ac26741b9742e430dae85d6fbc681,215,14d7bd683d2be4af8b6a08b9fe34ea2d092ac26741b9742e430dae85d6fbc681,"{""sasb_builder"": 215}",0,0,0,0,{},0.0,"{""common_neighbor_bin_l1"": 0.0, ""degree_product_bin_l1"": 0.0, ""is_boundary_edge_l1"": 0.0, ""is_bridge_edge_l1"": 0.0, ""is_inter_community_edge_l1"": 0.0, ""is_low_common_neighbor_edge_l1"": 0.0, ""mean_l1"": 0.0}",1,32,32,998.8511055696956,0
realworld_completed,bio_celegans,SASB-candidate,sasb,SASB-structured,20260513,777,middle,0.9735099337748344,0.9735099337748344,0.0,5,5,0,0.3837037037037037,0.38419753086419756,207,60,207--60,6,35,6,35,210,1,0.2,0,4,4,32,"[""96"", ""53"", ""60"", ""51"", ""343"", ""363"", ""62"", ""52"", ""373"", ""364"", ""97"", ""307"", ""144"", ""145"", ""142"", ""143"", ""82"", ""83"", ""220"", ""147"", ""118"", ""440"", ""154"", ""281"", ""398"", ""348"", ""404"", ""186"", ""405"", ""427"", ""11"", ""282""]",9c6f228dc666cdff877b85b465fc9e26031de7e038b463bd4662e464afd1c40c,"{""boundary"": 12, ""community_rep"": 5, ""degree_core"": 10, ""random_fill"": 5}","{""degree_3_4"": 4, ""degree_5_8"": 2, ""degree_9_plus"": 26}","{""0"": 1, ""1"": 7, ""10"": 1, ""11"": 2, ""2"": 1, ""3"": 5, ""4"": 6, ""5"": 3, ""6"": 3, ""7"": 1, ""8"": 1, ""9"": 1}",215,"{""backend"": ""evaluate_m19_theory_calibrated.candidate_features"", ""delta_mode"": ""none"", ""k_max"": 512, ""k_min"": 64, ""variant"": ""conservative""}",215,0.17380759902991108,0.8325581395348837,0.8325581395348837,0.023255813953488372,1.0,"{""dp_17_64"": 0.05581395348837209, ""dp_257_plus"": 0.6465116279069767, ""dp_5_16"": 0.027906976744186046, ""dp_65_256"": 0.26976744186046514}","{""cn_0"": 1.0}",0.0,458.68372093023254,sasb_candidate_builder,f31050d4237f310a44e1f905d8606bd40d69ea0f10311529945fa4fc15760eac,215,f31050d4237f310a44e1f905d8606bd40d69ea0f10311529945fa4fc15760eac,"{""sasb_builder"": 215}",0,0,0,0,{},0.0,"{""common_neighbor_bin_l1"": 0.0, ""degree_product_bin_l1"": 0.0, ""is_boundary_edge_l1"": 0.0, ""is_bridge_edge_l1"": 0.0, ""is_inter_community_edge_l1"": 0.0, ""is_low_common_neighbor_edge_l1"": 0.0, ""mean_l1"": 0.0}",1,32,32,0.0,0
realworld_completed,bio_celegans,SASB-candidate,sasb,SASB-structured,20260513,778,middle,0.9735099337748344,0.9735099337748344,0.0,5,5,0,0.38419753086419756,0.38469135802469134,11,440,11--440,6,17,6,17,102,0,0.0,0,1,1,32,"[""96"", ""53"", ""60"", ""51"", ""343"", ""363"", ""62"", ""52"", ""373"", ""364"", ""97"", ""307"", ""144"", ""145"", ""142"", ""143"", ""82"", ""83"", ""220"", ""147"", ""118"", ""440"", ""154"", ""281"", ""398"", ""348"", ""404"", ""333"", ""449"", ""248"", ""101"", ""328""]",93cdae2d2d7f2d776ea5a79d6c619d60f95b313c5e9d89d8ce656c095b476f94,"{""boundary"": 12, ""community_rep"": 5, ""degree_core"": 10, ""random_fill"": 5}","{""degree_2"": 2, ""degree_3_4"": 3, ""degree_5_8"": 1, ""degree_9_plus"": 26}","{""0"": 1, ""1"": 6, ""10"": 1, ""11"": 2, ""2"": 1, ""3"": 5, ""4"": 6, ""5"": 1, ""6"": 4, ""7"": 1, ""8"": 3, ""9"": 1}",215,"{""backend"": ""evaluate_m19_theory_calibrated.candidate_features"", ""delta_mode"": ""none"", ""k_max"": 512, ""k_min"": 64, ""variant"": ""conservative""}",215,0.1739482200647249,0.8325581395348837,0.8325581395348837,0.023255813953488372,1.0,"{""dp_17_64"": 0.05581395348837209, ""dp_257_plus"": 0.6465116279069767, ""dp_5_16"": 0.027906976744186046, ""dp_65_256"": 0.26976744186046514}","{""cn_0"": 1.0}",0.0,457.3488372093023,sasb_candidate_builder,42d9496cf38d69553935daac5911d6003bf62e32df5784de31c24802a8ed1716,215,42d9496cf38d69553935daac5911d6003bf62e32df5784de31c24802a8ed1716,"{""sasb_builder"": 215}",0,0,0,0,{},0.0,"{""common_neighbor_bin_l1"": 0.0, ""degree_product_bin_l1"": 0.0, ""is_boundary_edge_l1"": 0.0, ""is_bridge_edge_l1"": 0.0, ""is_inter_community_edge_l1"": 0.0, ""is_low_common_neighbor_edge_l1"": 0.0, ""mean_l1"": 0.0}",1,32,32,758.4096502858902,0
realworld_completed,bio_celegans,SASB-candidate,sasb,SASB-structured,20260513,779,middle,0.9735099337748344,0.9735099337748344,0.0,5,5,0,0.38469135802469134,0.3851851851851852,275,96,275--96,2,102,2,102,204,0,0.0,1,9,0,32,"[""96"", ""53"", ""60"", ""51"", ""343"", ""363"", ""62"", ""52"", ""373"", ""364"", ""97"", ""307"", ""144"", ""145"", ""142"", ""143"", ""82"", ""83"", ""220"", ""147"", ""118"", ""109"", ""154"", ""281"", ""398"", ""348"", ""404"", ""140"", ""361"", ""360"", ""149"", ""56""]",dbb3635c3a0da92e78366e8914455f54e3b720b85a7265336fefb49892083ef7,"{""boundary"": 12, ""community_rep"": 5, ""degree_core"": 10, ""random_fill"": 5}","{""degree_0_1"": 1, ""degree_3_4"": 3, ""degree_5_8"": 1, ""degree_9_plus"": 27}","{""0"": 2, ""1"": 6, ""10"": 1, ""11"": 1, ""2"": 2, ""3"": 6, ""4"": 5, ""5"": 1, ""6"": 4, ""7"": 2, ""8"": 1, ""9"": 1}",214,"{""backend"": ""evaluate_m19_theory_calibrated.candidate_features"", ""delta_mode"": ""none"", ""k_max"": 512, ""k_min"": 64, ""variant"": ""conservative""}",214,0.17327935222672064,0.8364485981308412,0.8364485981308412,0.02336448598130841,1.0,"{""dp_17_64"": 0.056074766355140186, ""dp_257_plus"": 0.6495327102803738, ""dp_5_16"": 0.028037383177570093, ""dp_65_256"": 0.26635514018691586}","{""cn_0"": 1.0}",0.0,458.3738317757009,sasb_candidate_builder,1689990e0021c1b9207f98134977b4aad9f2eca4c9f7829647498be7f9c31cc3,214,1689990e0021c1b9207f98134977b4aad9f2eca4c9f7829647498be7f9c31cc3,"{""sasb_builder"": 214}",0,0,0,0,{},0.0,"{""common_neighbor_bin_l1"": 0.0, ""degree_product_bin_l1"": 0.0, ""is_boundary_edge_l1"": 0.0, ""is_bridge_edge_l1"": 0.0, ""is_inter_community_edge_l1"": 0.0, ""is_low_common_neighbor_edge_l1"": 0.0, ""mean_l1"": 0.0}",1,32,32,0.0,0
realworld_completed,bio_celegans,SASB-candidate,sasb,SASB-structured,20260513,780,middle,0.9735099337748344,0.9735099337748344,0.0,5,5,0,0.3851851851851852,0.38567901234567903,147,391,147--391,22,7,7,22,154,1,0.16666666666666666,1,3,9,32,"[""96"", ""53"", ""51"", ""60"", ""343"", ""363"", ""62"", ""373"", ""307"", ""52"", ""364"", ""391"", ""144"", ""145"", ""142"", ""143"", ""82"", ""83"", ""220"", ""147"", ""118"", ""109"", ""154"", ""281"", ""398"", ""97"", ""404"", ""376"", ""127"", ""419"", ""117"", ""27""]",8d79ba3e137e2cba489976df6d991657e9476c719cf9e7659bc0603ebd01ec29,"{""boundary"": 12, ""community_rep"": 6, ""degree_core"": 10, ""random_fill"": 4}","{""degree_0_1"": 1, ""degree_2"": 1, ""degree_3_4"": 3, ""degree_5_8"": 2, ""degree_9_plus"": 25}","{""0"": 1, ""1"": 5, ""10"": 2, ""11"": 1, ""12"": 1, ""2"": 1, ""3"": 7, ""4"": 5, ""5"": 3, ""6"": 1, ""8"": 2, ""9"": 3}",214,"{""backend"": ""evaluate_m19_theory_calibrated.candidate_features"", ""delta_mode"": ""none"", ""k_max"": 512, ""k_min"": 64, ""variant"": ""conservative""}",214,0.17341977309562398,0.8364485981308412,0.8364485981308412,0.03271028037383177,0.985981308411215,"{""dp_17_64"": 0.06542056074766354, ""dp_257_plus"": 0.6495327102803738, ""dp_5_16"": 0.02336448598130841, ""dp_65_256"": 0.2616822429906542}","{""cn_0"": 0.9813084112149533, ""cn_1"": 0.004672897196261682, ""cn_2_3"": 0.004672897196261682, ""cn_4_8"": 0.009345794392523364}",0.056074766355140186,455.6121495327103,sasb_candidate_builder,22f4b3a4375cb25c074e4be49f1c19893ae801502b980c4703112c73b1081d4a,214,22f4b3a4375cb25c074e4be49f1c19893ae801502b980c4703112c73b1081d4a,"{""sasb_builder"": 214}",0,0,0,0,{},0.0,"{""common_neighbor_bin_l1"": 0.0, ""degree_product_bin_l1"": 0.0, ""is_boundary_edge_l1"": 0.0, ""is_bridge_edge_l1"": 0.0, ""is_inter_community_edge_l1"": 0.0, ""is_low_common_neighbor_edge_l1"": 0.0, ""mean_l1"": 0.0}",1,32,32,2395.528462212411,0
realworld_completed,bio_celegans,SASB-candidate,sasb,SASB-structured,20260513,781,middle,0.9735099337748344,0.9735099337748344,0.0,5,5,0,0.38567901234567903,0.3861728395061728,343,391,343--391,44,6,6,44,264,5,1.0,1,3,9,32,"[""96"", ""53"", ""51"", ""60"", ""343"", ""363"", ""62"", ""373"", ""307"", ""52"", ""364"", ""85"", ""144"", ""145"", ""142"", ""143"", ""82"", ""83"", ""220"", ""147"", ""118"", ""109"", ""154"", ""281"", ""398"", ""97"", ""404"", ""376"", ""304"", ""444"", ""378"", ""230""]",9e8163bbcee38fa64f94c7648e84a497e7db411edf631d1dcd2304848400a842,"{""boundary"": 12, ""community_rep"": 6, ""degree_core"": 10, ""random_fill"": 4}","{""degree_0_1"": 1, ""degree_3_4"": 3, ""degree_5_8"": 2, ""degree_9_plus"": 26}","{""0"": 3, ""1"": 5, ""10"": 3, ""11"": 1, ""12"": 2, ""2"": 1, ""3"": 7, ""4"": 5, ""5"": 1, ""6"": 1, ""8"": 1, ""9"": 2}",214,"{""backend"": ""evaluate_m19_theory_calibrated.candidate_features"", ""delta_mode"": ""none"", ""k_max"": 512, ""k_min"": 64, ""variant"": ""conservative""}",214,0.1735604217356042,0.8317757009345794,0.8317757009345794,0.03271028037383177,0.985981308411215,"{""dp_17_64"": 0.06542056074766354, ""dp_257_plus"": 0.6495327102803738, ""dp_5_16"": 0.02336448598130841, ""dp_65_256"": 0.2616822429906542}","{""cn_0"": 0.985981308411215, ""cn_2_3"": 0.009345794392523364, ""cn_4_8"": 0.004672897196261682}",0.04672897196261682,454.5,sasb_candidate_builder,e38d9fc786e8e992bde3782ec5557c3ccd976d816760003600052336492f2fdb,214,e38d9fc786e8e992bde3782ec5557c3ccd976d816760003600052336492f2fdb,"{""sasb_builder"": 214}",0,0,0,0,{},0.0,"{""common_neighbor_bin_l1"": 0.0, ""degree_product_bin_l1"": 0.0, ""is_boundary_edge_l1"": 0.0, ""is_bridge_edge_l1"": 0.0, ""is_inter_community_edge_l1"": 0.0, ""is_low_common_neighbor_edge_l1"": 0.0, ""mean_l1"": 0.0}",1,32,32,153.10421380090497,0
realworld_completed,bio_celegans,SASB-candidate,sasb,SASB-structured,20260513,782,middle,0.9735099337748344,0.9735099337748344,0.0,5,5,0,0.3861728395061728,0.38666666666666666,388,391,388--391,7,5,5,7,35,2,0.5,1,3,10,32,"[""96"", ""53"", ""51"", ""60"", ""343"", ""363"", ""62"", ""373"", ""307"", ""52"", ""364"", ""85"", ""144"", ""145"", ""142"", ""143"", ""82"", ""83"", ""220"", ""147"", ""118"", ""109"", ""154"", ""281"", ""398"", ""97"", ""404"", ""376"", ""75"", ""395"", ""267"", ""138""]",53f8551f242b0c5222bb251c05f636437ea993266a47b7a944209f42d5624592,"{""boundary"": 12, ""community_rep"": 6, ""degree_core"": 10, ""random_fill"": 4}","{""degree_2"": 2, ""degree_3_4"": 3, ""degree_5_8"": 1, ""degree_9_plus"": 26}","{""0"": 2, ""1"": 6, ""10"": 2, ""11"": 2, ""12"": 2, ""2"": 1, ""3"": 7, ""4"": 5, ""5"": 1, ""6"": 1, ""8"": 1, ""9"": 2}",214,"{""backend"": ""evaluate_m19_theory_calibrated.candidate_features"", ""delta_mode"": ""none"", ""k_max"": 512, ""k_min"": 64, ""variant"": ""conservative""}",214,0.1737012987012987,0.8271028037383178,0.8271028037383178,0.03271028037383177,0.9953271028037384,"{""dp_17_64"": 0.06542056074766354, ""dp_257_plus"": 0.6448598130841121, ""dp_5_16"": 0.02336448598130841, ""dp_65_256"": 0.26635514018691586}","{""cn_0"": 0.9906542056074766, ""cn_1"": 0.004672897196261682, ""cn_2_3"": 0.004672897196261682}",0.014018691588785047,451.2897196261682,sasb_candidate_builder,f31a11cca05512d103ba0008da3d48ef3afc69bfc6a07753847d676101e69579,214,f31a11cca05512d103ba0008da3d48ef3afc69bfc6a07753847d676101e69579,"{""sasb_builder"": 214}",0,0,0,0,{},0.0,"{""common_neighbor_bin_l1"": 0.0, ""degree_product_bin_l1"": 0.0, ""is_boundary_edge_l1"": 0.0, ""is_bridge_edge_l1"": 0.0, ""is_inter_community_edge_l1"": 0.0, ""is_low_common_neighbor_edge_l1"": 0.0, ""mean_l1"": 0.0}",1,32,32,72.88447683692338,0
realworld_completed,bio_celegans,SASB-candidate,sasb,SASB-structured,20260513,783,middle,0.9735099337748344,0.9735099337748344,0.0,5,5,0,0.38666666666666666,0.3871604938271605,391,442,391--442,4,7,4,7,28,0,0.0,1,0,3,32,"[""96"", ""53"", ""51"", ""60"", ""343"", ""363"", ""62"", ""373"", ""307"", ""52"", ""364"", ""85"", ""144"", ""145"", ""142"", ""143"", ""82"", ""83"", ""220"", ""147"", ""118"", ""109"", ""154"", ""281"", ""398"", ""97"", ""404"", ""376"", ""72"", ""63"", ""161"", ""312""]",d00cf350556eb79cb9379291eb98bcbf93f6f34783149d5694dbb8734cc28d12,"{""boundary"": 12, ""community_rep"": 6, ""degree_core"": 10, ""random_fill"": 4}","{""degree_3_4"": 3, ""degree_5_8"": 3, ""degree_9_plus"": 26}","{""0"": 1, ""1"": 8, ""10"": 2, ""11"": 1, ""12"": 2, ""2"": 2, ""3"": 6, ""4"": 5, ""5"": 1, ""6"": 1, ""8"": 1, ""9"": 2}",214,"{""backend"": ""evaluate_m19_theory_calibrated.candidate_features"", ""delta_mode"": ""none"", ""k_max"": 512, ""k_min"": 64, ""variant"": ""conservative""}",214,0.17384240454914704,0.822429906542056,0.822429906542056,0.03271028037383177,1.0,"{""dp_17_64"": 0.06074766355140187, ""dp_257_plus"": 0.6401869158878505, ""dp_5_16"": 0.02336448598130841, ""dp_65_256"": 0.2757009345794392}","{""cn_0"": 1.0}",0.0,450.5,sasb_candidate_builder,f92bb99d6c041f9d401ae639882b8f61130617fa3b3fb72addd4342fa5d4afea,214,f92bb99d6c041f9d401ae639882b8f61130617fa3b3fb72addd4342fa5d4afea,"{""sasb_builder"": 214}",0,0,0,0,{},0.0,"{""common_neighbor_bin_l1"": 0.0, ""degree_product_bin_l1"": 0.0, ""is_boundary_edge_l1"": 0.0, ""is_bridge_edge_l1"": 0.0, ""is_inter_community_edge_l1"": 0.0, ""is_low_common_neighbor_edge_l1"": 0.0, ""mean_l1"": 0.0}",1,32,32,74.67064293205404,0
realworld_completed,bio_celegans,SASB-candidate,sasb,SASB-structured,20260513,784,middle,0.9735099337748344,0.9713024282560706,0.002207505518763808,5,6,1,0.3871604938271605,0.38765432098765434,188,96,188--96,1,101,1,101,101,0,0.0,0,7,7,32,"[""96"", ""53"", ""51"", ""60"", ""343"", ""363"", ""62"", ""373"", ""307"", ""52"", ""364"", ""85"", ""144"", ""145"", ""142"", ""143"", ""82"", ""83"", ""220"", ""147"", ""118"", ""109"", ""154"", ""281"", ""398"", ""97"", ""404"", ""376"", ""186"", ""7"", ""58"", ""249""]",3c485cb1bb83a68f34c558cacf5c314496d4cae1284eb2c68d61288d2b8bab88,"{""boundary"": 12, ""community_rep"": 6, ""degree_core"": 10, ""random_fill"": 4}","{""degree_3_4"": 6, ""degree_9_plus"": 26}","{""0"": 2, ""1"": 5, ""10"": 2, ""11"": 1, ""12"": 2, ""2"": 2, ""3"": 6, ""4"": 6, ""5"": 2, ""6"": 1, ""8"": 1, ""9"": 2}",214,"{""backend"": ""evaluate_m19_theory_calibrated.candidate_features"", ""delta_mode"": ""none"", ""k_max"": 512, ""k_min"": 64, ""variant"": ""conservative""}",214,0.17398373983739837,0.8177570093457944,0.8177570093457944,0.037383177570093455,1.0,"{""dp_17_64"": 0.056074766355140186, ""dp_257_plus"": 0.6401869158878505, ""dp_5_16"": 0.02336448598130841, ""dp_65_256"": 0.2803738317757009}","{""cn_0"": 1.0}",0.0,451.7710280373832,sasb_candidate_builder,42aa002acb4057ec75b918e4e8da74197a2aefb04408bb4dcafc65eca331ca1d,214,42aa002acb4057ec75b918e4e8da74197a2aefb04408bb4dcafc65eca331ca1d,"{""sasb_builder"": 214}",0,0,0,0,{},0.0,"{""common_neighbor_bin_l1"": 0.0, ""degree_product_bin_l1"": 0.0, ""is_boundary_edge_l1"": 0.0, ""is_bridge_edge_l1"": 0.0, ""is_inter_community_edge_l1"": 0.0, ""is_low_common_neighbor_edge_l1"": 0.0, ""mean_l1"": 0.0}",1,32,32,0.0,0
realworld_completed,bio_celegans,SASB-candidate,sasb,SASB-structured,20260513,785,middle,0.9713024282560706,0.9690949227373068,0.002207505518763808,6,7,1,0.38765432098765434,0.38814814814814813,199,96,199--96,1,100,1,100,100,0,0.0,0,0,0,32,"[""96"", ""53"", ""51"", ""60"", ""343"", ""363"", ""62"", ""373"", ""307"", ""52"", ""364"", ""85"", ""144"", ""145"", ""142"", ""143"", ""82"", ""83"", ""220"", ""147"", ""118"", ""109"", ""154"", ""281"", ""398"", ""97"", ""404"", ""376"", ""33"", ""126"", ""272"", ""392""]",34330e82599f163f103a2786ed7e335e8c5afa21e8267df4b708920b571039b1,"{""boundary"": 12, ""community_rep"": 6, ""degree_core"": 10, ""random_fill"": 4}","{""degree_2"": 1, ""degree_3_4"": 5, ""degree_9_plus"": 26}","{""0"": 2, ""1"": 7, ""10"": 2, ""11"": 1, ""12"": 2, ""2"": 1, ""3"": 7, ""4"": 5, ""5"": 1, ""6"": 1, ""8"": 1, ""9"": 2}",214,"{""backend"": ""evaluate_m19_theory_calibrated.candidate_features"", ""delta_mode"": ""none"", ""k_max"": 512, ""k_min"": 64, ""variant"": ""conservative""}",214,0.1741253051261188,0.8177570093457944,0.8177570093457944,0.028037383177570093,1.0,"{""dp_17_64"": 0.056074766355140186, ""dp_257_plus"": 0.6401869158878505, ""dp_5_16"": 0.02336448598130841, ""dp_65_256"": 0.2803738317757009}","{""cn_0"": 1.0}",0.0,449.0841121495327,sasb_candidate_builder,f8103a0a6c1940abe54f6b2a22246abb6546c45b1ecba0937323f18e7b707295,214,f8103a0a6c1940abe54f6b2a22246abb6546c45b1ecba0937323f18e7b707295,"{""sasb_builder"": 214}",0,0,0,0,{},0.0,"{""common_neighbor_bin_l1"": 0.0, ""degree_product_bin_l1"": 0.0, ""is_boundary_edge_l1"": 0.0, ""is_bridge_edge_l1"": 0.0, ""is_inter_community_edge_l1"": 0.0, ""is_low_common_neighbor_edge_l1"": 0.0, ""mean_l1"": 0.0}",1,32,32,0.0,0
realworld_completed,bio_celegans,SASB-candidate,sasb,SASB-structured,20260513,786,middle,0.9690949227373068,0.9690949227373068,0.0,7,7,0,0.38814814814814813,0.388641975308642,204,96,204--96,2,99,2,99,198,1,1.0,0,0,0,32,"[""96"", ""53"", ""51"", ""60"", ""343"", ""363"", ""62"", ""373"", ""307"", ""52"", ""364"", ""85"", ""144"", ""145"", ""142"", ""143"", ""82"", ""83"", ""220"", ""147"", ""118"", ""109"", ""154"", ""281"", ""398"", ""97"", ""404"", ""376"", ""382"", ""397"", ""71"", ""267""]",82eea0756beac54a4da4c2b7e838ec7b215a3c54297223b8df71930a9a9c4619,"{""boundary"": 12, ""community_rep"": 6, ""degree_core"": 10, ""random_fill"": 4}","{""degree_3_4"": 5, ""degree_5_8"": 1, ""degree_9_plus"": 26}","{""0"": 2, ""1"": 6, ""10"": 2, ""11"": 1, ""12"": 2, ""2"": 2, ""3"": 7, ""4"": 5, ""5"": 1, ""6"": 1, ""8"": 1, ""9"": 2}",214,"{""backend"": ""evaluate_m19_theory_calibrated.candidate_features"", ""delta_mode"": ""none"", ""k_max"": 512, ""k_min"": 64, ""variant"": ""conservative""}",214,0.1742671009771987,0.8177570093457944,0.8177570093457944,0.02336448598130841,1.0,"{""dp_17_64"": 0.056074766355140186, ""dp_257_plus"": 0.6401869158878505, ""dp_5_16"": 0.02336448598130841, ""dp_65_256"": 0.2803738317757009}","{""cn_0"": 1.0}",0.0,447.35981308411215,sasb_candidate_builder,e572af435239ea94c066bd77f14a472fbad1b46e9f38c6dbe23fe03565f6c0b9,214,e572af435239ea94c066bd77f14a472fbad1b46e9f38c6dbe23fe03565f6c0b9,"{""sasb_builder"": 214}",0,0,0,0,{},0.0,"{""common_neighbor_bin_l1"": 0.0, ""degree_product_bin_l1"": 0.0, ""is_boundary_edge_l1"": 0.0, ""is_bridge_edge_l1"": 0.0, ""is_inter_community_edge_l1"": 0.0, ""is_low_common_neighbor_edge_l1"": 0.0, ""mean_l1"": 0.0}",1,32,32,0.0,0
realworld_completed,bio_celegans,SASB-candidate,sasb,SASB-structured,20260513,787,middle,0.9690949227373068,0.9646799116997793,0.004415011037527505,7,8,1,0.388641975308642,0.3891358024691358,205,96,205--96,2,98,2,98,196,0,0.0,0,6,6,32,"[""96"", ""53"", ""51"", ""60"", ""343"", ""363"", ""62"", ""373"", ""307"", ""52"", ""364"", ""85"", ""144"", ""145"", ""142"", ""143"", ""82"", ""83"", ""220"", ""147"", ""118"", ""109"", ""154"", ""281"", ""398"", ""97"", ""404"", ""376"", ""233"", ""390"", ""378"", ""300""]",77315dede301fe3c3e4fca7b97e3541d5afb20783e9b0150d344e6b1292cca7b,"{""boundary"": 12, ""community_rep"": 6, ""degree_core"": 10, ""random_fill"": 4}","{""degree_2"": 1, ""degree_3_4"": 2, ""degree_5_8"": 3, ""degree_9_plus"": 26}","{""0"": 2, ""1"": 5, ""10"": 2, ""11"": 1, ""12"": 2, ""2"": 1, ""3"": 6, ""4"": 8, ""5"": 1, ""6"": 1, ""8"": 1, ""9"": 2}",214,"{""backend"": ""evaluate_m19_theory_calibrated.candidate_features"", ""delta_mode"": ""none"", ""k_max"": 512, ""k_min"": 64, ""variant"": ""conservative""}",214,0.17440912795436023,0.8177570093457944,0.8177570093457944,0.028037383177570093,1.0,"{""dp_17_64"": 0.056074766355140186, ""dp_257_plus"": 0.6448598130841121, ""dp_5_16"": 0.02336448598130841, ""dp_65_256"": 0.2757009345794392}","{""cn_0"": 1.0}",0.0,447.0,sasb_candidate_builder,248843544114a1ae18c1818b04dcf0322ed3ef162ae5be8d8cee1af4a8a53a97,214,248843544114a1ae18c1818b04dcf0322ed3ef162ae5be8d8cee1af4a8a53a97,"{""sasb_builder"": 214}",0,0,0,0,{},0.0,"{""common_neighbor_bin_l1"": 0.0, ""degree_product_bin_l1"": 0.0, ""is_boundary_edge_l1"": 0.0, ""is_bridge_edge_l1"": 0.0, ""is_inter_community_edge_l1"": 0.0, ""is_low_common_neighbor_edge_l1"": 0.0, ""mean_l1"": 0.0}",1,32,32,0.0,0
realworld_completed,bio_celegans,SASB-candidate,sasb,SASB-structured,20260513,788,middle,0.9646799116997793,0.9646799116997793,0.0,8,8,0,0.3891358024691358,0.3896296296296296,229,96,229--96,2,97,2,97,194,1,1.0,0,6,6,32,"[""96"", ""53"", ""51"", ""60"", ""343"", ""363"", ""62"", ""373"", ""307"", ""52"", ""364"", ""85"", ""144"", ""145"", ""142"", ""143"", ""82"", ""83"", ""220"", ""147"", ""118"", ""109"", ""154"", ""281"", ""398"", ""97"", ""404"", ""376"", ""412"", ""223"", ""357"", ""319""]",10ab5d47419ae0ad4627f03e6dff97be1fcfdf4dca65a48254932f098ea733a8,"{""boundary"": 12, ""community_rep"": 6, ""degree_core"": 10, ""random_fill"": 4}","{""degree_2"": 1, ""degree_3_4"": 4, ""degree_5_8"": 1, ""degree_9_plus"": 26}","{""0"": 1, ""1"": 5, ""10"": 2, ""11"": 2, ""12"": 2, ""2"": 1, ""3"": 7, ""4"": 6, ""5"": 1, ""6"": 1, ""8"": 1, ""9"": 3}",213,"{""backend"": ""evaluate_m19_theory_calibrated.candidate_features"", ""delta_mode"": ""none"", ""k_max"": 512, ""k_min"": 64, ""variant"": ""conservative""}",213,0.17387755102040817,0.8215962441314554,0.8215962441314554,0.023474178403755867,1.0,"{""dp_17_64"": 0.056338028169014086, ""dp_257_plus"": 0.647887323943662, ""dp_5_16"": 0.023474178403755867, ""dp_65_256"": 0.27230046948356806}","{""cn_0"": 1.0}",0.0,445.96713615023475,sasb_candidate_builder,cb9ab826c7735dd6f3bc1c72c9785a6ffe7820644befd231a04d4dd106e8357b,213,cb9ab826c7735dd6f3bc1c72c9785a6ffe7820644befd231a04d4dd106e8357b,"{""sasb_builder"": 213}",0,0,0,0,{},0.0,"{""common_neighbor_bin_l1"": 0.0, ""degree_product_bin_l1"": 0.0, ""is_boundary_edge_l1"": 0.0, ""is_bridge_edge_l1"": 0.0, ""is_inter_community_edge_l1"": 0.0, ""is_low_common_neighbor_edge_l1"": 0.0, ""mean_l1"": 0.0}",1,32,32,0.0,0
realworld_completed,bio_celegans,SASB-candidate,sasb,SASB-structured,20260513,789,middle,0.9646799116997793,0.9646799116997793,0.0,8,8,0,0.3896296296296296,0.39012345679012345,232,96,232--96,2,96,2,96,192,1,1.0,0,0,0,32,"[""96"", ""53"", ""51"", ""60"", ""343"", ""363"", ""62"", ""373"", ""307"", ""52"", ""364"", ""85"", ""144"", ""145"", ""142"", ""143"", ""82"", ""83"", ""220"", ""147"", ""118"", ""109"", ""154"", ""281"", ""398"", ""97"", ""404"", ""376"", ""46"", ""138"", ""284"", ""134""]",b782cbb69e8f09e0082cd43ccd38b20d8a72f3cd727b4a554bdb080808c4a0cc,"{""boundary"": 12, ""community_rep"": 6, ""degree_core"": 10, ""random_fill"": 4}","{""degree_2"": 1, ""degree_3_4"": 3, ""degree_5_8"": 2, ""degree_9_plus"": 26}","{""0"": 1, ""1"": 6, ""10"": 2, ""11"": 1, ""12"": 3, ""2"": 2, ""3"": 6, ""4"": 5, ""5"": 2, ""6"": 1, ""8"": 1, ""9"": 2}",213,"{""backend"": ""evaluate_m19_theory_calibrated.candidate_features"", ""delta_mode"": ""none"", ""k_max"": 512, ""k_min"": 64, ""variant"": ""conservative""}",213,0.17401960784313725,0.8215962441314554,0.8215962441314554,0.028169014084507043,1.0,"{""dp_17_64"": 0.056338028169014086, ""dp_257_plus"": 0.647887323943662, ""dp_5_16"": 0.023474178403755867, ""dp_65_256"": 0.27230046948356806}","{""cn_0"": 1.0}",0.0,443.75586854460096,sasb_candidate_builder,39e0476a5198c49b0f678b67f3013a37b3fb9701153582828b5a5b56ec0c2710,213,39e0476a5198c49b0f678b67f3013a37b3fb9701153582828b5a5b56ec0c2710,"{""sasb_builder"": 213}",0,0,0,0,{},0.0,"{""common_neighbor_bin_l1"": 0.0, ""degree_product_bin_l1"": 0.0, ""is_boundary_edge_l1"": 0.0, ""is_bridge_edge_l1"": 0.0, ""is_inter_community_edge_l1"": 0.0, ""is_low_common_neighbor_edge_l1"": 0.0, ""mean_l1"": 0.0}",1,32,32,0.0,0
realworld_completed,bio_celegans,SASB-candidate,sasb,SASB-structured,20260513,790,middle,0.9646799116997793,0.9646799116997793,0.0,8,8,0,0.39012345679012345,0.3906172839506173,118,380,118--380,20,5,5,20,100,1,0.25,1,3,10,32,"[""96"", ""53"", ""51"", ""60"", ""343"", ""363"", ""62"", ""52"", ""373"", ""307"", ""364"", ""85"", ""144"", ""145"", ""142"", ""143"", ""82"", ""83"", ""220"", ""147"", ""118"", ""109"", ""154"", ""281"", ""398"", ""97"", ""404"", ""376"", ""255"", ""121"", ""33"", ""247""]",5257b159114aa1b75a356f776ae4856570f441fd501636b7e6472112d97b3e99,"{""boundary"": 12, ""community_rep"": 6, ""degree_core"": 10, ""random_fill"": 4}","{""degree_3_4"": 5, ""degree_9_plus"": 27}","{""0"": 1, ""1"": 6, ""10"": 4, ""11"": 1, ""12"": 1, ""2"": 1, ""3"": 7, ""4"": 5, ""5"": 1, ""6"": 2, ""7"": 2, ""8"": 1}",213,"{""backend"": ""evaluate_m19_theory_calibrated.candidate_features"", ""delta_mode"": ""none"", ""k_max"": 512, ""k_min"": 64, ""variant"": ""conservative""}",213,0.17416189697465248,0.8309859154929577,0.8309859154929577,0.028169014084507043,0.9906103286384976,"{""dp_17_64"": 0.056338028169014086, ""dp_257_plus"": 0.6384976525821596, ""dp_5_16"": 0.023474178403755867, ""dp_65_256"": 0.28169014084507044}","{""cn_0"": 0.9812206572769953, ""cn_1"": 0.009389671361502348, ""cn_2_3"": 0.009389671361502348}",0.03286384976525822,437.7089201877934,sasb_candidate_builder,de58c1b12f8677f258b04a7149862f8fdf1a071b8c3ca6aaebbcc10a8315e8e2,213,de58c1b12f8677f258b04a7149862f8fdf1a071b8c3ca6aaebbcc10a8315e8e2,"{""sasb_builder"": 213}",0,0,0,0,{},0.0,"{""common_neighbor_bin_l1"": 0.0, ""degree_product_bin_l1"": 0.0, ""is_boundary_edge_l1"": 0.0, ""is_bridge_edge_l1"": 0.0, ""is_inter_community_edge_l1"": 0.0, ""is_low_common_neighbor_edge_l1"": 0.0, ""mean_l1"": 0.0}",1,32,32,720.8814922792003,0
realworld_completed,bio_celegans,SASB-candidate,sasb,SASB-structured,20260513,791,middle,0.9646799116997793,0.9646799116997793,0.0,8,8,0,0.3906172839506173,0.39111111111111113,343,380,343--380,43,4,4,43,172,2,0.6666666666666666,1,3,9,32,"[""96"", ""53"", ""51"", ""60"", ""343"", ""363"", ""62"", ""52"", ""373"", ""307"", ""364"", ""85"", ""144"", ""145"", ""142"", ""143"", ""82"", ""83"", ""220"", ""147"", ""118"", ""109"", ""154"", ""281"", ""398"", ""97"", ""404"", ""376"", ""41"", ""214"", ""235"", ""430""]",40e17498a0949b9b9fbcb619c9d85520d40cedda61fa8e2d5a6b3a2a6cfdb9c3,"{""boundary"": 12, ""community_rep"": 6, ""degree_core"": 10, ""random_fill"": 4}","{""degree_3_4"": 4, ""degree_5_8"": 2, ""degree_9_plus"": 26}","{""0"": 1, ""1"": 6, ""10"": 2, ""11"": 1, ""12"": 1, ""2"": 1, ""3"": 7, ""4"": 7, ""5"": 1, ""6"": 2, ""7"": 2, ""8"": 1}",213,"{""backend"": ""evaluate_m19_theory_calibrated.candidate_features"", ""delta_mode"": ""none"", ""k_max"": 512, ""k_min"": 64, ""variant"": ""conservative""}",213,0.17430441898527005,0.8262910798122066,0.8262910798122066,0.028169014084507043,0.9906103286384976,"{""dp_17_64"": 0.06103286384976526, ""dp_257_plus"": 0.6338028169014085, ""dp_5_16"": 0.023474178403755867, ""dp_65_256"": 0.28169014084507044}","{""cn_0"": 0.9906103286384976, ""cn_2_3"": 0.009389671361502348}",0.023474178403755867,437.2910798122066,sasb_candidate_builder,21ab5a2d66580f1ba5a0153be4b6d3501e287e53fb19f748f8577d07363c3aa4,213,21ab5a2d66580f1ba5a0153be4b6d3501e287e53fb19f748f8577d07363c3aa4,"{""sasb_builder"": 213}",0,0,0,0,{},0.0,"{""common_neighbor_bin_l1"": 0.0, ""degree_product_bin_l1"": 0.0, ""is_boundary_edge_l1"": 0.0, ""is_bridge_edge_l1"": 0.0, ""is_inter_community_edge_l1"": 0.0, ""is_low_common_neighbor_edge_l1"": 0.0, ""mean_l1"": 0.0}",1,32,32,230.25401522667144,0
realworld_completed,bio_celegans,SASB-candidate,sasb,SASB-structured,20260513,792,middle,0.9646799116997793,0.9646799116997793,0.0,8,8,0,0.39111111111111113,0.3916049382716049,32,380,32--380,13,3,3,13,39,0,0.0,1,3,9,32,"[""96"", ""53"", ""51"", ""60"", ""343"", ""363"", ""62"", ""52"", ""373"", ""307"", ""364"", ""85"", ""144"", ""145"", ""142"", ""143"", ""82"", ""83"", ""220"", ""147"", ""118"", ""109"", ""154"", ""281"", ""398"", ""97"", ""404"", ""376"", ""319"", ""77"", ""441"", ""412""]",f9699c879952fd40229f753edbff5edd7c3e906cf170a1b7d445d942ee698a5b,"{""boundary"": 12, ""community_rep"": 6, ""degree_core"": 10, ""random_fill"": 4}","{""degree_3_4"": 3, ""degree_5_8"": 3, ""degree_9_plus"": 26}","{""0"": 1, ""1"": 6, ""10"": 3, ""11"": 1, ""12"": 2, ""2"": 1, ""3"": 7, ""4"": 5, ""5"": 1, ""6"": 2, ""7"": 2, ""8"": 1}",213,"{""backend"": ""evaluate_m19_theory_calibrated.candidate_features"", ""delta_mode"": ""none"", ""k_max"": 512, ""k_min"": 64, ""variant"": ""conservative""}",213,0.17444717444717445,0.8215962441314554,0.8215962441314554,0.028169014084507043,0.9953051643192489,"{""dp_17_64"": 0.06103286384976526, ""dp_257_plus"": 0.6291079812206573, ""dp_5_16"": 0.023474178403755867, ""dp_65_256"": 0.2863849765258216}","{""cn_0"": 0.9953051643192489, ""cn_2_3"": 0.004694835680751174}",0.014084507042253521,435.5774647887324,sasb_candidate_builder,015acf1b163c388f76d33b1412a7dee5bb89902a2cb5b7ca8c7211f537b78538,213,015acf1b163c388f76d33b1412a7dee5bb89902a2cb5b7ca8c7211f537b78538,"{""sasb_builder"": 213}",0,0,0,0,{},0.0,"{""common_neighbor_bin_l1"": 0.0, ""degree_product_bin_l1"": 0.0, ""is_boundary_edge_l1"": 0.0, ""is_bridge_edge_l1"": 0.0, ""is_inter_community_edge_l1"": 0.0, ""is_low_common_neighbor_edge_l1"": 0.0, ""mean_l1"": 0.0}",1,32,32,148.32340185631952,0
realworld_completed,bio_celegans,SASB-candidate,sasb,SASB-structured,20260513,793,middle,0.9646799116997793,0.9646799116997793,0.0,8,8,0,0.3916049382716049,0.39209876543209876,343,444,343--444,42,4,4,42,168,3,1.0,1,3,0,32,"[""96"", ""53"", ""51"", ""60"", ""343"", ""363"", ""62"", ""52"", ""373"", ""307"", ""364"", ""85"", ""144"", ""145"", ""142"", ""143"", ""82"", ""83"", ""220"", ""147"", ""118"", ""109"", ""154"", ""281"", ""398"", ""97"", ""404"", ""376"", ""349"", ""177"", ""374"", ""437""]",c5f065fada31fe373c9aebaffb69904e7a5ec90f382ff4592586fd0dc55bb3c3,"{""boundary"": 12, ""community_rep"": 6, ""degree_core"": 10, ""random_fill"": 4}","{""degree_2"": 1, ""degree_3_4"": 3, ""degree_5_8"": 2, ""degree_9_plus"": 26}","{""0"": 1, ""1"": 8, ""10"": 2, ""11"": 1, ""12"": 1, ""2"": 1, ""3"": 6, ""4"": 5, ""5"": 2, ""6"": 2, ""7"": 2, ""8"": 1}",213,"{""backend"": ""evaluate_m19_theory_calibrated.candidate_features"", ""delta_mode"": ""none"", ""k_max"": 512, ""k_min"": 64, ""variant"": ""conservative""}",213,0.17459016393442622,0.8169014084507042,0.8169014084507042,0.028169014084507043,0.9953051643192489,"{""dp_17_64"": 0.056338028169014086, ""dp_257_plus"": 0.6384976525821596, ""dp_5_16"": 0.023474178403755867, ""dp_65_256"": 0.28169014084507044}","{""cn_0"": 0.9953051643192489, ""cn_2_3"": 0.004694835680751174}",0.014084507042253521,438.48826291079814,sasb_candidate_builder,9724c1aa245353e7de0a7fd111ce8b93dec563afa44dbd0972afca5453748a3b,213,9724c1aa245353e7de0a7fd111ce8b93dec563afa44dbd0972afca5453748a3b,"{""sasb_builder"": 213}",0,0,0,0,{},0.0,"{""common_neighbor_bin_l1"": 0.0, ""degree_product_bin_l1"": 0.0, ""is_boundary_edge_l1"": 0.0, ""is_bridge_edge_l1"": 0.0, ""is_inter_community_edge_l1"": 0.0, ""is_low_common_neighbor_edge_l1"": 0.0, ""mean_l1"": 0.0}",1,32,32,112.56651785714287,0
realworld_completed,bio_celegans,SASB-candidate,sasb,SASB-structured,20260513,794,middle,0.9646799116997793,0.9646799116997793,0.0,8,8,0,0.39209876543209876,0.3925925925925926,237,96,237--96,6,95,6,95,570,5,1.0,0,0,0,32,"[""96"", ""53"", ""51"", ""60"", ""343"", ""363"", ""62"", ""52"", ""373"", ""307"", ""364"", ""85"", ""144"", ""145"", ""142"", ""143"", ""82"", ""83"", ""220"", ""147"", ""118"", ""109"", ""154"", ""281"", ""398"", ""97"", ""404"", ""376"", ""55"", ""351"", ""76"", ""294""]",ff9586de58b74891d0c784990af87063df81013f1cb89ac64178f69e669e6cff,"{""boundary"": 12, ""community_rep"": 6, ""degree_core"": 10, ""random_fill"": 4}","{""degree_2"": 2, ""degree_3_4"": 3, ""degree_5_8"": 1, ""degree_9_plus"": 26}","{""0"": 2, ""1"": 5, ""10"": 3, ""11"": 1, ""12"": 2, ""2"": 1, ""3"": 6, ""4"": 6, ""5"": 1, ""6"": 2, ""7"": 2, ""8"": 1}",213,"{""backend"": ""evaluate_m19_theory_calibrated.candidate_features"", ""delta_mode"": ""none"", ""k_max"": 512, ""k_min"": 64, ""variant"": ""conservative""}",213,0.17473338802296964,0.812206572769953,0.812206572769953,0.03286384976525822,1.0,"{""dp_17_64"": 0.056338028169014086, ""dp_257_plus"": 0.6338028169014085, ""dp_5_16"": 0.023474178403755867, ""dp_65_256"": 0.2863849765258216}","{""cn_0"": 1.0}",0.0,435.48826291079814,sasb_candidate_builder,db73e04431df1cba1d1f8f32742877c849a0dcc4f429338eb6524431528fadba,213,db73e04431df1cba1d1f8f32742877c849a0dcc4f429338eb6524431528fadba,"{""sasb_builder"": 213}",0,0,0,0,{},0.0,"{""common_neighbor_bin_l1"": 0.0, ""degree_product_bin_l1"": 0.0, ""is_boundary_edge_l1"": 0.0, ""is_bridge_edge_l1"": 0.0, ""is_inter_community_edge_l1"": 0.0, ""is_low_common_neighbor_edge_l1"": 0.0, ""mean_l1"": 0.0}",1,32,32,0.0,0
realworld_completed,bio_celegans,SASB-candidate,sasb,SASB-structured,20260513,795,middle,0.9646799116997793,0.9646799116997793,0.0,8,8,0,0.3925925925925926,0.39308641975308645,276,52,276--52,4,27,4,27,108,0,0.0,1,8,3,32,"[""96"", ""53"", ""51"", ""60"", ""343"", ""363"", ""62"", ""52"", ""373"", ""307"", ""364"", ""85"", ""144"", ""145"", ""142"", ""143"", ""82"", ""83"", ""220"", ""147"", ""118"", ""109"", ""154"", ""281"", ""398"", ""97"", ""404"", ""376"", ""223"", ""232"", ""291"", ""351""]",729db704f85a3ec9e324fac97805788b189b5a80fcc2baf3238b61b78c7e3375,"{""boundary"": 12, ""community_rep"": 6, ""degree_core"": 10, ""random_fill"": 4}","{""degree_0_1"": 1, ""degree_2"": 2, ""degree_3_4"": 3, ""degree_9_plus"": 26}","{""0"": 2, ""1"": 5, ""10"": 2, ""11"": 1, ""12"": 2, ""2"": 1, ""3"": 6, ""4"": 6, ""5"": 2, ""6"": 2, ""7"": 2, ""8"": 1}",213,"{""backend"": ""evaluate_m19_theory_calibrated.candidate_features"", ""delta_mode"": ""none"", ""k_max"": 512, ""k_min"": 64, ""variant"": ""conservative""}",213,0.1748768472906404,0.812206572769953,0.812206572769953,0.028169014084507043,1.0,"{""dp_17_64"": 0.056338028169014086, ""dp_257_plus"": 0.6431924882629108, ""dp_5_16"": 0.023474178403755867, ""dp_65_256"": 0.27699530516431925}","{""cn_0"": 1.0}",0.0,436.22535211267603,sasb_candidate_builder,731e13bcd39f518fc0cd80e720cf8a936c1f5b45c3969048b1e15a814e801bdb,213,731e13bcd39f518fc0cd80e720cf8a936c1f5b45c3969048b1e15a814e801bdb,"{""sasb_builder"": 213}",0,0,0,0,{},0.0,"{""common_neighbor_bin_l1"": 0.0, ""degree_product_bin_l1"": 0.0, ""is_boundary_edge_l1"": 0.0, ""is_bridge_edge_l1"": 0.0, ""is_inter_community_edge_l1"": 0.0, ""is_low_common_neighbor_edge_l1"": 0.0, ""mean_l1"": 0.0}",1,32,32,0.0,0
realworld_completed,bio_celegans,SASB-candidate,sasb,SASB-structured,20260513,796,middle,0.9646799116997793,0.9536423841059603,0.011037527593819041,8,9,1,0.39308641975308645,0.39358024691358023,276,53,276--53,3,67,3,67,201,0,0.0,1,9,10,32,"[""96"", ""53"", ""51"", ""60"", ""343"", ""363"", ""62"", ""373"", ""307"", ""52"", ""364"", ""85"", ""144"", ""145"", ""142"", ""143"", ""82"", ""83"", ""220"", ""147"", ""118"", ""109"", ""154"", ""281"", ""398"", ""97"", ""404"", ""376"", ""268"", ""413"", ""283"", ""166""]",b278ae05afbc79bc298028e84de7f71182ee60acbb2ccd3a421abde3cc2dc74e,"{""boundary"": 12, ""community_rep"": 6, ""degree_core"": 10, ""random_fill"": 4}","{""degree_0_1"": 1, ""degree_3_4"": 3, ""degree_5_8"": 2, ""degree_9_plus"": 26}","{""0"": 1, ""1"": 6, ""10"": 2, ""11"": 1, ""12"": 1, ""2"": 1, ""3"": 6, ""4"": 6, ""5"": 1, ""6"": 4, ""7"": 2, ""8"": 1}",213,"{""backend"": ""evaluate_m19_theory_calibrated.candidate_features"", ""delta_mode"": ""none"", ""k_max"": 512, ""k_min"": 64, ""variant"": ""conservative""}",213,0.17502054231717337,0.8075117370892019,0.8075117370892019,0.03286384976525822,1.0,"{""dp_17_64"": 0.056338028169014086, ""dp_257_plus"": 0.6384976525821596, ""dp_5_16"": 0.023474178403755867, ""dp_65_256"": 0.28169014084507044}","{""cn_0"": 1.0}",0.0,436.0281690140845,sasb_candidate_builder,744cacc67680f6dd3ece404ad2eaf4588670ad0f0c2d23cbe44a892bb7d33cbe,213,744cacc67680f6dd3ece404ad2eaf4588670ad0f0c2d23cbe44a892bb7d33cbe,"{""sasb_builder"": 213}",0,0,0,0,{},0.0,"{""common_neighbor_bin_l1"": 0.0, ""degree_product_bin_l1"": 0.0, ""is_boundary_edge_l1"": 0.0, ""is_bridge_edge_l1"": 0.0, ""is_inter_community_edge_l1"": 0.0, ""is_low_common_neighbor_edge_l1"": 0.0, ""mean_l1"": 0.0}",1,32,32,0.0,0
realworld_completed,bio_celegans,SASB-candidate,sasb,SASB-structured,20260513,797,middle,0.9536423841059603,0.9536423841059603,0.0,9,9,0,0.39358024691358023,0.3940740740740741,277,49,277--49,5,5,5,5,25,0,0.0,1,10,3,32,"[""96"", ""53"", ""51"", ""60"", ""343"", ""363"", ""62"", ""373"", ""307"", ""52"", ""364"", ""85"", ""144"", ""145"", ""142"", ""143"", ""82"", ""83"", ""220"", ""147"", ""118"", ""109"", ""154"", ""281"", ""398"", ""97"", ""404"", ""376"", ""400"", ""385"", ""406"", ""342""]",1bcc5e8fa807e36a91fa1d05acfd8bc38ff0cd305f55996c63507acc17beb2ae,"{""boundary"": 12, ""community_rep"": 6, ""degree_core"": 10, ""random_fill"": 4}","{""degree_3_4"": 5, ""degree_5_8"": 1, ""degree_9_plus"": 26}","{""0"": 3, ""1"": 5, ""10"": 3, ""11"": 1, ""12"": 1, ""2"": 2, ""3"": 6, ""4"": 5, ""5"": 1, ""6"": 2, ""7"": 2, ""8"": 1}",212,"{""backend"": ""evaluate_m19_theory_calibrated.candidate_features"", ""delta_mode"": ""none"", ""k_max"": 512, ""k_min"": 64, ""variant"": ""conservative""}",212,0.1750619322873658,0.8066037735849056,0.8066037735849056,0.02830188679245283,1.0,"{""dp_17_64"": 0.05660377358490566, ""dp_257_plus"": 0.6462264150943396, ""dp_5_16"": 0.02358490566037736, ""dp_65_256"": 0.27358490566037735}","{""cn_0"": 1.0}",0.0,436.4198113207547,sasb_candidate_builder,0c7d434c0c57d273a4dcb7ec0e95121e3556ea1410dbb647ad625acec2c6ae8a,212,0c7d434c0c57d273a4dcb7ec0e95121e3556ea1410dbb647ad625acec2c6ae8a,"{""sasb_builder"": 212}",0,0,0,0,{},0.0,"{""common_neighbor_bin_l1"": 0.0, ""degree_product_bin_l1"": 0.0, ""is_boundary_edge_l1"": 0.0, ""is_bridge_edge_l1"": 0.0, ""is_inter_community_edge_l1"": 0.0, ""is_low_common_neighbor_edge_l1"": 0.0, ""mean_l1"": 0.0}",1,32,32,0.0,0
realworld_completed,bio_celegans,SASB-candidate,sasb,SASB-structured,20260513,798,middle,0.9536423841059603,0.9514348785871964,0.002207505518763808,9,10,1,0.3940740740740741,0.3945679012345679,244,96,244--96,1,94,1,94,94,0,0.0,0,0,0,32,"[""96"", ""53"", ""51"", ""60"", ""343"", ""363"", ""62"", ""373"", ""307"", ""52"", ""364"", ""85"", ""144"", ""145"", ""142"", ""143"", ""82"", ""83"", ""220"", ""147"", ""118"", ""109"", ""154"", ""281"", ""398"", ""97"", ""404"", ""376"", ""335"", ""22"", ""370"", ""355""]",b6fcb5c9529ff44c88af66d2b5d938e37fbb344776e7bd6f7359b8a3acdef9a1,"{""boundary"": 12, ""community_rep"": 6, ""degree_core"": 10, ""random_fill"": 4}","{""degree_0_1"": 1, ""degree_3_4"": 4, ""degree_5_8"": 1, ""degree_9_plus"": 26}","{""0"": 3, ""1"": 6, ""10"": 2, ""11"": 1, ""12"": 1, ""2"": 1, ""3"": 6, ""4"": 5, ""5"": 2, ""6"": 2, ""7"": 2, ""8"": 1}",212,"{""backend"": ""evaluate_m19_theory_calibrated.candidate_features"", ""delta_mode"": ""none"", ""k_max"": 512, ""k_min"": 64, ""variant"": ""conservative""}",212,0.17520661157024794,0.8018867924528302,0.8018867924528302,0.0330188679245283,1.0,"{""dp_17_64"": 0.05188679245283019, ""dp_257_plus"": 0.6367924528301887, ""dp_5_16"": 0.02358490566037736, ""dp_65_256"": 0.28773584905660377}","{""cn_0"": 1.0}",0.0,435.64622641509436,sasb_candidate_builder,c58cb77f771545de60d02abc7a54d0ae444a74207915fd1c3c4f3a1c54e0c8c7,212,c58cb77f771545de60d02abc7a54d0ae444a74207915fd1c3c4f3a1c54e0c8c7,"{""sasb_builder"": 212}",0,0,0,0,{},0.0,"{""common_neighbor_bin_l1"": 0.0, ""degree_product_bin_l1"": 0.0, ""is_boundary_edge_l1"": 0.0, ""is_bridge_edge_l1"": 0.0, ""is_inter_community_edge_l1"": 0.0, ""is_low_common_neighbor_edge_l1"": 0.0, ""mean_l1"": 0.0}",1,32,32,0.0,0
realworld_completed,bio_celegans,SASB-candidate,sasb,SASB-structured,20260513,799,middle,0.9514348785871964,0.9514348785871964,0.0,10,10,0,0.3945679012345679,0.3950617283950617,277,51,277--51,4,60,4,60,240,1,0.3333333333333333,0,9,9,32,"[""96"", ""53"", ""51"", ""60"", ""343"", ""363"", ""62"", ""373"", ""307"", ""52"", ""364"", ""85"", ""144"", ""145"", ""142"", ""143"", ""82"", ""83"", ""220"", ""147"", ""118"", ""109"", ""154"", ""281"", ""398"", ""97"", ""404"", ""376"", ""408"", ""278"", ""400"", ""213""]",d5a78ef95c4cc06cd52420d90d43ba2a6b33bcfb10930c4a507bdca826c921f1,"{""boundary"": 12, ""community_rep"": 6, ""degree_core"": 10, ""random_fill"": 4}","{""degree_2"": 1, ""degree_3_4"": 3, ""degree_5_8"": 2, ""degree_9_plus"": 26}","{""0"": 2, ""1"": 5, ""10"": 2, ""11"": 1, ""12"": 2, ""2"": 1, ""3"": 7, ""4"": 6, ""5"": 1, ""6"": 2, ""7"": 2, ""8"": 1}",211,"{""backend"": ""evaluate_m19_theory_calibrated.candidate_features"", ""delta_mode"": ""none"", ""k_max"": 512, ""k_min"": 64, ""variant"": ""conservative""}",211,0.17452440033085195,0.8056872037914692,0.8056872037914692,0.02843601895734597,1.0,"{""dp_17_64"": 0.052132701421800945, ""dp_257_plus"": 0.6398104265402843, ""dp_5_16"": 0.023696682464454975, ""dp_65_256"": 0.2843601895734597}","{""cn_0"": 1.0}",0.0,434.98104265402844,sasb_candidate_builder,3d22940d9d24daf2a3d970b9d3b36f87c0739990fa5e46de2ac368d3f9e4413f,211,3d22940d9d24daf2a3d970b9d3b36f87c0739990fa5e46de2ac368d3f9e4413f,"{""sasb_builder"": 211}",0,0,0,0,{},0.0,"{""common_neighbor_bin_l1"": 0.0, ""degree_product_bin_l1"": 0.0, ""is_boundary_edge_l1"": 0.0, ""is_bridge_edge_l1"": 0.0, ""is_inter_community_edge_l1"": 0.0, ""is_low_common_neighbor_edge_l1"": 0.0, ""mean_l1"": 0.0}",1,32,32,0.0,0
realworld_completed,bio_celegans,SASB-candidate,sasb,SASB-structured,20260513,800,middle,0.9514348785871964,0.9514348785871964,0.0,10,10,0,0.3950617283950617,0.39555555555555555,256,96,256--96,2,93,2,93,186,1,1.0,0,7,7,32,"[""96"", ""53"", ""51"", ""60"", ""343"", ""363"", ""62"", ""373"", ""307"", ""364"", ""85"", ""369"", ""144"", ""145"", ""142"", ""143"", ""82"", ""83"", ""52"", ""220"", ""147"", ""118"", ""154"", ""281"", ""398"", ""97"", ""404"", ""376"", ""10"", ""370"", ""146"", ""139""]",187ebdb04bd12e185306b0f6d2d5a3d73b5d1cd98691d6a95cfc071051c7a5cc,"{""boundary"": 12, ""community_rep"": 6, ""degree_core"": 10, ""random_fill"": 4}","{""degree_2"": 2, ""degree_3_4"": 3, ""degree_5_8"": 1, ""degree_9_plus"": 26}","{""0"": 2, ""1"": 6, ""10"": 2, ""11"": 2, ""2"": 1, ""3"": 6, ""4"": 6, ""5"": 2, ""6"": 2, ""7"": 1, ""8"": 1, ""9"": 1}",211,"{""backend"": ""evaluate_m19_theory_calibrated.candidate_features"", ""delta_mode"": ""none"", ""k_max"": 512, ""k_min"": 64, ""variant"": ""conservative""}",211,0.17466887417218543,0.8056872037914692,0.8056872037914692,0.02843601895734597,1.0,"{""dp_17_64"": 0.052132701421800945, ""dp_257_plus"": 0.6398104265402843, ""dp_5_16"": 0.02843601895734597, ""dp_65_256"": 0.2796208530805687}","{""cn_0"": 1.0}",0.0,434.07582938388623,sasb_candidate_builder,5c2f0a09715657bb0a4cd8340250006ef7f2c3cc38963e6c7ec635b36d93a363,211,5c2f0a09715657bb0a4cd8340250006ef7f2c3cc38963e6c7ec635b36d93a363,"{""sasb_builder"": 211}",0,0,0,0,{},0.0,"{""common_neighbor_bin_l1"": 0.0, ""degree_product_bin_l1"": 0.0, ""is_boundary_edge_l1"": 0.0, ""is_bridge_edge_l1"": 0.0, ""is_inter_community_edge_l1"": 0.0, ""is_low_common_neighbor_edge_l1"": 0.0, ""mean_l1"": 0.0}",1,32,32,0.0,0
realworld_completed,bio_celegans,SASB-candidate,sasb,SASB-structured,20260513,801,middle,0.9514348785871964,0.9470198675496688,0.004415011037527616,10,11,1,0.39555555555555555,0.3960493827160494,258,96,258--96,2,92,2,92,184,0,0.0,0,7,7,32,"[""96"", ""53"", ""51"", ""60"", ""343"", ""363"", ""62"", ""373"", ""307"", ""364"", ""85"", ""369"", ""144"", ""145"", ""142"", ""143"", ""82"", ""83"", ""52"", ""220"", ""147"", ""118"", ""154"", ""281"", ""398"", ""97"", ""404"", ""376"", ""249"", ""253"", ""123"", ""217""]",b5eb2b82a313fbd52b3c3a9bb3684638af66db364aad621b2fe9f9cc04b86393,"{""boundary"": 12, ""community_rep"": 6, ""degree_core"": 10, ""random_fill"": 4}","{""degree_3_4"": 5, ""degree_5_8"": 1, ""degree_9_plus"": 26}","{""0"": 2, ""1"": 5, ""10"": 1, ""11"": 2, ""2"": 1, ""3"": 6, ""4"": 5, ""5"": 3, ""6"": 3, ""7"": 2, ""8"": 1, ""9"": 1}",211,"{""backend"": ""evaluate_m19_theory_calibrated.candidate_features"", ""delta_mode"": ""none"", ""k_max"": 512, ""k_min"": 64, ""variant"": ""conservative""}",211,0.1748135874067937,0.8056872037914692,0.8056872037914692,0.03317535545023697,1.0,"{""dp_17_64"": 0.052132701421800945, ""dp_257_plus"": 0.6398104265402843, ""dp_5_16"": 0.02843601895734597, ""dp_65_256"": 0.2796208530805687}","{""cn_0"": 1.0}",0.0,431.78199052132703,sasb_candidate_builder,fe0e019b93e4276699b0928c4794d3ce333d9cb4a37e6c0e456f412ff1e6557e,211,fe0e019b93e4276699b0928c4794d3ce333d9cb4a37e6c0e456f412ff1e6557e,"{""sasb_builder"": 211}",0,0,0,0,{},0.0,"{""common_neighbor_bin_l1"": 0.0, ""degree_product_bin_l1"": 0.0, ""is_boundary_edge_l1"": 0.0, ""is_bridge_edge_l1"": 0.0, ""is_inter_community_edge_l1"": 0.0, ""is_low_common_neighbor_edge_l1"": 0.0, ""mean_l1"": 0.0}",1,32,32,0.0,0
realworld_completed,bio_celegans,SASB-candidate,sasb,SASB-structured,20260513,802,middle,0.9470198675496688,0.9470198675496688,0.0,11,11,0,0.3960493827160494,0.39654320987654323,265,96,265--96,2,91,2,91,182,1,1.0,0,0,0,32,"[""96"", ""53"", ""51"", ""60"", ""343"", ""363"", ""62"", ""373"", ""307"", ""364"", ""85"", ""369"", ""144"", ""145"", ""142"", ""143"", ""82"", ""83"", ""52"", ""220"", ""147"", ""118"", ""154"", ""281"", ""398"", ""97"", ""404"", ""376"", ""390"", ""353"", ""321"", ""359""]",4ea0cd948bb94d3f03b9de027b2d7777f53fed04370948a9b0e925d2dde197b0,"{""boundary"": 12, ""community_rep"": 6, ""degree_core"": 10, ""random_fill"": 4}","{""degree_2"": 1, ""degree_3_4"": 2, ""degree_5_8"": 3, ""degree_9_plus"": 26}","{""0"": 2, ""1"": 6, ""10"": 1, ""11"": 2, ""2"": 1, ""3"": 6, ""4"": 6, ""5"": 1, ""6"": 2, ""7"": 3, ""8"": 1, ""9"": 1}",211,"{""backend"": ""evaluate_m19_theory_calibrated.candidate_features"", ""delta_mode"": ""none"", ""k_max"": 512, ""k_min"": 64, ""variant"": ""conservative""}",211,0.175103734439834,0.8056872037914692,0.8056872037914692,0.02843601895734597,1.0,"{""dp_17_64"": 0.052132701421800945, ""dp_257_plus"": 0.6398104265402843, ""dp_5_16"": 0.02843601895734597, ""dp_65_256"": 0.2796208530805687}","{""cn_0"": 1.0}",0.0,429.4881516587678,sasb_candidate_builder,1d2f587aff0df806a6e47eff291f7d13837497e5166b12f6c24d44efd99ddb56,211,1d2f587aff0df806a6e47eff291f7d13837497e5166b12f6c24d44efd99ddb56,"{""sasb_builder"": 211}",0,0,0,0,{},0.0,"{""common_neighbor_bin_l1"": 0.0, ""degree_product_bin_l1"": 0.0, ""is_boundary_edge_l1"": 0.0, ""is_bridge_edge_l1"": 0.0, ""is_inter_community_edge_l1"": 0.0, ""is_low_common_neighbor_edge_l1"": 0.0, ""mean_l1"": 0.0}",1,32,32,0.0,0
realworld_completed,bio_celegans,SASB-candidate,sasb,SASB-structured,20260513,803,middle,0.9470198675496688,0.9426048565121413,0.004415011037527505,11,12,1,0.39654320987654323,0.397037037037037,269,96,269--96,2,90,2,90,180,0,0.0,0,6,6,32,"[""96"", ""53"", ""51"", ""60"", ""343"", ""363"", ""62"", ""373"", ""307"", ""364"", ""85"", ""369"", ""144"", ""145"", ""142"", ""143"", ""82"", ""83"", ""52"", ""220"", ""147"", ""118"", ""154"", ""281"", ""398"", ""97"", ""404"", ""376"", ""298"", ""228"", ""192"", ""351""]",9eb99711e4a5bcb17971229183b8bc9c8555c4d677641c3b5ff591b5b398eb7b,"{""boundary"": 12, ""community_rep"": 6, ""degree_core"": 10, ""random_fill"": 4}","{""degree_2"": 1, ""degree_3_4"": 3, ""degree_5_8"": 2, ""degree_9_plus"": 26}","{""0"": 2, ""1"": 6, ""10"": 1, ""11"": 2, ""2"": 1, ""3"": 7, ""4"": 6, ""5"": 1, ""6"": 3, ""7"": 1, ""8"": 1, ""9"": 1}",211,"{""backend"": ""evaluate_m19_theory_calibrated.candidate_features"", ""delta_mode"": ""none"", ""k_max"": 512, ""k_min"": 64, ""variant"": ""conservative""}",211,0.17524916943521596,0.8056872037914692,0.8056872037914692,0.03317535545023697,1.0,"{""dp_17_64"": 0.052132701421800945, ""dp_257_plus"": 0.6398104265402843, ""dp_5_16"": 0.02843601895734597, ""dp_65_256"": 0.2796208530805687}","{""cn_0"": 1.0}",0.0,427.1943127962085,sasb_candidate_builder,95057a8e6f6decde32c78703607950e63b90c6471ff1b16e1ddcf9dd449b68c0,211,95057a8e6f6decde32c78703607950e63b90c6471ff1b16e1ddcf9dd449b68c0,"{""sasb_builder"": 211}",0,0,0,0,{},0.0,"{""common_neighbor_bin_l1"": 0.0, ""degree_product_bin_l1"": 0.0, ""is_boundary_edge_l1"": 0.0, ""is_bridge_edge_l1"": 0.0, ""is_inter_community_edge_l1"": 0.0, ""is_low_common_neighbor_edge_l1"": 0.0, ""mean_l1"": 0.0}",1,32,32,0.0,0
realworld_completed,bio_celegans,SASB-candidate,sasb,SASB-structured,20260513,804,middle,0.9426048565121413,0.9426048565121413,0.0,12,12,0,0.397037037037037,0.39753086419753086,277,53,277--53,3,66,3,66,198,1,0.5,0,5,5,32,"[""96"", ""53"", ""51"", ""60"", ""343"", ""363"", ""62"", ""373"", ""307"", ""364"", ""85"", ""369"", ""144"", ""145"", ""142"", ""143"", ""82"", ""83"", ""52"", ""220"", ""147"", ""118"", ""154"", ""281"", ""398"", ""97"", ""404"", ""376"", ""32"", ""402"", ""34"", ""150""]",b1a09d0b53249903bbf982e8ffe541d2794850ac5bb70e9419cc19fc53215022,"{""boundary"": 12, ""community_rep"": 6, ""degree_core"": 10, ""random_fill"": 4}","{""degree_2"": 2, ""degree_3_4"": 3, ""degree_9_plus"": 27}","{""0"": 3, ""1"": 6, ""10"": 1, ""11"": 2, ""2"": 1, ""3"": 7, ""4"": 5, ""5"": 1, ""6"": 3, ""7"": 1, ""8"": 1, ""9"": 1}",210,"{""backend"": ""evaluate_m19_theory_calibrated.candidate_features"", ""delta_mode"": ""none"", ""k_max"": 512, ""k_min"": 64, ""variant"": ""conservative""}",210,0.17470881863560733,0.8095238095238095,0.8095238095238095,0.02857142857142857,1.0,"{""dp_17_64"": 0.05238095238095238, ""dp_257_plus"": 0.6428571428571429, ""dp_5_16"": 0.02857142857142857, ""dp_65_256"": 0.2761904761904762}","{""cn_0"": 1.0}",0.0,426.0761904761905,sasb_candidate_builder,30cee109cf73a7b39de5cb27a1e0b530b1677c08873c64fcd966983102af94d8,210,30cee109cf73a7b39de5cb27a1e0b530b1677c08873c64fcd966983102af94d8,"{""sasb_builder"": 210}",0,0,0,0,{},0.0,"{""common_neighbor_bin_l1"": 0.0, ""degree_product_bin_l1"": 0.0, ""is_boundary_edge_l1"": 0.0, ""is_bridge_edge_l1"": 0.0, ""is_inter_community_edge_l1"": 0.0, ""is_low_common_neighbor_edge_l1"": 0.0, ""mean_l1"": 0.0}",1,32,32,0.0,0
realworld_completed,bio_celegans,SASB-candidate,sasb,SASB-structured,20260513,805,middle,0.9426048565121413,0.9426048565121413,0.0,12,12,0,0.39753086419753086,0.3980246913580247,281,55,281--55,13,5,5,13,65,0,0.0,1,11,9,32,"[""96"", ""53"", ""51"", ""60"", ""343"", ""363"", ""62"", ""373"", ""307"", ""364"", ""85"", ""369"", ""144"", ""145"", ""142"", ""143"", ""82"", ""83"", ""52"", ""220"", ""147"", ""118"", ""154"", ""281"", ""398"", ""97"", ""404"", ""376"", ""285"", ""440"", ""10"", ""179""]",c0321e0b337e1276f4da42350fe6f9fc3592ab693047e2a01883ebbd8f0d7f5a,"{""boundary"": 12, ""community_rep"": 6, ""degree_core"": 10, ""random_fill"": 4}","{""degree_3_4"": 4, ""degree_5_8"": 1, ""degree_9_plus"": 27}","{""0"": 2, ""1"": 7, ""10"": 2, ""11"": 3, ""2"": 1, ""3"": 6, ""4"": 5, ""5"": 1, ""6"": 2, ""7"": 1, ""8"": 1, ""9"": 1}",210,"{""backend"": ""evaluate_m19_theory_calibrated.candidate_features"", ""delta_mode"": ""none"", ""k_max"": 512, ""k_min"": 64, ""variant"": ""conservative""}",210,0.17485428809325562,0.8095238095238095,0.8095238095238095,0.02857142857142857,1.0,"{""dp_17_64"": 0.05238095238095238, ""dp_257_plus"": 0.6476190476190476, ""dp_5_16"": 0.02857142857142857, ""dp_65_256"": 0.2714285714285714}","{""cn_0"": 1.0}",0.0,425.24285714285713,sasb_candidate_builder,d0786e853c595700f4c6ea97766d96c62cce44fbc57b02733d1b0628fd9ac882,210,d0786e853c595700f4c6ea97766d96c62cce44fbc57b02733d1b0628fd9ac882,"{""sasb_builder"": 210}",0,0,0,0,{},0.0,"{""common_neighbor_bin_l1"": 0.0, ""degree_product_bin_l1"": 0.0, ""is_boundary_edge_l1"": 0.0, ""is_bridge_edge_l1"": 0.0, ""is_inter_community_edge_l1"": 0.0, ""is_low_common_neighbor_edge_l1"": 0.0, ""mean_l1"": 0.0}",1,32,32,0.0,0
realworld_completed,bio_celegans,SASB-candidate,sasb,SASB-structured,20260513,806,middle,0.9426048565121413,0.9426048565121413,0.0,12,12,0,0.3980246913580247,0.3985185185185185,144,215,144--215,36,5,5,36,180,1,0.25,0,1,1,32,"[""96"", ""53"", ""51"", ""60"", ""343"", ""363"", ""62"", ""373"", ""307"", ""364"", ""85"", ""369"", ""144"", ""145"", ""142"", ""143"", ""82"", ""83"", ""52"", ""220"", ""147"", ""118"", ""154"", ""398"", ""97"", ""404"", ""376"", ""406"", ""74"", ""249"", ""280"", ""23""]",11bc3b482e93342250f2d76d86e7e27533fb50be9fb38c5e92a08da0d1ab38da,"{""boundary"": 12, ""community_rep"": 5, ""degree_core"": 10, ""random_fill"": 5}","{""degree_2"": 2, ""degree_3_4"": 4, ""degree_5_8"": 1, ""degree_9_plus"": 25}","{""0"": 2, ""1"": 6, ""10"": 1, ""11"": 1, ""2"": 1, ""3"": 6, ""4"": 5, ""5"": 2, ""6"": 4, ""7"": 2, ""8"": 1, ""9"": 1}",210,"{""backend"": ""evaluate_m19_theory_calibrated.candidate_features"", ""delta_mode"": ""none"", ""k_max"": 512, ""k_min"": 64, ""variant"": ""conservative""}",210,0.175,0.8047619047619048,0.8047619047619048,0.02857142857142857,1.0,"{""dp_17_64"": 0.05238095238095238, ""dp_257_plus"": 0.6476190476190476, ""dp_5_16"": 0.02857142857142857, ""dp_65_256"": 0.2714285714285714}","{""cn_0"": 0.9952380952380953, ""cn_1"": 0.004761904761904762}",0.004761904761904762,425.7190476190476,sasb_candidate_builder,45c893968c78f872000f760aa7317abec618258d2eb8cdae460bc617695a472e,210,45c893968c78f872000f760aa7317abec618258d2eb8cdae460bc617695a472e,"{""sasb_builder"": 210}",0,0,0,0,{},0.0,"{""common_neighbor_bin_l1"": 0.0, ""degree_product_bin_l1"": 0.0, ""is_boundary_edge_l1"": 0.0, ""is_bridge_edge_l1"": 0.0, ""is_inter_community_edge_l1"": 0.0, ""is_low_common_neighbor_edge_l1"": 0.0, ""mean_l1"": 0.0}",1,32,32,152.52843815950433,0
realworld_completed,bio_celegans,SASB-candidate,sasb,SASB-structured,20260513,807,middle,0.9426048565121413,0.9426048565121413,0.0,12,12,0,0.3985185185185185,0.39901234567901234,145,215,145--215,36,4,4,36,144,0,0.0,0,1,1,32,"[""96"", ""53"", ""51"", ""60"", ""343"", ""363"", ""62"", ""373"", ""307"", ""364"", ""85"", ""369"", ""145"", ""144"", ""142"", ""143"", ""82"", ""83"", ""52"", ""220"", ""147"", ""118"", ""154"", ""398"", ""97"", ""404"", ""376"", ""429"", ""67"", ""360"", ""20"", ""150""]",da4f88b6f55bcba0979c74f95764fb91fc866d9a0059618234766be817db8cac,"{""boundary"": 12, ""community_rep"": 5, ""degree_core"": 10, ""random_fill"": 5}","{""degree_0_1"": 1, ""degree_2"": 1, ""degree_3_4"": 5, ""degree_9_plus"": 25}","{""0"": 4, ""1"": 7, ""10"": 1, ""11"": 1, ""2"": 1, ""3"": 6, ""4"": 6, ""5"": 1, ""6"": 2, ""7"": 1, ""8"": 1, ""9"": 1}",210,"{""backend"": ""evaluate_m19_theory_calibrated.candidate_features"", ""delta_mode"": ""none"", ""k_max"": 512, ""k_min"": 64, ""variant"": ""conservative""}",210,0.17514595496246874,0.8047619047619048,0.8047619047619048,0.02857142857142857,1.0,"{""dp_17_64"": 0.05238095238095238, ""dp_257_plus"": 0.6476190476190476, ""dp_5_16"": 0.02857142857142857, ""dp_65_256"": 0.2714285714285714}","{""cn_0"": 1.0}",0.0,425.54761904761904,sasb_candidate_builder,8b7d09598cf5d9d5ffd29840eb4684efc811ba3a8379ec0a6d539484f42af782,210,8b7d09598cf5d9d5ffd29840eb4684efc811ba3a8379ec0a6d539484f42af782,"{""sasb_builder"": 210}",0,0,0,0,{},0.0,"{""common_neighbor_bin_l1"": 0.0, ""degree_product_bin_l1"": 0.0, ""is_boundary_edge_l1"": 0.0, ""is_bridge_edge_l1"": 0.0, ""is_inter_community_edge_l1"": 0.0, ""is_low_common_neighbor_edge_l1"": 0.0, ""mean_l1"": 0.0}",1,32,32,216.24295920846063,0
realworld_completed,bio_celegans,SASB-candidate,sasb,SASB-structured,20260513,808,middle,0.9426048565121413,0.9403973509933775,0.002207505518763808,12,13,1,0.39901234567901234,0.3995061728395062,266,96,266--96,1,89,1,89,89,0,0.0,0,0,0,32,"[""96"", ""53"", ""51"", ""60"", ""343"", ""363"", ""62"", ""373"", ""307"", ""364"", ""85"", ""369"", ""144"", ""145"", ""142"", ""143"", ""82"", ""83"", ""52"", ""220"", ""147"", ""118"", ""154"", ""398"", ""97"", ""404"", ""376"", ""355"", ""348"", ""151"", ""388"", ""141""]",c0e51b0d83e8149f06997db992a2535724f734d40009db7bd1d189350c3eb121,"{""boundary"": 12, ""community_rep"": 5, ""degree_core"": 10, ""random_fill"": 5}","{""degree_2"": 1, ""degree_3_4"": 4, ""degree_5_8"": 1, ""degree_9_plus"": 26}","{""0"": 3, ""1"": 5, ""10"": 1, ""11"": 1, ""2"": 1, ""3"": 8, ""4"": 5, ""5"": 1, ""6"": 3, ""7"": 2, ""8"": 1, ""9"": 1}",210,"{""backend"": ""evaluate_m19_theory_calibrated.candidate_features"", ""delta_mode"": ""none"", ""k_max"": 512, ""k_min"": 64, ""variant"": ""conservative""}",210,0.17529215358931552,0.8047619047619048,0.8047619047619048,0.03333333333333333,1.0,"{""dp_17_64"": 0.05238095238095238, ""dp_257_plus"": 0.6476190476190476, ""dp_5_16"": 0.02857142857142857, ""dp_65_256"": 0.2714285714285714}","{""cn_0"": 1.0}",0.0,425.2857142857143,sasb_candidate_builder,a899a2a63499a14e13b465990543376d04288440b273591ee418586aeff3a5c9,210,a899a2a63499a14e13b465990543376d04288440b273591ee418586aeff3a5c9,"{""sasb_builder"": 210}",0,0,0,0,{},0.0,"{""common_neighbor_bin_l1"": 0.0, ""degree_product_bin_l1"": 0.0, ""is_boundary_edge_l1"": 0.0, ""is_bridge_edge_l1"": 0.0, ""is_inter_community_edge_l1"": 0.0, ""is_low_common_neighbor_edge_l1"": 0.0, ""mean_l1"": 0.0}",1,32,32,0.0,0
realworld_completed,bio_celegans,SASB-candidate,sasb,SASB-structured,20260513,809,middle,0.9403973509933775,0.9403973509933775,0.0,13,13,0,0.3995061728395062,0.4,281,61,281--61,12,10,10,12,120,0,0.0,1,8,2,32,"[""96"", ""53"", ""51"", ""60"", ""343"", ""363"", ""62"", ""373"", ""307"", ""364"", ""85"", ""369"", ""144"", ""145"", ""142"", ""143"", ""82"", ""83"", ""52"", ""220"", ""147"", ""118"", ""154"", ""398"", ""97"", ""404"", ""376"", ""78"", ""315"", ""299"", ""441"", ""21""]",43c394f549e8d0103538fd8c0a9fabea23f4c7a727e23781ca2c3cf516967102,"{""boundary"": 12, ""community_rep"": 5, ""degree_core"": 10, ""random_fill"": 5}","{""degree_3_4"": 4, ""degree_5_8"": 2, ""degree_9_plus"": 26}","{""0"": 2, ""1"": 6, ""10"": 2, ""11"": 1, ""2"": 2, ""3"": 7, ""4"": 6, ""5"": 1, ""6"": 2, ""7"": 1, ""8"": 1, ""9"": 1}",210,"{""backend"": ""evaluate_m19_theory_calibrated.candidate_features"", ""delta_mode"": ""none"", ""k_max"": 512, ""k_min"": 64, ""variant"": ""conservative""}",210,0.17543859649122806,0.8047619047619048,0.8047619047619048,0.02857142857142857,1.0,"{""dp_17_64"": 0.05238095238095238, ""dp_257_plus"": 0.6476190476190476, ""dp_5_16"": 0.02857142857142857, ""dp_65_256"": 0.2714285714285714}","{""cn_0"": 1.0}",0.0,423.4095238095238,sasb_candidate_builder,7d3a84092aa580136d5e2ef0eb7bbf51cb5ea51ad0000aa1a1731b2a83bb211f,210,7d3a84092aa580136d5e2ef0eb7bbf51cb5ea51ad0000aa1a1731b2a83bb211f,"{""sasb_builder"": 210}",0,0,0,0,{},0.0,"{""common_neighbor_bin_l1"": 0.0, ""degree_product_bin_l1"": 0.0, ""is_boundary_edge_l1"": 0.0, ""is_bridge_edge_l1"": 0.0, ""is_inter_community_edge_l1"": 0.0, ""is_low_common_neighbor_edge_l1"": 0.0, ""mean_l1"": 0.0}",1,32,32,0.0,0
realworld_completed,bio_celegans,SASB-candidate,sasb,SASB-structured,20260513,810,middle,0.9403973509933775,0.9403973509933775,0.0,13,13,0,0.4,0.4004938271604938,284,55,284--55,5,4,4,5,20,0,0.0,1,2,0,32,"[""96"", ""53"", ""51"", ""60"", ""343"", ""363"", ""62"", ""373"", ""307"", ""52"", ""364"", ""85"", ""144"", ""145"", ""142"", ""143"", ""82"", ""83"", ""220"", ""147"", ""118"", ""109"", ""154"", ""398"", ""97"", ""404"", ""376"", ""185"", ""341"", ""286"", ""86"", ""201""]",1e8340e10348caccc5e770801ab9ce740e64cb5ddb2cf860eb3b70f12d92f8eb,"{""boundary"": 12, ""community_rep"": 5, ""degree_core"": 10, ""random_fill"": 5}","{""degree_2"": 1, ""degree_3_4"": 6, ""degree_9_plus"": 25}","{""0"": 2, ""1"": 9, ""10"": 2, ""11"": 1, ""2"": 1, ""3"": 6, ""4"": 5, ""5"": 1, ""6"": 1, ""7"": 1, ""8"": 1, ""9"": 2}",210,"{""backend"": ""evaluate_m19_theory_calibrated.candidate_features"", ""delta_mode"": ""none"", ""k_max"": 512, ""k_min"": 64, ""variant"": ""conservative""}",210,0.17558528428093645,0.8,0.8,0.02857142857142857,1.0,"{""dp_17_64"": 0.05238095238095238, ""dp_257_plus"": 0.6428571428571429, ""dp_5_16"": 0.023809523809523808, ""dp_65_256"": 0.28095238095238095}","{""cn_0"": 1.0}",0.0,423.2047619047619,sasb_candidate_builder,c0ae2a0a24a48312caa3f699c64336192fad21a6a6e546a0fc1942563e13e620,210,c0ae2a0a24a48312caa3f699c64336192fad21a6a6e546a0fc1942563e13e620,"{""sasb_builder"": 210}",0,0,0,0,{},0.0,"{""common_neighbor_bin_l1"": 0.0, ""degree_product_bin_l1"": 0.0, ""is_boundary_edge_l1"": 0.0, ""is_bridge_edge_l1"": 0.0, ""is_inter_community_edge_l1"": 0.0, ""is_low_common_neighbor_edge_l1"": 0.0, ""mean_l1"": 0.0}",1,32,32,0.0,0
realworld_completed,bio_celegans,SASB-candidate,sasb,SASB-structured,20260513,811,middle,0.9403973509933775,0.9403973509933775,0.0,13,13,0,0.4004938271604938,0.40098765432098765,293,96,293--96,3,88,3,88,264,0,0.0,1,0,9,32,"[""96"", ""53"", ""51"", ""60"", ""343"", ""363"", ""62"", ""373"", ""307"", ""52"", ""364"", ""85"", ""144"", ""145"", ""142"", ""143"", ""82"", ""83"", ""220"", ""147"", ""118"", ""109"", ""154"", ""398"", ""97"", ""404"", ""376"", ""157"", ""288"", ""151"", ""70"", ""34""]",e71db2c24c1cb098e4a84133a63ec1f56489b9205af7b3c756e7c912babdce42,"{""boundary"": 12, ""community_rep"": 5, ""degree_core"": 10, ""random_fill"": 5}","{""degree_0_1"": 1, ""degree_2"": 2, ""degree_3_4"": 4, ""degree_9_plus"": 25}","{""0"": 3, ""1"": 6, ""10"": 2, ""11"": 1, ""2"": 1, ""3"": 6, ""4"": 6, ""5"": 1, ""6"": 1, ""7"": 1, ""8"": 1, ""9"": 3}",210,"{""backend"": ""evaluate_m19_theory_calibrated.candidate_features"", ""delta_mode"": ""none"", ""k_max"": 512, ""k_min"": 64, ""variant"": ""conservative""}",210,0.17573221757322174,0.7952380952380952,0.7952380952380952,0.02857142857142857,1.0,"{""dp_17_64"": 0.047619047619047616, ""dp_257_plus"": 0.6428571428571429, ""dp_5_16"": 0.023809523809523808, ""dp_65_256"": 0.2857142857142857}","{""cn_0"": 1.0}",0.0,423.95238095238096,sasb_candidate_builder,d5c1c5a3574b1e75a2e3179f705cb440b10dff0b3f7c81d1cee346b5284fd1bb,210,d5c1c5a3574b1e75a2e3179f705cb440b10dff0b3f7c81d1cee346b5284fd1bb,"{""sasb_builder"": 210}",0,0,0,0,{},0.0,"{""common_neighbor_bin_l1"": 0.0, ""degree_product_bin_l1"": 0.0, ""is_boundary_edge_l1"": 0.0, ""is_bridge_edge_l1"": 0.0, ""is_inter_community_edge_l1"": 0.0, ""is_low_common_neighbor_edge_l1"": 0.0, ""mean_l1"": 0.0}",1,32,32,0.0,0
realworld_completed,bio_celegans,SASB-candidate,sasb,SASB-structured,20260513,812,middle,0.9403973509933775,0.9403973509933775,0.0,13,13,0,0.40098765432098765,0.4014814814814815,295,82,295--82,9,28,9,28,252,1,0.125,1,3,4,32,"[""96"", ""53"", ""51"", ""60"", ""343"", ""363"", ""62"", ""373"", ""307"", ""52"", ""364"", ""85"", ""144"", ""145"", ""142"", ""143"", ""82"", ""83"", ""220"", ""147"", ""118"", ""109"", ""154"", ""398"", ""97"", ""404"", ""376"", ""422"", ""295"", ""115"", ""99"", ""438""]",48c9d8aac056f1a92c5687d694f6de5bee6f86c2dc0148f185a6be809658f51a,"{""boundary"": 12, ""community_rep"": 5, ""degree_core"": 10, ""random_fill"": 5}","{""degree_3_4"": 4, ""degree_5_8"": 2, ""degree_9_plus"": 26}","{""0"": 2, ""1"": 6, ""10"": 2, ""11"": 1, ""2"": 1, ""3"": 7, ""4"": 5, ""5"": 3, ""6"": 1, ""7"": 1, ""8"": 1, ""9"": 2}",210,"{""backend"": ""evaluate_m19_theory_calibrated.candidate_features"", ""delta_mode"": ""none"", ""k_max"": 512, ""k_min"": 64, ""variant"": ""conservative""}",210,0.17587939698492464,0.7904761904761904,0.7904761904761904,0.02857142857142857,1.0,"{""dp_17_64"": 0.047619047619047616, ""dp_257_plus"": 0.638095238095238, ""dp_5_16"": 0.023809523809523808, ""dp_65_256"": 0.2904761904761905}","{""cn_0"": 1.0}",0.0,421.25714285714287,sasb_candidate_builder,ddc09f99f6434a303836511a5b80936567894878a8d1486ac3dda65d15111505,210,ddc09f99f6434a303836511a5b80936567894878a8d1486ac3dda65d15111505,"{""sasb_builder"": 210}",0,0,0,0,{},0.0,"{""common_neighbor_bin_l1"": 0.0, ""degree_product_bin_l1"": 0.0, ""is_boundary_edge_l1"": 0.0, ""is_bridge_edge_l1"": 0.0, ""is_inter_community_edge_l1"": 0.0, ""is_low_common_neighbor_edge_l1"": 0.0, ""mean_l1"": 0.0}",1,32,32,0.0,0
realworld_completed,bio_celegans,SASB-candidate,sasb,SASB-structured,20260513,813,middle,0.9403973509933775,0.9403973509933775,0.0,13,13,0,0.4014814814814815,0.4019753086419753,288,96,288--96,4,87,4,87,348,3,1.0,0,0,0,32,"[""96"", ""53"", ""51"", ""60"", ""343"", ""363"", ""62"", ""373"", ""307"", ""52"", ""364"", ""85"", ""144"", ""145"", ""142"", ""143"", ""82"", ""83"", ""220"", ""147"", ""118"", ""109"", ""154"", ""398"", ""97"", ""404"", ""376"", ""447"", ""101"", ""437"", ""155"", ""241""]",afda5e5e88ffcebf171c64cf9f6921f0014d9a7e7cdbbfc724ba905f73bdd0a6,"{""boundary"": 12, ""community_rep"": 5, ""degree_core"": 10, ""random_fill"": 5}","{""degree_2"": 1, ""degree_3_4"": 6, ""degree_9_plus"": 25}","{""0"": 1, ""1"": 7, ""10"": 2, ""11"": 1, ""2"": 2, ""3"": 7, ""4"": 5, ""5"": 1, ""6"": 1, ""7"": 1, ""8"": 2, ""9"": 2}",210,"{""backend"": ""evaluate_m19_theory_calibrated.candidate_features"", ""delta_mode"": ""none"", ""k_max"": 512, ""k_min"": 64, ""variant"": ""conservative""}",210,0.1760268231349539,0.7857142857142857,0.7857142857142857,0.02857142857142857,1.0,"{""dp_17_64"": 0.047619047619047616, ""dp_257_plus"": 0.6428571428571429, ""dp_5_16"": 0.023809523809523808, ""dp_65_256"": 0.2857142857142857}","{""cn_0"": 1.0}",0.0,420.9904761904762,sasb_candidate_builder,cd3525314e366b47eb557d0688131ac29986a2eab097edb5d381f44834dd7e1f,210,cd3525314e366b47eb557d0688131ac29986a2eab097edb5d381f44834dd7e1f,"{""sasb_builder"": 210}",0,0,0,0,{},0.0,"{""common_neighbor_bin_l1"": 0.0, ""degree_product_bin_l1"": 0.0, ""is_boundary_edge_l1"": 0.0, ""is_bridge_edge_l1"": 0.0, ""is_inter_community_edge_l1"": 0.0, ""is_low_common_neighbor_edge_l1"": 0.0, ""mean_l1"": 0.0}",1,32,32,0.0,0
realworld_completed,bio_celegans,SASB-candidate,sasb,SASB-structured,20260513,814,middle,0.9403973509933775,0.9403973509933775,0.0,13,13,0,0.4019753086419753,0.4024691358024691,295,83,295--83,8,27,8,27,216,0,0.0,1,3,4,32,"[""96"", ""53"", ""51"", ""60"", ""343"", ""363"", ""62"", ""373"", ""307"", ""52"", ""364"", ""85"", ""144"", ""145"", ""142"", ""143"", ""82"", ""83"", ""220"", ""147"", ""118"", ""109"", ""154"", ""398"", ""97"", ""404"", ""376"", ""84"", ""27"", ""279"", ""134"", ""247""]",e25f05bb9599e1c12db924b7cf1f5c0d43fe06797143b8980cc8ad1d2e0ee12c,"{""boundary"": 12, ""community_rep"": 5, ""degree_core"": 10, ""random_fill"": 5}","{""degree_3_4"": 6, ""degree_5_8"": 1, ""degree_9_plus"": 25}","{""0"": 1, ""1"": 5, ""10"": 2, ""11"": 1, ""2"": 1, ""3"": 6, ""4"": 5, ""5"": 2, ""6"": 1, ""7"": 2, ""8"": 1, ""9"": 5}",210,"{""backend"": ""evaluate_m19_theory_calibrated.candidate_features"", ""delta_mode"": ""none"", ""k_max"": 512, ""k_min"": 64, ""variant"": ""conservative""}",210,0.1761744966442953,0.7857142857142857,0.7857142857142857,0.02857142857142857,1.0,"{""dp_17_64"": 0.047619047619047616, ""dp_257_plus"": 0.6523809523809524, ""dp_5_16"": 0.023809523809523808, ""dp_65_256"": 0.2761904761904762}","{""cn_0"": 1.0}",0.0,419.46666666666664,sasb_candidate_builder,9d770faf46389ca0238440a809e4667e9f9d06526bc963f3d67005fd4faf8bc9,210,9d770faf46389ca0238440a809e4667e9f9d06526bc963f3d67005fd4faf8bc9,"{""sasb_builder"": 210}",0,0,0,0,{},0.0,"{""common_neighbor_bin_l1"": 0.0, ""degree_product_bin_l1"": 0.0, ""is_boundary_edge_l1"": 0.0, ""is_bridge_edge_l1"": 0.0, ""is_inter_community_edge_l1"": 0.0, ""is_low_common_neighbor_edge_l1"": 0.0, ""mean_l1"": 0.0}",1,32,32,0.0,0
realworld_completed,bio_celegans,SASB-candidate,sasb,SASB-structured,20260513,815,middle,0.9403973509933775,0.9403973509933775,0.0,13,13,0,0.4024691358024691,0.40296296296296297,295,96,295--96,7,86,7,86,602,0,0.0,1,3,0,32,"[""96"", ""53"", ""51"", ""60"", ""343"", ""363"", ""62"", ""373"", ""307"", ""52"", ""364"", ""85"", ""144"", ""145"", ""142"", ""143"", ""82"", ""83"", ""220"", ""147"", ""118"", ""109"", ""154"", ""398"", ""97"", ""404"", ""376"", ""380"", ""37"", ""419"", ""327"", ""166""]",bb5f0ac64aec147a53208a0af208d38fca8d912146000405bffc195c81e7d6a1,"{""boundary"": 12, ""community_rep"": 5, ""degree_core"": 10, ""random_fill"": 5}","{""degree_2"": 1, ""degree_3_4"": 4, ""degree_5_8"": 2, ""degree_9_plus"": 25}","{""0"": 1, ""1"": 5, ""10"": 2, ""11"": 1, ""2"": 1, ""3"": 8, ""4"": 6, ""5"": 1, ""6"": 1, ""7"": 1, ""8"": 2, ""9"": 3}",209,"{""backend"": ""evaluate_m19_theory_calibrated.candidate_features"", ""delta_mode"": ""none"", ""k_max"": 512, ""k_min"": 64, ""variant"": ""conservative""}",209,0.17548278757346766,0.784688995215311,0.784688995215311,0.028708133971291867,1.0,"{""dp_17_64"": 0.04784688995215311, ""dp_257_plus"": 0.6555023923444976, ""dp_5_16"": 0.023923444976076555, ""dp_65_256"": 0.2727272727272727}","{""cn_0"": 1.0}",0.0,419.97607655502395,sasb_candidate_builder,03118e0c2a2265b605176903af3e4da177a3254eb87b69c97fbcac2bfa72658f,209,03118e0c2a2265b605176903af3e4da177a3254eb87b69c97fbcac2bfa72658f,"{""sasb_builder"": 209}",0,0,0,0,{},0.0,"{""common_neighbor_bin_l1"": 0.0, ""degree_product_bin_l1"": 0.0, ""is_boundary_edge_l1"": 0.0, ""is_bridge_edge_l1"": 0.0, ""is_inter_community_edge_l1"": 0.0, ""is_low_common_neighbor_edge_l1"": 0.0, ""mean_l1"": 0.0}",1,32,32,0.0,0
realworld_completed,bio_celegans,SASB-candidate,sasb,SASB-structured,20260513,816,middle,0.9403973509933775,0.9403973509933775,0.0,13,13,0,0.40296296296296297,0.4034567901234568,298,51,298--51,3,59,3,59,177,1,0.5,0,7,7,32,"[""96"", ""53"", ""51"", ""60"", ""343"", ""363"", ""62"", ""373"", ""307"", ""52"", ""364"", ""85"", ""144"", ""145"", ""142"", ""143"", ""82"", ""83"", ""220"", ""147"", ""118"", ""109"", ""154"", ""398"", ""97"", ""404"", ""376"", ""403"", ""261"", ""254"", ""63"", ""393""]",5ee82c57a6b4ea2500706c7f6b718ed15873365ceaf664390e5f5e95de4f977e,"{""boundary"": 12, ""community_rep"": 5, ""degree_core"": 10, ""random_fill"": 5}","{""degree_0_1"": 1, ""degree_2"": 1, ""degree_3_4"": 5, ""degree_9_plus"": 25}","{""0"": 2, ""1"": 6, ""10"": 3, ""11"": 1, ""2"": 2, ""3"": 6, ""4"": 5, ""5"": 1, ""6"": 1, ""7"": 1, ""8"": 1, ""9"": 3}",209,"{""backend"": ""evaluate_m19_theory_calibrated.candidate_features"", ""delta_mode"": ""none"", ""k_max"": 512, ""k_min"": 64, ""variant"": ""conservative""}",209,0.17563025210084032,0.7799043062200957,0.7799043062200957,0.028708133971291867,1.0,"{""dp_17_64"": 0.04784688995215311, ""dp_257_plus"": 0.5789473684210527, ""dp_5_16"": 0.023923444976076555, ""dp_65_256"": 0.3492822966507177}","{""cn_0"": 1.0}",0.0,415.64593301435406,sasb_candidate_builder,64996feac57076c6902076faa41a1cf7865bcf55dfd3662922223c98be662c13,209,64996feac57076c6902076faa41a1cf7865bcf55dfd3662922223c98be662c13,"{""sasb_builder"": 209}",0,0,0,0,{},0.0,"{""common_neighbor_bin_l1"": 0.0, ""degree_product_bin_l1"": 0.0, ""is_boundary_edge_l1"": 0.0, ""is_bridge_edge_l1"": 0.0, ""is_inter_community_edge_l1"": 0.0, ""is_low_common_neighbor_edge_l1"": 0.0, ""mean_l1"": 0.0}",1,32,32,0.0,0
realworld_completed,bio_celegans,SASB-candidate,sasb,SASB-structured,20260513,817,middle,0.9403973509933775,0.9403973509933775,0.0,13,13,0,0.4034567901234568,0.4039506172839506,298,53,298--53,2,65,2,65,130,0,0.0,1,4,5,32,"[""96"", ""53"", ""51"", ""60"", ""343"", ""363"", ""62"", ""373"", ""307"", ""52"", ""364"", ""85"", ""144"", ""145"", ""142"", ""143"", ""82"", ""83"", ""220"", ""147"", ""118"", ""109"", ""154"", ""398"", ""97"", ""404"", ""376"", ""370"", ""43"", ""91"", ""121"", ""447""]",e42a55807c3b503d326da2276709aac7c379a6bd772be5cbf57892bf8a6e98e4,"{""boundary"": 12, ""community_rep"": 5, ""degree_core"": 10, ""random_fill"": 5}","{""degree_0_1"": 1, ""degree_2"": 1, ""degree_3_4"": 3, ""degree_5_8"": 1, ""degree_9_plus"": 26}","{""0"": 1, ""1"": 8, ""10"": 2, ""11"": 1, ""2"": 2, ""3"": 7, ""4"": 5, ""5"": 1, ""6"": 1, ""7"": 1, ""8"": 1, ""9"": 2}",209,"{""backend"": ""evaluate_m19_theory_calibrated.candidate_features"", ""delta_mode"": ""none"", ""k_max"": 512, ""k_min"": 64, ""variant"": ""conservative""}",209,0.1757779646761985,0.7799043062200957,0.7799043062200957,0.028708133971291867,1.0,"{""dp_17_64"": 0.04784688995215311, ""dp_257_plus"": 0.5789473684210527, ""dp_5_16"": 0.023923444976076555, ""dp_65_256"": 0.3492822966507177}","{""cn_0"": 1.0}",0.0,414.21531100478467,sasb_candidate_builder,14952e69a89e311c8a5cdffd8e9b8f1adc024c919299734f71fb015099d799b1,209,14952e69a89e311c8a5cdffd8e9b8f1adc024c919299734f71fb015099d799b1,"{""sasb_builder"": 209}",0,0,0,0,{},0.0,"{""common_neighbor_bin_l1"": 0.0, ""degree_product_bin_l1"": 0.0, ""is_boundary_edge_l1"": 0.0, ""is_bridge_edge_l1"": 0.0, ""is_inter_community_edge_l1"": 0.0, ""is_low_common_neighbor_edge_l1"": 0.0, ""mean_l1"": 0.0}",1,32,32,0.0,0
realworld_completed,bio_celegans,SASB-candidate,sasb,SASB-structured,20260513,818,middle,0.9403973509933775,0.9403973509933775,0.0,13,13,0,0.4039506172839506,0.40444444444444444,189,62,189--62,6,43,6,43,258,2,0.4,0,4,4,32,"[""96"", ""53"", ""51"", ""60"", ""343"", ""363"", ""62"", ""373"", ""307"", ""52"", ""364"", ""85"", ""144"", ""145"", ""142"", ""143"", ""82"", ""83"", ""220"", ""147"", ""118"", ""109"", ""154"", ""398"", ""97"", ""404"", ""376"", ""259"", ""176"", ""234"", ""335"", ""186""]",f2c6bcc2675c2f57dbef070a1d86c86a6e57ec4cc4e0484152aa23344fdaf85f,"{""boundary"": 12, ""community_rep"": 5, ""degree_core"": 10, ""random_fill"": 5}","{""degree_0_1"": 1, ""degree_2"": 1, ""degree_3_4"": 4, ""degree_5_8"": 1, ""degree_9_plus"": 25}","{""0"": 2, ""1"": 5, ""10"": 2, ""11"": 1, ""2"": 1, ""3"": 7, ""4"": 5, ""5"": 2, ""6"": 1, ""7"": 1, ""8"": 1, ""9"": 4}",209,"{""backend"": ""evaluate_m19_theory_calibrated.candidate_features"", ""delta_mode"": ""none"", ""k_max"": 512, ""k_min"": 64, ""variant"": ""conservative""}",209,0.17592592592592593,0.7799043062200957,0.7799043062200957,0.03349282296650718,1.0,"{""dp_17_64"": 0.05263157894736842, ""dp_257_plus"": 0.5741626794258373, ""dp_5_16"": 0.023923444976076555, ""dp_65_256"": 0.3492822966507177}","{""cn_0"": 1.0}",0.0,413.444976076555,sasb_candidate_builder,9b92fd00f929e137f1091acc5dd7cdfdefbe74b9f544a34ba70621f9c281084e,209,9b92fd00f929e137f1091acc5dd7cdfdefbe74b9f544a34ba70621f9c281084e,"{""sasb_builder"": 209}",0,0,0,0,{},0.0,"{""common_neighbor_bin_l1"": 0.0, ""degree_product_bin_l1"": 0.0, ""is_boundary_edge_l1"": 0.0, ""is_bridge_edge_l1"": 0.0, ""is_inter_community_edge_l1"": 0.0, ""is_low_common_neighbor_edge_l1"": 0.0, ""mean_l1"": 0.0}",1,32,32,0.0,0
realworld_completed,bio_celegans,SASB-candidate,sasb,SASB-structured,20260513,819,middle,0.9403973509933775,0.9381898454746137,0.002207505518763808,13,14,1,0.40444444444444444,0.4049382716049383,298,62,298--62,1,42,1,42,42,0,0.0,0,4,4,32,"[""96"", ""53"", ""51"", ""60"", ""343"", ""363"", ""62"", ""373"", ""307"", ""52"", ""364"", ""85"", ""144"", ""145"", ""142"", ""143"", ""82"", ""83"", ""220"", ""147"", ""118"", ""109"", ""154"", ""398"", ""97"", ""404"", ""376"", ""138"", ""361"", ""268"", ""374"", ""11""]",363b16d4bdf18f2f8452bf9ac073a70b624e2c02dba4aa9d0b7401d4b33012b6,"{""boundary"": 12, ""community_rep"": 5, ""degree_core"": 10, ""random_fill"": 5}","{""degree_0_1"": 1, ""degree_2"": 1, ""degree_3_4"": 3, ""degree_5_8"": 2, ""degree_9_plus"": 25}","{""0"": 1, ""1"": 8, ""10"": 2, ""11"": 1, ""2"": 1, ""3"": 6, ""4"": 6, ""5"": 1, ""6"": 1, ""7"": 1, ""8"": 1, ""9"": 3}",209,"{""backend"": ""evaluate_m19_theory_calibrated.candidate_features"", ""delta_mode"": ""none"", ""k_max"": 512, ""k_min"": 64, ""variant"": ""conservative""}",209,0.17607413647851727,0.7799043062200957,0.7799043062200957,0.03349282296650718,1.0,"{""dp_17_64"": 0.05263157894736842, ""dp_257_plus"": 0.569377990430622, ""dp_5_16"": 0.023923444976076555, ""dp_65_256"": 0.35406698564593303}","{""cn_0"": 1.0}",0.0,412.8708133971292,sasb_candidate_builder,ebabec545d7c6696c4c2e87f4d0df14f3500ed189fa29869f1cb91c33542b7c5,209,ebabec545d7c6696c4c2e87f4d0df14f3500ed189fa29869f1cb91c33542b7c5,"{""sasb_builder"": 209}",0,0,0,0,{},0.0,"{""common_neighbor_bin_l1"": 0.0, ""degree_product_bin_l1"": 0.0, ""is_boundary_edge_l1"": 0.0, ""is_bridge_edge_l1"": 0.0, ""is_inter_community_edge_l1"": 0.0, ""is_low_common_neighbor_edge_l1"": 0.0, ""mean_l1"": 0.0}",1,32,32,0.0,0
realworld_completed,bio_celegans,SASB-candidate,sasb,SASB-structured,20260513,820,middle,0.9381898454746137,0.9381898454746137,0.0,14,14,0,0.4049382716049383,0.4054320987654321,299,96,299--96,3,85,3,85,255,1,0.5,1,8,0,32,"[""96"", ""53"", ""60"", ""51"", ""343"", ""363"", ""373"", ""62"", ""52"", ""364"", ""97"", ""307"", ""144"", ""145"", ""142"", ""143"", ""82"", ""83"", ""220"", ""147"", ""118"", ""109"", ""154"", ""85"", ""398"", ""404"", ""376"", ""278"", ""12"", ""367"", ""165"", ""386""]",dd16fbb19bdd66836cd1920513340ba416fc0b7af146cc709e1a40fdfa3e2793,"{""boundary"": 12, ""community_rep"": 5, ""degree_core"": 10, ""random_fill"": 5}","{""degree_2"": 2, ""degree_3_4"": 4, ""degree_5_8"": 1, ""degree_9_plus"": 25}","{""0"": 3, ""1"": 2, ""10"": 4, ""11"": 1, ""2"": 1, ""3"": 7, ""4"": 5, ""5"": 5, ""6"": 1, ""7"": 1, ""8"": 1, ""9"": 1}",209,"{""backend"": ""evaluate_m19_theory_calibrated.candidate_features"", ""delta_mode"": ""none"", ""k_max"": 512, ""k_min"": 64, ""variant"": ""conservative""}",209,0.17622259696458684,0.7655502392344498,0.7655502392344498,0.028708133971291867,1.0,"{""dp_17_64"": 0.04784688995215311, ""dp_257_plus"": 0.569377990430622, ""dp_5_16"": 0.028708133971291867, ""dp_65_256"": 0.35406698564593303}","{""cn_0"": 1.0}",0.0,411.35885167464113,sasb_candidate_builder,17ba41b041dfa6b39a3ce9f29411ddbe488f51cfc02da82e171ebe921d7461b0,209,17ba41b041dfa6b39a3ce9f29411ddbe488f51cfc02da82e171ebe921d7461b0,"{""sasb_builder"": 209}",0,0,0,0,{},0.0,"{""common_neighbor_bin_l1"": 0.0, ""degree_product_bin_l1"": 0.0, ""is_boundary_edge_l1"": 0.0, ""is_bridge_edge_l1"": 0.0, ""is_inter_community_edge_l1"": 0.0, ""is_low_common_neighbor_edge_l1"": 0.0, ""mean_l1"": 0.0}",1,32,32,0.0,0
realworld_completed,bio_celegans,SASB-candidate,sasb,SASB-structured,20260513,821,middle,0.9381898454746137,0.9381898454746137,0.0,14,14,0,0.4054320987654321,0.4059259259259259,300,51,300--51,7,58,7,58,406,1,0.16666666666666666,1,4,10,32,"[""96"", ""53"", ""60"", ""51"", ""343"", ""363"", ""373"", ""62"", ""52"", ""364"", ""97"", ""307"", ""144"", ""145"", ""142"", ""143"", ""82"", ""83"", ""220"", ""147"", ""118"", ""109"", ""154"", ""85"", ""398"", ""404"", ""376"", ""449"", ""375"", ""447"", ""165"", ""112""]",fb8fe597036882cad453c4756a7831b54f0b4d692ab17db81cdaa6066ca3a6d2,"{""boundary"": 12, ""community_rep"": 5, ""degree_core"": 10, ""random_fill"": 5}","{""degree_2"": 2, ""degree_3_4"": 3, ""degree_5_8"": 2, ""degree_9_plus"": 25}","{""0"": 2, ""1"": 1, ""10"": 3, ""11"": 1, ""2"": 1, ""3"": 7, ""4"": 6, ""5"": 5, ""6"": 1, ""7"": 1, ""8"": 3, ""9"": 1}",209,"{""backend"": ""evaluate_m19_theory_calibrated.candidate_features"", ""delta_mode"": ""none"", ""k_max"": 512, ""k_min"": 64, ""variant"": ""conservative""}",209,0.17637130801687764,0.7607655502392344,0.7607655502392344,0.028708133971291867,1.0,"{""dp_17_64"": 0.04784688995215311, ""dp_257_plus"": 0.569377990430622, ""dp_5_16"": 0.028708133971291867, ""dp_65_256"": 0.35406698564593303}","{""cn_0"": 1.0}",0.0,408.688995215311,sasb_candidate_builder,22fa7908e951e1842a26bf6bafd4bb29636f76e2d023a40f20c49e7fcb420784,209,22fa7908e951e1842a26bf6bafd4bb29636f76e2d023a40f20c49e7fcb420784,"{""sasb_builder"": 209}",0,0,0,0,{},0.0,"{""common_neighbor_bin_l1"": 0.0, ""degree_product_bin_l1"": 0.0, ""is_boundary_edge_l1"": 0.0, ""is_bridge_edge_l1"": 0.0, ""is_inter_community_edge_l1"": 0.0, ""is_low_common_neighbor_edge_l1"": 0.0, ""mean_l1"": 0.0}",1,32,32,0.0,0
realworld_completed,bio_celegans,SASB-candidate,sasb,SASB-structured,20260513,822,middle,0.9381898454746137,0.9381898454746137,0.0,14,14,0,0.4059259259259259,0.40641975308641975,300,53,300--53,6,64,6,64,384,0,0.0,1,4,10,32,"[""96"", ""53"", ""60"", ""51"", ""343"", ""363"", ""373"", ""62"", ""52"", ""364"", ""97"", ""307"", ""144"", ""145"", ""142"", ""143"", ""82"", ""83"", ""220"", ""147"", ""118"", ""109"", ""154"", ""85"", ""398"", ""404"", ""376"", ""320"", ""313"", ""312"", ""122"", ""223""]",5a0d1e92f77cde5ae2de6ea764289fc3e85df3d1d5b58da600af5dbed41b812d,"{""boundary"": 12, ""community_rep"": 5, ""degree_core"": 10, ""random_fill"": 5}","{""degree_0_1"": 1, ""degree_2"": 1, ""degree_3_4"": 2, ""degree_5_8"": 3, ""degree_9_plus"": 25}","{""0"": 2, ""1"": 2, ""10"": 3, ""11"": 1, ""2"": 1, ""3"": 6, ""4"": 6, ""5"": 7, ""6"": 1, ""7"": 1, ""8"": 1, ""9"": 1}",209,"{""backend"": ""evaluate_m19_theory_calibrated.candidate_features"", ""delta_mode"": ""none"", ""k_max"": 512, ""k_min"": 64, ""variant"": ""conservative""}",209,0.17652027027027026,0.7559808612440191,0.7559808612440191,0.028708133971291867,1.0,"{""dp_17_64"": 0.04784688995215311, ""dp_257_plus"": 0.5598086124401914, ""dp_5_16"": 0.028708133971291867, ""dp_65_256"": 0.36363636363636365}","{""cn_0"": 1.0}",0.0,406.0334928229665,sasb_candidate_builder,31bb0ddd3f44f4ad64caace9688af9a39dc53dbbf547c865e01c7ca26dd0c8fa,209,31bb0ddd3f44f4ad64caace9688af9a39dc53dbbf547c865e01c7ca26dd0c8fa,"{""sasb_builder"": 209}",0,0,0,0,{},0.0,"{""common_neighbor_bin_l1"": 0.0, ""degree_product_bin_l1"": 0.0, ""is_boundary_edge_l1"": 0.0, ""is_bridge_edge_l1"": 0.0, ""is_inter_community_edge_l1"": 0.0, ""is_low_common_neighbor_edge_l1"": 0.0, ""mean_l1"": 0.0}",1,32,32,0.0,0
realworld_completed,bio_celegans,SASB-candidate,sasb,SASB-structured,20260513,823,middle,0.9381898454746137,0.9381898454746137,0.0,14,14,0,0.40641975308641975,0.4069135802469136,191,60,191--60,5,34,5,34,170,1,0.25,0,4,4,32,"[""96"", ""53"", ""60"", ""51"", ""343"", ""363"", ""373"", ""62"", ""52"", ""364"", ""97"", ""307"", ""144"", ""145"", ""142"", ""143"", ""82"", ""83"", ""220"", ""147"", ""118"", ""109"", ""154"", ""85"", ""398"", ""404"", ""376"", ""70"", ""295"", ""139"", ""75"", ""27""]",2c3aa2086a16fd3093942ae9ab127e1c0a5102011e91c16d2396a4a5cfe5cebc,"{""boundary"": 12, ""community_rep"": 5, ""degree_core"": 10, ""random_fill"": 5}","{""degree_2"": 2, ""degree_3_4"": 3, ""degree_5_8"": 2, ""degree_9_plus"": 25}","{""0"": 2, ""1"": 2, ""10"": 3, ""11"": 2, ""2"": 1, ""3"": 7, ""4"": 5, ""5"": 5, ""6"": 2, ""7"": 1, ""8"": 1, ""9"": 1}",209,"{""backend"": ""evaluate_m19_theory_calibrated.candidate_features"", ""delta_mode"": ""none"", ""k_max"": 512, ""k_min"": 64, ""variant"": ""conservative""}",209,0.17666948436179206,0.7511961722488039,0.7511961722488039,0.028708133971291867,1.0,"{""dp_17_64"": 0.04784688995215311, ""dp_257_plus"": 0.5550239234449761, ""dp_5_16"": 0.028708133971291867, ""dp_65_256"": 0.3684210526315789}","{""cn_0"": 1.0}",0.0,403.50717703349284,sasb_candidate_builder,247b5d5fd2150d6c6e759f7d256e5040285aadab20ec81c2e9d6cbf0fdea2bbd,209,247b5d5fd2150d6c6e759f7d256e5040285aadab20ec81c2e9d6cbf0fdea2bbd,"{""sasb_builder"": 209}",0,0,0,0,{},0.0,"{""common_neighbor_bin_l1"": 0.0, ""degree_product_bin_l1"": 0.0, ""is_boundary_edge_l1"": 0.0, ""is_bridge_edge_l1"": 0.0, ""is_inter_community_edge_l1"": 0.0, ""is_low_common_neighbor_edge_l1"": 0.0, ""mean_l1"": 0.0}",1,32,32,0.0,0
realworld_completed,bio_celegans,SASB-candidate,sasb,SASB-structured,20260513,824,middle,0.9381898454746137,0.9381898454746137,0.0,14,14,0,0.4069135802469136,0.4074074074074074,300,60,300--60,5,33,5,33,165,0,0.0,0,4,4,32,"[""96"", ""53"", ""60"", ""51"", ""343"", ""363"", ""373"", ""62"", ""52"", ""364"", ""97"", ""307"", ""144"", ""145"", ""142"", ""143"", ""82"", ""83"", ""220"", ""147"", ""118"", ""109"", ""154"", ""85"", ""398"", ""404"", ""376"", ""382"", ""141"", ""98"", ""182"", ""21""]",8b187d322beb45000903fa75f98000520d6aedb0df2e1a33ef09eb7f96339796,"{""boundary"": 12, ""community_rep"": 5, ""degree_core"": 10, ""random_fill"": 5}","{""degree_2"": 1, ""degree_3_4"": 4, ""degree_5_8"": 1, ""degree_9_plus"": 26}","{""0"": 2, ""1"": 1, ""10"": 3, ""11"": 1, ""2"": 1, ""3"": 8, ""4"": 6, ""5"": 5, ""6"": 1, ""7"": 2, ""8"": 1, ""9"": 1}",209,"{""backend"": ""evaluate_m19_theory_calibrated.candidate_features"", ""delta_mode"": ""none"", ""k_max"": 512, ""k_min"": 64, ""variant"": ""conservative""}",209,0.17681895093062605,0.7511961722488039,0.7511961722488039,0.028708133971291867,1.0,"{""dp_17_64"": 0.04784688995215311, ""dp_257_plus"": 0.5550239234449761, ""dp_5_16"": 0.028708133971291867, ""dp_65_256"": 0.3684210526315789}","{""cn_0"": 1.0}",0.0,403.0334928229665,sasb_candidate_builder,6e0a3058974dc9886c9c3c6fdcf7c356f7fe7aa228fb506eb8e965135f6b1dfb,209,6e0a3058974dc9886c9c3c6fdcf7c356f7fe7aa228fb506eb8e965135f6b1dfb,"{""sasb_builder"": 209}",0,0,0,0,{},0.0,"{""common_neighbor_bin_l1"": 0.0, ""degree_product_bin_l1"": 0.0, ""is_boundary_edge_l1"": 0.0, ""is_bridge_edge_l1"": 0.0, ""is_inter_community_edge_l1"": 0.0, ""is_low_common_neighbor_edge_l1"": 0.0, ""mean_l1"": 0.0}",1,32,32,0.0,0
realworld_completed,bio_celegans,SASB-candidate,sasb,SASB-structured,20260513,825,middle,0.9381898454746137,0.9381898454746137,0.0,14,14,0,0.4074074074074074,0.4079012345679012,300,62,300--62,4,41,4,41,164,0,0.0,0,4,4,32,"[""96"", ""53"", ""60"", ""51"", ""343"", ""363"", ""373"", ""62"", ""52"", ""364"", ""97"", ""307"", ""144"", ""145"", ""142"", ""143"", ""82"", ""83"", ""220"", ""147"", ""118"", ""109"", ""154"", ""85"", ""398"", ""404"", ""376"", ""55"", ""309"", ""252"", ""435"", ""2""]",91c594cf413433d9497c5639404088d6e91816d682021759f87adcb0e18da712,"{""boundary"": 12, ""community_rep"": 5, ""degree_core"": 10, ""random_fill"": 5}","{""degree_3_4"": 5, ""degree_5_8"": 2, ""degree_9_plus"": 25}","{""0"": 2, ""1"": 1, ""10"": 4, ""11"": 1, ""2"": 1, ""3"": 7, ""4"": 5, ""5"": 6, ""6"": 1, ""7"": 1, ""8"": 2, ""9"": 1}",208,"{""backend"": ""evaluate_m19_theory_calibrated.candidate_features"", ""delta_mode"": ""none"", ""k_max"": 512, ""k_min"": 64, ""variant"": ""conservative""}",208,0.17612193056731584,0.7548076923076923,0.7548076923076923,0.028846153846153848,1.0,"{""dp_17_64"": 0.04807692307692308, ""dp_257_plus"": 0.5528846153846154, ""dp_5_16"": 0.028846153846153848, ""dp_65_256"": 0.3701923076923077}","{""cn_0"": 1.0}",0.0,403.13461538461536,sasb_candidate_builder,2aa3646d3065bbd8d972d802c2c0c20a0b212a17fb00b2f91b00d92e8799262f,208,2aa3646d3065bbd8d972d802c2c0c20a0b212a17fb00b2f91b00d92e8799262f,"{""sasb_builder"": 208}",0,0,0,0,{},0.0,"{""common_neighbor_bin_l1"": 0.0, ""degree_product_bin_l1"": 0.0, ""is_boundary_edge_l1"": 0.0, ""is_bridge_edge_l1"": 0.0, ""is_inter_community_edge_l1"": 0.0, ""is_low_common_neighbor_edge_l1"": 0.0, ""mean_l1"": 0.0}",1,32,32,0.0,0
realworld_completed,bio_celegans,SASB-candidate,sasb,SASB-structured,20260513,826,middle,0.9381898454746137,0.9381898454746137,0.0,14,14,0,0.4079012345679012,0.40839506172839507,301,60,301--60,3,32,3,32,96,2,1.0,1,6,4,32,"[""96"", ""53"", ""60"", ""51"", ""343"", ""363"", ""373"", ""62"", ""52"", ""364"", ""97"", ""307"", ""144"", ""145"", ""142"", ""143"", ""82"", ""83"", ""220"", ""147"", ""118"", ""109"", ""154"", ""85"", ""398"", ""404"", ""376"", ""2"", ""176"", ""12"", ""181"", ""195""]",0e0bda34f71079cc4decb91a801f81d1011063298a1c67b1882107755afa10e5,"{""boundary"": 12, ""community_rep"": 5, ""degree_core"": 10, ""random_fill"": 5}","{""degree_0_1"": 1, ""degree_2"": 2, ""degree_3_4"": 3, ""degree_5_8"": 1, ""degree_9_plus"": 25}","{""0"": 3, ""1"": 1, ""10"": 4, ""11"": 1, ""2"": 1, ""3"": 8, ""4"": 5, ""5"": 5, ""6"": 1, ""7"": 1, ""8"": 1, ""9"": 1}",208,"{""backend"": ""evaluate_m19_theory_calibrated.candidate_features"", ""delta_mode"": ""none"", ""k_max"": 512, ""k_min"": 64, ""variant"": ""conservative""}",208,0.17627118644067796,0.7548076923076923,0.7548076923076923,0.028846153846153848,1.0,"{""dp_17_64"": 0.04807692307692308, ""dp_257_plus"": 0.5528846153846154, ""dp_5_16"": 0.028846153846153848, ""dp_65_256"": 0.3701923076923077}","{""cn_0"": 1.0}",0.0,403.0192307692308,sasb_candidate_builder,6e9bfb209a5bd3f4399fe1f6163afd9200f2e5db8e87d7bda12f45400978cded,208,6e9bfb209a5bd3f4399fe1f6163afd9200f2e5db8e87d7bda12f45400978cded,"{""sasb_builder"": 208}",0,0,0,0,{},0.0,"{""common_neighbor_bin_l1"": 0.0, ""degree_product_bin_l1"": 0.0, ""is_boundary_edge_l1"": 0.0, ""is_bridge_edge_l1"": 0.0, ""is_inter_community_edge_l1"": 0.0, ""is_low_common_neighbor_edge_l1"": 0.0, ""mean_l1"": 0.0}",1,32,32,0.0,0
realworld_completed,bio_celegans,SASB-candidate,sasb,SASB-structured,20260513,827,middle,0.9381898454746137,0.9381898454746137,0.0,14,14,0,0.40839506172839507,0.4088888888888889,302,51,302--51,7,57,7,57,399,2,0.3333333333333333,0,11,11,32,"[""96"", ""53"", ""60"", ""51"", ""343"", ""363"", ""373"", ""62"", ""52"", ""364"", ""97"", ""307"", ""144"", ""145"", ""142"", ""143"", ""82"", ""83"", ""220"", ""147"", ""118"", ""109"", ""154"", ""85"", ""398"", ""404"", ""376"", ""263"", ""313"", ""40"", ""372"", ""370""]",7895a28e8c233433101520a3200ba77c73a3b1626b6f8501335b9c97540b2440,"{""boundary"": 12, ""community_rep"": 5, ""degree_core"": 10, ""random_fill"": 5}","{""degree_3_4"": 3, ""degree_5_8"": 3, ""degree_9_plus"": 26}","{""0"": 1, ""1"": 1, ""10"": 4, ""11"": 1, ""2"": 1, ""3"": 7, ""4"": 6, ""5"": 7, ""6"": 1, ""7"": 1, ""8"": 1, ""9"": 1}",208,"{""backend"": ""evaluate_m19_theory_calibrated.candidate_features"", ""delta_mode"": ""none"", ""k_max"": 512, ""k_min"": 64, ""variant"": ""conservative""}",208,0.17642069550466496,0.75,0.75,0.03365384615384615,1.0,"{""dp_17_64"": 0.04807692307692308, ""dp_257_plus"": 0.5528846153846154, ""dp_5_16"": 0.028846153846153848, ""dp_65_256"": 0.3701923076923077}","{""cn_0"": 1.0}",0.0,402.14903846153845,sasb_candidate_builder,24725fa3118898d9070e5a8b5234714f11f52963a8ebe6d950e1dcbde197ab9a,208,24725fa3118898d9070e5a8b5234714f11f52963a8ebe6d950e1dcbde197ab9a,"{""sasb_builder"": 208}",0,0,0,0,{},0.0,"{""common_neighbor_bin_l1"": 0.0, ""degree_product_bin_l1"": 0.0, ""is_boundary_edge_l1"": 0.0, ""is_bridge_edge_l1"": 0.0, ""is_inter_community_edge_l1"": 0.0, ""is_low_common_neighbor_edge_l1"": 0.0, ""mean_l1"": 0.0}",1,32,32,0.0,0
realworld_completed,bio_celegans,SASB-candidate,sasb,SASB-structured,20260513,828,middle,0.9381898454746137,0.9381898454746137,0.0,14,14,0,0.4088888888888889,0.4093827160493827,302,53,302--53,6,63,6,63,378,1,0.2,1,2,10,32,"[""96"", ""53"", ""60"", ""51"", ""343"", ""363"", ""373"", ""62"", ""52"", ""364"", ""97"", ""307"", ""144"", ""145"", ""142"", ""143"", ""82"", ""83"", ""220"", ""147"", ""118"", ""109"", ""154"", ""85"", ""398"", ""404"", ""376"", ""93"", ""77"", ""69"", ""1"", ""400""]",08c41a0d35ccd8ab3448d003d0122fae4a23efaab8f5c333b7cdf6b00fb17fd8,"{""boundary"": 12, ""community_rep"": 5, ""degree_core"": 10, ""random_fill"": 5}","{""degree_0_1"": 1, ""degree_2"": 1, ""degree_3_4"": 2, ""degree_5_8"": 2, ""degree_9_plus"": 26}","{""0"": 2, ""1"": 2, ""10"": 3, ""11"": 1, ""2"": 1, ""3"": 7, ""4"": 5, ""5"": 5, ""6"": 2, ""7"": 1, ""8"": 2, ""9"": 1}",208,"{""backend"": ""evaluate_m19_theory_calibrated.candidate_features"", ""delta_mode"": ""none"", ""k_max"": 512, ""k_min"": 64, ""variant"": ""conservative""}",208,0.1765704584040747,0.75,0.75,0.038461538461538464,1.0,"{""dp_17_64"": 0.04807692307692308, ""dp_257_plus"": 0.5480769230769231, ""dp_5_16"": 0.028846153846153848, ""dp_65_256"": 0.375}","{""cn_0"": 1.0}",0.0,399.0,sasb_candidate_builder,8b8ca176035b523bfc5b84f016192f57cf9ad1d1b5ba27631aa368e72bc71f34,208,8b8ca176035b523bfc5b84f016192f57cf9ad1d1b5ba27631aa368e72bc71f34,"{""sasb_builder"": 208}",0,0,0,0,{},0.0,"{""common_neighbor_bin_l1"": 0.0, ""degree_product_bin_l1"": 0.0, ""is_boundary_edge_l1"": 0.0, ""is_bridge_edge_l1"": 0.0, ""is_inter_community_edge_l1"": 0.0, ""is_low_common_neighbor_edge_l1"": 0.0, ""mean_l1"": 0.0}",1,32,32,0.0,0
realworld_completed,bio_celegans,SASB-candidate,sasb,SASB-structured,20260513,829,middle,0.9381898454746137,0.9381898454746137,0.0,14,14,0,0.4093827160493827,0.40987654320987654,302,74,302--74,5,5,5,5,25,0,0.0,1,2,6,32,"[""96"", ""53"", ""60"", ""51"", ""343"", ""363"", ""373"", ""62"", ""52"", ""364"", ""97"", ""307"", ""144"", ""145"", ""142"", ""143"", ""82"", ""83"", ""220"", ""147"", ""118"", ""109"", ""154"", ""85"", ""398"", ""404"", ""376"", ""443"", ""35"", ""241"", ""326"", ""394""]",3c8d0495ce46b4f960e9c5547f653af593e61acc29d1cf288d650e58ffce9d62,"{""boundary"": 12, ""community_rep"": 5, ""degree_core"": 10, ""random_fill"": 5}","{""degree_2"": 2, ""degree_3_4"": 5, ""degree_9_plus"": 25}","{""0"": 4, ""1"": 1, ""10"": 4, ""11"": 1, ""2"": 1, ""3"": 7, ""4"": 5, ""5"": 5, ""6"": 1, ""7"": 1, ""8"": 1, ""9"": 1}",208,"{""backend"": ""evaluate_m19_theory_calibrated.candidate_features"", ""delta_mode"": ""none"", ""k_max"": 512, ""k_min"": 64, ""variant"": ""conservative""}",208,0.17672047578589634,0.75,0.75,0.04326923076923077,1.0,"{""dp_17_64"": 0.052884615384615384, ""dp_257_plus"": 0.5480769230769231, ""dp_5_16"": 0.028846153846153848, ""dp_65_256"": 0.3701923076923077}","{""cn_0"": 1.0}",0.0,395.58653846153845,sasb_candidate_builder,ac0d1587968906244b381c0a7b0220fee3fbe59443711f0da32327f9bb8c6f35,208,ac0d1587968906244b381c0a7b0220fee3fbe59443711f0da32327f9bb8c6f35,"{""sasb_builder"": 208}",0,0,0,0,{},0.0,"{""common_neighbor_bin_l1"": 0.0, ""degree_product_bin_l1"": 0.0, ""is_boundary_edge_l1"": 0.0, ""is_bridge_edge_l1"": 0.0, ""is_inter_community_edge_l1"": 0.0, ""is_low_common_neighbor_edge_l1"": 0.0, ""mean_l1"": 0.0}",1,32,32,0.0,0
realworld_completed,bio_celegans,SASB-candidate,sasb,SASB-structured,20260513,830,middle,0.9381898454746137,0.9381898454746137,0.0,14,14,0,0.40987654320987654,0.4103703703703704,142,417,142--417,34,7,7,34,238,2,0.3333333333333333,1,5,1,32,"[""96"", ""53"", ""60"", ""51"", ""343"", ""363"", ""142"", ""143"", ""373"", ""307"", ""62"", ""52"", ""144"", ""145"", ""82"", ""83"", ""220"", ""147"", ""118"", ""364"", ""109"", ""440"", ""154"", ""85"", ""398"", ""97"", ""404"", ""376"", ""229"", ""233"", ""159"", ""442""]",bc4448d2ea10336df76065e9a1a889bdf885318483d2ec1152a9a982eec9893d,"{""boundary"": 12, ""community_rep"": 6, ""degree_core"": 10, ""random_fill"": 4}","{""degree_0_1"": 2, ""degree_3_4"": 2, ""degree_5_8"": 2, ""degree_9_plus"": 26}","{""0"": 1, ""1"": 2, ""10"": 2, ""11"": 2, ""12"": 1, ""2"": 2, ""3"": 7, ""4"": 6, ""5"": 5, ""6"": 1, ""7"": 1, ""8"": 1, ""9"": 1}",208,"{""backend"": ""evaluate_m19_theory_calibrated.candidate_features"", ""delta_mode"": ""none"", ""k_max"": 512, ""k_min"": 64, ""variant"": ""conservative""}",208,0.17687074829931973,0.8701923076923077,0.8701923076923077,0.028846153846153848,0.8942307692307693,"{""dp_17_64"": 0.04807692307692308, ""dp_257_plus"": 0.5, ""dp_5_16"": 0.028846153846153848, ""dp_65_256"": 0.4230769230769231}","{""cn_0"": 0.875, ""cn_1"": 0.019230769230769232, ""cn_2_3"": 0.10576923076923077}",0.2403846153846154,384.90384615384613,sasb_candidate_builder,f9703ffb22ac1588964f36bc8727d69fc88ac9e715daedf2689fed4ea6e1f52a,208,f9703ffb22ac1588964f36bc8727d69fc88ac9e715daedf2689fed4ea6e1f52a,"{""sasb_builder"": 208}",0,0,0,0,{},0.0,"{""common_neighbor_bin_l1"": 0.0, ""degree_product_bin_l1"": 0.0, ""is_boundary_edge_l1"": 0.0, ""is_bridge_edge_l1"": 0.0, ""is_inter_community_edge_l1"": 0.0, ""is_low_common_neighbor_edge_l1"": 0.0, ""mean_l1"": 0.0}",1,32,32,1284.5783393733425,0
realworld_completed,bio_celegans,SASB-candidate,sasb,SASB-structured,20260513,831,middle,0.9381898454746137,0.9381898454746137,0.0,14,14,0,0.4103703703703704,0.4108641975308642,143,417,143--417,34,6,6,34,204,1,0.2,1,5,1,32,"[""96"", ""53"", ""60"", ""51"", ""343"", ""363"", ""143"", ""142"", ""373"", ""307"", ""62"", ""52"", ""144"", ""145"", ""82"", ""83"", ""220"", ""147"", ""118"", ""364"", ""109"", ""440"", ""154"", ""85"", ""398"", ""97"", ""404"", ""376"", ""444"", ""206"", ""282"", ""342""]",e9ea34687050fcf7aec4c2203e40bb8ae09f9f2c4adc69d2cb5966ab5ef40f38,"{""boundary"": 12, ""community_rep"": 6, ""degree_core"": 10, ""random_fill"": 4}","{""degree_3_4"": 4, ""degree_5_8"": 2, ""degree_9_plus"": 26}","{""0"": 1, ""1"": 2, ""10"": 2, ""11"": 2, ""12"": 1, ""2"": 2, ""3"": 6, ""4"": 5, ""5"": 4, ""6"": 1, ""7"": 1, ""8"": 3, ""9"": 2}",208,"{""backend"": ""evaluate_m19_theory_calibrated.candidate_features"", ""delta_mode"": ""none"", ""k_max"": 512, ""k_min"": 64, ""variant"": ""conservative""}",208,0.17702127659574468,0.8653846153846154,0.8653846153846154,0.028846153846153848,0.9086538461538461,"{""dp_17_64"": 0.04807692307692308, ""dp_257_plus"": 0.5, ""dp_5_16"": 0.028846153846153848, ""dp_65_256"": 0.4230769230769231}","{""cn_0"": 0.8798076923076923, ""cn_1"": 0.028846153846153848, ""cn_2_3"": 0.09134615384615384}",0.22115384615384615,384.02403846153845,sasb_candidate_builder,e22ec14d4b14b4df6023d4a34187d38a33e0595d09c08a0ebf6c0ee95ddf5fb2,208,e22ec14d4b14b4df6023d4a34187d38a33e0595d09c08a0ebf6c0ee95ddf5fb2,"{""sasb_builder"": 208}",0,0,0,0,{},0.0,"{""common_neighbor_bin_l1"": 0.0, ""degree_product_bin_l1"": 0.0, ""is_boundary_edge_l1"": 0.0, ""is_bridge_edge_l1"": 0.0, ""is_inter_community_edge_l1"": 0.0, ""is_low_common_neighbor_edge_l1"": 0.0, ""mean_l1"": 0.0}",1,32,32,1135.9598549806956,0
realworld_completed,bio_celegans,SASB-candidate,sasb,SASB-structured,20260513,832,middle,0.9381898454746137,0.9381898454746137,0.0,14,14,0,0.4108641975308642,0.411358024691358,149,314,149--314,13,10,10,13,130,1,0.1111111111111111,1,1,5,32,"[""96"", ""53"", ""60"", ""51"", ""343"", ""363"", ""142"", ""143"", ""373"", ""307"", ""62"", ""52"", ""144"", ""145"", ""82"", ""83"", ""220"", ""147"", ""118"", ""364"", ""109"", ""440"", ""154"", ""85"", ""398"", ""97"", ""404"", ""376"", ""445"", ""124"", ""348"", ""141""]",c39d8b28692082cfa16a5dde8c112831b81908764923fd0997bd83a41aa60fd8,"{""boundary"": 12, ""community_rep"": 6, ""degree_core"": 10, ""random_fill"": 4}","{""degree_2"": 1, ""degree_3_4"": 3, ""degree_5_8"": 1, ""degree_9_plus"": 27}","{""0"": 1, ""1"": 2, ""10"": 2, ""11"": 3, ""12"": 1, ""2"": 3, ""3"": 6, ""4"": 5, ""5"": 4, ""6"": 1, ""7"": 1, ""8"": 1, ""9"": 2}",208,"{""backend"": ""evaluate_m19_theory_calibrated.candidate_features"", ""delta_mode"": ""none"", ""k_max"": 512, ""k_min"": 64, ""variant"": ""conservative""}",208,0.17717206132879046,0.8605769230769231,0.8605769230769231,0.028846153846153848,0.9134615384615384,"{""dp_17_64"": 0.04807692307692308, ""dp_257_plus"": 0.5, ""dp_5_16"": 0.028846153846153848, ""dp_65_256"": 0.4230769230769231}","{""cn_0"": 0.8846153846153846, ""cn_1"": 0.028846153846153848, ""cn_2_3"": 0.08653846153846154}",0.21153846153846154,383.47115384615387,sasb_candidate_builder,761de75796ba99ffd9690c611256d4325c355255452563012f75dadd3d3e638d,208,761de75796ba99ffd9690c611256d4325c355255452563012f75dadd3d3e638d,"{""sasb_builder"": 208}",0,0,0,0,{},0.0,"{""common_neighbor_bin_l1"": 0.0, ""degree_product_bin_l1"": 0.0, ""is_boundary_edge_l1"": 0.0, ""is_bridge_edge_l1"": 0.0, ""is_inter_community_edge_l1"": 0.0, ""is_low_common_neighbor_edge_l1"": 0.0, ""mean_l1"": 0.0}",1,32,32,1196.5210117494287,0
realworld_completed,bio_celegans,SASB-candidate,sasb,SASB-structured,20260513,833,middle,0.9381898454746137,0.9381898454746137,0.0,14,14,0,0.411358024691358,0.41185185185185186,132,142,132--142,6,33,6,33,198,2,0.4,1,1,5,32,"[""96"", ""53"", ""60"", ""51"", ""343"", ""363"", ""142"", ""143"", ""373"", ""307"", ""62"", ""52"", ""144"", ""145"", ""82"", ""83"", ""220"", ""147"", ""118"", ""364"", ""109"", ""440"", ""154"", ""85"", ""398"", ""97"", ""404"", ""376"", ""425"", ""247"", ""38"", ""344""]",478c854da73a586a0376663cf49d8343f43a9bfa3ef37c3c3e3f8672c833e394,"{""boundary"": 12, ""community_rep"": 6, ""degree_core"": 10, ""random_fill"": 4}","{""degree_3_4"": 5, ""degree_5_8"": 1, ""degree_9_plus"": 26}","{""0"": 1, ""1"": 2, ""10"": 3, ""11"": 1, ""12"": 1, ""2"": 2, ""3"": 7, ""4"": 7, ""5"": 4, ""6"": 1, ""7"": 1, ""8"": 1, ""9"": 1}",208,"{""backend"": ""evaluate_m19_theory_calibrated.candidate_features"", ""delta_mode"": ""none"", ""k_max"": 512, ""k_min"": 64, ""variant"": ""conservative""}",208,0.1773231031543052,0.8557692307692307,0.8557692307692307,0.028846153846153848,0.9134615384615384,"{""dp_17_64"": 0.04807692307692308, ""dp_257_plus"": 0.5, ""dp_5_16"": 0.028846153846153848, ""dp_65_256"": 0.4230769230769231}","{""cn_0"": 0.8942307692307693, ""cn_1"": 0.019230769230769232, ""cn_2_3"": 0.08653846153846154}",0.20192307692307693,383.28846153846155,sasb_candidate_builder,ca08f4be9060970648ea47e4a9c8ebf2ebb6a0fe20296f0e9f54d459a885b196,208,ca08f4be9060970648ea47e4a9c8ebf2ebb6a0fe20296f0e9f54d459a885b196,"{""sasb_builder"": 208}",0,0,0,0,{},0.0,"{""common_neighbor_bin_l1"": 0.0, ""degree_product_bin_l1"": 0.0, ""is_boundary_edge_l1"": 0.0, ""is_bridge_edge_l1"": 0.0, ""is_inter_community_edge_l1"": 0.0, ""is_low_common_neighbor_edge_l1"": 0.0, ""mean_l1"": 0.0}",1,32,32,545.6395911070857,0
realworld_completed,bio_celegans,SASB-candidate,sasb,SASB-structured,20260513,834,middle,0.9381898454746137,0.9381898454746137,0.0,14,14,0,0.41185185185185186,0.4123456790123457,132,143,132--143,5,33,5,33,165,1,0.25,1,1,5,32,"[""96"", ""53"", ""60"", ""51"", ""343"", ""363"", ""143"", ""142"", ""373"", ""307"", ""62"", ""52"", ""144"", ""145"", ""82"", ""83"", ""220"", ""147"", ""118"", ""364"", ""109"", ""440"", ""154"", ""85"", ""398"", ""97"", ""404"", ""376"", ""196"", ""434"", ""341"", ""329""]",ca51651614d935f05c631f273273b9d77ec5feaf62d99401ccb2f710c71360f5,"{""boundary"": 12, ""community_rep"": 6, ""degree_core"": 10, ""random_fill"": 4}","{""degree_3_4"": 3, ""degree_5_8"": 3, ""degree_9_plus"": 26}","{""0"": 1, ""1"": 3, ""10"": 2, ""11"": 1, ""12"": 1, ""2"": 2, ""3"": 6, ""4"": 7, ""5"": 5, ""6"": 1, ""7"": 1, ""8"": 1, ""9"": 1}",208,"{""backend"": ""evaluate_m19_theory_calibrated.candidate_features"", ""delta_mode"": ""none"", ""k_max"": 512, ""k_min"": 64, ""variant"": ""conservative""}",208,0.17747440273037543,0.8509615384615384,0.8509615384615384,0.028846153846153848,0.9230769230769231,"{""dp_17_64"": 0.04807692307692308, ""dp_257_plus"": 0.5048076923076923, ""dp_5_16"": 0.028846153846153848, ""dp_65_256"": 0.4182692307692308}","{""cn_0"": 0.8990384615384616, ""cn_1"": 0.02403846153846154, ""cn_2_3"": 0.07692307692307693}",0.18269230769230768,383.6057692307692,sasb_candidate_builder,50aadb0d013220c21de425ce601dfc7471fa847d2b76997040aafc0e9849f5a6,208,50aadb0d013220c21de425ce601dfc7471fa847d2b76997040aafc0e9849f5a6,"{""sasb_builder"": 208}",0,0,0,0,{},0.0,"{""common_neighbor_bin_l1"": 0.0, ""degree_product_bin_l1"": 0.0, ""is_boundary_edge_l1"": 0.0, ""is_bridge_edge_l1"": 0.0, ""is_inter_community_edge_l1"": 0.0, ""is_low_common_neighbor_edge_l1"": 0.0, ""mean_l1"": 0.0}",1,32,32,906.1266829697574,0
realworld_completed,bio_celegans,SASB-candidate,sasb,SASB-structured,20260513,835,middle,0.9381898454746137,0.9381898454746137,0.0,14,14,0,0.4123456790123457,0.4128395061728395,149,313,149--313,12,6,6,12,72,0,0.0,1,1,5,32,"[""96"", ""53"", ""60"", ""51"", ""343"", ""363"", ""142"", ""143"", ""373"", ""307"", ""62"", ""52"", ""144"", ""145"", ""82"", ""83"", ""220"", ""147"", ""118"", ""364"", ""109"", ""440"", ""154"", ""85"", ""398"", ""97"", ""404"", ""376"", ""115"", ""182"", ""189"", ""38""]",9726af6c56ae55ccc12c3dca1046d76e08e32cab4ced40b469a01d86f0256e48,"{""boundary"": 12, ""community_rep"": 6, ""degree_core"": 10, ""random_fill"": 4}","{""degree_3_4"": 4, ""degree_5_8"": 2, ""degree_9_plus"": 26}","{""0"": 1, ""1"": 2, ""10"": 2, ""11"": 1, ""12"": 1, ""2"": 2, ""3"": 8, ""4"": 6, ""5"": 4, ""6"": 1, ""7"": 2, ""8"": 1, ""9"": 1}",208,"{""backend"": ""evaluate_m19_theory_calibrated.candidate_features"", ""delta_mode"": ""none"", ""k_max"": 512, ""k_min"": 64, ""variant"": ""conservative""}",208,0.1776259607173356,0.8461538461538461,0.8461538461538461,0.028846153846153848,0.9230769230769231,"{""dp_17_64"": 0.04807692307692308, ""dp_257_plus"": 0.5096153846153846, ""dp_5_16"": 0.028846153846153848, ""dp_65_256"": 0.41346153846153844}","{""cn_0"": 0.9038461538461539, ""cn_1"": 0.019230769230769232, ""cn_2_3"": 0.07692307692307693}",0.17307692307692307,384.24038461538464,sasb_candidate_builder,ee259f4c16708bbb835850dd1a1262f83fd8133c0e118462929973bd2c4de528,208,ee259f4c16708bbb835850dd1a1262f83fd8133c0e118462929973bd2c4de528,"{""sasb_builder"": 208}",0,0,0,0,{},0.0,"{""common_neighbor_bin_l1"": 0.0, ""degree_product_bin_l1"": 0.0, ""is_boundary_edge_l1"": 0.0, ""is_bridge_edge_l1"": 0.0, ""is_inter_community_edge_l1"": 0.0, ""is_low_common_neighbor_edge_l1"": 0.0, ""mean_l1"": 0.0}",1,32,32,540.5135146000384,0
realworld_completed,bio_celegans,SASB-candidate,sasb,SASB-structured,20260513,836,middle,0.9381898454746137,0.9381898454746137,0.0,14,14,0,0.4128395061728395,0.41333333333333333,0,142,0--142,6,32,6,32,192,2,0.4,1,1,5,32,"[""96"", ""53"", ""60"", ""51"", ""343"", ""363"", ""142"", ""143"", ""373"", ""307"", ""62"", ""52"", ""144"", ""145"", ""82"", ""83"", ""220"", ""147"", ""118"", ""364"", ""109"", ""440"", ""154"", ""85"", ""398"", ""97"", ""404"", ""376"", ""66"", ""409"", ""418"", ""268""]",394cb35adbee6f41b9850b67cfdb6cf019ed993aa8d72dc8da641e3dc82ea86a,"{""boundary"": 12, ""community_rep"": 6, ""degree_core"": 10, ""random_fill"": 4}","{""degree_0_1"": 1, ""degree_3_4"": 2, ""degree_5_8"": 3, ""degree_9_plus"": 26}","{""0"": 1, ""1"": 2, ""10"": 2, ""11"": 2, ""12"": 2, ""2"": 2, ""3"": 6, ""4"": 6, ""5"": 4, ""6"": 1, ""7"": 1, ""8"": 2, ""9"": 1}",208,"{""backend"": ""evaluate_m19_theory_calibrated.candidate_features"", ""delta_mode"": ""none"", ""k_max"": 512, ""k_min"": 64, ""variant"": ""conservative""}",208,0.17777777777777778,0.8413461538461539,0.8413461538461539,0.028846153846153848,0.9230769230769231,"{""dp_17_64"": 0.052884615384615384, ""dp_257_plus"": 0.5096153846153846, ""dp_5_16"": 0.028846153846153848, ""dp_65_256"": 0.40865384615384615}","{""cn_0"": 0.9038461538461539, ""cn_1"": 0.019230769230769232, ""cn_2_3"": 0.07692307692307693}",0.17307692307692307,384.44711538461536,sasb_candidate_builder,8c2937b56e4f4368b29d1bac4fe610d8244977721be142d9bbe5dec76010bd4e,208,8c2937b56e4f4368b29d1bac4fe610d8244977721be142d9bbe5dec76010bd4e,"{""sasb_builder"": 208}",0,0,0,0,{},0.0,"{""common_neighbor_bin_l1"": 0.0, ""degree_product_bin_l1"": 0.0, ""is_boundary_edge_l1"": 0.0, ""is_bridge_edge_l1"": 0.0, ""is_inter_community_edge_l1"": 0.0, ""is_low_common_neighbor_edge_l1"": 0.0, ""mean_l1"": 0.0}",1,32,32,459.26838681210114,0
realworld_completed,bio_celegans,SASB-candidate,sasb,SASB-structured,20260513,837,middle,0.9381898454746137,0.9381898454746137,0.0,14,14,0,0.41333333333333333,0.4138271604938272,0,143,0--143,5,32,5,32,160,1,0.25,1,1,5,32,"[""96"", ""53"", ""60"", ""51"", ""343"", ""363"", ""143"", ""142"", ""373"", ""307"", ""62"", ""52"", ""144"", ""145"", ""82"", ""83"", ""220"", ""147"", ""118"", ""364"", ""109"", ""440"", ""154"", ""85"", ""398"", ""97"", ""404"", ""376"", ""113"", ""420"", ""280"", ""414""]",6b0af7b867ae4f43e3c2ca60c4dff767963d9bf6dccd69c60abd4e85c6939451,"{""boundary"": 12, ""community_rep"": 6, ""degree_core"": 10, ""random_fill"": 4}","{""degree_2"": 1, ""degree_3_4"": 5, ""degree_9_plus"": 26}","{""0"": 1, ""1"": 2, ""10"": 3, ""11"": 1, ""12"": 1, ""2"": 2, ""3"": 6, ""4"": 5, ""5"": 5, ""6"": 1, ""7"": 1, ""8"": 1, ""9"": 3}",207,"{""backend"": ""evaluate_m19_theory_calibrated.candidate_features"", ""delta_mode"": ""none"", ""k_max"": 512, ""k_min"": 64, ""variant"": ""conservative""}",207,0.1770744225834046,0.8405797101449275,0.8405797101449275,0.028985507246376812,0.9371980676328503,"{""dp_17_64"": 0.05314009661835749, ""dp_257_plus"": 0.5120772946859904, ""dp_5_16"": 0.028985507246376812, ""dp_65_256"": 0.4057971014492754}","{""cn_0"": 0.9082125603864735, ""cn_1"": 0.028985507246376812, ""cn_2_3"": 0.06280193236714976}",0.15458937198067632,385.06280193236717,sasb_candidate_builder,a8f631802a840d0b2a699fde451275c528a6e45db816248e514adb265e8ff9d3,207,a8f631802a840d0b2a699fde451275c528a6e45db816248e514adb265e8ff9d3,"{""sasb_builder"": 207}",0,0,0,0,{},0.0,"{""common_neighbor_bin_l1"": 0.0, ""degree_product_bin_l1"": 0.0, ""is_boundary_edge_l1"": 0.0, ""is_bridge_edge_l1"": 0.0, ""is_inter_community_edge_l1"": 0.0, ""is_low_common_neighbor_edge_l1"": 0.0, ""mean_l1"": 0.0}",1,32,32,842.6223631130104,0
realworld_completed,bio_celegans,SASB-candidate,sasb,SASB-structured,20260513,838,middle,0.9381898454746137,0.9381898454746137,0.0,14,14,0,0.4138271604938272,0.41432098765432096,120,142,120--142,6,31,6,31,186,1,0.2,1,1,5,32,"[""96"", ""53"", ""60"", ""51"", ""343"", ""363"", ""142"", ""143"", ""373"", ""307"", ""62"", ""52"", ""144"", ""145"", ""82"", ""83"", ""220"", ""147"", ""118"", ""364"", ""109"", ""440"", ""154"", ""85"", ""398"", ""97"", ""404"", ""376"", ""168"", ""72"", ""235"", ""187""]",2867fc4203a2ea604126be91b6fdfb736be6a9dea3f438c88e60cd618a83e998,"{""boundary"": 12, ""community_rep"": 6, ""degree_core"": 10, ""random_fill"": 4}","{""degree_0_1"": 1, ""degree_3_4"": 4, ""degree_5_8"": 1, ""degree_9_plus"": 26}","{""0"": 1, ""1"": 3, ""10"": 2, ""11"": 1, ""12"": 1, ""2"": 2, ""3"": 6, ""4"": 7, ""5"": 5, ""6"": 1, ""7"": 1, ""8"": 1, ""9"": 1}",207,"{""backend"": ""evaluate_m19_theory_calibrated.candidate_features"", ""delta_mode"": ""none"", ""k_max"": 512, ""k_min"": 64, ""variant"": ""conservative""}",207,0.17722602739726026,0.8357487922705314,0.8357487922705314,0.028985507246376812,0.9420289855072463,"{""dp_17_64"": 0.05314009661835749, ""dp_257_plus"": 0.5169082125603864, ""dp_5_16"": 0.028985507246376812, ""dp_65_256"": 0.40096618357487923}","{""cn_0"": 0.9130434782608695, ""cn_1"": 0.028985507246376812, ""cn_2_3"": 0.057971014492753624}",0.14492753623188406,389.280193236715,sasb_candidate_builder,5ae35efa2ad55a8b19078557b8f0834f033508501e5d912becadd9191925aebc,207,5ae35efa2ad55a8b19078557b8f0834f033508501e5d912becadd9191925aebc,"{""sasb_builder"": 207}",0,0,0,0,{},0.0,"{""common_neighbor_bin_l1"": 0.0, ""degree_product_bin_l1"": 0.0, ""is_boundary_edge_l1"": 0.0, ""is_bridge_edge_l1"": 0.0, ""is_inter_community_edge_l1"": 0.0, ""is_low_common_neighbor_edge_l1"": 0.0, ""mean_l1"": 0.0}",1,32,32,451.09727875363217,0
realworld_completed,bio_celegans,SASB-candidate,sasb,SASB-structured,20260513,839,middle,0.9381898454746137,0.9381898454746137,0.0,14,14,0,0.41432098765432096,0.4148148148148148,120,143,120--143,5,31,5,31,155,0,0.0,1,1,5,32,"[""96"", ""53"", ""60"", ""51"", ""343"", ""363"", ""143"", ""373"", ""307"", ""62"", ""142"", ""52"", ""144"", ""145"", ""82"", ""83"", ""220"", ""147"", ""118"", ""364"", ""109"", ""440"", ""154"", ""85"", ""398"", ""97"", ""404"", ""376"", ""113"", ""89"", ""443"", ""213""]",4f15753be1a8276a9cea3e10a60f17e85168018483d3f06cf047a03e988ffa4b,"{""boundary"": 12, ""community_rep"": 6, ""degree_core"": 10, ""random_fill"": 4}","{""degree_2"": 1, ""degree_3_4"": 5, ""degree_9_plus"": 26}","{""0"": 1, ""1"": 3, ""10"": 2, ""11"": 2, ""12"": 1, ""2"": 2, ""3"": 6, ""4"": 6, ""5"": 4, ""6"": 1, ""7"": 1, ""8"": 1, ""9"": 2}",207,"{""backend"": ""evaluate_m19_theory_calibrated.candidate_features"", ""delta_mode"": ""none"", ""k_max"": 512, ""k_min"": 64, ""variant"": ""conservative""}",207,0.17737789203084833,0.8309178743961353,0.8309178743961353,0.028985507246376812,0.9420289855072463,"{""dp_17_64"": 0.05314009661835749, ""dp_257_plus"": 0.5217391304347826, ""dp_5_16"": 0.028985507246376812, ""dp_65_256"": 0.3961352657004831}","{""cn_0"": 0.9227053140096618, ""cn_1"": 0.01932367149758454, ""cn_2_3"": 0.057971014492753624}",0.13526570048309178,390.1304347826087,sasb_candidate_builder,8681ff31fe03559ebf660ec7f09c4b38ecf2672998ca4e4e1f5c33889a5b4e4c,207,8681ff31fe03559ebf660ec7f09c4b38ecf2672998ca4e4e1f5c33889a5b4e4c,"{""sasb_builder"": 207}",0,0,0,0,{},0.0,"{""common_neighbor_bin_l1"": 0.0, ""degree_product_bin_l1"": 0.0, ""is_boundary_edge_l1"": 0.0, ""is_bridge_edge_l1"": 0.0, ""is_inter_community_edge_l1"": 0.0, ""is_low_common_neighbor_edge_l1"": 0.0, ""mean_l1"": 0.0}",1,32,32,718.1858333682744,0
realworld_completed,bio_celegans,SASB-candidate,sasb,SASB-structured,20260513,840,middle,0.9381898454746137,0.9381898454746137,0.0,14,14,0,0.4148148148148148,0.41530864197530865,142,312,142--312,30,6,6,30,180,2,0.4,1,5,1,32,"[""96"", ""53"", ""60"", ""51"", ""343"", ""363"", ""373"", ""307"", ""62"", ""142"", ""143"", ""52"", ""144"", ""145"", ""82"", ""83"", ""220"", ""147"", ""118"", ""364"", ""109"", ""440"", ""154"", ""85"", ""398"", ""97"", ""404"", ""376"", ""79"", ""340"", ""252"", ""326""]",e30fbf08874e4e475e553e0fbca0fd697d29e6ea7033c1911dcd32cca6542934,"{""boundary"": 12, ""community_rep"": 6, ""degree_core"": 10, ""random_fill"": 4}","{""degree_3_4"": 5, ""degree_5_8"": 1, ""degree_9_plus"": 26}","{""0"": 1, ""1"": 2, ""10"": 3, ""11"": 2, ""12"": 1, ""2"": 1, ""3"": 7, ""4"": 5, ""5"": 4, ""6"": 1, ""7"": 1, ""8"": 2, ""9"": 2}",207,"{""backend"": ""evaluate_m19_theory_calibrated.candidate_features"", ""delta_mode"": ""none"", ""k_max"": 512, ""k_min"": 64, ""variant"": ""conservative""}",207,0.17753001715265868,0.8260869565217391,0.8260869565217391,0.028985507246376812,0.9420289855072463,"{""dp_17_64"": 0.05314009661835749, ""dp_257_plus"": 0.5265700483091788, ""dp_5_16"": 0.028985507246376812, ""dp_65_256"": 0.391304347826087}","{""cn_0"": 0.9227053140096618, ""cn_1"": 0.01932367149758454, ""cn_2_3"": 0.057971014492753624}",0.13526570048309178,391.280193236715,sasb_candidate_builder,b19817d666da32dd7fe33c0aa2cf9c946e5cac41266f21082520d8dfc87c0199,207,b19817d666da32dd7fe33c0aa2cf9c946e5cac41266f21082520d8dfc87c0199,"{""sasb_builder"": 207}",0,0,0,0,{},0.0,"{""common_neighbor_bin_l1"": 0.0, ""degree_product_bin_l1"": 0.0, ""is_boundary_edge_l1"": 0.0, ""is_bridge_edge_l1"": 0.0, ""is_inter_community_edge_l1"": 0.0, ""is_low_common_neighbor_edge_l1"": 0.0, ""mean_l1"": 0.0}",1,32,32,414.49161974847834,0
realworld_completed,bio_celegans,SASB-candidate,sasb,SASB-structured,20260513,841,middle,0.9381898454746137,0.9381898454746137,0.0,14,14,0,0.41530864197530865,0.4158024691358025,143,312,143--312,30,5,5,30,150,1,0.25,1,5,1,32,"[""96"", ""53"", ""60"", ""51"", ""343"", ""363"", ""373"", ""307"", ""62"", ""143"", ""52"", ""364"", ""144"", ""145"", ""142"", ""82"", ""83"", ""220"", ""147"", ""118"", ""109"", ""440"", ""154"", ""85"", ""398"", ""97"", ""404"", ""376"", ""449"", ""191"", ""7"", ""159""]",b5e894ab29e8d1595e545a58f3ed6634748b5342da5d80565c91f82df2587957,"{""boundary"": 12, ""community_rep"": 6, ""degree_core"": 10, ""random_fill"": 4}","{""degree_0_1"": 1, ""degree_2"": 1, ""degree_3_4"": 4, ""degree_9_plus"": 26}","{""0"": 1, ""1"": 2, ""10"": 2, ""11"": 2, ""12"": 1, ""2"": 1, ""3"": 6, ""4"": 7, ""5"": 5, ""6"": 1, ""7"": 1, ""8"": 1, ""9"": 2}",207,"{""backend"": ""evaluate_m19_theory_calibrated.candidate_features"", ""delta_mode"": ""none"", ""k_max"": 512, ""k_min"": 64, ""variant"": ""conservative""}",207,0.17768240343347638,0.821256038647343,0.821256038647343,0.028985507246376812,0.9565217391304348,"{""dp_17_64"": 0.05314009661835749, ""dp_257_plus"": 0.5314009661835749, ""dp_5_16"": 0.028985507246376812, ""dp_65_256"": 0.3864734299516908}","{""cn_0"": 0.927536231884058, ""cn_1"": 0.028985507246376812, ""cn_2_3"": 0.043478260869565216}",0.11594202898550725,392.04347826086956,sasb_candidate_builder,6800ffb068a8e006a62870dc9c81772f80dd5dcda65e98e4293f461c87bd8020,207,6800ffb068a8e006a62870dc9c81772f80dd5dcda65e98e4293f461c87bd8020,"{""sasb_builder"": 207}",0,0,0,0,{},0.0,"{""common_neighbor_bin_l1"": 0.0, ""degree_product_bin_l1"": 0.0, ""is_boundary_edge_l1"": 0.0, ""is_bridge_edge_l1"": 0.0, ""is_inter_community_edge_l1"": 0.0, ""is_low_common_neighbor_edge_l1"": 0.0, ""mean_l1"": 0.0}",1,32,32,559.6391669759669,0
realworld_completed,bio_celegans,SASB-candidate,sasb,SASB-structured,20260513,842,middle,0.9381898454746137,0.9381898454746137,0.0,14,14,0,0.4158024691358025,0.4162962962962963,110,142,110--142,6,29,6,29,174,2,0.4,1,1,5,32,"[""96"", ""53"", ""60"", ""51"", ""343"", ""363"", ""373"", ""307"", ""62"", ""52"", ""364"", ""142"", ""144"", ""145"", ""143"", ""82"", ""83"", ""220"", ""147"", ""118"", ""109"", ""440"", ""154"", ""85"", ""398"", ""97"", ""404"", ""376"", ""42"", ""263"", ""79"", ""161""]",8990f5d05553a6ca93ba1562fc08c82f9097cea3d4ed589d6ef32b447c608b40,"{""boundary"": 12, ""community_rep"": 6, ""degree_core"": 10, ""random_fill"": 4}","{""degree_2"": 1, ""degree_3_4"": 3, ""degree_5_8"": 2, ""degree_9_plus"": 26}","{""0"": 1, ""1"": 2, ""10"": 3, ""11"": 2, ""12"": 1, ""2"": 2, ""3"": 6, ""4"": 5, ""5"": 4, ""6"": 1, ""7"": 1, ""8"": 2, ""9"": 2}",207,"{""backend"": ""evaluate_m19_theory_calibrated.candidate_features"", ""delta_mode"": ""none"", ""k_max"": 512, ""k_min"": 64, ""variant"": ""conservative""}",207,0.17783505154639176,0.8164251207729468,0.8164251207729468,0.028985507246376812,0.961352657004831,"{""dp_17_64"": 0.05314009661835749, ""dp_257_plus"": 0.5362318840579711, ""dp_5_16"": 0.028985507246376812, ""dp_65_256"": 0.38164251207729466}","{""cn_0"": 0.9323671497584541, ""cn_1"": 0.028985507246376812, ""cn_2_3"": 0.03864734299516908}",0.10628019323671498,392.5652173913044,sasb_candidate_builder,9fcbad7486b5d982c33f1899d6ab7c5a5522252251bc5f65a599a78c7e57361d,207,9fcbad7486b5d982c33f1899d6ab7c5a5522252251bc5f65a599a78c7e57361d,"{""sasb_builder"": 207}",0,0,0,0,{},0.0,"{""common_neighbor_bin_l1"": 0.0, ""degree_product_bin_l1"": 0.0, ""is_boundary_edge_l1"": 0.0, ""is_bridge_edge_l1"": 0.0, ""is_inter_community_edge_l1"": 0.0, ""is_low_common_neighbor_edge_l1"": 0.0, ""mean_l1"": 0.0}",1,32,32,397.18481224050447,0
realworld_completed,bio_celegans,SASB-candidate,sasb,SASB-structured,20260513,843,middle,0.9381898454746137,0.9381898454746137,0.0,14,14,0,0.4162962962962963,0.4167901234567901,110,143,110--143,5,29,5,29,145,1,0.25,1,1,5,32,"[""96"", ""53"", ""60"", ""51"", ""343"", ""363"", ""373"", ""307"", ""62"", ""52"", ""364"", ""143"", ""144"", ""145"", ""142"", ""82"", ""83"", ""220"", ""147"", ""118"", ""109"", ""440"", ""154"", ""85"", ""398"", ""97"", ""404"", ""376"", ""175"", ""411"", ""16"", ""14""]",f869f362ecdcd60ef0b5299f86fcde51ed6ae34577415202099541cb536f73cd,"{""boundary"": 12, ""community_rep"": 6, ""degree_core"": 10, ""random_fill"": 4}","{""degree_0_1"": 1, ""degree_2"": 1, ""degree_3_4"": 3, ""degree_9_plus"": 27}","{""0"": 1, ""1"": 2, ""10"": 2, ""11"": 2, ""12"": 1, ""2"": 2, ""3"": 7, ""4"": 6, ""5"": 4, ""6"": 1, ""7"": 1, ""8"": 1, ""9"": 2}",207,"{""backend"": ""evaluate_m19_theory_calibrated.candidate_features"", ""delta_mode"": ""none"", ""k_max"": 512, ""k_min"": 64, ""variant"": ""conservative""}",207,0.17798796216680998,0.8115942028985508,0.8115942028985508,0.028985507246376812,0.9758454106280193,"{""dp_17_64"": 0.05314009661835749, ""dp_257_plus"": 0.5410628019323671, ""dp_5_16"": 0.028985507246376812, ""dp_65_256"": 0.37681159420289856}","{""cn_0"": 0.9371980676328503, ""cn_1"": 0.03864734299516908, ""cn_2_3"": 0.024154589371980676}",0.08695652173913043,393.44444444444446,sasb_candidate_builder,31dfabe0ba86346cd36619a8430381f0446040e387d440595d9b7d8d2e462652,207,31dfabe0ba86346cd36619a8430381f0446040e387d440595d9b7d8d2e462652,"{""sasb_builder"": 207}",0,0,0,0,{},0.0,"{""common_neighbor_bin_l1"": 0.0, ""degree_product_bin_l1"": 0.0, ""is_boundary_edge_l1"": 0.0, ""is_bridge_edge_l1"": 0.0, ""is_inter_community_edge_l1"": 0.0, ""is_low_common_neighbor_edge_l1"": 0.0, ""mean_l1"": 0.0}",1,32,32,535.4766293003801,0
realworld_completed,bio_celegans,SASB-candidate,sasb,SASB-structured,20260513,844,middle,0.9381898454746137,0.9381898454746137,0.0,14,14,0,0.4167901234567901,0.41728395061728396,125,142,125--142,5,28,5,28,140,1,0.25,1,1,5,32,"[""96"", ""53"", ""60"", ""51"", ""343"", ""363"", ""373"", ""307"", ""62"", ""52"", ""364"", ""85"", ""144"", ""145"", ""142"", ""143"", ""82"", ""83"", ""220"", ""147"", ""118"", ""109"", ""154"", ""398"", ""97"", ""404"", ""376"", ""253"", ""201"", ""410"", ""37"", ""241""]",0bf59ae9d278fb344c43b54809560bdbb6e2ede6744100504fccab455a08dc71,"{""boundary"": 12, ""community_rep"": 5, ""degree_core"": 10, ""random_fill"": 5}","{""degree_3_4"": 6, ""degree_5_8"": 1, ""degree_9_plus"": 25}","{""0"": 1, ""1"": 2, ""10"": 3, ""11"": 1, ""12"": 1, ""2"": 1, ""3"": 8, ""4"": 5, ""5"": 4, ""6"": 2, ""7"": 1, ""8"": 1, ""9"": 2}",207,"{""backend"": ""evaluate_m19_theory_calibrated.candidate_features"", ""delta_mode"": ""none"", ""k_max"": 512, ""k_min"": 64, ""variant"": ""conservative""}",207,0.17814113597246128,0.8067632850241546,0.8067632850241546,0.028985507246376812,0.9806763285024155,"{""dp_17_64"": 0.05314009661835749, ""dp_257_plus"": 0.5458937198067633, ""dp_5_16"": 0.028985507246376812, ""dp_65_256"": 0.3719806763285024}","{""cn_0"": 0.9420289855072463, ""cn_1"": 0.03864734299516908, ""cn_2_3"": 0.01932367149758454}",0.07729468599033816,394.02415458937196,sasb_candidate_builder,61d3959bde134fa140e681a388a1cc878ca55b8c0784b9144618bd88ac6232f3,207,61d3959bde134fa140e681a388a1cc878ca55b8c0784b9144618bd88ac6232f3,"{""sasb_builder"": 207}",0,0,0,0,{},0.0,"{""common_neighbor_bin_l1"": 0.0, ""degree_product_bin_l1"": 0.0, ""is_boundary_edge_l1"": 0.0, ""is_bridge_edge_l1"": 0.0, ""is_inter_community_edge_l1"": 0.0, ""is_low_common_neighbor_edge_l1"": 0.0, ""mean_l1"": 0.0}",1,32,32,455.65812341643135,0
realworld_completed,bio_celegans,SASB-candidate,sasb,SASB-structured,20260513,845,middle,0.9381898454746137,0.9381898454746137,0.0,14,14,0,0.41728395061728396,0.4177777777777778,125,143,125--143,4,28,4,28,112,0,0.0,1,1,5,32,"[""96"", ""53"", ""60"", ""51"", ""343"", ""363"", ""373"", ""307"", ""62"", ""52"", ""364"", ""85"", ""144"", ""145"", ""143"", ""142"", ""82"", ""83"", ""220"", ""147"", ""118"", ""109"", ""154"", ""398"", ""97"", ""404"", ""376"", ""57"", ""341"", ""252"", ""422"", ""72""]",391a4a26d24d05ff0d332bb107bff1143b000b3ba83f4e4b2a5a73a024029e2b,"{""boundary"": 12, ""community_rep"": 5, ""degree_core"": 10, ""random_fill"": 5}","{""degree_3_4"": 6, ""degree_5_8"": 1, ""degree_9_plus"": 25}","{""0"": 1, ""1"": 3, ""10"": 3, ""11"": 2, ""12"": 1, ""2"": 1, ""3"": 6, ""4"": 5, ""5"": 4, ""6"": 1, ""7"": 1, ""8"": 2, ""9"": 2}",207,"{""backend"": ""evaluate_m19_theory_calibrated.candidate_features"", ""delta_mode"": ""none"", ""k_max"": 512, ""k_min"": 64, ""variant"": ""conservative""}",207,0.17829457364341086,0.8019323671497585,0.8019323671497585,0.028985507246376812,0.9806763285024155,"{""dp_17_64"": 0.05314009661835749, ""dp_257_plus"": 0.5458937198067633, ""dp_5_16"": 0.028985507246376812, ""dp_65_256"": 0.3719806763285024}","{""cn_0"": 0.9516908212560387, ""cn_1"": 0.028985507246376812, ""cn_2_3"": 0.01932367149758454}",0.06763285024154589,394.06280193236717,sasb_candidate_builder,309c5f91e7ba0fb1e7c9b4cfad5d5774cc5af48226d4c5ba283b8e5c46de45c3,207,309c5f91e7ba0fb1e7c9b4cfad5d5774cc5af48226d4c5ba283b8e5c46de45c3,"{""sasb_builder"": 207}",0,0,0,0,{},0.0,"{""common_neighbor_bin_l1"": 0.0, ""degree_product_bin_l1"": 0.0, ""is_boundary_edge_l1"": 0.0, ""is_bridge_edge_l1"": 0.0, ""is_inter_community_edge_l1"": 0.0, ""is_low_common_neighbor_edge_l1"": 0.0, ""mean_l1"": 0.0}",1,32,32,661.0075981892414,0
realworld_completed,bio_celegans,SASB-candidate,sasb,SASB-structured,20260513,846,middle,0.9381898454746137,0.9381898454746137,0.0,14,14,0,0.4177777777777778,0.4182716049382716,11,142,11--142,5,27,5,27,135,1,0.25,1,1,5,32,"[""96"", ""53"", ""60"", ""51"", ""343"", ""363"", ""373"", ""307"", ""62"", ""52"", ""364"", ""85"", ""144"", ""145"", ""142"", ""143"", ""82"", ""83"", ""220"", ""147"", ""118"", ""109"", ""154"", ""398"", ""97"", ""404"", ""376"", ""195"", ""430"", ""408"", ""160"", ""150""]",f236111a433f032466d093fdea73f87466b215137817b0e72068be7fe574e91b,"{""boundary"": 12, ""community_rep"": 5, ""degree_core"": 10, ""random_fill"": 5}","{""degree_2"": 1, ""degree_3_4"": 3, ""degree_5_8"": 3, ""degree_9_plus"": 25}","{""0"": 1, ""1"": 3, ""10"": 2, ""11"": 1, ""12"": 1, ""2"": 2, ""3"": 8, ""4"": 5, ""5"": 3, ""6"": 1, ""7"": 1, ""8"": 1, ""9"": 3}",207,"{""backend"": ""evaluate_m19_theory_calibrated.candidate_features"", ""delta_mode"": ""none"", ""k_max"": 512, ""k_min"": 64, ""variant"": ""conservative""}",207,0.17844827586206896,0.7971014492753623,0.7971014492753623,0.028985507246376812,0.9806763285024155,"{""dp_17_64"": 0.05314009661835749, ""dp_257_plus"": 0.5458937198067633, ""dp_5_16"": 0.028985507246376812, ""dp_65_256"": 0.3719806763285024}","{""cn_0"": 0.9516908212560387, ""cn_1"": 0.028985507246376812, ""cn_2_3"": 0.01932367149758454}",0.06763285024154589,394.3719806763285,sasb_candidate_builder,4cd217b7c843379055f48dda2a5b724c336d872a34651baa1830f827fd982691,207,4cd217b7c843379055f48dda2a5b724c336d872a34651baa1830f827fd982691,"{""sasb_builder"": 207}",0,0,0,0,{},0.0,"{""common_neighbor_bin_l1"": 0.0, ""degree_product_bin_l1"": 0.0, ""is_boundary_edge_l1"": 0.0, ""is_bridge_edge_l1"": 0.0, ""is_inter_community_edge_l1"": 0.0, ""is_low_common_neighbor_edge_l1"": 0.0, ""mean_l1"": 0.0}",1,32,32,419.57131455157696,0
realworld_completed,bio_celegans,SASB-candidate,sasb,SASB-structured,20260513,847,middle,0.9381898454746137,0.9381898454746137,0.0,14,14,0,0.4182716049382716,0.41876543209876543,11,143,11--143,4,27,4,27,108,0,0.0,1,1,5,32,"[""96"", ""53"", ""60"", ""51"", ""343"", ""363"", ""373"", ""307"", ""62"", ""52"", ""364"", ""85"", ""144"", ""145"", ""143"", ""82"", ""142"", ""83"", ""220"", ""147"", ""118"", ""109"", ""154"", ""398"", ""97"", ""404"", ""376"", ""166"", ""241"", ""226"", ""232"", ""362""]",3fef1aec68e8de0f21aabeb0bdd9edcceb2492833d2b809c5a4b9bcce9d60ec4,"{""boundary"": 12, ""community_rep"": 5, ""degree_core"": 10, ""random_fill"": 5}","{""degree_0_1"": 1, ""degree_3_4"": 5, ""degree_5_8"": 1, ""degree_9_plus"": 25}","{""0"": 1, ""1"": 2, ""10"": 3, ""11"": 2, ""12"": 1, ""2"": 1, ""3"": 8, ""4"": 5, ""5"": 3, ""6"": 1, ""7"": 1, ""8"": 2, ""9"": 2}",207,"{""backend"": ""evaluate_m19_theory_calibrated.candidate_features"", ""delta_mode"": ""none"", ""k_max"": 512, ""k_min"": 64, ""variant"": ""conservative""}",207,0.17860224331320104,0.7922705314009661,0.7922705314009661,0.028985507246376812,0.9806763285024155,"{""dp_17_64"": 0.05314009661835749, ""dp_257_plus"": 0.5458937198067633, ""dp_5_16"": 0.028985507246376812, ""dp_65_256"": 0.3719806763285024}","{""cn_0"": 0.961352657004831, ""cn_1"": 0.01932367149758454, ""cn_2_3"": 0.01932367149758454}",0.057971014492753624,394.3768115942029,sasb_candidate_builder,4b8bfdb33a5f2461a29d4cdc4925e9c45e910dc2569f1b6944b9a958e01115f6,207,4b8bfdb33a5f2461a29d4cdc4925e9c45e910dc2569f1b6944b9a958e01115f6,"{""sasb_builder"": 207}",0,0,0,0,{},0.0,"{""common_neighbor_bin_l1"": 0.0, ""degree_product_bin_l1"": 0.0, ""is_boundary_edge_l1"": 0.0, ""is_bridge_edge_l1"": 0.0, ""is_inter_community_edge_l1"": 0.0, ""is_low_common_neighbor_edge_l1"": 0.0, ""mean_l1"": 0.0}",1,32,32,535.0233204444252,0
realworld_completed,bio_celegans,SASB-candidate,sasb,SASB-structured,20260513,848,middle,0.9381898454746137,0.9381898454746137,0.0,14,14,0,0.41876543209876543,0.4192592592592593,142,179,142--179,26,5,5,26,130,1,0.25,1,5,1,32,"[""96"", ""53"", ""60"", ""51"", ""343"", ""363"", ""373"", ""307"", ""62"", ""52"", ""364"", ""85"", ""144"", ""145"", ""82"", ""142"", ""143"", ""83"", ""220"", ""147"", ""118"", ""109"", ""154"", ""398"", ""97"", ""404"", ""376"", ""422"", ""168"", ""29"", ""4"", ""330""]",1f7b51a88f23eb8a15d87319875708f0cd102252fa6785936ac78154dc6802fa,"{""boundary"": 12, ""community_rep"": 5, ""degree_core"": 10, ""random_fill"": 5}","{""degree_0_1"": 1, ""degree_3_4"": 5, ""degree_5_8"": 1, ""degree_9_plus"": 25}","{""0"": 1, ""1"": 2, ""10"": 2, ""11"": 2, ""12"": 1, ""2"": 1, ""3"": 8, ""4"": 7, ""5"": 3, ""6"": 1, ""7"": 1, ""8"": 1, ""9"": 2}",206,"{""backend"": ""evaluate_m19_theory_calibrated.candidate_features"", ""delta_mode"": ""none"", ""k_max"": 512, ""k_min"": 64, ""variant"": ""conservative""}",206,0.17789291882556132,0.7912621359223301,0.7912621359223301,0.02912621359223301,0.9805825242718447,"{""dp_17_64"": 0.05339805825242718, ""dp_257_plus"": 0.5485436893203883, ""dp_5_16"": 0.02912621359223301, ""dp_65_256"": 0.36893203883495146}","{""cn_0"": 0.9611650485436893, ""cn_1"": 0.019417475728155338, ""cn_2_3"": 0.019417475728155338}",0.05825242718446602,395.74271844660194,sasb_candidate_builder,13d810ef78e613055934a6d73d400273e7ed2510b542e4fa877756b2462ecedc,206,13d810ef78e613055934a6d73d400273e7ed2510b542e4fa877756b2462ecedc,"{""sasb_builder"": 206}",0,0,0,0,{},0.0,"{""common_neighbor_bin_l1"": 0.0, ""degree_product_bin_l1"": 0.0, ""is_boundary_edge_l1"": 0.0, ""is_bridge_edge_l1"": 0.0, ""is_inter_community_edge_l1"": 0.0, ""is_low_common_neighbor_edge_l1"": 0.0, ""mean_l1"": 0.0}",1,32,32,472.12379528537355,0
realworld_completed,bio_celegans,SASB-candidate,sasb,SASB-structured,20260513,849,middle,0.9381898454746137,0.9381898454746137,0.0,14,14,0,0.4192592592592593,0.41975308641975306,143,179,143--179,26,4,4,26,104,0,0.0,1,5,1,32,"[""96"", ""53"", ""60"", ""51"", ""343"", ""363"", ""373"", ""307"", ""62"", ""52"", ""364"", ""85"", ""144"", ""145"", ""82"", ""143"", ""83"", ""142"", ""220"", ""147"", ""118"", ""109"", ""154"", ""398"", ""97"", ""404"", ""376"", ""299"", ""186"", ""149"", ""341"", ""353""]",fe3f2c07cdd0cd0ec166e26d4b3fb111bfb270517b034b51e31ee380ff9588e4,"{""boundary"": 12, ""community_rep"": 5, ""degree_core"": 10, ""random_fill"": 5}","{""degree_2"": 1, ""degree_3_4"": 4, ""degree_5_8"": 1, ""degree_9_plus"": 26}","{""0"": 1, ""1"": 3, ""10"": 2, ""11"": 2, ""12"": 1, ""2"": 2, ""3"": 6, ""4"": 5, ""5"": 4, ""6"": 2, ""7"": 1, ""8"": 1, ""9"": 2}",206,"{""backend"": ""evaluate_m19_theory_calibrated.candidate_features"", ""delta_mode"": ""none"", ""k_max"": 512, ""k_min"": 64, ""variant"": ""conservative""}",206,0.1780466724286949,0.7864077669902912,0.7864077669902912,0.02912621359223301,0.9805825242718447,"{""dp_17_64"": 0.05339805825242718, ""dp_257_plus"": 0.5485436893203883, ""dp_5_16"": 0.02912621359223301, ""dp_65_256"": 0.36893203883495146}","{""cn_0"": 0.970873786407767, ""cn_1"": 0.009708737864077669, ""cn_2_3"": 0.019417475728155338}",0.04854368932038835,395.8009708737864,sasb_candidate_builder,7be13b8dd7472ba769f383699ad9ccb13a25cf37c046ed94186f04a016465f60,206,7be13b8dd7472ba769f383699ad9ccb13a25cf37c046ed94186f04a016465f60,"{""sasb_builder"": 206}",0,0,0,0,{},0.0,"{""common_neighbor_bin_l1"": 0.0, ""degree_product_bin_l1"": 0.0, ""is_boundary_edge_l1"": 0.0, ""is_bridge_edge_l1"": 0.0, ""is_inter_community_edge_l1"": 0.0, ""is_low_common_neighbor_edge_l1"": 0.0, ""mean_l1"": 0.0}",1,32,32,648.8037902740467,0
realworld_completed,bio_celegans,SASB-candidate,sasb,SASB-structured,20260513,850,middle,0.9381898454746137,0.9381898454746137,0.0,14,14,0,0.41975308641975306,0.4202469135802469,144,190,144--190,35,6,6,35,210,2,0.4,1,1,5,32,"[""96"", ""53"", ""60"", ""51"", ""343"", ""363"", ""373"", ""307"", ""62"", ""52"", ""364"", ""85"", ""144"", ""145"", ""82"", ""83"", ""142"", ""143"", ""220"", ""147"", ""118"", ""109"", ""154"", ""398"", ""97"", ""404"", ""376"", ""328"", ""152"", ""25"", ""449"", ""374""]",7941d5858dc76cf68d21f0cf15f12870609d510efd2be554310990b2b0e75ef8,"{""boundary"": 12, ""community_rep"": 5, ""degree_core"": 10, ""random_fill"": 5}","{""degree_2"": 1, ""degree_3_4"": 4, ""degree_5_8"": 2, ""degree_9_plus"": 25}","{""0"": 2, ""1"": 2, ""10"": 2, ""11"": 1, ""12"": 1, ""2"": 1, ""3"": 6, ""4"": 6, ""5"": 5, ""6"": 1, ""7"": 1, ""8"": 1, ""9"": 3}",206,"{""backend"": ""evaluate_m19_theory_calibrated.candidate_features"", ""delta_mode"": ""none"", ""k_max"": 512, ""k_min"": 64, ""variant"": ""conservative""}",206,0.1782006920415225,0.7815533980582524,0.7815533980582524,0.038834951456310676,0.9805825242718447,"{""dp_17_64"": 0.05339805825242718, ""dp_257_plus"": 0.5485436893203883, ""dp_5_16"": 0.024271844660194174, ""dp_65_256"": 0.3737864077669903}","{""cn_0"": 0.970873786407767, ""cn_1"": 0.009708737864077669, ""cn_2_3"": 0.019417475728155338}",0.04854368932038835,396.08252427184465,sasb_candidate_builder,789149553c3c14724a390bfa39f555ad3dd60423f149b03c3e6b7e119b7e22fb,206,789149553c3c14724a390bfa39f555ad3dd60423f149b03c3e6b7e119b7e22fb,"{""sasb_builder"": 206}",0,0,0,0,{},0.0,"{""common_neighbor_bin_l1"": 0.0, ""degree_product_bin_l1"": 0.0, ""is_boundary_edge_l1"": 0.0, ""is_bridge_edge_l1"": 0.0, ""is_inter_community_edge_l1"": 0.0, ""is_low_common_neighbor_edge_l1"": 0.0, ""mean_l1"": 0.0}",1,32,32,651.3440212232549,0
realworld_completed,bio_celegans,SASB-candidate,sasb,SASB-structured,20260513,851,middle,0.9381898454746137,0.9381898454746137,0.0,14,14,0,0.4202469135802469,0.42074074074074075,144,368,144--368,34,5,5,34,170,1,0.25,1,1,5,32,"[""96"", ""53"", ""60"", ""51"", ""343"", ""363"", ""373"", ""307"", ""62"", ""52"", ""364"", ""85"", ""145"", ""144"", ""82"", ""83"", ""142"", ""143"", ""220"", ""147"", ""118"", ""109"", ""154"", ""398"", ""97"", ""404"", ""376"", ""11"", ""264"", ""161"", ""56"", ""106""]",23c9c66a15e6ddd5e0a3398748b90db1c15246ad63da1c5c9a7f2ee5439a22ec,"{""boundary"": 12, ""community_rep"": 5, ""degree_core"": 10, ""random_fill"": 5}","{""degree_2"": 1, ""degree_3_4"": 3, ""degree_5_8"": 3, ""degree_9_plus"": 25}","{""0"": 2, ""1"": 3, ""10"": 2, ""11"": 1, ""12"": 1, ""2"": 3, ""3"": 6, ""4"": 6, ""5"": 3, ""6"": 1, ""7"": 1, ""8"": 1, ""9"": 2}",206,"{""backend"": ""evaluate_m19_theory_calibrated.candidate_features"", ""delta_mode"": ""none"", ""k_max"": 512, ""k_min"": 64, ""variant"": ""conservative""}",206,0.17835497835497835,0.7766990291262136,0.7766990291262136,0.038834951456310676,0.9951456310679612,"{""dp_17_64"": 0.05339805825242718, ""dp_257_plus"": 0.5533980582524272, ""dp_5_16"": 0.024271844660194174, ""dp_65_256"": 0.36893203883495146}","{""cn_0"": 0.9757281553398058, ""cn_1"": 0.019417475728155338, ""cn_2_3"": 0.0048543689320388345}",0.02912621359223301,396.5,sasb_candidate_builder,0cf8abf0278874d96778a9245dd20a7e275e1ccf4f7adfda31f8d2ba164b43da,206,0cf8abf0278874d96778a9245dd20a7e275e1ccf4f7adfda31f8d2ba164b43da,"{""sasb_builder"": 206}",0,0,0,0,{},0.0,"{""common_neighbor_bin_l1"": 0.0, ""degree_product_bin_l1"": 0.0, ""is_boundary_edge_l1"": 0.0, ""is_bridge_edge_l1"": 0.0, ""is_inter_community_edge_l1"": 0.0, ""is_low_common_neighbor_edge_l1"": 0.0, ""mean_l1"": 0.0}",1,32,32,756.0825988585443,0
realworld_completed,bio_celegans,SASB-candidate,sasb,SASB-structured,20260513,852,middle,0.9381898454746137,0.9381898454746137,0.0,14,14,0,0.42074074074074075,0.4212345679012346,145,190,145--190,35,5,5,35,175,1,0.25,1,1,5,32,"[""96"", ""53"", ""60"", ""51"", ""343"", ""363"", ""373"", ""307"", ""62"", ""52"", ""364"", ""85"", ""145"", ""144"", ""82"", ""83"", ""142"", ""143"", ""220"", ""147"", ""118"", ""109"", ""154"", ""398"", ""97"", ""404"", ""376"", ""250"", ""318"", ""316"", ""321"", ""424""]",5bb5d8fc7e96c6ddd7e1270535c097c10c8c0122538d2226c9cbdf05d5a18425,"{""boundary"": 12, ""community_rep"": 5, ""degree_core"": 10, ""random_fill"": 5}","{""degree_3_4"": 3, ""degree_5_8"": 4, ""degree_9_plus"": 25}","{""0"": 2, ""1"": 2, ""10"": 1, ""11"": 1, ""12"": 1, ""2"": 1, ""3"": 9, ""4"": 5, ""5"": 4, ""6"": 1, ""7"": 1, ""8"": 1, ""9"": 3}",206,"{""backend"": ""evaluate_m19_theory_calibrated.candidate_features"", ""delta_mode"": ""none"", ""k_max"": 512, ""k_min"": 64, ""variant"": ""conservative""}",206,0.17850953206239167,0.7718446601941747,0.7718446601941747,0.038834951456310676,1.0,"{""dp_17_64"": 0.05339805825242718, ""dp_257_plus"": 0.5533980582524272, ""dp_5_16"": 0.024271844660194174, ""dp_65_256"": 0.36893203883495146}","{""cn_0"": 0.9805825242718447, ""cn_1"": 0.019417475728155338}",0.019417475728155338,396.3203883495146,sasb_candidate_builder,8b6f35c71f09622c42606ef7ad5d074d6745985a2d0a022db3e406fa21f9eae4,206,8b6f35c71f09622c42606ef7ad5d074d6745985a2d0a022db3e406fa21f9eae4,"{""sasb_builder"": 206}",0,0,0,0,{},0.0,"{""common_neighbor_bin_l1"": 0.0, ""degree_product_bin_l1"": 0.0, ""is_boundary_edge_l1"": 0.0, ""is_bridge_edge_l1"": 0.0, ""is_inter_community_edge_l1"": 0.0, ""is_low_common_neighbor_edge_l1"": 0.0, ""mean_l1"": 0.0}",1,32,32,834.3287340871691,0
realworld_completed,bio_celegans,SASB-candidate,sasb,SASB-structured,20260513,853,middle,0.9381898454746137,0.9381898454746137,0.0,14,14,0,0.4212345679012346,0.4217283950617284,145,368,145--368,34,4,4,34,136,0,0.0,1,1,5,32,"[""96"", ""53"", ""60"", ""51"", ""343"", ""363"", ""373"", ""307"", ""62"", ""52"", ""364"", ""85"", ""145"", ""144"", ""82"", ""83"", ""142"", ""143"", ""220"", ""147"", ""118"", ""109"", ""154"", ""398"", ""97"", ""404"", ""376"", ""248"", ""414"", ""305"", ""0"", ""59""]",8f61a4cea7cf20d87cbd3e59373d213a380ae4fe12bf1789348269ac3a7f9ff1,"{""boundary"": 12, ""community_rep"": 5, ""degree_core"": 10, ""random_fill"": 5}","{""degree_3_4"": 7, ""degree_9_plus"": 25}","{""0"": 2, ""1"": 3, ""10"": 1, ""11"": 1, ""12"": 1, ""2"": 2, ""3"": 6, ""4"": 6, ""5"": 4, ""6"": 1, ""7"": 1, ""8"": 1, ""9"": 3}",206,"{""backend"": ""evaluate_m19_theory_calibrated.candidate_features"", ""delta_mode"": ""none"", ""k_max"": 512, ""k_min"": 64, ""variant"": ""conservative""}",206,0.17866435385949697,0.7669902912621359,0.7669902912621359,0.043689320388349516,1.0,"{""dp_17_64"": 0.05339805825242718, ""dp_257_plus"": 0.5533980582524272, ""dp_5_16"": 0.024271844660194174, ""dp_65_256"": 0.36893203883495146}","{""cn_0"": 0.9902912621359223, ""cn_1"": 0.009708737864077669}",0.009708737864077669,395.8592233009709,sasb_candidate_builder,07079b92935333bec198594222dbe7d1257de0f681aee5b1cfa11f800915664c,206,07079b92935333bec198594222dbe7d1257de0f681aee5b1cfa11f800915664c,"{""sasb_builder"": 206}",0,0,0,0,{},0.0,"{""common_neighbor_bin_l1"": 0.0, ""degree_product_bin_l1"": 0.0, ""is_boundary_edge_l1"": 0.0, ""is_bridge_edge_l1"": 0.0, ""is_inter_community_edge_l1"": 0.0, ""is_low_common_neighbor_edge_l1"": 0.0, ""mean_l1"": 0.0}",1,32,32,1854.6856875244193,0
realworld_completed,bio_celegans,SASB-candidate,sasb,SASB-structured,20260513,854,middle,0.9381898454746137,0.9381898454746137,0.0,14,14,0,0.4217283950617284,0.4222222222222222,149,203,149--203,11,7,7,11,77,1,0.16666666666666666,1,1,5,32,"[""96"", ""53"", ""60"", ""51"", ""343"", ""363"", ""373"", ""307"", ""62"", ""52"", ""364"", ""85"", ""144"", ""145"", ""82"", ""83"", ""142"", ""143"", ""220"", ""147"", ""118"", ""109"", ""154"", ""398"", ""97"", ""404"", ""376"", ""196"", ""292"", ""72"", ""149"", ""437""]",d9a3d738536bf6c4af763d45198a8183fb72a5c383d32aad08e861080f166b0a,"{""boundary"": 12, ""community_rep"": 5, ""degree_core"": 10, ""random_fill"": 5}","{""degree_3_4"": 4, ""degree_5_8"": 2, ""degree_9_plus"": 26}","{""0"": 2, ""1"": 4, ""10"": 1, ""11"": 1, ""12"": 1, ""2"": 1, ""3"": 6, ""4"": 6, ""5"": 4, ""6"": 2, ""7"": 1, ""8"": 1, ""9"": 2}",206,"{""backend"": ""evaluate_m19_theory_calibrated.candidate_features"", ""delta_mode"": ""none"", ""k_max"": 512, ""k_min"": 64, ""variant"": ""conservative""}",206,0.17881944444444445,0.7621359223300971,0.7621359223300971,0.043689320388349516,1.0,"{""dp_17_64"": 0.05339805825242718, ""dp_257_plus"": 0.5533980582524272, ""dp_5_16"": 0.024271844660194174, ""dp_65_256"": 0.36893203883495146}","{""cn_0"": 0.9902912621359223, ""cn_1"": 0.009708737864077669}",0.009708737864077669,396.0145631067961,sasb_candidate_builder,b096e75715b9b8ce14183195e0908e68eab06a80acc72a2bcc86f0be8eda57c1,206,b096e75715b9b8ce14183195e0908e68eab06a80acc72a2bcc86f0be8eda57c1,"{""sasb_builder"": 206}",0,0,0,0,{},0.0,"{""common_neighbor_bin_l1"": 0.0, ""degree_product_bin_l1"": 0.0, ""is_boundary_edge_l1"": 0.0, ""is_bridge_edge_l1"": 0.0, ""is_inter_community_edge_l1"": 0.0, ""is_low_common_neighbor_edge_l1"": 0.0, ""mean_l1"": 0.0}",1,32,32,1652.796727482014,0
realworld_completed,bio_celegans,SASB-candidate,sasb,SASB-structured,20260513,855,middle,0.9381898454746137,0.9381898454746137,0.0,14,14,0,0.4222222222222222,0.42271604938271606,203,317,203--317,6,4,4,6,24,0,0.0,1,5,1,32,"[""96"", ""53"", ""60"", ""51"", ""343"", ""363"", ""373"", ""307"", ""62"", ""52"", ""364"", ""85"", ""144"", ""145"", ""82"", ""83"", ""142"", ""143"", ""220"", ""147"", ""118"", ""109"", ""154"", ""398"", ""97"", ""404"", ""376"", ""190"", ""435"", ""46"", ""399"", ""242""]",034cf5ccddccde4d8565a085d3b7255086d12993fda2a31a5f3fd8b54b45c103,"{""boundary"": 12, ""community_rep"": 5, ""degree_core"": 10, ""random_fill"": 5}","{""degree_3_4"": 6, ""degree_5_8"": 1, ""degree_9_plus"": 25}","{""0"": 2, ""1"": 3, ""10"": 2, ""11"": 1, ""12"": 2, ""2"": 1, ""3"": 6, ""4"": 6, ""5"": 4, ""6"": 1, ""7"": 1, ""8"": 1, ""9"": 2}",206,"{""backend"": ""evaluate_m19_theory_calibrated.candidate_features"", ""delta_mode"": ""none"", ""k_max"": 512, ""k_min"": 64, ""variant"": ""conservative""}",206,0.1789748045178106,0.7572815533980582,0.7572815533980582,0.043689320388349516,1.0,"{""dp_17_64"": 0.05339805825242718, ""dp_257_plus"": 0.5533980582524272, ""dp_5_16"": 0.024271844660194174, ""dp_65_256"": 0.36893203883495146}","{""cn_0"": 1.0}",0.0,396.8252427184466,sasb_candidate_builder,5dbfabe4ee699587e2aa255481dd144ba358804678d091dc92b8335446237e6d,206,5dbfabe4ee699587e2aa255481dd144ba358804678d091dc92b8335446237e6d,"{""sasb_builder"": 206}",0,0,0,0,{},0.0,"{""common_neighbor_bin_l1"": 0.0, ""degree_product_bin_l1"": 0.0, ""is_boundary_edge_l1"": 0.0, ""is_bridge_edge_l1"": 0.0, ""is_inter_community_edge_l1"": 0.0, ""is_low_common_neighbor_edge_l1"": 0.0, ""mean_l1"": 0.0}",1,32,32,219.43623102047218,0
realworld_completed,bio_celegans,SASB-candidate,sasb,SASB-structured,20260513,856,middle,0.9381898454746137,0.9381898454746137,0.0,14,14,0,0.42271604938271606,0.42320987654320985,302,96,302--96,4,84,4,84,336,1,0.3333333333333333,1,6,0,32,"[""96"", ""53"", ""60"", ""51"", ""343"", ""363"", ""373"", ""307"", ""62"", ""52"", ""364"", ""85"", ""144"", ""145"", ""82"", ""83"", ""142"", ""143"", ""220"", ""147"", ""118"", ""109"", ""154"", ""398"", ""97"", ""404"", ""376"", ""177"", ""124"", ""125"", ""235"", ""113""]",989484994fb620586f49f97d1cf87703f462580aa114f7d6f08e199e82c26b9b,"{""boundary"": 12, ""community_rep"": 5, ""degree_core"": 10, ""random_fill"": 5}","{""degree_2"": 1, ""degree_3_4"": 6, ""degree_9_plus"": 25}","{""0"": 2, ""1"": 3, ""10"": 1, ""11"": 1, ""12"": 3, ""2"": 1, ""3"": 6, ""4"": 6, ""5"": 3, ""6"": 2, ""7"": 1, ""8"": 1, ""9"": 2}",206,"{""backend"": ""evaluate_m19_theory_calibrated.candidate_features"", ""delta_mode"": ""none"", ""k_max"": 512, ""k_min"": 64, ""variant"": ""conservative""}",206,0.1791304347826087,0.7524271844660194,0.7524271844660194,0.043689320388349516,1.0,"{""dp_17_64"": 0.04854368932038835, ""dp_257_plus"": 0.5533980582524272, ""dp_5_16"": 0.024271844660194174, ""dp_65_256"": 0.3737864077669903}","{""cn_0"": 1.0}",0.0,397.7621359223301,sasb_candidate_builder,7d4c0eb15b29dab7b371a46a10c514edb501faaeff678f66dd96809b26af9d6c,206,7d4c0eb15b29dab7b371a46a10c514edb501faaeff678f66dd96809b26af9d6c,"{""sasb_builder"": 206}",0,0,0,0,{},0.0,"{""common_neighbor_bin_l1"": 0.0, ""degree_product_bin_l1"": 0.0, ""is_boundary_edge_l1"": 0.0, ""is_bridge_edge_l1"": 0.0, ""is_inter_community_edge_l1"": 0.0, ""is_low_common_neighbor_edge_l1"": 0.0, ""mean_l1"": 0.0}",1,32,32,0.0,0
realworld_completed,bio_celegans,SASB-candidate,sasb,SASB-structured,20260513,857,middle,0.9381898454746137,0.9381898454746137,0.0,14,14,0,0.42320987654320985,0.4237037037037037,304,51,304--51,6,56,6,56,336,1,0.2,1,0,11,32,"[""96"", ""53"", ""60"", ""51"", ""343"", ""363"", ""373"", ""307"", ""62"", ""52"", ""364"", ""85"", ""144"", ""145"", ""82"", ""83"", ""142"", ""143"", ""220"", ""147"", ""118"", ""109"", ""154"", ""398"", ""97"", ""404"", ""376"", ""254"", ""401"", ""436"", ""201"", ""200""]",41667245bcbe60c77973253a38d2cba7dddb86911f71323d4d8d8f1f9cd3f38a,"{""boundary"": 12, ""community_rep"": 5, ""degree_core"": 10, ""random_fill"": 5}","{""degree_3_4"": 4, ""degree_5_8"": 3, ""degree_9_plus"": 25}","{""0"": 2, ""1"": 3, ""10"": 1, ""11"": 1, ""12"": 1, ""2"": 1, ""3"": 6, ""4"": 6, ""5"": 4, ""6"": 1, ""7"": 1, ""8"": 1, ""9"": 4}",206,"{""backend"": ""evaluate_m19_theory_calibrated.candidate_features"", ""delta_mode"": ""none"", ""k_max"": 512, ""k_min"": 64, ""variant"": ""conservative""}",206,0.17928633594429938,0.7475728155339806,0.7475728155339806,0.043689320388349516,1.0,"{""dp_17_64"": 0.04854368932038835, ""dp_257_plus"": 0.5485436893203883, ""dp_5_16"": 0.024271844660194174, ""dp_65_256"": 0.3786407766990291}","{""cn_0"": 1.0}",0.0,395.00970873786406,sasb_candidate_builder,dcbbe5e022f20692ceabbdea7437f2aded6ad5093299cae104087aa9830ae483,206,dcbbe5e022f20692ceabbdea7437f2aded6ad5093299cae104087aa9830ae483,"{""sasb_builder"": 206}",0,0,0,0,{},0.0,"{""common_neighbor_bin_l1"": 0.0, ""degree_product_bin_l1"": 0.0, ""is_boundary_edge_l1"": 0.0, ""is_bridge_edge_l1"": 0.0, ""is_inter_community_edge_l1"": 0.0, ""is_low_common_neighbor_edge_l1"": 0.0, ""mean_l1"": 0.0}",1,32,32,0.0,0
realworld_completed,bio_celegans,SASB-candidate,sasb,SASB-structured,20260513,858,middle,0.9381898454746137,0.9381898454746137,0.0,14,14,0,0.4237037037037037,0.42419753086419754,304,53,304--53,5,62,5,62,310,0,0.0,1,10,9,32,"[""96"", ""53"", ""60"", ""51"", ""343"", ""363"", ""373"", ""307"", ""62"", ""52"", ""364"", ""85"", ""144"", ""145"", ""82"", ""83"", ""142"", ""143"", ""220"", ""147"", ""118"", ""109"", ""154"", ""398"", ""97"", ""404"", ""376"", ""367"", ""63"", ""46"", ""262"", ""166""]",8a7e32794785b60b1348d570c2d213a9dbf8e58bca078947300626568f200373,"{""boundary"": 12, ""community_rep"": 5, ""degree_core"": 10, ""random_fill"": 5}","{""degree_3_4"": 6, ""degree_5_8"": 1, ""degree_9_plus"": 25}","{""0"": 2, ""1"": 3, ""10"": 1, ""11"": 1, ""12"": 3, ""2"": 1, ""3"": 6, ""4"": 5, ""5"": 3, ""6"": 1, ""7"": 1, ""8"": 1, ""9"": 4}",206,"{""backend"": ""evaluate_m19_theory_calibrated.candidate_features"", ""delta_mode"": ""none"", ""k_max"": 512, ""k_min"": 64, ""variant"": ""conservative""}",206,0.1794425087108014,0.7427184466019418,0.7427184466019418,0.043689320388349516,1.0,"{""dp_17_64"": 0.04854368932038835, ""dp_257_plus"": 0.5436893203883495, ""dp_5_16"": 0.024271844660194174, ""dp_65_256"": 0.38349514563106796}","{""cn_0"": 1.0}",0.0,393.05825242718447,sasb_candidate_builder,723383272b50ed66503ccb98d540d865475794351f75fbebc25cfd9c9c625dec,206,723383272b50ed66503ccb98d540d865475794351f75fbebc25cfd9c9c625dec,"{""sasb_builder"": 206}",0,0,0,0,{},0.0,"{""common_neighbor_bin_l1"": 0.0, ""degree_product_bin_l1"": 0.0, ""is_boundary_edge_l1"": 0.0, ""is_bridge_edge_l1"": 0.0, ""is_inter_community_edge_l1"": 0.0, ""is_low_common_neighbor_edge_l1"": 0.0, ""mean_l1"": 0.0}",1,32,32,0.0,0
realworld_completed,bio_celegans,SASB-candidate,sasb,SASB-structured,20260513,859,middle,0.9381898454746137,0.9381898454746137,0.0,14,14,0,0.42419753086419754,0.4246913580246914,304,96,304--96,4,83,4,83,332,2,0.6666666666666666,0,0,0,32,"[""96"", ""53"", ""60"", ""51"", ""343"", ""363"", ""373"", ""307"", ""62"", ""52"", ""364"", ""85"", ""144"", ""145"", ""82"", ""83"", ""142"", ""143"", ""220"", ""147"", ""118"", ""109"", ""154"", ""398"", ""97"", ""404"", ""376"", ""323"", ""421"", ""195"", ""59"", ""74""]",4b38190b9e829b92d67db1f6eb60fbd577f9611e08ee635dd2180f8e230f4021,"{""boundary"": 12, ""community_rep"": 5, ""degree_core"": 10, ""random_fill"": 5}","{""degree_3_4"": 6, ""degree_5_8"": 1, ""degree_9_plus"": 25}","{""0"": 2, ""1"": 2, ""10"": 2, ""11"": 1, ""12"": 1, ""2"": 2, ""3"": 7, ""4"": 6, ""5"": 3, ""6"": 2, ""7"": 1, ""8"": 1, ""9"": 2}",205,"{""backend"": ""evaluate_m19_theory_calibrated.candidate_features"", ""delta_mode"": ""none"", ""k_max"": 512, ""k_min"": 64, ""variant"": ""conservative""}",205,0.17872711421098517,0.7414634146341463,0.7414634146341463,0.04390243902439024,1.0,"{""dp_17_64"": 0.04878048780487805, ""dp_257_plus"": 0.5414634146341464, ""dp_5_16"": 0.024390243902439025, ""dp_65_256"": 0.3853658536585366}","{""cn_0"": 1.0}",0.0,391.90731707317076,sasb_candidate_builder,bef56c925d3f4373bd3c131e811dbdf9291b7b0f8cf92ccef099ece3130be4bd,205,bef56c925d3f4373bd3c131e811dbdf9291b7b0f8cf92ccef099ece3130be4bd,"{""sasb_builder"": 205}",0,0,0,0,{},0.0,"{""common_neighbor_bin_l1"": 0.0, ""degree_product_bin_l1"": 0.0, ""is_boundary_edge_l1"": 0.0, ""is_bridge_edge_l1"": 0.0, ""is_inter_community_edge_l1"": 0.0, ""is_low_common_neighbor_edge_l1"": 0.0, ""mean_l1"": 0.0}",1,32,32,0.0,0
realworld_completed,bio_celegans,SASB-candidate,sasb,SASB-structured,20260513,860,middle,0.9381898454746137,0.9381898454746137,0.0,14,14,0,0.4246913580246914,0.42518518518518517,305,65,305--65,3,4,3,4,12,0,0.0,1,4,12,32,"[""96"", ""53"", ""60"", ""51"", ""343"", ""363"", ""373"", ""307"", ""62"", ""52"", ""364"", ""85"", ""144"", ""145"", ""82"", ""83"", ""142"", ""143"", ""220"", ""147"", ""118"", ""109"", ""154"", ""398"", ""97"", ""404"", ""376"", ""267"", ""56"", ""232"", ""247"", ""2""]",deabb5c53e6a4ed7da439e581814fe11e3b5d692abcd674bc5ebf44f5cc562f4,"{""boundary"": 12, ""community_rep"": 5, ""degree_core"": 10, ""random_fill"": 5}","{""degree_0_1"": 1, ""degree_3_4"": 4, ""degree_5_8"": 2, ""degree_9_plus"": 25}","{""0"": 2, ""1"": 2, ""10"": 3, ""11"": 2, ""12"": 1, ""2"": 1, ""3"": 8, ""4"": 5, ""5"": 3, ""6"": 1, ""7"": 1, ""8"": 2, ""9"": 1}",205,"{""backend"": ""evaluate_m19_theory_calibrated.candidate_features"", ""delta_mode"": ""none"", ""k_max"": 512, ""k_min"": 64, ""variant"": ""conservative""}",205,0.17888307155322863,0.7414634146341463,0.7414634146341463,0.04390243902439024,1.0,"{""dp_17_64"": 0.04878048780487805, ""dp_257_plus"": 0.5365853658536586, ""dp_5_16"": 0.02926829268292683, ""dp_65_256"": 0.3853658536585366}","{""cn_0"": 1.0}",0.0,388.00975609756097,sasb_candidate_builder,094c9247d5a0db54c072309548581447ec8148de9239319ab60ba758acd13e10,205,094c9247d5a0db54c072309548581447ec8148de9239319ab60ba758acd13e10,"{""sasb_builder"": 205}",0,0,0,0,{},0.0,"{""common_neighbor_bin_l1"": 0.0, ""degree_product_bin_l1"": 0.0, ""is_boundary_edge_l1"": 0.0, ""is_bridge_edge_l1"": 0.0, ""is_inter_community_edge_l1"": 0.0, ""is_low_common_neighbor_edge_l1"": 0.0, ""mean_l1"": 0.0}",1,32,32,0.0,0
realworld_completed,bio_celegans,SASB-candidate,sasb,SASB-structured,20260513,861,middle,0.9381898454746137,0.9381898454746137,0.0,14,14,0,0.42518518518518517,0.425679012345679,200,62,200--62,6,40,6,40,240,2,0.4,0,4,4,32,"[""96"", ""53"", ""60"", ""51"", ""343"", ""363"", ""373"", ""307"", ""62"", ""52"", ""364"", ""85"", ""144"", ""145"", ""82"", ""83"", ""142"", ""143"", ""220"", ""147"", ""118"", ""109"", ""154"", ""398"", ""97"", ""404"", ""376"", ""65"", ""386"", ""137"", ""194"", ""253""]",876f505f5c4af3f926887a9035a359056d4960cc568b49e6ad2a9b943f6828ec,"{""boundary"": 12, ""community_rep"": 5, ""degree_core"": 10, ""random_fill"": 5}","{""degree_3_4"": 7, ""degree_9_plus"": 25}","{""0"": 2, ""1"": 2, ""10"": 3, ""11"": 2, ""12"": 2, ""2"": 1, ""3"": 6, ""4"": 5, ""5"": 3, ""6"": 1, ""7"": 2, ""8"": 1, ""9"": 2}",205,"{""backend"": ""evaluate_m19_theory_calibrated.candidate_features"", ""delta_mode"": ""none"", ""k_max"": 512, ""k_min"": 64, ""variant"": ""conservative""}",205,0.17903930131004367,0.7365853658536585,0.7365853658536585,0.04390243902439024,1.0,"{""dp_17_64"": 0.04878048780487805, ""dp_257_plus"": 0.5365853658536586, ""dp_5_16"": 0.024390243902439025, ""dp_65_256"": 0.3902439024390244}","{""cn_0"": 1.0}",0.0,389.1219512195122,sasb_candidate_builder,7f6bf59647ec41b39a8bd467ca115bd402dd1e32ffd60529bcf2a4625a5b97c0,205,7f6bf59647ec41b39a8bd467ca115bd402dd1e32ffd60529bcf2a4625a5b97c0,"{""sasb_builder"": 205}",0,0,0,0,{},0.0,"{""common_neighbor_bin_l1"": 0.0, ""degree_product_bin_l1"": 0.0, ""is_boundary_edge_l1"": 0.0, ""is_bridge_edge_l1"": 0.0, ""is_inter_community_edge_l1"": 0.0, ""is_low_common_neighbor_edge_l1"": 0.0, ""mean_l1"": 0.0}",1,32,32,0.0,0
realworld_completed,bio_celegans,SASB-candidate,sasb,SASB-structured,20260513,862,middle,0.9381898454746137,0.9381898454746137,0.0,14,14,0,0.425679012345679,0.42617283950617285,147,52,147--52,21,26,21,26,546,6,0.3,0,3,3,32,"[""96"", ""53"", ""60"", ""51"", ""343"", ""363"", ""373"", ""307"", ""62"", ""52"", ""364"", ""85"", ""144"", ""145"", ""82"", ""83"", ""142"", ""143"", ""220"", ""147"", ""118"", ""109"", ""154"", ""398"", ""97"", ""404"", ""376"", ""360"", ""193"", ""448"", ""215"", ""353""]",9784b431d1922f942db04f8cc45088b8e9c5b3bb7d23b718d611c797d223467d,"{""boundary"": 12, ""community_rep"": 5, ""degree_core"": 10, ""random_fill"": 5}","{""degree_0_1"": 1, ""degree_3_4"": 4, ""degree_5_8"": 2, ""degree_9_plus"": 25}","{""0"": 2, ""1"": 3, ""10"": 2, ""11"": 3, ""12"": 1, ""2"": 1, ""3"": 6, ""4"": 6, ""5"": 4, ""6"": 1, ""7"": 1, ""8"": 1, ""9"": 1}",205,"{""backend"": ""evaluate_m19_theory_calibrated.candidate_features"", ""delta_mode"": ""none"", ""k_max"": 512, ""k_min"": 64, ""variant"": ""conservative""}",205,0.1791958041958042,0.7365853658536585,0.7365853658536585,0.04390243902439024,1.0,"{""dp_17_64"": 0.04878048780487805, ""dp_257_plus"": 0.5414634146341464, ""dp_5_16"": 0.024390243902439025, ""dp_65_256"": 0.3853658536585366}","{""cn_0"": 1.0}",0.0,390.0731707317073,sasb_candidate_builder,07fdbd54b7e127d63adcefb990a17dd5df45d49150d5eb048fe2da0f5991e39e,205,07fdbd54b7e127d63adcefb990a17dd5df45d49150d5eb048fe2da0f5991e39e,"{""sasb_builder"": 205}",0,0,0,0,{},0.0,"{""common_neighbor_bin_l1"": 0.0, ""degree_product_bin_l1"": 0.0, ""is_boundary_edge_l1"": 0.0, ""is_bridge_edge_l1"": 0.0, ""is_inter_community_edge_l1"": 0.0, ""is_low_common_neighbor_edge_l1"": 0.0, ""mean_l1"": 0.0}",1,32,32,0.0,0
realworld_completed,bio_celegans,SASB-candidate,sasb,SASB-structured,20260513,863,middle,0.9381898454746137,0.9381898454746137,0.0,14,14,0,0.42617283950617285,0.4266666666666667,147,222,147--222,20,8,8,20,160,1,0.14285714285714285,0,3,3,32,"[""96"", ""53"", ""60"", ""51"", ""343"", ""363"", ""373"", ""307"", ""62"", ""52"", ""364"", ""85"", ""144"", ""145"", ""82"", ""83"", ""142"", ""143"", ""220"", ""147"", ""118"", ""109"", ""154"", ""398"", ""97"", ""404"", ""376"", ""159"", ""264"", ""248"", ""417"", ""278""]",989afff58645a41147296d018db39e35a968466bb96629a8b44774d56e65c8aa,"{""boundary"": 12, ""community_rep"": 5, ""degree_core"": 10, ""random_fill"": 5}","{""degree_0_1"": 1, ""degree_2"": 1, ""degree_3_4"": 3, ""degree_5_8"": 2, ""degree_9_plus"": 25}","{""0"": 1, ""1"": 3, ""10"": 3, ""11"": 2, ""12"": 2, ""2"": 1, ""3"": 6, ""4"": 6, ""5"": 4, ""6"": 1, ""7"": 1, ""8"": 1, ""9"": 1}",205,"{""backend"": ""evaluate_m19_theory_calibrated.candidate_features"", ""delta_mode"": ""none"", ""k_max"": 512, ""k_min"": 64, ""variant"": ""conservative""}",205,0.17935258092738407,0.7365853658536585,0.7365853658536585,0.04390243902439024,1.0,"{""dp_17_64"": 0.04878048780487805, ""dp_257_plus"": 0.5317073170731708, ""dp_5_16"": 0.024390243902439025, ""dp_65_256"": 0.3951219512195122}","{""cn_0"": 0.9951219512195122, ""cn_1"": 0.004878048780487805}",0.004878048780487805,387.85853658536587,sasb_candidate_builder,40232431809ef9fcfdb9f63d774a643e23de821ce4b097e4a7a439f3e43edd5b,205,40232431809ef9fcfdb9f63d774a643e23de821ce4b097e4a7a439f3e43edd5b,"{""sasb_builder"": 205}",0,0,0,0,{},0.0,"{""common_neighbor_bin_l1"": 0.0, ""degree_product_bin_l1"": 0.0, ""is_boundary_edge_l1"": 0.0, ""is_bridge_edge_l1"": 0.0, ""is_inter_community_edge_l1"": 0.0, ""is_low_common_neighbor_edge_l1"": 0.0, ""mean_l1"": 0.0}",1,32,32,419.1683912831571,0
realworld_completed,bio_celegans,SASB-candidate,sasb,SASB-structured,20260513,864,middle,0.9381898454746137,0.9381898454746137,0.0,14,14,0,0.4266666666666667,0.4271604938271605,147,319,147--319,19,7,7,19,133,0,0.0,0,3,3,32,"[""96"", ""53"", ""60"", ""51"", ""343"", ""363"", ""373"", ""307"", ""62"", ""52"", ""364"", ""85"", ""144"", ""145"", ""82"", ""83"", ""142"", ""143"", ""220"", ""118"", ""147"", ""109"", ""154"", ""398"", ""97"", ""404"", ""376"", ""439"", ""368"", ""14"", ""320"", ""17""]",c85b80b833e3d38810068bbb46dcabe8eaf782514b2eb62a327eb8aeea3b1f1f,"{""boundary"": 12, ""community_rep"": 5, ""degree_core"": 10, ""random_fill"": 5}","{""degree_0_1"": 1, ""degree_2"": 1, ""degree_3_4"": 3, ""degree_5_8"": 2, ""degree_9_plus"": 25}","{""0"": 1, ""1"": 2, ""10"": 2, ""11"": 2, ""12"": 1, ""2"": 1, ""3"": 6, ""4"": 7, ""5"": 5, ""6"": 1, ""7"": 2, ""8"": 1, ""9"": 1}",205,"{""backend"": ""evaluate_m19_theory_calibrated.candidate_features"", ""delta_mode"": ""none"", ""k_max"": 512, ""k_min"": 64, ""variant"": ""conservative""}",205,0.17950963222416813,0.7365853658536585,0.7365853658536585,0.04390243902439024,1.0,"{""dp_17_64"": 0.04878048780487805, ""dp_257_plus"": 0.5317073170731708, ""dp_5_16"": 0.024390243902439025, ""dp_65_256"": 0.3951219512195122}","{""cn_0"": 1.0}",0.0,387.7268292682927,sasb_candidate_builder,18a5775931d4bd51650db63d51de2e478a118f7cb592c92ef0d280956cd42f40,205,18a5775931d4bd51650db63d51de2e478a118f7cb592c92ef0d280956cd42f40,"{""sasb_builder"": 205}",0,0,0,0,{},0.0,"{""common_neighbor_bin_l1"": 0.0, ""degree_product_bin_l1"": 0.0, ""is_boundary_edge_l1"": 0.0, ""is_bridge_edge_l1"": 0.0, ""is_inter_community_edge_l1"": 0.0, ""is_low_common_neighbor_edge_l1"": 0.0, ""mean_l1"": 0.0}",1,32,32,1914.3404052255787,0
realworld_completed,bio_celegans,SASB-candidate,sasb,SASB-structured,20260513,865,middle,0.9381898454746137,0.9381898454746137,0.0,14,14,0,0.4271604938271605,0.4276543209876543,233,62,233--62,6,39,6,39,234,2,0.4,0,4,4,32,"[""96"", ""53"", ""60"", ""51"", ""343"", ""363"", ""373"", ""307"", ""62"", ""52"", ""364"", ""85"", ""144"", ""145"", ""82"", ""83"", ""142"", ""143"", ""220"", ""118"", ""147"", ""109"", ""154"", ""398"", ""97"", ""404"", ""376"", ""94"", ""122"", ""136"", ""195"", ""221""]",21b87419cd203a0060c9fd68a3bdae5deaa3a492fc1a76abdf4313c98928a9d3,"{""boundary"": 12, ""community_rep"": 5, ""degree_core"": 10, ""random_fill"": 5}","{""degree_0_1"": 2, ""degree_3_4"": 3, ""degree_5_8"": 1, ""degree_9_plus"": 26}","{""0"": 2, ""1"": 2, ""10"": 2, ""11"": 2, ""12"": 1, ""2"": 1, ""3"": 9, ""4"": 5, ""5"": 3, ""6"": 1, ""7"": 2, ""8"": 1, ""9"": 1}",205,"{""backend"": ""evaluate_m19_theory_calibrated.candidate_features"", ""delta_mode"": ""none"", ""k_max"": 512, ""k_min"": 64, ""variant"": ""conservative""}",205,0.1796669588080631,0.7365853658536585,0.7365853658536585,0.04390243902439024,1.0,"{""dp_17_64"": 0.04878048780487805, ""dp_257_plus"": 0.5317073170731708, ""dp_5_16"": 0.024390243902439025, ""dp_65_256"": 0.3951219512195122}","{""cn_0"": 1.0}",0.0,387.81951219512194,sasb_candidate_builder,1e49f91e7a9ebcbfcf32b22541087629598e90f2a7ee9e4cb90302ccf20385a9,205,1e49f91e7a9ebcbfcf32b22541087629598e90f2a7ee9e4cb90302ccf20385a9,"{""sasb_builder"": 205}",0,0,0,0,{},0.0,"{""common_neighbor_bin_l1"": 0.0, ""degree_product_bin_l1"": 0.0, ""is_boundary_edge_l1"": 0.0, ""is_bridge_edge_l1"": 0.0, ""is_inter_community_edge_l1"": 0.0, ""is_low_common_neighbor_edge_l1"": 0.0, ""mean_l1"": 0.0}",1,32,32,0.0,0
realworld_completed,bio_celegans,SASB-candidate,sasb,SASB-structured,20260513,866,middle,0.9381898454746137,0.9381898454746137,0.0,14,14,0,0.4276543209876543,0.42814814814814817,197,60,197--60,5,31,5,31,155,1,0.25,0,4,4,32,"[""96"", ""53"", ""60"", ""51"", ""343"", ""363"", ""373"", ""307"", ""62"", ""52"", ""364"", ""85"", ""144"", ""145"", ""82"", ""83"", ""142"", ""143"", ""220"", ""118"", ""147"", ""109"", ""154"", ""398"", ""97"", ""404"", ""376"", ""416"", ""94"", ""19"", ""449"", ""71""]",0e88bc794fdb7d00c6d03ed87a57c1e9ed79e9e7f5df47fd54e937e433e370c5,"{""boundary"": 12, ""community_rep"": 5, ""degree_core"": 10, ""random_fill"": 5}","{""degree_2"": 2, ""degree_3_4"": 3, ""degree_5_8"": 1, ""degree_9_plus"": 26}","{""0"": 3, ""1"": 2, ""10"": 2, ""11"": 2, ""12"": 1, ""2"": 1, ""3"": 7, ""4"": 5, ""5"": 4, ""6"": 1, ""7"": 1, ""8"": 2, ""9"": 1}",205,"{""backend"": ""evaluate_m19_theory_calibrated.candidate_features"", ""delta_mode"": ""none"", ""k_max"": 512, ""k_min"": 64, ""variant"": ""conservative""}",205,0.17982456140350878,0.7365853658536585,0.7365853658536585,0.04390243902439024,1.0,"{""dp_17_64"": 0.04878048780487805, ""dp_257_plus"": 0.5317073170731708, ""dp_5_16"": 0.024390243902439025, ""dp_65_256"": 0.3951219512195122}","{""cn_0"": 1.0}",0.0,386.89268292682925,sasb_candidate_builder,f5a926b815cfda7f3d5d848fdb1149b7a1a95212bebbd1b488805f157483963d,205,f5a926b815cfda7f3d5d848fdb1149b7a1a95212bebbd1b488805f157483963d,"{""sasb_builder"": 205}",0,0,0,0,{},0.0,"{""common_neighbor_bin_l1"": 0.0, ""degree_product_bin_l1"": 0.0, ""is_boundary_edge_l1"": 0.0, ""is_bridge_edge_l1"": 0.0, ""is_inter_community_edge_l1"": 0.0, ""is_low_common_neighbor_edge_l1"": 0.0, ""mean_l1"": 0.0}",1,32,32,0.0,0
realworld_completed,bio_celegans,SASB-candidate,sasb,SASB-structured,20260513,867,middle,0.9381898454746137,0.9381898454746137,0.0,14,14,0,0.42814814814814817,0.42864197530864195,306,96,306--96,3,82,3,82,246,0,0.0,0,0,0,32,"[""96"", ""53"", ""60"", ""51"", ""343"", ""363"", ""373"", ""307"", ""62"", ""52"", ""364"", ""85"", ""144"", ""145"", ""82"", ""83"", ""142"", ""143"", ""220"", ""118"", ""147"", ""109"", ""154"", ""398"", ""97"", ""404"", ""376"", ""98"", ""37"", ""278"", ""335"", ""337""]",fe67cac70cd999cb46fc88f61d4fcac91d28d009361ac68982adda0b216539c1,"{""boundary"": 12, ""community_rep"": 5, ""degree_core"": 10, ""random_fill"": 5}","{""degree_0_1"": 1, ""degree_2"": 1, ""degree_3_4"": 3, ""degree_5_8"": 1, ""degree_9_plus"": 26}","{""0"": 2, ""1"": 2, ""10"": 2, ""11"": 2, ""12"": 2, ""2"": 1, ""3"": 8, ""4"": 6, ""5"": 3, ""6"": 1, ""7"": 1, ""8"": 1, ""9"": 1}",205,"{""backend"": ""evaluate_m19_theory_calibrated.candidate_features"", ""delta_mode"": ""none"", ""k_max"": 512, ""k_min"": 64, ""variant"": ""conservative""}",205,0.17998244073748904,0.7365853658536585,0.7365853658536585,0.04390243902439024,1.0,"{""dp_17_64"": 0.04878048780487805, ""dp_257_plus"": 0.5317073170731708, ""dp_5_16"": 0.024390243902439025, ""dp_65_256"": 0.3951219512195122}","{""cn_0"": 1.0}",0.0,386.41951219512197,sasb_candidate_builder,f2b00e7bebc4c9ca390d805e75478d1c41076288a863c70f8dc88c7dad42e691,205,f2b00e7bebc4c9ca390d805e75478d1c41076288a863c70f8dc88c7dad42e691,"{""sasb_builder"": 205}",0,0,0,0,{},0.0,"{""common_neighbor_bin_l1"": 0.0, ""degree_product_bin_l1"": 0.0, ""is_boundary_edge_l1"": 0.0, ""is_bridge_edge_l1"": 0.0, ""is_inter_community_edge_l1"": 0.0, ""is_low_common_neighbor_edge_l1"": 0.0, ""mean_l1"": 0.0}",1,32,32,0.0,0
realworld_completed,bio_celegans,SASB-candidate,sasb,SASB-structured,20260513,868,middle,0.9381898454746137,0.9381898454746137,0.0,14,14,0,0.42864197530864195,0.4291358024691358,307,31,307--31,10,6,6,10,60,1,0.2,1,2,3,32,"[""96"", ""53"", ""60"", ""51"", ""343"", ""363"", ""373"", ""307"", ""62"", ""52"", ""364"", ""85"", ""144"", ""145"", ""82"", ""83"", ""142"", ""143"", ""220"", ""118"", ""147"", ""109"", ""154"", ""398"", ""97"", ""404"", ""376"", ""99"", ""111"", ""146"", ""29"", ""312""]",9538228ba7dca3c77a28c9ec0b6c7dbdc5b0c4dc34a181a26705e2546136d1a3,"{""boundary"": 12, ""community_rep"": 5, ""degree_core"": 10, ""random_fill"": 5}","{""degree_2"": 1, ""degree_3_4"": 4, ""degree_5_8"": 2, ""degree_9_plus"": 25}","{""0"": 1, ""1"": 3, ""10"": 2, ""11"": 2, ""12"": 1, ""2"": 1, ""3"": 8, ""4"": 6, ""5"": 3, ""6"": 1, ""7"": 2, ""8"": 1, ""9"": 1}",205,"{""backend"": ""evaluate_m19_theory_calibrated.candidate_features"", ""delta_mode"": ""none"", ""k_max"": 512, ""k_min"": 64, ""variant"": ""conservative""}",205,0.18014059753954306,0.7365853658536585,0.7365853658536585,0.04390243902439024,1.0,"{""dp_17_64"": 0.04878048780487805, ""dp_257_plus"": 0.5317073170731708, ""dp_5_16"": 0.024390243902439025, ""dp_65_256"": 0.3951219512195122}","{""cn_0"": 1.0}",0.0,384.0439024390244,sasb_candidate_builder,0e2f70d97462f7a22b8f841e6c36ce2b661565fb1dc67b09c933252a2f9528b1,205,0e2f70d97462f7a22b8f841e6c36ce2b661565fb1dc67b09c933252a2f9528b1,"{""sasb_builder"": 205}",0,0,0,0,{},0.0,"{""common_neighbor_bin_l1"": 0.0, ""degree_product_bin_l1"": 0.0, ""is_boundary_edge_l1"": 0.0, ""is_bridge_edge_l1"": 0.0, ""is_inter_community_edge_l1"": 0.0, ""is_low_common_neighbor_edge_l1"": 0.0, ""mean_l1"": 0.0}",1,32,32,0.0,0
realworld_completed,bio_celegans,SASB-candidate,sasb,SASB-structured,20260513,869,middle,0.9381898454746137,0.9381898454746137,0.0,14,14,0,0.4291358024691358,0.42962962962962964,307,32,307--32,9,12,9,12,108,0,0.0,1,7,3,32,"[""96"", ""53"", ""60"", ""51"", ""343"", ""363"", ""373"", ""62"", ""52"", ""364"", ""307"", ""85"", ""144"", ""145"", ""82"", ""83"", ""142"", ""143"", ""220"", ""118"", ""147"", ""109"", ""154"", ""398"", ""97"", ""404"", ""376"", ""348"", ""382"", ""22"", ""327"", ""365""]",eb44065fa94adaa7b6aaf025ab428e1ea53a1db7e030a45b4251aceec77cce27,"{""boundary"": 12, ""community_rep"": 5, ""degree_core"": 10, ""random_fill"": 5}","{""degree_3_4"": 4, ""degree_5_8"": 2, ""degree_9_plus"": 26}","{""0"": 3, ""1"": 2, ""10"": 2, ""11"": 2, ""12"": 2, ""2"": 1, ""3"": 6, ""4"": 6, ""5"": 3, ""6"": 1, ""7"": 2, ""8"": 1, ""9"": 1}",205,"{""backend"": ""evaluate_m19_theory_calibrated.candidate_features"", ""delta_mode"": ""none"", ""k_max"": 512, ""k_min"": 64, ""variant"": ""conservative""}",205,0.1802990325417766,0.7317073170731707,0.7317073170731707,0.04390243902439024,1.0,"{""dp_17_64"": 0.04878048780487805, ""dp_257_plus"": 0.5317073170731708, ""dp_5_16"": 0.024390243902439025, ""dp_65_256"": 0.3951219512195122}","{""cn_0"": 1.0}",0.0,383.809756097561,sasb_candidate_builder,80b0bf37e4561a36a4a55f5bd874e918e235149db6e290ff8591c2b1dbb42659,205,80b0bf37e4561a36a4a55f5bd874e918e235149db6e290ff8591c2b1dbb42659,"{""sasb_builder"": 205}",0,0,0,0,{},0.0,"{""common_neighbor_bin_l1"": 0.0, ""degree_product_bin_l1"": 0.0, ""is_boundary_edge_l1"": 0.0, ""is_bridge_edge_l1"": 0.0, ""is_inter_community_edge_l1"": 0.0, ""is_low_common_neighbor_edge_l1"": 0.0, ""mean_l1"": 0.0}",1,32,32,0.0,0
realworld_completed,bio_celegans,SASB-candidate,sasb,SASB-structured,20260513,870,middle,0.9381898454746137,0.9381898454746137,0.0,14,14,0,0.42962962962962964,0.4301234567901235,307,41,307--41,8,7,7,8,56,0,0.0,1,7,3,32,"[""96"", ""53"", ""60"", ""51"", ""343"", ""363"", ""62"", ""364"", ""373"", ""52"", ""85"", ""369"", ""144"", ""145"", ""82"", ""83"", ""142"", ""143"", ""220"", ""118"", ""147"", ""109"", ""154"", ""398"", ""97"", ""348"", ""421"", ""404"", ""187"", ""290"", ""418"", ""315""]",c71cd37d8e11c8ea343abe62512f9968c67d216f917919e991c074dfc2ac8b45,"{""boundary"": 12, ""community_rep"": 6, ""degree_core"": 10, ""random_fill"": 4}","{""degree_3_4"": 3, ""degree_5_8"": 2, ""degree_9_plus"": 27}","{""1"": 2, ""11"": 1, ""12"": 1, ""13"": 1, ""14"": 1, ""2"": 1, ""3"": 8, ""4"": 5, ""5"": 1, ""6"": 2, ""7"": 1, ""8"": 5, ""9"": 3}",204,"{""backend"": ""evaluate_m19_theory_calibrated.candidate_features"", ""delta_mode"": ""none"", ""k_max"": 512, ""k_min"": 64, ""variant"": ""conservative""}",204,0.1795774647887324,0.7401960784313726,0.7401960784313726,0.04411764705882353,1.0,"{""dp_17_64"": 0.04411764705882353, ""dp_257_plus"": 0.5343137254901961, ""dp_5_16"": 0.004901960784313725, ""dp_65_256"": 0.4166666666666667}","{""cn_0"": 1.0}",0.0,388.5882352941176,sasb_candidate_builder,fbb4a9bde4db553ca4c88ad41dc4cb2b89c4d9c27e1da1f52bbd4ff5038c6fbb,204,fbb4a9bde4db553ca4c88ad41dc4cb2b89c4d9c27e1da1f52bbd4ff5038c6fbb,"{""sasb_builder"": 204}",0,0,0,0,{},0.0,"{""common_neighbor_bin_l1"": 0.0, ""degree_product_bin_l1"": 0.0, ""is_boundary_edge_l1"": 0.0, ""is_bridge_edge_l1"": 0.0, ""is_inter_community_edge_l1"": 0.0, ""is_low_common_neighbor_edge_l1"": 0.0, ""mean_l1"": 0.0}",1,32,32,0.0,0
realworld_completed,bio_celegans,SASB-candidate,sasb,SASB-structured,20260513,871,middle,0.9381898454746137,0.9381898454746137,0.0,14,14,0,0.4301234567901235,0.43061728395061727,307,51,307--51,7,55,7,55,385,1,0.16666666666666666,1,5,11,32,"[""96"", ""53"", ""60"", ""51"", ""343"", ""363"", ""62"", ""364"", ""373"", ""52"", ""85"", ""369"", ""144"", ""145"", ""82"", ""83"", ""142"", ""143"", ""220"", ""118"", ""147"", ""109"", ""154"", ""398"", ""97"", ""348"", ""421"", ""404"", ""28"", ""418"", ""235"", ""61""]",1264b60aa9cdfc445281a0f83dd8f7cb856fc4e99a56194e7b37495b6b825842,"{""boundary"": 12, ""community_rep"": 6, ""degree_core"": 10, ""random_fill"": 4}","{""degree_3_4"": 2, ""degree_5_8"": 3, ""degree_9_plus"": 27}","{""1"": 2, ""11"": 1, ""12"": 1, ""13"": 1, ""14"": 1, ""2"": 2, ""3"": 8, ""4"": 6, ""5"": 1, ""6"": 2, ""7"": 1, ""8"": 4, ""9"": 2}",204,"{""backend"": ""evaluate_m19_theory_calibrated.candidate_features"", ""delta_mode"": ""none"", ""k_max"": 512, ""k_min"": 64, ""variant"": ""conservative""}",204,0.17973568281938326,0.7352941176470589,0.7352941176470589,0.04411764705882353,1.0,"{""dp_17_64"": 0.0392156862745098, ""dp_257_plus"": 0.5294117647058824, ""dp_5_16"": 0.004901960784313725, ""dp_65_256"": 0.4264705882352941}","{""cn_0"": 1.0}",0.0,387.5147058823529,sasb_candidate_builder,2183befee78d476d0a037b168ab323dc5383506c6b9c4e62b3cbe7a50564c7eb,204,2183befee78d476d0a037b168ab323dc5383506c6b9c4e62b3cbe7a50564c7eb,"{""sasb_builder"": 204}",0,0,0,0,{},0.0,"{""common_neighbor_bin_l1"": 0.0, ""degree_product_bin_l1"": 0.0, ""is_boundary_edge_l1"": 0.0, ""is_bridge_edge_l1"": 0.0, ""is_inter_community_edge_l1"": 0.0, ""is_low_common_neighbor_edge_l1"": 0.0, ""mean_l1"": 0.0}",1,32,32,0.0,0
realworld_completed,bio_celegans,SASB-candidate,sasb,SASB-structured,20260513,872,middle,0.9381898454746137,0.9381898454746137,0.0,14,14,0,0.43061728395061727,0.4311111111111111,220,271,220--271,25,9,9,25,225,2,0.25,0,4,4,32,"[""96"", ""53"", ""60"", ""51"", ""343"", ""363"", ""62"", ""364"", ""373"", ""52"", ""85"", ""369"", ""144"", ""145"", ""82"", ""83"", ""142"", ""143"", ""220"", ""118"", ""147"", ""109"", ""154"", ""398"", ""97"", ""348"", ""421"", ""404"", ""22"", ""160"", ""29"", ""227""]",4bcb3b40fbdf46d3ead697efd23cbff7bb996129314534a9c395ad7ec5b415e2,"{""boundary"": 12, ""community_rep"": 6, ""degree_core"": 10, ""random_fill"": 4}","{""degree_2"": 1, ""degree_3_4"": 2, ""degree_5_8"": 3, ""degree_9_plus"": 26}","{""1"": 2, ""11"": 1, ""12"": 1, ""13"": 1, ""14"": 1, ""2"": 2, ""3"": 8, ""4"": 5, ""5"": 2, ""6"": 1, ""7"": 1, ""8"": 4, ""9"": 3}",204,"{""backend"": ""evaluate_m19_theory_calibrated.candidate_features"", ""delta_mode"": ""none"", ""k_max"": 512, ""k_min"": 64, ""variant"": ""conservative""}",204,0.17989417989417988,0.7303921568627451,0.7303921568627451,0.04411764705882353,0.9950980392156863,"{""dp_17_64"": 0.0392156862745098, ""dp_257_plus"": 0.5245098039215687, ""dp_5_16"": 0.004901960784313725, ""dp_65_256"": 0.43137254901960786}","{""cn_0"": 0.9950980392156863, ""cn_2_3"": 0.004901960784313725}",0.00980392156862745,385.2549019607843,sasb_candidate_builder,eb6510a1c0e20e1646f3703006004f47224172c2ac1a67f008879c004e94025c,204,eb6510a1c0e20e1646f3703006004f47224172c2ac1a67f008879c004e94025c,"{""sasb_builder"": 204}",0,0,0,0,{},0.0,"{""common_neighbor_bin_l1"": 0.0, ""degree_product_bin_l1"": 0.0, ""is_boundary_edge_l1"": 0.0, ""is_bridge_edge_l1"": 0.0, ""is_inter_community_edge_l1"": 0.0, ""is_low_common_neighbor_edge_l1"": 0.0, ""mean_l1"": 0.0}",1,32,32,154.4033567743477,0
realworld_completed,bio_celegans,SASB-candidate,sasb,SASB-structured,20260513,873,middle,0.9381898454746137,0.9381898454746137,0.0,14,14,0,0.4311111111111111,0.43160493827160495,307,53,307--53,6,61,6,61,366,0,0.0,1,8,12,32,"[""96"", ""53"", ""60"", ""51"", ""343"", ""363"", ""62"", ""364"", ""373"", ""52"", ""85"", ""369"", ""144"", ""145"", ""82"", ""83"", ""142"", ""143"", ""220"", ""118"", ""147"", ""109"", ""154"", ""398"", ""97"", ""348"", ""421"", ""404"", ""42"", ""190"", ""347"", ""391""]",3c2f1e983f054e84d9e7193d3d29738edc3e17607428ef33f2e85e474fbdebcc,"{""boundary"": 12, ""community_rep"": 6, ""degree_core"": 10, ""random_fill"": 4}","{""degree_2"": 2, ""degree_3_4"": 3, ""degree_5_8"": 1, ""degree_9_plus"": 26}","{""1"": 2, ""11"": 1, ""12"": 1, ""13"": 1, ""14"": 1, ""2"": 1, ""3"": 7, ""4"": 5, ""5"": 1, ""6"": 1, ""7"": 2, ""8"": 6, ""9"": 3}",204,"{""backend"": ""evaluate_m19_theory_calibrated.candidate_features"", ""delta_mode"": ""none"", ""k_max"": 512, ""k_min"": 64, ""variant"": ""conservative""}",204,0.18005295675198588,0.7303921568627451,0.7303921568627451,0.04411764705882353,1.0,"{""dp_17_64"": 0.0392156862745098, ""dp_257_plus"": 0.5294117647058824, ""dp_5_16"": 0.004901960784313725, ""dp_65_256"": 0.4264705882352941}","{""cn_0"": 1.0}",0.0,385.96078431372547,sasb_candidate_builder,f2a1d0664ff814a67b78a16f9b40861807beecc1b0152ded163fd0c334300514,204,f2a1d0664ff814a67b78a16f9b40861807beecc1b0152ded163fd0c334300514,"{""sasb_builder"": 204}",0,0,0,0,{},0.0,"{""common_neighbor_bin_l1"": 0.0, ""degree_product_bin_l1"": 0.0, ""is_boundary_edge_l1"": 0.0, ""is_bridge_edge_l1"": 0.0, ""is_inter_community_edge_l1"": 0.0, ""is_low_common_neighbor_edge_l1"": 0.0, ""mean_l1"": 0.0}",1,32,32,0.0,0
realworld_completed,bio_celegans,SASB-candidate,sasb,SASB-structured,20260513,874,middle,0.9381898454746137,0.9381898454746137,0.0,14,14,0,0.43160493827160495,0.43209876543209874,343,411,343--411,41,9,9,41,369,4,0.5,0,3,3,32,"[""96"", ""53"", ""60"", ""51"", ""343"", ""363"", ""62"", ""364"", ""373"", ""52"", ""85"", ""369"", ""144"", ""145"", ""82"", ""83"", ""142"", ""143"", ""220"", ""118"", ""147"", ""109"", ""154"", ""398"", ""97"", ""348"", ""421"", ""404"", ""406"", ""223"", ""260"", ""350""]",ebf091aa295e260918ca6234cbecec139449d3553de4932fd4ae4ee881bf7632,"{""boundary"": 12, ""community_rep"": 6, ""degree_core"": 10, ""random_fill"": 4}","{""degree_2"": 1, ""degree_3_4"": 3, ""degree_5_8"": 1, ""degree_9_plus"": 27}","{""1"": 2, ""11"": 1, ""12"": 1, ""13"": 2, ""14"": 1, ""2"": 1, ""3"": 7, ""4"": 6, ""5"": 1, ""6"": 1, ""7"": 1, ""8"": 4, ""9"": 4}",204,"{""backend"": ""evaluate_m19_theory_calibrated.candidate_features"", ""delta_mode"": ""none"", ""k_max"": 512, ""k_min"": 64, ""variant"": ""conservative""}",204,0.18021201413427562,0.7254901960784313,0.7254901960784313,0.04411764705882353,0.9950980392156863,"{""dp_17_64"": 0.0392156862745098, ""dp_257_plus"": 0.5294117647058824, ""dp_5_16"": 0.004901960784313725, ""dp_65_256"": 0.4264705882352941}","{""cn_0"": 0.9950980392156863, ""cn_4_8"": 0.004901960784313725}",0.0196078431372549,384.47058823529414,sasb_candidate_builder,691a19d3f391ba67294e2ab37c1ecdf158d60c7222103fb3c978089b35f8fdef,204,691a19d3f391ba67294e2ab37c1ecdf158d60c7222103fb3c978089b35f8fdef,"{""sasb_builder"": 204}",0,0,0,0,{},0.0,"{""common_neighbor_bin_l1"": 0.0, ""degree_product_bin_l1"": 0.0, ""is_boundary_edge_l1"": 0.0, ""is_bridge_edge_l1"": 0.0, ""is_inter_community_edge_l1"": 0.0, ""is_low_common_neighbor_edge_l1"": 0.0, ""mean_l1"": 0.0}",1,32,32,418.957137508233,0
realworld_completed,bio_celegans,SASB-candidate,sasb,SASB-structured,20260513,875,middle,0.9381898454746137,0.9381898454746137,0.0,14,14,0,0.43209876543209874,0.4325925925925926,29,343,29--343,7,40,7,40,280,2,0.3333333333333333,0,3,3,32,"[""96"", ""53"", ""60"", ""51"", ""343"", ""363"", ""62"", ""364"", ""373"", ""52"", ""85"", ""369"", ""144"", ""145"", ""82"", ""83"", ""142"", ""143"", ""220"", ""118"", ""147"", ""109"", ""154"", ""398"", ""97"", ""348"", ""421"", ""404"", ""338"", ""318"", ""217"", ""193""]",0016b4d1673bf3eb8d10b504383de348d0fd1e87c313364a143fe5695009593b,"{""boundary"": 12, ""community_rep"": 6, ""degree_core"": 10, ""random_fill"": 4}","{""degree_2"": 1, ""degree_3_4"": 1, ""degree_5_8"": 4, ""degree_9_plus"": 26}","{""1"": 3, ""11"": 1, ""12"": 1, ""13"": 1, ""14"": 1, ""2"": 1, ""3"": 8, ""4"": 5, ""5"": 2, ""6"": 1, ""7"": 1, ""8"": 4, ""9"": 3}",204,"{""backend"": ""evaluate_m19_theory_calibrated.candidate_features"", ""delta_mode"": ""none"", ""k_max"": 512, ""k_min"": 64, ""variant"": ""conservative""}",204,0.18037135278514588,0.7254901960784313,0.7254901960784313,0.04411764705882353,0.9901960784313726,"{""dp_17_64"": 0.0392156862745098, ""dp_257_plus"": 0.5245098039215687, ""dp_5_16"": 0.004901960784313725, ""dp_65_256"": 0.43137254901960786}","{""cn_0"": 0.9901960784313726, ""cn_2_3"": 0.00980392156862745}",0.0196078431372549,381.078431372549,sasb_candidate_builder,259e6b571d7fee87798369c2263cc72bf4195e234672242fc7e15c27660d1eee,204,259e6b571d7fee87798369c2263cc72bf4195e234672242fc7e15c27660d1eee,"{""sasb_builder"": 204}",0,0,0,0,{},0.0,"{""common_neighbor_bin_l1"": 0.0, ""degree_product_bin_l1"": 0.0, ""is_boundary_edge_l1"": 0.0, ""is_bridge_edge_l1"": 0.0, ""is_inter_community_edge_l1"": 0.0, ""is_low_common_neighbor_edge_l1"": 0.0, ""mean_l1"": 0.0}",1,32,32,462.1094512279079,0
realworld_completed,bio_celegans,SASB-candidate,sasb,SASB-structured,20260513,876,middle,0.9381898454746137,0.9381898454746137,0.0,14,14,0,0.4325925925925926,0.4330864197530864,165,343,165--343,5,39,5,39,195,1,0.25,0,3,3,32,"[""96"", ""53"", ""60"", ""51"", ""343"", ""363"", ""62"", ""364"", ""373"", ""52"", ""85"", ""369"", ""144"", ""145"", ""82"", ""83"", ""142"", ""143"", ""220"", ""118"", ""147"", ""109"", ""154"", ""398"", ""97"", ""348"", ""421"", ""404"", ""271"", ""102"", ""92"", ""219""]",c1ec43b5ed87ab4806606cac70e48a99a65e5c27803f582ddf15c9e1dbe8de81,"{""boundary"": 12, ""community_rep"": 6, ""degree_core"": 10, ""random_fill"": 4}","{""degree_2"": 1, ""degree_3_4"": 2, ""degree_5_8"": 3, ""degree_9_plus"": 26}","{""1"": 2, ""11"": 1, ""12"": 1, ""13"": 1, ""14"": 2, ""2"": 1, ""3"": 7, ""4"": 8, ""5"": 1, ""6"": 1, ""7"": 1, ""8"": 4, ""9"": 2}",204,"{""backend"": ""evaluate_m19_theory_calibrated.candidate_features"", ""delta_mode"": ""none"", ""k_max"": 512, ""k_min"": 64, ""variant"": ""conservative""}",204,0.18053097345132743,0.7254901960784313,0.7254901960784313,0.04411764705882353,0.9950980392156863,"{""dp_17_64"": 0.0392156862745098, ""dp_257_plus"": 0.5196078431372549, ""dp_5_16"": 0.004901960784313725, ""dp_65_256"": 0.4362745098039216}","{""cn_0"": 0.9901960784313726, ""cn_1"": 0.004901960784313725, ""cn_2_3"": 0.004901960784313725}",0.014705882352941176,379.0147058823529,sasb_candidate_builder,83b6c1b12da3ea21cb18a4772a44637a8d5027152db60fcfb0abb57aac25bdd0,204,83b6c1b12da3ea21cb18a4772a44637a8d5027152db60fcfb0abb57aac25bdd0,"{""sasb_builder"": 204}",0,0,0,0,{},0.0,"{""common_neighbor_bin_l1"": 0.0, ""degree_product_bin_l1"": 0.0, ""is_boundary_edge_l1"": 0.0, ""is_bridge_edge_l1"": 0.0, ""is_inter_community_edge_l1"": 0.0, ""is_low_common_neighbor_edge_l1"": 0.0, ""mean_l1"": 0.0}",1,32,32,494.545385816973,0
realworld_completed,bio_celegans,SASB-candidate,sasb,SASB-structured,20260513,877,middle,0.9381898454746137,0.9381898454746137,0.0,14,14,0,0.4330864197530864,0.43358024691358027,28,363,28--363,8,27,8,27,216,2,0.2857142857142857,0,3,3,32,"[""96"", ""53"", ""60"", ""51"", ""343"", ""363"", ""62"", ""364"", ""373"", ""52"", ""85"", ""369"", ""144"", ""145"", ""82"", ""83"", ""142"", ""143"", ""220"", ""118"", ""147"", ""109"", ""154"", ""398"", ""97"", ""348"", ""421"", ""404"", ""26"", ""224"", ""396"", ""155""]",07dca93a275ca0518642fb0e6d00dd25f7fd669864ed219de4aa4ea59afb4b00,"{""boundary"": 12, ""community_rep"": 6, ""degree_core"": 10, ""random_fill"": 4}","{""degree_3_4"": 5, ""degree_5_8"": 1, ""degree_9_plus"": 26}","{""1"": 3, ""11"": 1, ""12"": 1, ""13"": 1, ""14"": 1, ""2"": 1, ""3"": 7, ""4"": 6, ""5"": 1, ""6"": 1, ""7"": 1, ""8"": 6, ""9"": 2}",204,"{""backend"": ""evaluate_m19_theory_calibrated.candidate_features"", ""delta_mode"": ""none"", ""k_max"": 512, ""k_min"": 64, ""variant"": ""conservative""}",204,0.18069087688219662,0.7254901960784313,0.7254901960784313,0.04411764705882353,0.9901960784313726,"{""dp_17_64"": 0.0392156862745098, ""dp_257_plus"": 0.5196078431372549, ""dp_5_16"": 0.004901960784313725, ""dp_65_256"": 0.4362745098039216}","{""cn_0"": 0.9901960784313726, ""cn_2_3"": 0.00980392156862745}",0.0196078431372549,377.47058823529414,sasb_candidate_builder,9a8b27cc3ac7844adc215c1845bc48fc34b1e99ff022da6d2036124ea25c36da,204,9a8b27cc3ac7844adc215c1845bc48fc34b1e99ff022da6d2036124ea25c36da,"{""sasb_builder"": 204}",0,0,0,0,{},0.0,"{""common_neighbor_bin_l1"": 0.0, ""degree_product_bin_l1"": 0.0, ""is_boundary_edge_l1"": 0.0, ""is_bridge_edge_l1"": 0.0, ""is_inter_community_edge_l1"": 0.0, ""is_low_common_neighbor_edge_l1"": 0.0, ""mean_l1"": 0.0}",1,32,32,427.69949016680647,0
realworld_completed,bio_celegans,SASB-candidate,sasb,SASB-structured,20260513,878,middle,0.9381898454746137,0.9381898454746137,0.0,14,14,0,0.43358024691358027,0.43407407407407406,51,84,51--84,54,4,4,54,216,2,0.6666666666666666,0,11,11,32,"[""96"", ""53"", ""60"", ""51"", ""343"", ""363"", ""62"", ""364"", ""373"", ""52"", ""85"", ""369"", ""144"", ""145"", ""82"", ""83"", ""142"", ""143"", ""220"", ""118"", ""147"", ""109"", ""154"", ""398"", ""97"", ""348"", ""421"", ""404"", ""219"", ""40"", ""329"", ""104""]",d6bbedb94678ee943cb1d122ac75d59f62c36f34aada49e0dc41947fa17f7822,"{""boundary"": 12, ""community_rep"": 6, ""degree_core"": 10, ""random_fill"": 4}","{""degree_3_4"": 3, ""degree_5_8"": 2, ""degree_9_plus"": 27}","{""1"": 2, ""11"": 1, ""12"": 1, ""13"": 1, ""14"": 1, ""2"": 1, ""3"": 8, ""4"": 7, ""5"": 2, ""6"": 1, ""7"": 1, ""8"": 4, ""9"": 2}",204,"{""backend"": ""evaluate_m19_theory_calibrated.candidate_features"", ""delta_mode"": ""none"", ""k_max"": 512, ""k_min"": 64, ""variant"": ""conservative""}",204,0.18085106382978725,0.7254901960784313,0.7254901960784313,0.04411764705882353,0.9950980392156863,"{""dp_17_64"": 0.0392156862745098, ""dp_257_plus"": 0.5196078431372549, ""dp_5_16"": 0.004901960784313725, ""dp_65_256"": 0.4362745098039216}","{""cn_0"": 0.9950980392156863, ""cn_2_3"": 0.004901960784313725}",0.00980392156862745,376.26960784313724,sasb_candidate_builder,a021f9598c366a45604b3bc07493023d78e74c73bf77f68e986c712bfac08873,204,a021f9598c366a45604b3bc07493023d78e74c73bf77f68e986c712bfac08873,"{""sasb_builder"": 204}",0,0,0,0,{},0.0,"{""common_neighbor_bin_l1"": 0.0, ""degree_product_bin_l1"": 0.0, ""is_boundary_edge_l1"": 0.0, ""is_bridge_edge_l1"": 0.0, ""is_inter_community_edge_l1"": 0.0, ""is_low_common_neighbor_edge_l1"": 0.0, ""mean_l1"": 0.0}",1,32,32,176.43977723665225,0
realworld_completed,bio_celegans,SASB-candidate,sasb,SASB-structured,20260513,879,middle,0.9381898454746137,0.9381898454746137,0.0,14,14,0,0.43407407407407406,0.4345679012345679,307,96,307--96,5,81,5,81,405,0,0.0,1,0,8,32,"[""96"", ""53"", ""60"", ""51"", ""343"", ""363"", ""62"", ""364"", ""373"", ""52"", ""85"", ""369"", ""144"", ""145"", ""82"", ""83"", ""142"", ""143"", ""220"", ""118"", ""147"", ""109"", ""154"", ""398"", ""97"", ""348"", ""421"", ""404"", ""48"", ""280"", ""198"", ""32""]",882186488242cb70fa479cbc39254e1354d3464e8e9191800c0c49d0264834ff,"{""boundary"": 12, ""community_rep"": 6, ""degree_core"": 10, ""random_fill"": 4}","{""degree_2"": 2, ""degree_3_4"": 2, ""degree_5_8"": 1, ""degree_9_plus"": 27}","{""1"": 3, ""11"": 1, ""12"": 1, ""13"": 1, ""14"": 1, ""2"": 1, ""3"": 8, ""4"": 5, ""5"": 2, ""6"": 1, ""7"": 1, ""8"": 4, ""9"": 3}",204,"{""backend"": ""evaluate_m19_theory_calibrated.candidate_features"", ""delta_mode"": ""none"", ""k_max"": 512, ""k_min"": 64, ""variant"": ""conservative""}",204,0.18101153504880213,0.7254901960784313,0.7254901960784313,0.04411764705882353,1.0,"{""dp_17_64"": 0.0392156862745098, ""dp_257_plus"": 0.5196078431372549, ""dp_5_16"": 0.004901960784313725, ""dp_65_256"": 0.4362745098039216}","{""cn_0"": 1.0}",0.0,375.0833333333333,sasb_candidate_builder,ccbb30c551386d93420a71c0fd2efc67e811fe8ba51a6f772b0254f63f64c82f,204,ccbb30c551386d93420a71c0fd2efc67e811fe8ba51a6f772b0254f63f64c82f,"{""sasb_builder"": 204}",0,0,0,0,{},0.0,"{""common_neighbor_bin_l1"": 0.0, ""degree_product_bin_l1"": 0.0, ""is_boundary_edge_l1"": 0.0, ""is_bridge_edge_l1"": 0.0, ""is_inter_community_edge_l1"": 0.0, ""is_low_common_neighbor_edge_l1"": 0.0, ""mean_l1"": 0.0}",1,32,32,0.0,0
realworld_completed,bio_celegans,SASB-candidate,sasb,SASB-structured,20260513,880,middle,0.9381898454746137,0.9381898454746137,0.0,14,14,0,0.4345679012345679,0.43506172839506174,312,60,312--60,4,30,4,30,120,0,0.0,1,1,4,32,"[""96"", ""53"", ""60"", ""51"", ""343"", ""363"", ""62"", ""364"", ""373"", ""85"", ""369"", ""52"", ""144"", ""145"", ""82"", ""83"", ""142"", ""143"", ""220"", ""118"", ""147"", ""109"", ""154"", ""398"", ""97"", ""348"", ""421"", ""404"", ""387"", ""424"", ""10"", ""26""]",276f69260bef31578559ce205f54cfacfb5082e856809b1cb7f711b25a66e5ff,"{""boundary"": 12, ""community_rep"": 6, ""degree_core"": 10, ""random_fill"": 4}","{""degree_3_4"": 4, ""degree_5_8"": 2, ""degree_9_plus"": 26}","{""1"": 3, ""11"": 2, ""12"": 1, ""13"": 2, ""14"": 1, ""2"": 1, ""3"": 8, ""4"": 5, ""5"": 1, ""6"": 1, ""7"": 1, ""8"": 5, ""9"": 1}",204,"{""backend"": ""evaluate_m19_theory_calibrated.candidate_features"", ""delta_mode"": ""none"", ""k_max"": 512, ""k_min"": 64, ""variant"": ""conservative""}",204,0.1811722912966252,0.7205882352941176,0.7205882352941176,0.04411764705882353,1.0,"{""dp_17_64"": 0.0392156862745098, ""dp_257_plus"": 0.5147058823529411, ""dp_5_16"": 0.00980392156862745, ""dp_65_256"": 0.4362745098039216}","{""cn_0"": 1.0}",0.0,370.94117647058823,sasb_candidate_builder,4143de1f7e224ee0e82e483c4688645dea5c7b2f583040970fc95c6cc9f49dc7,204,4143de1f7e224ee0e82e483c4688645dea5c7b2f583040970fc95c6cc9f49dc7,"{""sasb_builder"": 204}",0,0,0,0,{},0.0,"{""common_neighbor_bin_l1"": 0.0, ""degree_product_bin_l1"": 0.0, ""is_boundary_edge_l1"": 0.0, ""is_bridge_edge_l1"": 0.0, ""is_inter_community_edge_l1"": 0.0, ""is_low_common_neighbor_edge_l1"": 0.0, ""mean_l1"": 0.0}",1,32,32,0.0,0
realworld_completed,bio_celegans,SASB-candidate,sasb,SASB-structured,20260513,881,middle,0.9381898454746137,0.9381898454746137,0.0,14,14,0,0.43506172839506174,0.43555555555555553,313,96,313--96,5,80,5,80,400,1,0.25,0,0,0,32,"[""96"", ""53"", ""60"", ""51"", ""343"", ""363"", ""62"", ""364"", ""373"", ""85"", ""369"", ""52"", ""144"", ""145"", ""82"", ""83"", ""142"", ""143"", ""220"", ""118"", ""147"", ""109"", ""154"", ""398"", ""97"", ""348"", ""421"", ""404"", ""303"", ""246"", ""76"", ""358""]",5691dd41204df85e586e4f11a3b545e7ab00df50e99ef681be453e380ee5e6b9,"{""boundary"": 12, ""community_rep"": 6, ""degree_core"": 10, ""random_fill"": 4}","{""degree_2"": 2, ""degree_3_4"": 3, ""degree_5_8"": 1, ""degree_9_plus"": 26}","{""1"": 2, ""11"": 3, ""12"": 1, ""13"": 2, ""14"": 1, ""2"": 1, ""3"": 7, ""4"": 5, ""5"": 1, ""6"": 1, ""7"": 2, ""8"": 5, ""9"": 1}",203,"{""backend"": ""evaluate_m19_theory_calibrated.candidate_features"", ""delta_mode"": ""none"", ""k_max"": 512, ""k_min"": 64, ""variant"": ""conservative""}",203,0.18044444444444444,0.7192118226600985,0.7192118226600985,0.04433497536945813,1.0,"{""dp_17_64"": 0.03940886699507389, ""dp_257_plus"": 0.5172413793103449, ""dp_5_16"": 0.009852216748768473, ""dp_65_256"": 0.43349753694581283}","{""cn_0"": 1.0}",0.0,371.3743842364532,sasb_candidate_builder,585c13f8804377f24f93b68390dab23137807c8f638e8e78f3a5baea53c36f50,203,585c13f8804377f24f93b68390dab23137807c8f638e8e78f3a5baea53c36f50,"{""sasb_builder"": 203}",0,0,0,0,{},0.0,"{""common_neighbor_bin_l1"": 0.0, ""degree_product_bin_l1"": 0.0, ""is_boundary_edge_l1"": 0.0, ""is_bridge_edge_l1"": 0.0, ""is_inter_community_edge_l1"": 0.0, ""is_low_common_neighbor_edge_l1"": 0.0, ""mean_l1"": 0.0}",1,32,32,0.0,0
realworld_completed,bio_celegans,SASB-candidate,sasb,SASB-structured,20260513,882,middle,0.9381898454746137,0.9381898454746137,0.0,14,14,0,0.43555555555555553,0.43604938271604937,313,97,313--97,4,11,4,11,44,1,0.3333333333333333,1,4,16,32,"[""96"", ""53"", ""60"", ""51"", ""343"", ""363"", ""62"", ""364"", ""373"", ""85"", ""369"", ""52"", ""144"", ""145"", ""82"", ""83"", ""142"", ""143"", ""220"", ""118"", ""147"", ""109"", ""154"", ""398"", ""97"", ""348"", ""421"", ""404"", ""198"", ""146"", ""140"", ""434""]",24dacd4c16acf6a794076c42112f279cdf266a32b90db11a5ee7741b21320557,"{""boundary"": 12, ""community_rep"": 6, ""degree_core"": 10, ""random_fill"": 4}","{""degree_2"": 2, ""degree_3_4"": 2, ""degree_5_8"": 2, ""degree_9_plus"": 26}","{""1"": 3, ""11"": 2, ""12"": 1, ""13"": 1, ""14"": 1, ""2"": 2, ""3"": 7, ""4"": 6, ""5"": 1, ""6"": 1, ""7"": 2, ""8"": 4, ""9"": 1}",203,"{""backend"": ""evaluate_m19_theory_calibrated.candidate_features"", ""delta_mode"": ""none"", ""k_max"": 512, ""k_min"": 64, ""variant"": ""conservative""}",203,0.1806049822064057,0.7192118226600985,0.7192118226600985,0.04433497536945813,1.0,"{""dp_17_64"": 0.03940886699507389, ""dp_257_plus"": 0.5123152709359606, ""dp_5_16"": 0.009852216748768473, ""dp_65_256"": 0.43842364532019706}","{""cn_0"": 1.0}",0.0,368.1773399014778,sasb_candidate_builder,4c9d0dfcea5ce9c6fc6ef2c3b2afdfae123f7fbefa6b88832210e5a1bedeb32a,203,4c9d0dfcea5ce9c6fc6ef2c3b2afdfae123f7fbefa6b88832210e5a1bedeb32a,"{""sasb_builder"": 203}",0,0,0,0,{},0.0,"{""common_neighbor_bin_l1"": 0.0, ""degree_product_bin_l1"": 0.0, ""is_boundary_edge_l1"": 0.0, ""is_bridge_edge_l1"": 0.0, ""is_inter_community_edge_l1"": 0.0, ""is_low_common_neighbor_edge_l1"": 0.0, ""mean_l1"": 0.0}",1,32,32,0.0,0
realworld_completed,bio_celegans,SASB-candidate,sasb,SASB-structured,20260513,883,middle,0.9381898454746137,0.9381898454746137,0.0,14,14,0,0.43604938271604937,0.4365432098765432,314,62,314--62,9,38,9,38,342,1,0.125,1,4,3,32,"[""96"", ""53"", ""60"", ""51"", ""343"", ""363"", ""62"", ""364"", ""373"", ""85"", ""369"", ""52"", ""144"", ""145"", ""82"", ""83"", ""142"", ""143"", ""220"", ""118"", ""147"", ""109"", ""154"", ""398"", ""97"", ""348"", ""421"", ""404"", ""242"", ""447"", ""375"", ""239""]",f83e943fcc6f1c37b715f643f6729897668a3a784396f47469cd127027eb88e8,"{""boundary"": 12, ""community_rep"": 6, ""degree_core"": 10, ""random_fill"": 4}","{""degree_2"": 1, ""degree_3_4"": 3, ""degree_5_8"": 2, ""degree_9_plus"": 26}","{""0"": 1, ""1"": 2, ""11"": 2, ""12"": 1, ""13"": 1, ""14"": 1, ""2"": 1, ""3"": 7, ""4"": 7, ""5"": 1, ""6"": 1, ""7"": 1, ""8"": 4, ""9"": 2}",203,"{""backend"": ""evaluate_m19_theory_calibrated.candidate_features"", ""delta_mode"": ""none"", ""k_max"": 512, ""k_min"": 64, ""variant"": ""conservative""}",203,0.18076580587711488,0.7142857142857143,0.7142857142857143,0.04433497536945813,1.0,"{""dp_17_64"": 0.034482758620689655, ""dp_257_plus"": 0.5123152709359606, ""dp_5_16"": 0.009852216748768473, ""dp_65_256"": 0.4433497536945813}","{""cn_0"": 1.0}",0.0,368.9408866995074,sasb_candidate_builder,3684945b1d34c3b3af092f763c1987d3956171b17161c62473009705239844db,203,3684945b1d34c3b3af092f763c1987d3956171b17161c62473009705239844db,"{""sasb_builder"": 203}",0,0,0,0,{},0.0,"{""common_neighbor_bin_l1"": 0.0, ""degree_product_bin_l1"": 0.0, ""is_boundary_edge_l1"": 0.0, ""is_bridge_edge_l1"": 0.0, ""is_inter_community_edge_l1"": 0.0, ""is_low_common_neighbor_edge_l1"": 0.0, ""mean_l1"": 0.0}",1,32,32,0.0,0
realworld_completed,bio_celegans,SASB-candidate,sasb,SASB-structured,20260513,884,middle,0.9381898454746137,0.9381898454746137,0.0,14,14,0,0.4365432098765432,0.43703703703703706,109,363,109--363,16,26,16,26,416,5,0.3333333333333333,0,3,3,32,"[""96"", ""53"", ""60"", ""51"", ""343"", ""363"", ""364"", ""373"", ""62"", ""85"", ""369"", ""52"", ""144"", ""145"", ""82"", ""83"", ""142"", ""143"", ""220"", ""118"", ""147"", ""109"", ""154"", ""398"", ""97"", ""348"", ""421"", ""404"", ""351"", ""25"", ""48"", ""277""]",e69ab1e0bd457611e11edc13a366fbee984deff62f78994a6941479fc142ac7e,"{""boundary"": 12, ""community_rep"": 6, ""degree_core"": 10, ""random_fill"": 4}","{""degree_2"": 2, ""degree_3_4"": 3, ""degree_5_8"": 1, ""degree_9_plus"": 26}","{""1"": 3, ""11"": 3, ""12"": 1, ""13"": 1, ""14"": 1, ""2"": 1, ""3"": 7, ""4"": 6, ""5"": 1, ""6"": 1, ""7"": 1, ""8"": 5, ""9"": 1}",203,"{""backend"": ""evaluate_m19_theory_calibrated.candidate_features"", ""delta_mode"": ""none"", ""k_max"": 512, ""k_min"": 64, ""variant"": ""conservative""}",203,0.18092691622103388,0.7093596059113301,0.7093596059113301,0.04433497536945813,0.9950738916256158,"{""dp_17_64"": 0.034482758620689655, ""dp_257_plus"": 0.5123152709359606, ""dp_5_16"": 0.009852216748768473, ""dp_65_256"": 0.4433497536945813}","{""cn_0"": 0.9950738916256158, ""cn_4_8"": 0.0049261083743842365}",0.024630541871921183,368.16748768472905,sasb_candidate_builder,a3cdd4099765ff086f14feab09144f253034df3ce5dd294e78bdf8829e0f2e94,203,a3cdd4099765ff086f14feab09144f253034df3ce5dd294e78bdf8829e0f2e94,"{""sasb_builder"": 203}",0,0,0,0,{},0.0,"{""common_neighbor_bin_l1"": 0.0, ""degree_product_bin_l1"": 0.0, ""is_boundary_edge_l1"": 0.0, ""is_bridge_edge_l1"": 0.0, ""is_inter_community_edge_l1"": 0.0, ""is_low_common_neighbor_edge_l1"": 0.0, ""mean_l1"": 0.0}",1,32,32,2431.2604898985137,0
realworld_completed,bio_celegans,SASB-candidate,sasb,SASB-structured,20260513,885,middle,0.9381898454746137,0.9381898454746137,0.0,14,14,0,0.43703703703703706,0.43753086419753084,314,96,314--96,8,79,8,79,632,2,0.2857142857142857,1,4,8,32,"[""96"", ""53"", ""60"", ""51"", ""343"", ""363"", ""364"", ""373"", ""62"", ""85"", ""369"", ""52"", ""144"", ""145"", ""82"", ""83"", ""142"", ""143"", ""220"", ""118"", ""147"", ""440"", ""154"", ""398"", ""97"", ""348"", ""421"", ""404"", ""191"", ""304"", ""214"", ""374""]",eee0654c42973e01a479aa66d5b7162188fb154b7c869c857f8e359a79d81383,"{""boundary"": 12, ""community_rep"": 6, ""degree_core"": 10, ""random_fill"": 4}","{""degree_3_4"": 4, ""degree_5_8"": 2, ""degree_9_plus"": 26}","{""1"": 2, ""11"": 2, ""12"": 1, ""13"": 1, ""14"": 1, ""2"": 1, ""3"": 6, ""4"": 7, ""5"": 1, ""6"": 2, ""7"": 1, ""8"": 6, ""9"": 1}",203,"{""backend"": ""evaluate_m19_theory_calibrated.candidate_features"", ""delta_mode"": ""none"", ""k_max"": 512, ""k_min"": 64, ""variant"": ""conservative""}",203,0.18108831400535236,0.7093596059113301,0.7093596059113301,0.04433497536945813,1.0,"{""dp_17_64"": 0.034482758620689655, ""dp_257_plus"": 0.5123152709359606, ""dp_5_16"": 0.009852216748768473, ""dp_65_256"": 0.4433497536945813}","{""cn_0"": 1.0}",0.0,368.00985221674875,sasb_candidate_builder,307fa61258053fb4a27613c10a4d7e17413edce65d7ab70228c12d077db49649,203,307fa61258053fb4a27613c10a4d7e17413edce65d7ab70228c12d077db49649,"{""sasb_builder"": 203}",0,0,0,0,{},0.0,"{""common_neighbor_bin_l1"": 0.0, ""degree_product_bin_l1"": 0.0, ""is_boundary_edge_l1"": 0.0, ""is_bridge_edge_l1"": 0.0, ""is_inter_community_edge_l1"": 0.0, ""is_low_common_neighbor_edge_l1"": 0.0, ""mean_l1"": 0.0}",1,32,32,0.0,0
realworld_completed,bio_celegans,SASB-candidate,sasb,SASB-structured,20260513,886,middle,0.9381898454746137,0.9381898454746137,0.0,14,14,0,0.43753086419753084,0.4380246913580247,314,97,314--97,7,10,7,10,70,0,0.0,1,5,8,32,"[""96"", ""53"", ""60"", ""51"", ""343"", ""363"", ""364"", ""373"", ""62"", ""85"", ""369"", ""52"", ""144"", ""145"", ""82"", ""83"", ""142"", ""143"", ""220"", ""118"", ""147"", ""440"", ""154"", ""398"", ""97"", ""348"", ""421"", ""404"", ""251"", ""439"", ""447"", ""49""]",d4a86e2a2f3b4e97637ce218e5b3445d3c07878e0ca61139232a810530f62176,"{""boundary"": 12, ""community_rep"": 6, ""degree_core"": 10, ""random_fill"": 4}","{""degree_2"": 2, ""degree_3_4"": 2, ""degree_5_8"": 2, ""degree_9_plus"": 26}","{""1"": 2, ""11"": 3, ""12"": 1, ""13"": 1, ""14"": 1, ""2"": 1, ""3"": 7, ""4"": 5, ""5"": 1, ""6"": 1, ""7"": 2, ""8"": 5, ""9"": 2}",203,"{""backend"": ""evaluate_m19_theory_calibrated.candidate_features"", ""delta_mode"": ""none"", ""k_max"": 512, ""k_min"": 64, ""variant"": ""conservative""}",203,0.18125,0.7093596059113301,0.7093596059113301,0.04433497536945813,1.0,"{""dp_17_64"": 0.034482758620689655, ""dp_257_plus"": 0.5123152709359606, ""dp_5_16"": 0.009852216748768473, ""dp_65_256"": 0.4433497536945813}","{""cn_0"": 1.0}",0.0,364.3645320197044,sasb_candidate_builder,2289ae08f37ee1e5b98034039a6dc1c9ff56adad335edf48ef9f4c5434363fe2,203,2289ae08f37ee1e5b98034039a6dc1c9ff56adad335edf48ef9f4c5434363fe2,"{""sasb_builder"": 203}",0,0,0,0,{},0.0,"{""common_neighbor_bin_l1"": 0.0, ""degree_product_bin_l1"": 0.0, ""is_boundary_edge_l1"": 0.0, ""is_bridge_edge_l1"": 0.0, ""is_inter_community_edge_l1"": 0.0, ""is_low_common_neighbor_edge_l1"": 0.0, ""mean_l1"": 0.0}",1,32,32,0.0,0
realworld_completed,bio_celegans,SASB-candidate,sasb,SASB-structured,20260513,887,middle,0.9381898454746137,0.9381898454746137,0.0,14,14,0,0.4380246913580247,0.43851851851851853,315,96,315--96,10,78,10,78,780,4,0.4444444444444444,1,3,9,32,"[""96"", ""53"", ""60"", ""51"", ""343"", ""363"", ""364"", ""373"", ""62"", ""85"", ""369"", ""52"", ""144"", ""145"", ""82"", ""83"", ""142"", ""143"", ""220"", ""118"", ""147"", ""440"", ""154"", ""398"", ""97"", ""348"", ""421"", ""404"", ""448"", ""221"", ""63"", ""326""]",305ad9d375abb09f6068a718f0b1aedd26149ae82174069ba3af926aefe14eca,"{""boundary"": 12, ""community_rep"": 6, ""degree_core"": 10, ""random_fill"": 4}","{""degree_3_4"": 4, ""degree_5_8"": 2, ""degree_9_plus"": 26}","{""1"": 3, ""11"": 3, ""12"": 1, ""13"": 1, ""14"": 1, ""2"": 1, ""3"": 7, ""4"": 6, ""5"": 1, ""6"": 1, ""7"": 1, ""8"": 5, ""9"": 1}",203,"{""backend"": ""evaluate_m19_theory_calibrated.candidate_features"", ""delta_mode"": ""none"", ""k_max"": 512, ""k_min"": 64, ""variant"": ""conservative""}",203,0.18141197497765862,0.7044334975369458,0.7044334975369458,0.04433497536945813,1.0,"{""dp_17_64"": 0.034482758620689655, ""dp_257_plus"": 0.5172413793103449, ""dp_5_16"": 0.009852216748768473, ""dp_65_256"": 0.43842364532019706}","{""cn_0"": 1.0}",0.0,365.33004926108373,sasb_candidate_builder,342459e3d3f22096b971b237e0da9fbbdbb9884c1948550b7edc92b31f1a8a02,203,342459e3d3f22096b971b237e0da9fbbdbb9884c1948550b7edc92b31f1a8a02,"{""sasb_builder"": 203}",0,0,0,0,{},0.0,"{""common_neighbor_bin_l1"": 0.0, ""degree_product_bin_l1"": 0.0, ""is_boundary_edge_l1"": 0.0, ""is_bridge_edge_l1"": 0.0, ""is_inter_community_edge_l1"": 0.0, ""is_low_common_neighbor_edge_l1"": 0.0, ""mean_l1"": 0.0}",1,32,32,0.0,0
realworld_completed,bio_celegans,SASB-candidate,sasb,SASB-structured,20260513,888,middle,0.9381898454746137,0.9381898454746137,0.0,14,14,0,0.43851851851851853,0.4390123456790124,315,363,315--363,9,25,9,25,225,2,0.25,0,2,2,32,"[""96"", ""53"", ""60"", ""51"", ""343"", ""363"", ""364"", ""373"", ""62"", ""85"", ""369"", ""52"", ""144"", ""145"", ""82"", ""83"", ""142"", ""143"", ""220"", ""118"", ""147"", ""440"", ""154"", ""398"", ""97"", ""348"", ""421"", ""404"", ""175"", ""334"", ""420"", ""30""]",3c44b19141a2ad4839d609f0e82fa14fef0e4275ccde7933998fd287e053c69f,"{""boundary"": 12, ""community_rep"": 6, ""degree_core"": 10, ""random_fill"": 4}","{""degree_2"": 1, ""degree_3_4"": 4, ""degree_5_8"": 1, ""degree_9_plus"": 26}","{""1"": 2, ""11"": 2, ""12"": 1, ""13"": 1, ""14"": 2, ""2"": 1, ""3"": 7, ""4"": 5, ""5"": 1, ""6"": 1, ""7"": 1, ""8"": 6, ""9"": 2}",203,"{""backend"": ""evaluate_m19_theory_calibrated.candidate_features"", ""delta_mode"": ""none"", ""k_max"": 512, ""k_min"": 64, ""variant"": ""conservative""}",203,0.1815742397137746,0.6995073891625616,0.6995073891625616,0.04433497536945813,0.9901477832512315,"{""dp_17_64"": 0.034482758620689655, ""dp_257_plus"": 0.5123152709359606, ""dp_5_16"": 0.009852216748768473, ""dp_65_256"": 0.4433497536945813}","{""cn_0"": 0.9901477832512315, ""cn_2_3"": 0.0049261083743842365, ""cn_4_8"": 0.0049261083743842365}",0.029556650246305417,360.83251231527095,sasb_candidate_builder,78bafbcc348468e44f36c46b8bbd65f18b9ff7d3988acc4d22af6d2f47463e9b,203,78bafbcc348468e44f36c46b8bbd65f18b9ff7d3988acc4d22af6d2f47463e9b,"{""sasb_builder"": 203}",0,0,0,0,{},0.0,"{""common_neighbor_bin_l1"": 0.0, ""degree_product_bin_l1"": 0.0, ""is_boundary_edge_l1"": 0.0, ""is_bridge_edge_l1"": 0.0, ""is_inter_community_edge_l1"": 0.0, ""is_low_common_neighbor_edge_l1"": 0.0, ""mean_l1"": 0.0}",1,32,32,373.16146407762983,0
realworld_completed,bio_celegans,SASB-candidate,sasb,SASB-structured,20260513,889,middle,0.9381898454746137,0.9381898454746137,0.0,14,14,0,0.4390123456790124,0.43950617283950616,236,343,236--343,7,38,7,38,266,3,0.5,0,2,2,32,"[""96"", ""53"", ""60"", ""51"", ""343"", ""363"", ""364"", ""373"", ""62"", ""85"", ""369"", ""52"", ""144"", ""145"", ""82"", ""83"", ""142"", ""143"", ""220"", ""118"", ""147"", ""440"", ""154"", ""398"", ""97"", ""348"", ""421"", ""404"", ""327"", ""71"", ""40"", ""131""]",a64ee5f6671c048b082d40e874b54205355ba2a7cf7bb79a64411b7c83704bd4,"{""boundary"": 12, ""community_rep"": 6, ""degree_core"": 10, ""random_fill"": 4}","{""degree_2"": 1, ""degree_3_4"": 2, ""degree_5_8"": 2, ""degree_9_plus"": 27}","{""1"": 2, ""11"": 2, ""12"": 1, ""13"": 1, ""14"": 1, ""2"": 1, ""3"": 7, ""4"": 6, ""5"": 1, ""6"": 1, ""7"": 1, ""8"": 6, ""9"": 2}",203,"{""backend"": ""evaluate_m19_theory_calibrated.candidate_features"", ""delta_mode"": ""none"", ""k_max"": 512, ""k_min"": 64, ""variant"": ""conservative""}",203,0.18173679498657117,0.6995073891625616,0.6995073891625616,0.04433497536945813,0.9950738916256158,"{""dp_17_64"": 0.034482758620689655, ""dp_257_plus"": 0.5172413793103449, ""dp_5_16"": 0.009852216748768473, ""dp_65_256"": 0.43842364532019706}","{""cn_0"": 0.9950738916256158, ""cn_2_3"": 0.0049261083743842365}",0.014778325123152709,359.37931034482756,sasb_candidate_builder,9cbb161e42bdc5c1d8b41f8961e32d3f8fde5ab692a8864e3f55ed65c4200d4d,203,9cbb161e42bdc5c1d8b41f8961e32d3f8fde5ab692a8864e3f55ed65c4200d4d,"{""sasb_builder"": 203}",0,0,0,0,{},0.0,"{""common_neighbor_bin_l1"": 0.0, ""degree_product_bin_l1"": 0.0, ""is_boundary_edge_l1"": 0.0, ""is_bridge_edge_l1"": 0.0, ""is_inter_community_edge_l1"": 0.0, ""is_low_common_neighbor_edge_l1"": 0.0, ""mean_l1"": 0.0}",1,32,32,831.547687281909,0
realworld_completed,bio_celegans,SASB-candidate,sasb,SASB-structured,20260513,890,middle,0.9381898454746137,0.9381898454746137,0.0,14,14,0,0.43950617283950616,0.44,109,343,109--343,15,37,15,37,555,7,0.5,0,2,2,32,"[""96"", ""53"", ""60"", ""51"", ""343"", ""363"", ""373"", ""364"", ""62"", ""85"", ""369"", ""349"", ""144"", ""145"", ""82"", ""83"", ""142"", ""143"", ""52"", ""220"", ""118"", ""147"", ""154"", ""398"", ""97"", ""348"", ""421"", ""404"", ""360"", ""179"", ""432"", ""99""]",37abe44318188c912375dcd6b75e69bb8be43db807d736a3310009c0df3fe333,"{""boundary"": 12, ""community_rep"": 6, ""degree_core"": 10, ""random_fill"": 4}","{""degree_0_1"": 1, ""degree_3_4"": 3, ""degree_5_8"": 3, ""degree_9_plus"": 25}","{""0"": 5, ""12"": 2, ""13"": 1, ""14"": 1, ""15"": 1, ""16"": 2, ""2"": 6, ""3"": 5, ""4"": 4, ""6"": 1, ""7"": 2, ""8"": 1, ""9"": 1}",203,"{""backend"": ""evaluate_m19_theory_calibrated.candidate_features"", ""delta_mode"": ""none"", ""k_max"": 512, ""k_min"": 64, ""variant"": ""conservative""}",203,0.18189964157706093,0.7093596059113301,0.7093596059113301,0.04433497536945813,0.9901477832512315,"{""dp_17_64"": 0.034482758620689655, ""dp_257_plus"": 0.5073891625615764, ""dp_5_16"": 0.014778325123152709, ""dp_65_256"": 0.4433497536945813}","{""cn_0"": 0.9901477832512315, ""cn_2_3"": 0.0049261083743842365, ""cn_4_8"": 0.0049261083743842365}",0.04433497536945813,355.64039408866995,sasb_candidate_builder,d05dfd663929f9ba692bc9334db1486994151fe6ad605e6294363a72d33395d9,203,d05dfd663929f9ba692bc9334db1486994151fe6ad605e6294363a72d33395d9,"{""sasb_builder"": 203}",0,0,0,0,{},0.0,"{""common_neighbor_bin_l1"": 0.0, ""degree_product_bin_l1"": 0.0, ""is_boundary_edge_l1"": 0.0, ""is_bridge_edge_l1"": 0.0, ""is_inter_community_edge_l1"": 0.0, ""is_low_common_neighbor_edge_l1"": 0.0, ""mean_l1"": 0.0}",1,32,32,992.0719298636909,0
realworld_completed,bio_celegans,SASB-candidate,sasb,SASB-structured,20260513,891,middle,0.9381898454746137,0.9381898454746137,0.0,14,14,0,0.44,0.44049382716049384,180,343,180--343,3,36,3,36,108,0,0.0,0,3,3,32,"[""96"", ""53"", ""60"", ""51"", ""343"", ""363"", ""373"", ""364"", ""62"", ""85"", ""369"", ""349"", ""144"", ""145"", ""82"", ""83"", ""142"", ""143"", ""52"", ""220"", ""118"", ""147"", ""154"", ""398"", ""97"", ""348"", ""421"", ""404"", ""19"", ""393"", ""387"", ""430""]",1979d2d5557189833ea5829fcb8609ab2f01f53c3a3651d4362c4afaad16fe00,"{""boundary"": 12, ""community_rep"": 6, ""degree_core"": 10, ""random_fill"": 4}","{""degree_0_1"": 1, ""degree_3_4"": 2, ""degree_5_8"": 4, ""degree_9_plus"": 25}","{""0"": 4, ""11"": 1, ""12"": 2, ""13"": 1, ""14"": 1, ""15"": 1, ""16"": 2, ""2"": 6, ""3"": 5, ""4"": 5, ""6"": 1, ""7"": 1, ""8"": 1, ""9"": 1}",203,"{""backend"": ""evaluate_m19_theory_calibrated.candidate_features"", ""delta_mode"": ""none"", ""k_max"": 512, ""k_min"": 64, ""variant"": ""conservative""}",203,0.18206278026905828,0.7093596059113301,0.7093596059113301,0.04433497536945813,0.9950738916256158,"{""dp_17_64"": 0.034482758620689655, ""dp_257_plus"": 0.5024630541871922, ""dp_5_16"": 0.014778325123152709, ""dp_65_256"": 0.4482758620689655}","{""cn_0"": 0.9901477832512315, ""cn_1"": 0.0049261083743842365, ""cn_2_3"": 0.0049261083743842365}",0.014778325123152709,352.0738916256158,sasb_candidate_builder,0501a7bbec5693d254871458b99f8b750b89a7143f4e746676ed4a187499c0bd,203,0501a7bbec5693d254871458b99f8b750b89a7143f4e746676ed4a187499c0bd,"{""sasb_builder"": 203}",0,0,0,0,{},0.0,"{""common_neighbor_bin_l1"": 0.0, ""degree_product_bin_l1"": 0.0, ""is_boundary_edge_l1"": 0.0, ""is_bridge_edge_l1"": 0.0, ""is_inter_community_edge_l1"": 0.0, ""is_low_common_neighbor_edge_l1"": 0.0, ""mean_l1"": 0.0}",1,32,32,462.0367616401095,0
realworld_completed,bio_celegans,SASB-candidate,sasb,SASB-structured,20260513,892,middle,0.9381898454746137,0.9381898454746137,0.0,14,14,0,0.44049382716049384,0.44098765432098763,111,343,111--343,6,35,6,35,210,1,0.2,0,2,2,32,"[""96"", ""53"", ""60"", ""51"", ""343"", ""363"", ""373"", ""364"", ""62"", ""85"", ""369"", ""349"", ""144"", ""145"", ""82"", ""83"", ""142"", ""143"", ""52"", ""220"", ""118"", ""147"", ""154"", ""398"", ""97"", ""348"", ""421"", ""404"", ""7"", ""352"", ""445"", ""137""]",03bbbcd80897b70047b341726515a5372860a5d0682d88ce2cb3e6992bdbd205,"{""boundary"": 12, ""community_rep"": 6, ""degree_core"": 10, ""random_fill"": 4}","{""degree_3_4"": 4, ""degree_5_8"": 3, ""degree_9_plus"": 25}","{""0"": 3, ""12"": 3, ""13"": 2, ""14"": 1, ""15"": 1, ""16"": 1, ""2"": 6, ""3"": 6, ""4"": 4, ""6"": 1, ""7"": 2, ""8"": 1, ""9"": 1}",202,"{""backend"": ""evaluate_m19_theory_calibrated.candidate_features"", ""delta_mode"": ""none"", ""k_max"": 512, ""k_min"": 64, ""variant"": ""conservative""}",202,0.1813285457809695,0.7128712871287128,0.7128712871287128,0.04455445544554455,1.0,"{""dp_17_64"": 0.034653465346534656, ""dp_257_plus"": 0.504950495049505, ""dp_5_16"": 0.01485148514851485, ""dp_65_256"": 0.44554455445544555}","{""cn_0"": 0.995049504950495, ""cn_1"": 0.0049504950495049506}",0.0049504950495049506,351.55940594059405,sasb_candidate_builder,40b442d142c974fd217dbe5d98a4c8d7284df2b808d05ac745436bfa676fe39c,202,40b442d142c974fd217dbe5d98a4c8d7284df2b808d05ac745436bfa676fe39c,"{""sasb_builder"": 202}",0,0,0,0,{},0.0,"{""common_neighbor_bin_l1"": 0.0, ""degree_product_bin_l1"": 0.0, ""is_boundary_edge_l1"": 0.0, ""is_bridge_edge_l1"": 0.0, ""is_inter_community_edge_l1"": 0.0, ""is_low_common_neighbor_edge_l1"": 0.0, ""mean_l1"": 0.0}",1,32,32,444.0094633832985,0
realworld_completed,bio_celegans,SASB-candidate,sasb,SASB-structured,20260513,893,middle,0.9381898454746137,0.9381898454746137,0.0,14,14,0,0.44098765432098763,0.4414814814814815,343,408,343--408,34,6,6,34,204,2,0.4,0,2,2,32,"[""96"", ""53"", ""60"", ""51"", ""343"", ""363"", ""373"", ""364"", ""62"", ""85"", ""369"", ""349"", ""144"", ""145"", ""82"", ""83"", ""142"", ""143"", ""52"", ""220"", ""118"", ""147"", ""154"", ""398"", ""97"", ""348"", ""421"", ""404"", ""347"", ""206"", ""124"", ""116""]",f63571c53f9ba2721cbd6d1a436e230033359422188605934201a42f1db30d4c,"{""boundary"": 12, ""community_rep"": 6, ""degree_core"": 10, ""random_fill"": 4}","{""degree_2"": 2, ""degree_3_4"": 2, ""degree_5_8"": 3, ""degree_9_plus"": 25}","{""0"": 3, ""12"": 2, ""13"": 1, ""14"": 1, ""15"": 2, ""16"": 2, ""2"": 6, ""3"": 5, ""4"": 4, ""6"": 1, ""7"": 2, ""8"": 1, ""9"": 2}",202,"{""backend"": ""evaluate_m19_theory_calibrated.candidate_features"", ""delta_mode"": ""none"", ""k_max"": 512, ""k_min"": 64, ""variant"": ""conservative""}",202,0.18149146451033243,0.7128712871287128,0.7128712871287128,0.04455445544554455,0.995049504950495,"{""dp_17_64"": 0.034653465346534656, ""dp_257_plus"": 0.504950495049505, ""dp_5_16"": 0.01485148514851485, ""dp_65_256"": 0.44554455445544555}","{""cn_0"": 0.995049504950495, ""cn_2_3"": 0.0049504950495049506}",0.009900990099009901,349.85643564356434,sasb_candidate_builder,d2efeae6001e4b40fd8ff0c5531d680467d1dfec2aab40d36a70d278f14256d6,202,d2efeae6001e4b40fd8ff0c5531d680467d1dfec2aab40d36a70d278f14256d6,"{""sasb_builder"": 202}",0,0,0,0,{},0.0,"{""common_neighbor_bin_l1"": 0.0, ""degree_product_bin_l1"": 0.0, ""is_boundary_edge_l1"": 0.0, ""is_bridge_edge_l1"": 0.0, ""is_inter_community_edge_l1"": 0.0, ""is_low_common_neighbor_edge_l1"": 0.0, ""mean_l1"": 0.0}",1,32,32,325.34865607329,0
realworld_completed,bio_celegans,SASB-candidate,sasb,SASB-structured,20260513,894,middle,0.9381898454746137,0.9381898454746137,0.0,14,14,0,0.4414814814814815,0.4419753086419753,316,96,316--96,5,77,5,77,385,2,0.5,1,3,0,32,"[""96"", ""53"", ""60"", ""51"", ""343"", ""363"", ""373"", ""364"", ""62"", ""85"", ""369"", ""349"", ""144"", ""145"", ""82"", ""83"", ""142"", ""143"", ""52"", ""220"", ""118"", ""147"", ""154"", ""398"", ""97"", ""348"", ""421"", ""404"", ""288"", ""69"", ""372"", ""307""]",5b2f3c3fd263f2d3dc3f4fdaa1790590ba99094d582509acf5c88b27b97a8a84,"{""boundary"": 12, ""community_rep"": 6, ""degree_core"": 10, ""random_fill"": 4}","{""degree_2"": 1, ""degree_3_4"": 3, ""degree_5_8"": 3, ""degree_9_plus"": 25}","{""0"": 4, ""12"": 2, ""13"": 1, ""14"": 1, ""15"": 1, ""16"": 2, ""2"": 6, ""3"": 6, ""4"": 4, ""6"": 1, ""7"": 2, ""8"": 1, ""9"": 1}",202,"{""backend"": ""evaluate_m19_theory_calibrated.candidate_features"", ""delta_mode"": ""none"", ""k_max"": 512, ""k_min"": 64, ""variant"": ""conservative""}",202,0.18165467625899281,0.7128712871287128,0.7128712871287128,0.04455445544554455,1.0,"{""dp_17_64"": 0.034653465346534656, ""dp_257_plus"": 0.5099009900990099, ""dp_5_16"": 0.01485148514851485, ""dp_65_256"": 0.4405940594059406}","{""cn_0"": 1.0}",0.0,347.9504950495049,sasb_candidate_builder,91c33e2df356d43c27325d6fc336f7494a1d4aa6b4d6093f4778eba581ec31fc,202,91c33e2df356d43c27325d6fc336f7494a1d4aa6b4d6093f4778eba581ec31fc,"{""sasb_builder"": 202}",0,0,0,0,{},0.0,"{""common_neighbor_bin_l1"": 0.0, ""degree_product_bin_l1"": 0.0, ""is_boundary_edge_l1"": 0.0, ""is_bridge_edge_l1"": 0.0, ""is_inter_community_edge_l1"": 0.0, ""is_low_common_neighbor_edge_l1"": 0.0, ""mean_l1"": 0.0}",1,32,32,0.0,0
realworld_completed,bio_celegans,SASB-candidate,sasb,SASB-structured,20260513,895,middle,0.9381898454746137,0.9381898454746137,0.0,14,14,0,0.4419753086419753,0.44246913580246916,317,60,317--60,3,29,3,29,87,0,0.0,1,8,3,32,"[""96"", ""53"", ""60"", ""51"", ""343"", ""363"", ""373"", ""364"", ""62"", ""85"", ""369"", ""349"", ""144"", ""145"", ""82"", ""83"", ""142"", ""143"", ""52"", ""220"", ""118"", ""147"", ""154"", ""398"", ""97"", ""348"", ""421"", ""404"", ""439"", ""38"", ""183"", ""254""]",b6261ef24eb6e104a8c3f9a92d2ce1902a97f331730d6e67af48343ea35dd007,"{""boundary"": 12, ""community_rep"": 6, ""degree_core"": 10, ""random_fill"": 4}","{""degree_3_4"": 4, ""degree_5_8"": 3, ""degree_9_plus"": 25}","{""0"": 3, ""12"": 3, ""13"": 1, ""14"": 1, ""15"": 1, ""16"": 1, ""2"": 7, ""3"": 6, ""4"": 4, ""6"": 1, ""7"": 2, ""8"": 1, ""9"": 1}",202,"{""backend"": ""evaluate_m19_theory_calibrated.candidate_features"", ""delta_mode"": ""none"", ""k_max"": 512, ""k_min"": 64, ""variant"": ""conservative""}",202,0.18181818181818182,0.7079207920792079,0.7079207920792079,0.04455445544554455,1.0,"{""dp_17_64"": 0.034653465346534656, ""dp_257_plus"": 0.5099009900990099, ""dp_5_16"": 0.01485148514851485, ""dp_65_256"": 0.4405940594059406}","{""cn_0"": 1.0}",0.0,346.94059405940595,sasb_candidate_builder,cbcb5b276e48a564310eb23ae62e12359d8ca49cf3728728ca163e230fb0732f,202,cbcb5b276e48a564310eb23ae62e12359d8ca49cf3728728ca163e230fb0732f,"{""sasb_builder"": 202}",0,0,0,0,{},0.0,"{""common_neighbor_bin_l1"": 0.0, ""degree_product_bin_l1"": 0.0, ""is_boundary_edge_l1"": 0.0, ""is_bridge_edge_l1"": 0.0, ""is_inter_community_edge_l1"": 0.0, ""is_low_common_neighbor_edge_l1"": 0.0, ""mean_l1"": 0.0}",1,32,32,0.0,0
realworld_completed,bio_celegans,SASB-candidate,sasb,SASB-structured,20260513,896,middle,0.9381898454746137,0.9381898454746137,0.0,14,14,0,0.44246913580246916,0.44296296296296295,144,430,144--430,33,8,8,33,264,3,0.42857142857142855,0,0,0,32,"[""96"", ""53"", ""60"", ""51"", ""343"", ""363"", ""373"", ""364"", ""62"", ""85"", ""369"", ""349"", ""144"", ""145"", ""82"", ""83"", ""142"", ""143"", ""52"", ""220"", ""118"", ""147"", ""154"", ""398"", ""97"", ""348"", ""421"", ""404"", ""396"", ""125"", ""386"", ""29""]",66d3bb722520b1cdfbe9e01d196464e6b846793f702533ec6a6e68c32071c72b,"{""boundary"": 12, ""community_rep"": 6, ""degree_core"": 10, ""random_fill"": 4}","{""degree_3_4"": 4, ""degree_5_8"": 3, ""degree_9_plus"": 25}","{""0"": 5, ""12"": 2, ""13"": 1, ""14"": 1, ""15"": 1, ""16"": 1, ""2"": 7, ""3"": 6, ""4"": 4, ""6"": 1, ""7"": 1, ""8"": 1, ""9"": 1}",202,"{""backend"": ""evaluate_m19_theory_calibrated.candidate_features"", ""delta_mode"": ""none"", ""k_max"": 512, ""k_min"": 64, ""variant"": ""conservative""}",202,0.18198198198198198,0.7029702970297029,0.7029702970297029,0.04455445544554455,0.995049504950495,"{""dp_17_64"": 0.034653465346534656, ""dp_257_plus"": 0.5148514851485149, ""dp_5_16"": 0.01485148514851485, ""dp_65_256"": 0.43564356435643564}","{""cn_0"": 0.995049504950495, ""cn_2_3"": 0.0049504950495049506}",0.01485148514851485,347.0495049504951,sasb_candidate_builder,b494f5edbbd1d16dee5d372371ce0eb34e51cd5bb4feb8dd709b90bbf822829c,202,b494f5edbbd1d16dee5d372371ce0eb34e51cd5bb4feb8dd709b90bbf822829c,"{""sasb_builder"": 202}",0,0,0,0,{},0.0,"{""common_neighbor_bin_l1"": 0.0, ""degree_product_bin_l1"": 0.0, ""is_boundary_edge_l1"": 0.0, ""is_bridge_edge_l1"": 0.0, ""is_inter_community_edge_l1"": 0.0, ""is_low_common_neighbor_edge_l1"": 0.0, ""mean_l1"": 0.0}",1,32,32,1137.4740545781883,0
realworld_completed,bio_celegans,SASB-candidate,sasb,SASB-structured,20260513,897,middle,0.9381898454746137,0.9381898454746137,0.0,14,14,0,0.44296296296296295,0.4434567901234568,145,430,145--430,33,7,7,33,231,2,0.3333333333333333,0,0,0,32,"[""96"", ""53"", ""60"", ""51"", ""343"", ""363"", ""373"", ""364"", ""62"", ""85"", ""369"", ""349"", ""145"", ""144"", ""82"", ""83"", ""142"", ""143"", ""52"", ""220"", ""118"", ""147"", ""154"", ""398"", ""97"", ""348"", ""421"", ""404"", ""443"", ""79"", ""264"", ""23""]",ca893ee6550a412e823a02f6cbcadf7f16b404a4d57b05fbfa27735f581a20d1,"{""boundary"": 12, ""community_rep"": 6, ""degree_core"": 10, ""random_fill"": 4}","{""degree_2"": 2, ""degree_3_4"": 1, ""degree_5_8"": 4, ""degree_9_plus"": 25}","{""0"": 4, ""12"": 2, ""13"": 1, ""14"": 1, ""15"": 2, ""16"": 1, ""2"": 6, ""3"": 6, ""4"": 4, ""6"": 1, ""7"": 1, ""8"": 2, ""9"": 1}",202,"{""backend"": ""evaluate_m19_theory_calibrated.candidate_features"", ""delta_mode"": ""none"", ""k_max"": 512, ""k_min"": 64, ""variant"": ""conservative""}",202,0.18214607754733994,0.7029702970297029,0.7029702970297029,0.04455445544554455,0.995049504950495,"{""dp_17_64"": 0.034653465346534656, ""dp_257_plus"": 0.5099009900990099, ""dp_5_16"": 0.01485148514851485, ""dp_65_256"": 0.4405940594059406}","{""cn_0"": 0.995049504950495, ""cn_2_3"": 0.0049504950495049506}",0.009900990099009901,346.509900990099,sasb_candidate_builder,92692289a72afe77465c41319342e3a48786891c7a4f531bcd0006c1cb0d4ddb,202,92692289a72afe77465c41319342e3a48786891c7a4f531bcd0006c1cb0d4ddb,"{""sasb_builder"": 202}",0,0,0,0,{},0.0,"{""common_neighbor_bin_l1"": 0.0, ""degree_product_bin_l1"": 0.0, ""is_boundary_edge_l1"": 0.0, ""is_bridge_edge_l1"": 0.0, ""is_inter_community_edge_l1"": 0.0, ""is_low_common_neighbor_edge_l1"": 0.0, ""mean_l1"": 0.0}",1,32,32,959.6898691266315,0
realworld_completed,bio_celegans,SASB-candidate,sasb,SASB-structured,20260513,898,middle,0.9381898454746137,0.9381898454746137,0.0,14,14,0,0.4434567901234568,0.44395061728395063,318,96,318--96,5,76,5,76,380,3,0.75,1,3,7,32,"[""96"", ""53"", ""60"", ""51"", ""343"", ""363"", ""373"", ""364"", ""62"", ""85"", ""369"", ""349"", ""144"", ""145"", ""82"", ""83"", ""142"", ""143"", ""52"", ""220"", ""118"", ""147"", ""154"", ""398"", ""97"", ""348"", ""421"", ""404"", ""5"", ""386"", ""257"", ""390""]",1a4e2a12a9dff1ec133b87720bcd25e6be809d9a6658e00526a82ecbfffb887d,"{""boundary"": 12, ""community_rep"": 6, ""degree_core"": 10, ""random_fill"": 4}","{""degree_2"": 2, ""degree_3_4"": 3, ""degree_5_8"": 2, ""degree_9_plus"": 25}","{""0"": 4, ""12"": 2, ""13"": 1, ""14"": 1, ""15"": 1, ""16"": 1, ""2"": 6, ""3"": 7, ""4"": 4, ""6"": 1, ""7"": 2, ""8"": 1, ""9"": 1}",202,"{""backend"": ""evaluate_m19_theory_calibrated.candidate_features"", ""delta_mode"": ""none"", ""k_max"": 512, ""k_min"": 64, ""variant"": ""conservative""}",202,0.18231046931407943,0.7029702970297029,0.7029702970297029,0.04455445544554455,1.0,"{""dp_17_64"": 0.034653465346534656, ""dp_257_plus"": 0.5148514851485149, ""dp_5_16"": 0.01485148514851485, ""dp_65_256"": 0.43564356435643564}","{""cn_0"": 1.0}",0.0,346.2772277227723,sasb_candidate_builder,fd865c61b7db985f95f608f19b89d245746b5357c851c79792f06056780ec66e,202,fd865c61b7db985f95f608f19b89d245746b5357c851c79792f06056780ec66e,"{""sasb_builder"": 202}",0,0,0,0,{},0.0,"{""common_neighbor_bin_l1"": 0.0, ""degree_product_bin_l1"": 0.0, ""is_boundary_edge_l1"": 0.0, ""is_bridge_edge_l1"": 0.0, ""is_inter_community_edge_l1"": 0.0, ""is_low_common_neighbor_edge_l1"": 0.0, ""mean_l1"": 0.0}",1,32,32,0.0,0
realworld_completed,bio_celegans,SASB-candidate,sasb,SASB-structured,20260513,899,middle,0.9381898454746137,0.9381898454746137,0.0,14,14,0,0.44395061728395063,0.4444444444444444,319,96,319--96,6,75,6,75,450,2,0.4,1,3,0,32,"[""96"", ""53"", ""60"", ""51"", ""343"", ""363"", ""373"", ""364"", ""62"", ""85"", ""369"", ""349"", ""144"", ""145"", ""82"", ""83"", ""142"", ""143"", ""52"", ""220"", ""118"", ""147"", ""154"", ""398"", ""97"", ""348"", ""421"", ""404"", ""59"", ""191"", ""120"", ""29""]",fcf339ccd7c68d5db937c5633e4d0eff61d0dab59f4de2a0c973e34d6d93315a,"{""boundary"": 12, ""community_rep"": 6, ""degree_core"": 10, ""random_fill"": 4}","{""degree_3_4"": 4, ""degree_5_8"": 3, ""degree_9_plus"": 25}","{""0"": 4, ""12"": 2, ""13"": 1, ""14"": 1, ""15"": 1, ""16"": 1, ""2"": 7, ""3"": 6, ""4"": 4, ""6"": 1, ""7"": 1, ""8"": 1, ""9"": 2}",202,"{""backend"": ""evaluate_m19_theory_calibrated.candidate_features"", ""delta_mode"": ""none"", ""k_max"": 512, ""k_min"": 64, ""variant"": ""conservative""}",202,0.18247515808491419,0.698019801980198,0.698019801980198,0.04455445544554455,1.0,"{""dp_17_64"": 0.034653465346534656, ""dp_257_plus"": 0.5148514851485149, ""dp_5_16"": 0.01485148514851485, ""dp_65_256"": 0.43564356435643564}","{""cn_0"": 1.0}",0.0,343.63861386138615,sasb_candidate_builder,f28a4816aed20ab6d16c6a77f510f80de34a5feacb16fe8f37a3f714db7aed1d,202,f28a4816aed20ab6d16c6a77f510f80de34a5feacb16fe8f37a3f714db7aed1d,"{""sasb_builder"": 202}",0,0,0,0,{},0.0,"{""common_neighbor_bin_l1"": 0.0, ""degree_product_bin_l1"": 0.0, ""is_boundary_edge_l1"": 0.0, ""is_bridge_edge_l1"": 0.0, ""is_inter_community_edge_l1"": 0.0, ""is_low_common_neighbor_edge_l1"": 0.0, ""mean_l1"": 0.0}",1,32,32,0.0,0
realworld_completed,bio_celegans,SASB-candidate,sasb,SASB-structured,20260513,900,middle,0.9381898454746137,0.9381898454746137,0.0,14,14,0,0.4444444444444444,0.44493827160493826,320,62,320--62,6,37,6,37,222,2,0.4,0,3,3,32,"[""96"", ""53"", ""60"", ""51"", ""343"", ""363"", ""373"", ""364"", ""62"", ""85"", ""369"", ""349"", ""144"", ""145"", ""82"", ""83"", ""142"", ""143"", ""52"", ""220"", ""118"", ""147"", ""154"", ""398"", ""97"", ""348"", ""421"", ""404"", ""260"", ""356"", ""146"", ""148""]",d4483ef8d8e1ab029ae5c2ae743747696e58dbf1e2921b79782dfdc20d773313,"{""boundary"": 12, ""community_rep"": 6, ""degree_core"": 10, ""random_fill"": 4}","{""degree_2"": 3, ""degree_3_4"": 2, ""degree_5_8"": 2, ""degree_9_plus"": 25}","{""1"": 1, ""11"": 3, ""12"": 1, ""13"": 1, ""14"": 2, ""15"": 1, ""2"": 6, ""3"": 6, ""4"": 4, ""5"": 1, ""6"": 1, ""7"": 1, ""8"": 4}",202,"{""backend"": ""evaluate_m19_theory_calibrated.candidate_features"", ""delta_mode"": ""none"", ""k_max"": 512, ""k_min"": 64, ""variant"": ""conservative""}",202,0.18264014466546113,0.6881188118811881,0.6881188118811881,0.04455445544554455,1.0,"{""dp_17_64"": 0.034653465346534656, ""dp_257_plus"": 0.5148514851485149, ""dp_5_16"": 0.01485148514851485, ""dp_65_256"": 0.43564356435643564}","{""cn_0"": 1.0}",0.0,340.6831683168317,sasb_candidate_builder,8c890c83b347b11438365bed8d68905c72e00697153536df91ee98f367647c59,202,8c890c83b347b11438365bed8d68905c72e00697153536df91ee98f367647c59,"{""sasb_builder"": 202}",0,0,0,0,{},0.0,"{""common_neighbor_bin_l1"": 0.0, ""degree_product_bin_l1"": 0.0, ""is_boundary_edge_l1"": 0.0, ""is_bridge_edge_l1"": 0.0, ""is_inter_community_edge_l1"": 0.0, ""is_low_common_neighbor_edge_l1"": 0.0, ""mean_l1"": 0.0}",1,32,32,0.0,0
realworld_completed,bio_celegans,SASB-candidate,sasb,SASB-structured,20260513,901,middle,0.9381898454746137,0.9381898454746137,0.0,14,14,0,0.44493827160493826,0.4454320987654321,144,432,144--432,32,8,8,32,256,3,0.42857142857142855,1,1,0,32,"[""96"", ""53"", ""60"", ""51"", ""343"", ""363"", ""373"", ""364"", ""62"", ""85"", ""369"", ""349"", ""144"", ""145"", ""82"", ""83"", ""142"", ""143"", ""52"", ""220"", ""118"", ""147"", ""154"", ""398"", ""97"", ""348"", ""421"", ""404"", ""452"", ""324"", ""155"", ""7""]",8c597023f5e5d419b0e9c6d25e88a152c050374d87a550c2dc4caac59ae7d936,"{""boundary"": 12, ""community_rep"": 6, ""degree_core"": 10, ""random_fill"": 4}","{""degree_3_4"": 5, ""degree_5_8"": 2, ""degree_9_plus"": 25}","{""1"": 1, ""11"": 2, ""12"": 1, ""13"": 1, ""14"": 1, ""15"": 1, ""2"": 6, ""3"": 7, ""4"": 6, ""5"": 1, ""6"": 1, ""7"": 1, ""8"": 3}",202,"{""backend"": ""evaluate_m19_theory_calibrated.candidate_features"", ""delta_mode"": ""none"", ""k_max"": 512, ""k_min"": 64, ""variant"": ""conservative""}",202,0.18280542986425338,0.6881188118811881,0.6881188118811881,0.04455445544554455,0.9900990099009901,"{""dp_17_64"": 0.034653465346534656, ""dp_257_plus"": 0.5, ""dp_5_16"": 0.01485148514851485, ""dp_65_256"": 0.4504950495049505}","{""cn_0"": 0.9900990099009901, ""cn_2_3"": 0.009900990099009901}",0.0297029702970297,339.98514851485146,sasb_candidate_builder,25a29e523660e99643761cdcc2b47573d58e2d685b9a11550b18e180c6028422,202,25a29e523660e99643761cdcc2b47573d58e2d685b9a11550b18e180c6028422,"{""sasb_builder"": 202}",0,0,0,0,{},0.0,"{""common_neighbor_bin_l1"": 0.0, ""degree_product_bin_l1"": 0.0, ""is_boundary_edge_l1"": 0.0, ""is_bridge_edge_l1"": 0.0, ""is_inter_community_edge_l1"": 0.0, ""is_low_common_neighbor_edge_l1"": 0.0, ""mean_l1"": 0.0}",1,32,32,1039.258646337841,0
realworld_completed,bio_celegans,SASB-candidate,sasb,SASB-structured,20260513,902,middle,0.9381898454746137,0.9381898454746137,0.0,14,14,0,0.4454320987654321,0.44592592592592595,145,432,145--432,32,7,7,32,224,2,0.3333333333333333,1,1,0,32,"[""96"", ""53"", ""60"", ""51"", ""343"", ""363"", ""373"", ""364"", ""62"", ""85"", ""369"", ""349"", ""145"", ""144"", ""82"", ""83"", ""142"", ""143"", ""52"", ""220"", ""118"", ""147"", ""154"", ""398"", ""97"", ""348"", ""421"", ""404"", ""440"", ""351"", ""403"", ""334""]",037206887aeb607a7230d5750e7738a996997fe1f4c4fd0b648ce0b19962e2ee,"{""boundary"": 12, ""community_rep"": 6, ""degree_core"": 10, ""random_fill"": 4}","{""degree_2"": 3, ""degree_3_4"": 1, ""degree_5_8"": 2, ""degree_9_plus"": 26}","{""1"": 2, ""11"": 2, ""12"": 1, ""13"": 1, ""14"": 1, ""15"": 1, ""2"": 6, ""3"": 6, ""4"": 5, ""5"": 1, ""6"": 1, ""7"": 1, ""8"": 4}",202,"{""backend"": ""evaluate_m19_theory_calibrated.candidate_features"", ""delta_mode"": ""none"", ""k_max"": 512, ""k_min"": 64, ""variant"": ""conservative""}",202,0.18297101449275363,0.6881188118811881,0.6881188118811881,0.04455445544554455,0.9900990099009901,"{""dp_17_64"": 0.034653465346534656, ""dp_257_plus"": 0.5, ""dp_5_16"": 0.01485148514851485, ""dp_65_256"": 0.4504950495049505}","{""cn_0"": 0.9900990099009901, ""cn_2_3"": 0.009900990099009901}",0.019801980198019802,339.14356435643566,sasb_candidate_builder,dd66982f286d3b233453a367c313263ac4b1e70df2c8d346ad20e66a856f3e78,202,dd66982f286d3b233453a367c313263ac4b1e70df2c8d346ad20e66a856f3e78,"{""sasb_builder"": 202}",0,0,0,0,{},0.0,"{""common_neighbor_bin_l1"": 0.0, ""degree_product_bin_l1"": 0.0, ""is_boundary_edge_l1"": 0.0, ""is_bridge_edge_l1"": 0.0, ""is_inter_community_edge_l1"": 0.0, ""is_low_common_neighbor_edge_l1"": 0.0, ""mean_l1"": 0.0}",1,32,32,1075.0078000176543,0
realworld_completed,bio_celegans,SASB-candidate,sasb,SASB-structured,20260513,903,middle,0.9381898454746137,0.9381898454746137,0.0,14,14,0,0.44592592592592595,0.44641975308641973,221,363,221--363,8,24,8,24,192,2,0.2857142857142857,0,3,3,32,"[""96"", ""53"", ""60"", ""51"", ""343"", ""363"", ""373"", ""364"", ""62"", ""85"", ""369"", ""349"", ""144"", ""145"", ""82"", ""83"", ""142"", ""143"", ""52"", ""220"", ""118"", ""147"", ""154"", ""398"", ""97"", ""348"", ""421"", ""404"", ""37"", ""90"", ""277"", ""406""]",d7bff35a2495e0473c0d6c9611b8ab080424fc87bf9c4f2e42a76fa115fdc540,"{""boundary"": 12, ""community_rep"": 6, ""degree_core"": 10, ""random_fill"": 4}","{""degree_2"": 1, ""degree_3_4"": 4, ""degree_5_8"": 2, ""degree_9_plus"": 25}","{""1"": 1, ""11"": 4, ""12"": 1, ""13"": 1, ""14"": 2, ""15"": 1, ""2"": 7, ""3"": 5, ""4"": 4, ""5"": 1, ""6"": 1, ""7"": 1, ""8"": 3}",201,"{""backend"": ""evaluate_m19_theory_calibrated.candidate_features"", ""delta_mode"": ""none"", ""k_max"": 512, ""k_min"": 64, ""variant"": ""conservative""}",201,0.18223028105167724,0.6915422885572139,0.6915422885572139,0.04477611940298507,0.9950248756218906,"{""dp_17_64"": 0.03482587064676617, ""dp_257_plus"": 0.5024875621890548, ""dp_5_16"": 0.014925373134328358, ""dp_65_256"": 0.44776119402985076}","{""cn_0"": 0.9950248756218906, ""cn_2_3"": 0.004975124378109453}",0.009950248756218905,339.3482587064677,sasb_candidate_builder,66329a9b52c76d16331c5d1a34abfb1c9b29e5948257582a5e51a861387a6168,201,66329a9b52c76d16331c5d1a34abfb1c9b29e5948257582a5e51a861387a6168,"{""sasb_builder"": 201}",0,0,0,0,{},0.0,"{""common_neighbor_bin_l1"": 0.0, ""degree_product_bin_l1"": 0.0, ""is_boundary_edge_l1"": 0.0, ""is_bridge_edge_l1"": 0.0, ""is_inter_community_edge_l1"": 0.0, ""is_low_common_neighbor_edge_l1"": 0.0, ""mean_l1"": 0.0}",1,32,32,392.74072496867274,0
realworld_completed,bio_celegans,SASB-candidate,sasb,SASB-structured,20260513,904,middle,0.9381898454746137,0.9381898454746137,0.0,14,14,0,0.44641975308641973,0.4469135802469136,196,62,196--62,6,36,6,36,216,2,0.4,0,4,4,32,"[""96"", ""53"", ""60"", ""51"", ""343"", ""363"", ""373"", ""364"", ""62"", ""85"", ""369"", ""349"", ""144"", ""145"", ""82"", ""83"", ""142"", ""143"", ""52"", ""220"", ""118"", ""147"", ""154"", ""398"", ""97"", ""348"", ""421"", ""404"", ""329"", ""36"", ""227"", ""114""]",f8b2aeb242bbc9b119af5d6a721497478dbcfbe7e900a838ab2c866122a35fa6,"{""boundary"": 12, ""community_rep"": 6, ""degree_core"": 10, ""random_fill"": 4}","{""degree_2"": 1, ""degree_3_4"": 3, ""degree_5_8"": 3, ""degree_9_plus"": 25}","{""1"": 1, ""11"": 3, ""12"": 1, ""13"": 1, ""14"": 1, ""15"": 1, ""2"": 7, ""3"": 6, ""4"": 4, ""5"": 2, ""6"": 1, ""7"": 1, ""8"": 3}",201,"{""backend"": ""evaluate_m19_theory_calibrated.candidate_features"", ""delta_mode"": ""none"", ""k_max"": 512, ""k_min"": 64, ""variant"": ""conservative""}",201,0.1823956442831216,0.6915422885572139,0.6915422885572139,0.04477611940298507,1.0,"{""dp_17_64"": 0.03482587064676617, ""dp_257_plus"": 0.5024875621890548, ""dp_5_16"": 0.014925373134328358, ""dp_65_256"": 0.44776119402985076}","{""cn_0"": 1.0}",0.0,338.3532338308458,sasb_candidate_builder,0083fcd50bde0220bf0be3b5d3145723da65705bb6ca78d0bc35e27c5592ebad,201,0083fcd50bde0220bf0be3b5d3145723da65705bb6ca78d0bc35e27c5592ebad,"{""sasb_builder"": 201}",0,0,0,0,{},0.0,"{""common_neighbor_bin_l1"": 0.0, ""degree_product_bin_l1"": 0.0, ""is_boundary_edge_l1"": 0.0, ""is_bridge_edge_l1"": 0.0, ""is_inter_community_edge_l1"": 0.0, ""is_low_common_neighbor_edge_l1"": 0.0, ""mean_l1"": 0.0}",1,32,32,0.0,0
realworld_completed,bio_celegans,SASB-candidate,sasb,SASB-structured,20260513,905,middle,0.9381898454746137,0.9381898454746137,0.0,14,14,0,0.4469135802469136,0.4474074074074074,144,434,144--434,31,8,8,31,248,3,0.42857142857142855,1,1,0,32,"[""96"", ""53"", ""60"", ""51"", ""343"", ""363"", ""373"", ""364"", ""62"", ""85"", ""369"", ""349"", ""144"", ""145"", ""82"", ""83"", ""142"", ""143"", ""52"", ""220"", ""118"", ""147"", ""154"", ""398"", ""97"", ""348"", ""421"", ""404"", ""388"", ""379"", ""325"", ""57""]",2353f4fb919b112d67af1bc4c7cbcccd45d2894570a0106d7bbfc1647d461741,"{""boundary"": 12, ""community_rep"": 6, ""degree_core"": 10, ""random_fill"": 4}","{""degree_3_4"": 3, ""degree_5_8"": 4, ""degree_9_plus"": 25}","{""1"": 1, ""11"": 2, ""12"": 1, ""13"": 1, ""14"": 2, ""15"": 1, ""2"": 7, ""3"": 7, ""4"": 4, ""5"": 1, ""6"": 1, ""7"": 1, ""8"": 3}",201,"{""backend"": ""evaluate_m19_theory_calibrated.candidate_features"", ""delta_mode"": ""none"", ""k_max"": 512, ""k_min"": 64, ""variant"": ""conservative""}",201,0.18256130790190736,0.6915422885572139,0.6915422885572139,0.04477611940298507,0.9950248756218906,"{""dp_17_64"": 0.03482587064676617, ""dp_257_plus"": 0.5074626865671642, ""dp_5_16"": 0.014925373134328358, ""dp_65_256"": 0.4427860696517413}","{""cn_0"": 0.9950248756218906, ""cn_2_3"": 0.004975124378109453}",0.014925373134328358,338.0149253731343,sasb_candidate_builder,fc17e4a5ff1aa5c87c3d59600c42588688b9a28da87f63b3b7ff5b6b18b006cc,201,fc17e4a5ff1aa5c87c3d59600c42588688b9a28da87f63b3b7ff5b6b18b006cc,"{""sasb_builder"": 201}",0,0,0,0,{},0.0,"{""common_neighbor_bin_l1"": 0.0, ""degree_product_bin_l1"": 0.0, ""is_boundary_edge_l1"": 0.0, ""is_bridge_edge_l1"": 0.0, ""is_inter_community_edge_l1"": 0.0, ""is_low_common_neighbor_edge_l1"": 0.0, ""mean_l1"": 0.0}",1,32,32,1234.5847598588641,0
realworld_completed,bio_celegans,SASB-candidate,sasb,SASB-structured,20260513,906,middle,0.9381898454746137,0.9381898454746137,0.0,14,14,0,0.4474074074074074,0.4479012345679012,145,434,145--434,31,7,7,31,217,2,0.3333333333333333,1,1,10,32,"[""96"", ""53"", ""60"", ""51"", ""343"", ""363"", ""373"", ""364"", ""62"", ""85"", ""369"", ""349"", ""145"", ""144"", ""82"", ""83"", ""142"", ""143"", ""52"", ""220"", ""118"", ""147"", ""154"", ""398"", ""97"", ""348"", ""421"", ""404"", ""362"", ""260"", ""31"", ""431""]",a3e1297aaae37885684dbd840a3284ec3444f38fb04c4c474a624ab367e22f8f,"{""boundary"": 12, ""community_rep"": 6, ""degree_core"": 10, ""random_fill"": 4}","{""degree_3_4"": 4, ""degree_5_8"": 3, ""degree_9_plus"": 25}","{""1"": 1, ""11"": 4, ""12"": 1, ""13"": 1, ""14"": 2, ""15"": 1, ""2"": 7, ""3"": 5, ""4"": 4, ""5"": 1, ""6"": 1, ""7"": 1, ""8"": 3}",201,"{""backend"": ""evaluate_m19_theory_calibrated.candidate_features"", ""delta_mode"": ""none"", ""k_max"": 512, ""k_min"": 64, ""variant"": ""conservative""}",201,0.18272727272727274,0.6915422885572139,0.6915422885572139,0.04477611940298507,0.9950248756218906,"{""dp_17_64"": 0.03482587064676617, ""dp_257_plus"": 0.5074626865671642, ""dp_5_16"": 0.014925373134328358, ""dp_65_256"": 0.4427860696517413}","{""cn_0"": 0.9950248756218906, ""cn_2_3"": 0.004975124378109453}",0.009950248756218905,337.4925373134328,sasb_candidate_builder,005eea8bc5ea90a94c7f28571b7355f2c439c2692790c7b582f089d5553ea841,201,005eea8bc5ea90a94c7f28571b7355f2c439c2692790c7b582f089d5553ea841,"{""sasb_builder"": 201}",0,0,0,0,{},0.0,"{""common_neighbor_bin_l1"": 0.0, ""degree_product_bin_l1"": 0.0, ""is_boundary_edge_l1"": 0.0, ""is_bridge_edge_l1"": 0.0, ""is_inter_community_edge_l1"": 0.0, ""is_low_common_neighbor_edge_l1"": 0.0, ""mean_l1"": 0.0}",1,32,32,1209.731537843904,0
realworld_completed,bio_celegans,SASB-candidate,sasb,SASB-structured,20260513,907,middle,0.9381898454746137,0.9381898454746137,0.0,14,14,0,0.4479012345679012,0.44839506172839505,321,60,321--60,7,28,7,28,196,1,0.16666666666666666,1,5,4,32,"[""96"", ""53"", ""60"", ""51"", ""343"", ""363"", ""373"", ""364"", ""62"", ""85"", ""369"", ""349"", ""144"", ""145"", ""82"", ""83"", ""142"", ""143"", ""52"", ""220"", ""118"", ""147"", ""154"", ""398"", ""97"", ""348"", ""421"", ""404"", ""446"", ""181"", ""347"", ""1""]",88e7c25e39c7e82b4437333205e45814de601ce448bb129e69f0014ab95a79c0,"{""boundary"": 12, ""community_rep"": 6, ""degree_core"": 10, ""random_fill"": 4}","{""degree_0_1"": 2, ""degree_2"": 1, ""degree_3_4"": 1, ""degree_5_8"": 3, ""degree_9_plus"": 25}","{""1"": 3, ""10"": 1, ""11"": 2, ""12"": 1, ""13"": 1, ""14"": 1, ""15"": 2, ""2"": 6, ""3"": 5, ""4"": 4, ""5"": 1, ""6"": 1, ""7"": 1, ""8"": 3}",201,"{""backend"": ""evaluate_m19_theory_calibrated.candidate_features"", ""delta_mode"": ""none"", ""k_max"": 512, ""k_min"": 64, ""variant"": ""conservative""}",201,0.18289353958143767,0.6915422885572139,0.6915422885572139,0.04477611940298507,1.0,"{""dp_17_64"": 0.03482587064676617, ""dp_257_plus"": 0.5074626865671642, ""dp_5_16"": 0.014925373134328358, ""dp_65_256"": 0.4427860696517413}","{""cn_0"": 1.0}",0.0,337.2636815920398,sasb_candidate_builder,d861d09f8041ab5f5535be06d60724232692fb648d33047d125120e5dfefac17,201,d861d09f8041ab5f5535be06d60724232692fb648d33047d125120e5dfefac17,"{""sasb_builder"": 201}",0,0,0,0,{},0.0,"{""common_neighbor_bin_l1"": 0.0, ""degree_product_bin_l1"": 0.0, ""is_boundary_edge_l1"": 0.0, ""is_bridge_edge_l1"": 0.0, ""is_inter_community_edge_l1"": 0.0, ""is_low_common_neighbor_edge_l1"": 0.0, ""mean_l1"": 0.0}",1,32,32,0.0,0
realworld_completed,bio_celegans,SASB-candidate,sasb,SASB-structured,20260513,908,middle,0.9381898454746137,0.9381898454746137,0.0,14,14,0,0.44839506172839505,0.4488888888888889,321,96,321--96,6,74,6,74,444,2,0.4,1,5,0,32,"[""96"", ""53"", ""60"", ""51"", ""343"", ""363"", ""373"", ""364"", ""62"", ""85"", ""369"", ""349"", ""144"", ""145"", ""82"", ""83"", ""142"", ""143"", ""52"", ""220"", ""118"", ""147"", ""154"", ""398"", ""97"", ""348"", ""421"", ""404"", ""137"", ""88"", ""40"", ""56""]",aa971b960f92bd243f774e2b8627969a43fd16fa512d63e5829a551dd16e0ba8,"{""boundary"": 12, ""community_rep"": 6, ""degree_core"": 10, ""random_fill"": 4}","{""degree_0_1"": 1, ""degree_3_4"": 2, ""degree_5_8"": 3, ""degree_9_plus"": 26}","{""1"": 2, ""11"": 2, ""12"": 1, ""13"": 1, ""14"": 2, ""15"": 1, ""2"": 7, ""3"": 5, ""4"": 4, ""5"": 2, ""6"": 1, ""7"": 1, ""8"": 3}",201,"{""backend"": ""evaluate_m19_theory_calibrated.candidate_features"", ""delta_mode"": ""none"", ""k_max"": 512, ""k_min"": 64, ""variant"": ""conservative""}",201,0.1830601092896175,0.6865671641791045,0.6865671641791045,0.04477611940298507,1.0,"{""dp_17_64"": 0.03482587064676617, ""dp_257_plus"": 0.5074626865671642, ""dp_5_16"": 0.014925373134328358, ""dp_65_256"": 0.4427860696517413}","{""cn_0"": 1.0}",0.0,336.4029850746269,sasb_candidate_builder,aba6b693e7f468c91d47ce1d5911285552717850f2e3c1cc37185567be1b7a53,201,aba6b693e7f468c91d47ce1d5911285552717850f2e3c1cc37185567be1b7a53,"{""sasb_builder"": 201}",0,0,0,0,{},0.0,"{""common_neighbor_bin_l1"": 0.0, ""degree_product_bin_l1"": 0.0, ""is_boundary_edge_l1"": 0.0, ""is_bridge_edge_l1"": 0.0, ""is_inter_community_edge_l1"": 0.0, ""is_low_common_neighbor_edge_l1"": 0.0, ""mean_l1"": 0.0}",1,32,32,0.0,0
realworld_completed,bio_celegans,SASB-candidate,sasb,SASB-structured,20260513,909,middle,0.9381898454746137,0.9381898454746137,0.0,14,14,0,0.4488888888888889,0.44938271604938274,321,440,321--440,5,16,5,16,80,0,0.0,0,5,5,32,"[""96"", ""53"", ""60"", ""51"", ""343"", ""363"", ""373"", ""364"", ""62"", ""85"", ""369"", ""349"", ""144"", ""145"", ""82"", ""83"", ""142"", ""143"", ""52"", ""220"", ""118"", ""147"", ""154"", ""398"", ""97"", ""348"", ""421"", ""404"", ""189"", ""104"", ""185"", ""267""]",33d58abb9aa24a9442438b1151dd11f36c6d2c5a4af02a2c252543b792e67055,"{""boundary"": 12, ""community_rep"": 6, ""degree_core"": 10, ""random_fill"": 4}","{""degree_2"": 1, ""degree_3_4"": 3, ""degree_5_8"": 3, ""degree_9_plus"": 25}","{""1"": 1, ""11"": 2, ""12"": 1, ""13"": 2, ""14"": 1, ""15"": 1, ""2"": 7, ""3"": 6, ""4"": 4, ""5"": 2, ""6"": 1, ""7"": 1, ""8"": 3}",201,"{""backend"": ""evaluate_m19_theory_calibrated.candidate_features"", ""delta_mode"": ""none"", ""k_max"": 512, ""k_min"": 64, ""variant"": ""conservative""}",201,0.18322698268003645,0.681592039800995,0.681592039800995,0.04477611940298507,1.0,"{""dp_17_64"": 0.03482587064676617, ""dp_257_plus"": 0.5024875621890548, ""dp_5_16"": 0.014925373134328358, ""dp_65_256"": 0.44776119402985076}","{""cn_0"": 1.0}",0.0,332.6318407960199,sasb_candidate_builder,8c34c25cfa45d337c8f2bca045f54d4d982fbd44b6699848848f0afabfdb190d,201,8c34c25cfa45d337c8f2bca045f54d4d982fbd44b6699848848f0afabfdb190d,"{""sasb_builder"": 201}",0,0,0,0,{},0.0,"{""common_neighbor_bin_l1"": 0.0, ""degree_product_bin_l1"": 0.0, ""is_boundary_edge_l1"": 0.0, ""is_bridge_edge_l1"": 0.0, ""is_inter_community_edge_l1"": 0.0, ""is_low_common_neighbor_edge_l1"": 0.0, ""mean_l1"": 0.0}",1,32,32,261.26283763979075,0
realworld_completed,bio_celegans,SASB-candidate,sasb,SASB-structured,20260513,910,middle,0.9381898454746137,0.9381898454746137,0.0,14,14,0,0.44938271604938274,0.4498765432098765,144,436,144--436,30,6,6,30,180,3,0.6,1,1,0,32,"[""96"", ""53"", ""51"", ""60"", ""343"", ""363"", ""373"", ""364"", ""62"", ""144"", ""145"", ""85"", ""82"", ""83"", ""142"", ""143"", ""52"", ""220"", ""118"", ""147"", ""121"", ""440"", ""154"", ""398"", ""97"", ""348"", ""404"", ""376"", ""115"", ""229"", ""117"", ""161""]",cd84130a0d03068f9fe38776c482683cebbe7b249600d85fac95a50347c62ea4,"{""boundary"": 12, ""community_rep"": 6, ""degree_core"": 10, ""random_fill"": 4}","{""degree_0_1"": 1, ""degree_2"": 1, ""degree_3_4"": 2, ""degree_5_8"": 2, ""degree_9_plus"": 26}","{""0"": 2, ""1"": 2, ""10"": 1, ""11"": 1, ""12"": 1, ""13"": 1, ""2"": 1, ""3"": 6, ""4"": 5, ""5"": 4, ""6"": 3, ""7"": 2, ""8"": 1, ""9"": 2}",201,"{""backend"": ""evaluate_m19_theory_calibrated.candidate_features"", ""delta_mode"": ""none"", ""k_max"": 512, ""k_min"": 64, ""variant"": ""conservative""}",201,0.18339416058394162,0.6915422885572139,0.6915422885572139,0.04477611940298507,0.9601990049751243,"{""dp_17_64"": 0.03980099502487562, ""dp_257_plus"": 0.5024875621890548, ""dp_5_16"": 0.01990049751243781, ""dp_65_256"": 0.43781094527363185}","{""cn_0"": 0.9601990049751243, ""cn_2_3"": 0.01990049751243781, ""cn_4_8"": 0.01990049751243781}",0.13930348258706468,332.0,sasb_candidate_builder,813491d4c5f4a337d7c5bb30f3febef33b293d6a5c8165aaae15276e88649648,201,813491d4c5f4a337d7c5bb30f3febef33b293d6a5c8165aaae15276e88649648,"{""sasb_builder"": 201}",0,0,0,0,{},0.0,"{""common_neighbor_bin_l1"": 0.0, ""degree_product_bin_l1"": 0.0, ""is_boundary_edge_l1"": 0.0, ""is_bridge_edge_l1"": 0.0, ""is_inter_community_edge_l1"": 0.0, ""is_low_common_neighbor_edge_l1"": 0.0, ""mean_l1"": 0.0}",1,32,32,2699.6360479046507,0
realworld_completed,bio_celegans,SASB-candidate,sasb,SASB-structured,20260513,911,middle,0.9381898454746137,0.9381898454746137,0.0,14,14,0,0.4498765432098765,0.45037037037037037,145,436,145--436,30,5,5,30,150,2,0.5,1,1,0,32,"[""96"", ""53"", ""51"", ""60"", ""343"", ""363"", ""373"", ""364"", ""62"", ""145"", ""85"", ""369"", ""144"", ""82"", ""83"", ""142"", ""143"", ""52"", ""220"", ""118"", ""147"", ""121"", ""154"", ""398"", ""97"", ""348"", ""404"", ""376"", ""249"", ""221"", ""13"", ""165""]",7432f7644678ff2caa003981d188a36ebbd5c35ec9b24a12b1794bceeb59d1d3,"{""boundary"": 12, ""community_rep"": 6, ""degree_core"": 10, ""random_fill"": 4}","{""degree_3_4"": 5, ""degree_5_8"": 1, ""degree_9_plus"": 26}","{""0"": 1, ""1"": 2, ""10"": 2, ""11"": 1, ""12"": 2, ""13"": 1, ""2"": 1, ""3"": 9, ""4"": 5, ""5"": 3, ""6"": 1, ""7"": 1, ""8"": 1, ""9"": 2}",201,"{""backend"": ""evaluate_m19_theory_calibrated.candidate_features"", ""delta_mode"": ""none"", ""k_max"": 512, ""k_min"": 64, ""variant"": ""conservative""}",201,0.18356164383561643,0.6865671641791045,0.6865671641791045,0.04477611940298507,0.9651741293532339,"{""dp_17_64"": 0.03980099502487562, ""dp_257_plus"": 0.5024875621890548, ""dp_5_16"": 0.01990049751243781, ""dp_65_256"": 0.43781094527363185}","{""cn_0"": 0.9651741293532339, ""cn_2_3"": 0.024875621890547265, ""cn_4_8"": 0.009950248756218905}",0.10945273631840796,331.3731343283582,sasb_candidate_builder,8334837e91590b9febd7caf7dc86175368f3bb2c4b7ddd16560287f869a73add,201,8334837e91590b9febd7caf7dc86175368f3bb2c4b7ddd16560287f869a73add,"{""sasb_builder"": 201}",0,0,0,0,{},0.0,"{""common_neighbor_bin_l1"": 0.0, ""degree_product_bin_l1"": 0.0, ""is_boundary_edge_l1"": 0.0, ""is_bridge_edge_l1"": 0.0, ""is_inter_community_edge_l1"": 0.0, ""is_low_common_neighbor_edge_l1"": 0.0, ""mean_l1"": 0.0}",1,32,32,2936.4323132722498,0
realworld_completed,bio_celegans,SASB-candidate,sasb,SASB-structured,20260513,912,middle,0.9381898454746137,0.9381898454746137,0.0,14,14,0,0.45037037037037037,0.4508641975308642,144,433,144--433,29,8,8,29,232,3,0.42857142857142855,1,1,0,32,"[""96"", ""53"", ""51"", ""60"", ""343"", ""363"", ""373"", ""364"", ""62"", ""85"", ""369"", ""349"", ""144"", ""145"", ""82"", ""83"", ""142"", ""143"", ""52"", ""220"", ""118"", ""147"", ""154"", ""398"", ""97"", ""348"", ""404"", ""376"", ""162"", ""321"", ""111"", ""304""]",d2a7b831946dd5f1aeae0769fa910ea7ca739ea574c70e838ebc408730b7faa4,"{""boundary"": 12, ""community_rep"": 6, ""degree_core"": 10, ""random_fill"": 4}","{""degree_3_4"": 5, ""degree_5_8"": 2, ""degree_9_plus"": 25}","{""0"": 2, ""1"": 2, ""10"": 1, ""11"": 1, ""12"": 1, ""13"": 1, ""2"": 1, ""3"": 7, ""4"": 5, ""5"": 5, ""6"": 1, ""7"": 2, ""8"": 1, ""9"": 2}",201,"{""backend"": ""evaluate_m19_theory_calibrated.candidate_features"", ""delta_mode"": ""none"", ""k_max"": 512, ""k_min"": 64, ""variant"": ""conservative""}",201,0.18372943327239488,0.681592039800995,0.681592039800995,0.04477611940298507,0.9701492537313433,"{""dp_17_64"": 0.03980099502487562, ""dp_257_plus"": 0.5024875621890548, ""dp_5_16"": 0.01990049751243781, ""dp_65_256"": 0.43781094527363185}","{""cn_0"": 0.9701492537313433, ""cn_2_3"": 0.029850746268656716}",0.08955223880597014,330.69651741293535,sasb_candidate_builder,2b401e02d89149339dab3788025d5ebc3400ddf33455e89eaad2b78446d5e378,201,2b401e02d89149339dab3788025d5ebc3400ddf33455e89eaad2b78446d5e378,"{""sasb_builder"": 201}",0,0,0,0,{},0.0,"{""common_neighbor_bin_l1"": 0.0, ""degree_product_bin_l1"": 0.0, ""is_boundary_edge_l1"": 0.0, ""is_bridge_edge_l1"": 0.0, ""is_inter_community_edge_l1"": 0.0, ""is_low_common_neighbor_edge_l1"": 0.0, ""mean_l1"": 0.0}",1,32,32,2167.0188087585475,0
realworld_completed,bio_celegans,SASB-candidate,sasb,SASB-structured,20260513,913,middle,0.9381898454746137,0.9381898454746137,0.0,14,14,0,0.4508641975308642,0.45135802469135805,144,435,144--435,28,8,8,28,224,2,0.2857142857142857,1,1,0,32,"[""96"", ""53"", ""51"", ""60"", ""343"", ""363"", ""373"", ""364"", ""62"", ""85"", ""369"", ""349"", ""145"", ""144"", ""82"", ""83"", ""142"", ""143"", ""52"", ""220"", ""118"", ""147"", ""154"", ""398"", ""97"", ""348"", ""404"", ""376"", ""208"", ""296"", ""250"", ""110""]",a1a27be6750af99a581fb4d9ffa4e3179495f0750e101d94d824c1a8ccee93e6,"{""boundary"": 12, ""community_rep"": 6, ""degree_core"": 10, ""random_fill"": 4}","{""degree_2"": 1, ""degree_3_4"": 5, ""degree_5_8"": 1, ""degree_9_plus"": 25}","{""0"": 1, ""1"": 3, ""10"": 1, ""11"": 1, ""12"": 1, ""13"": 1, ""2"": 1, ""3"": 6, ""4"": 6, ""5"": 4, ""6"": 1, ""7"": 1, ""8"": 1, ""9"": 4}",201,"{""backend"": ""evaluate_m19_theory_calibrated.candidate_features"", ""delta_mode"": ""none"", ""k_max"": 512, ""k_min"": 64, ""variant"": ""conservative""}",201,0.1838975297346752,0.6766169154228856,0.6766169154228856,0.04477611940298507,0.9751243781094527,"{""dp_17_64"": 0.03980099502487562, ""dp_257_plus"": 0.5024875621890548, ""dp_5_16"": 0.01990049751243781, ""dp_65_256"": 0.43781094527363185}","{""cn_0"": 0.9751243781094527, ""cn_2_3"": 0.024875621890547265}",0.05970149253731343,329.99004975124376,sasb_candidate_builder,b720264574c475b4bc898ac50679f2e00f52ea5febc5f754da7e368789f0f5cb,201,b720264574c475b4bc898ac50679f2e00f52ea5febc5f754da7e368789f0f5cb,"{""sasb_builder"": 201}",0,0,0,0,{},0.0,"{""common_neighbor_bin_l1"": 0.0, ""degree_product_bin_l1"": 0.0, ""is_boundary_edge_l1"": 0.0, ""is_bridge_edge_l1"": 0.0, ""is_inter_community_edge_l1"": 0.0, ""is_low_common_neighbor_edge_l1"": 0.0, ""mean_l1"": 0.0}",1,32,32,2870.20056842276,0
realworld_completed,bio_celegans,SASB-candidate,sasb,SASB-structured,20260513,914,middle,0.9381898454746137,0.9381898454746137,0.0,14,14,0,0.45135802469135805,0.45185185185185184,145,433,145--433,29,7,7,29,203,2,0.3333333333333333,1,1,0,32,"[""96"", ""53"", ""51"", ""60"", ""343"", ""363"", ""373"", ""364"", ""62"", ""85"", ""369"", ""349"", ""145"", ""144"", ""82"", ""83"", ""142"", ""143"", ""52"", ""220"", ""118"", ""147"", ""154"", ""398"", ""97"", ""348"", ""404"", ""376"", ""184"", ""240"", ""262"", ""109""]",d48ded587100f3dc12208058a916c5a62098be1b64fa46ee9f50bd652b3b8174,"{""boundary"": 12, ""community_rep"": 6, ""degree_core"": 10, ""random_fill"": 4}","{""degree_2"": 2, ""degree_3_4"": 2, ""degree_5_8"": 2, ""degree_9_plus"": 26}","{""0"": 1, ""1"": 2, ""10"": 1, ""11"": 1, ""12"": 1, ""13"": 1, ""2"": 1, ""3"": 7, ""4"": 6, ""5"": 4, ""6"": 1, ""7"": 1, ""8"": 2, ""9"": 3}",200,"{""backend"": ""evaluate_m19_theory_calibrated.candidate_features"", ""delta_mode"": ""none"", ""k_max"": 512, ""k_min"": 64, ""variant"": ""conservative""}",200,0.18315018315018314,0.675,0.675,0.045,0.985,"{""dp_17_64"": 0.04, ""dp_257_plus"": 0.505, ""dp_5_16"": 0.02, ""dp_65_256"": 0.435}","{""cn_0"": 0.98, ""cn_1"": 0.005, ""cn_2_3"": 0.015}",0.04,329.96,sasb_candidate_builder,2d79c34a23ddac5d8e6b7ed39d0719fc8c6fcce85b1ac5243faccb3c8d7a87ef,200,2d79c34a23ddac5d8e6b7ed39d0719fc8c6fcce85b1ac5243faccb3c8d7a87ef,"{""sasb_builder"": 200}",0,0,0,0,{},0.0,"{""common_neighbor_bin_l1"": 0.0, ""degree_product_bin_l1"": 0.0, ""is_boundary_edge_l1"": 0.0, ""is_bridge_edge_l1"": 0.0, ""is_inter_community_edge_l1"": 0.0, ""is_low_common_neighbor_edge_l1"": 0.0, ""mean_l1"": 0.0}",1,32,32,2452.1550310368125,0
realworld_completed,bio_celegans,SASB-candidate,sasb,SASB-structured,20260513,915,middle,0.9381898454746137,0.9381898454746137,0.0,14,14,0,0.45185185185185184,0.4523456790123457,145,435,145--435,28,7,7,28,196,1,0.16666666666666666,1,1,0,32,"[""96"", ""53"", ""51"", ""60"", ""343"", ""363"", ""373"", ""364"", ""62"", ""85"", ""369"", ""349"", ""145"", ""144"", ""82"", ""83"", ""142"", ""143"", ""52"", ""220"", ""118"", ""147"", ""154"", ""398"", ""97"", ""348"", ""404"", ""376"", ""63"", ""8"", ""155"", ""71""]",772021bdaaea0b03601a9952c86204e9741d2347a66c7977b55abb51a61954c7,"{""boundary"": 12, ""community_rep"": 6, ""degree_core"": 10, ""random_fill"": 4}","{""degree_3_4"": 6, ""degree_5_8"": 1, ""degree_9_plus"": 25}","{""0"": 2, ""1"": 2, ""10"": 1, ""11"": 1, ""12"": 1, ""13"": 1, ""2"": 1, ""3"": 6, ""4"": 6, ""5"": 5, ""6"": 1, ""7"": 2, ""8"": 1, ""9"": 2}",200,"{""backend"": ""evaluate_m19_theory_calibrated.candidate_features"", ""delta_mode"": ""none"", ""k_max"": 512, ""k_min"": 64, ""variant"": ""conservative""}",200,0.18331805682859761,0.67,0.67,0.045,0.995,"{""dp_17_64"": 0.04, ""dp_257_plus"": 0.505, ""dp_5_16"": 0.02, ""dp_65_256"": 0.435}","{""cn_0"": 0.985, ""cn_1"": 0.01, ""cn_2_3"": 0.005}",0.02,329.545,sasb_candidate_builder,bcb4f4125b6fc749c37109f17a5e2296cc952878ed134319a0e93631da4546ee,200,bcb4f4125b6fc749c37109f17a5e2296cc952878ed134319a0e93631da4546ee,"{""sasb_builder"": 200}",0,0,0,0,{},0.0,"{""common_neighbor_bin_l1"": 0.0, ""degree_product_bin_l1"": 0.0, ""is_boundary_edge_l1"": 0.0, ""is_bridge_edge_l1"": 0.0, ""is_inter_community_edge_l1"": 0.0, ""is_low_common_neighbor_edge_l1"": 0.0, ""mean_l1"": 0.0}",1,32,32,3008.8649257294524,0
realworld_completed,bio_celegans,SASB-candidate,sasb,SASB-structured,20260513,916,middle,0.9381898454746137,0.9381898454746137,0.0,14,14,0,0.4523456790123457,0.4528395061728395,144,149,144--149,27,10,10,27,270,1,0.1111111111111111,1,1,0,32,"[""96"", ""53"", ""51"", ""60"", ""343"", ""363"", ""373"", ""364"", ""62"", ""85"", ""369"", ""349"", ""144"", ""145"", ""82"", ""83"", ""142"", ""143"", ""52"", ""220"", ""118"", ""147"", ""154"", ""398"", ""97"", ""348"", ""404"", ""376"", ""235"", ""327"", ""386"", ""14""]",bb228c76a252a2a5a1898fa2a5fa138a04328f1d77347d971e7f228ad93af9d7,"{""boundary"": 12, ""community_rep"": 6, ""degree_core"": 10, ""random_fill"": 4}","{""degree_0_1"": 1, ""degree_3_4"": 4, ""degree_5_8"": 2, ""degree_9_plus"": 25}","{""0"": 2, ""1"": 2, ""10"": 1, ""11"": 1, ""12"": 1, ""13"": 1, ""2"": 1, ""3"": 6, ""4"": 8, ""5"": 4, ""6"": 1, ""7"": 1, ""8"": 1, ""9"": 2}",200,"{""backend"": ""evaluate_m19_theory_calibrated.candidate_features"", ""delta_mode"": ""none"", ""k_max"": 512, ""k_min"": 64, ""variant"": ""conservative""}",200,0.1834862385321101,0.665,0.665,0.045,1.0,"{""dp_17_64"": 0.04, ""dp_257_plus"": 0.505, ""dp_5_16"": 0.02, ""dp_65_256"": 0.435}","{""cn_0"": 0.99, ""cn_1"": 0.01}",0.01,328.85,sasb_candidate_builder,41ab8a6ffe1bc260f4e77190d45ed131714f482d031e517aa1c582eb39a0beef,200,41ab8a6ffe1bc260f4e77190d45ed131714f482d031e517aa1c582eb39a0beef,"{""sasb_builder"": 200}",0,0,0,0,{},0.0,"{""common_neighbor_bin_l1"": 0.0, ""degree_product_bin_l1"": 0.0, ""is_boundary_edge_l1"": 0.0, ""is_bridge_edge_l1"": 0.0, ""is_inter_community_edge_l1"": 0.0, ""is_low_common_neighbor_edge_l1"": 0.0, ""mean_l1"": 0.0}",1,32,32,907.7053458694081,0
realworld_completed,bio_celegans,SASB-candidate,sasb,SASB-structured,20260513,917,middle,0.9381898454746137,0.9381898454746137,0.0,14,14,0,0.4528395061728395,0.4533333333333333,145,149,145--149,27,9,9,27,243,0,0.0,1,1,0,32,"[""96"", ""53"", ""51"", ""60"", ""343"", ""363"", ""373"", ""364"", ""62"", ""85"", ""369"", ""349"", ""145"", ""82"", ""144"", ""83"", ""142"", ""143"", ""52"", ""220"", ""118"", ""147"", ""154"", ""398"", ""97"", ""348"", ""404"", ""376"", ""252"", ""234"", ""282"", ""84""]",c558fab995f5f8cf13d6aa4bec804bab8d64af9ce4bdbf2233180408baac6308,"{""boundary"": 12, ""community_rep"": 6, ""degree_core"": 10, ""random_fill"": 4}","{""degree_3_4"": 5, ""degree_5_8"": 2, ""degree_9_plus"": 25}","{""0"": 1, ""1"": 2, ""10"": 1, ""11"": 1, ""12"": 2, ""13"": 1, ""2"": 1, ""3"": 7, ""4"": 5, ""5"": 4, ""6"": 1, ""7"": 1, ""8"": 1, ""9"": 4}",200,"{""backend"": ""evaluate_m19_theory_calibrated.candidate_features"", ""delta_mode"": ""none"", ""k_max"": 512, ""k_min"": 64, ""variant"": ""conservative""}",200,0.18365472910927455,0.66,0.66,0.045,1.0,"{""dp_17_64"": 0.04, ""dp_257_plus"": 0.5, ""dp_5_16"": 0.02, ""dp_65_256"": 0.44}","{""cn_0"": 1.0}",0.0,328.715,sasb_candidate_builder,b0f3b2ee4024f3ce78b4610689a91cdd4c93a080f2f57061075d1645a026dd31,200,b0f3b2ee4024f3ce78b4610689a91cdd4c93a080f2f57061075d1645a026dd31,"{""sasb_builder"": 200}",0,0,0,0,{},0.0,"{""common_neighbor_bin_l1"": 0.0, ""degree_product_bin_l1"": 0.0, ""is_boundary_edge_l1"": 0.0, ""is_bridge_edge_l1"": 0.0, ""is_inter_community_edge_l1"": 0.0, ""is_low_common_neighbor_edge_l1"": 0.0, ""mean_l1"": 0.0}",1,32,32,1234.2786007629757,0
realworld_completed,bio_celegans,SASB-candidate,sasb,SASB-structured,20260513,918,middle,0.9381898454746137,0.9381898454746137,0.0,14,14,0,0.4533333333333333,0.45382716049382715,322,51,322--51,7,53,7,53,371,1,0.16666666666666666,0,11,11,32,"[""96"", ""53"", ""51"", ""60"", ""343"", ""363"", ""373"", ""364"", ""62"", ""85"", ""369"", ""349"", ""82"", ""144"", ""145"", ""83"", ""142"", ""143"", ""52"", ""220"", ""118"", ""147"", ""154"", ""398"", ""97"", ""348"", ""404"", ""376"", ""127"", ""245"", ""20"", ""413""]",4aaf606dc9f8599a65fe80c64dcd0ee28e84f85737eb3bd4bffb5eebbd0bf10b,"{""boundary"": 12, ""community_rep"": 6, ""degree_core"": 10, ""random_fill"": 4}","{""degree_0_1"": 1, ""degree_3_4"": 4, ""degree_5_8"": 2, ""degree_9_plus"": 25}","{""0"": 1, ""1"": 2, ""10"": 1, ""11"": 1, ""12"": 1, ""13"": 1, ""2"": 1, ""3"": 6, ""4"": 5, ""5"": 6, ""6"": 2, ""7"": 1, ""8"": 1, ""9"": 3}",200,"{""backend"": ""evaluate_m19_theory_calibrated.candidate_features"", ""delta_mode"": ""none"", ""k_max"": 512, ""k_min"": 64, ""variant"": ""conservative""}",200,0.18382352941176472,0.655,0.655,0.045,1.0,"{""dp_17_64"": 0.04, ""dp_257_plus"": 0.505, ""dp_5_16"": 0.02, ""dp_65_256"": 0.435}","{""cn_0"": 1.0}",0.0,328.8,sasb_candidate_builder,29a833b82c02d105d45b0ab9f45706281fbe7779ae6eac96a07c893d80cb201b,200,29a833b82c02d105d45b0ab9f45706281fbe7779ae6eac96a07c893d80cb201b,"{""sasb_builder"": 200}",0,0,0,0,{},0.0,"{""common_neighbor_bin_l1"": 0.0, ""degree_product_bin_l1"": 0.0, ""is_boundary_edge_l1"": 0.0, ""is_bridge_edge_l1"": 0.0, ""is_inter_community_edge_l1"": 0.0, ""is_low_common_neighbor_edge_l1"": 0.0, ""mean_l1"": 0.0}",1,32,32,0.0,0
realworld_completed,bio_celegans,SASB-candidate,sasb,SASB-structured,20260513,919,middle,0.9381898454746137,0.9381898454746137,0.0,14,14,0,0.45382716049382715,0.454320987654321,322,53,322--53,6,60,6,60,360,0,0.0,1,8,10,32,"[""96"", ""53"", ""51"", ""60"", ""343"", ""363"", ""373"", ""364"", ""62"", ""85"", ""369"", ""349"", ""82"", ""144"", ""145"", ""83"", ""142"", ""143"", ""52"", ""220"", ""118"", ""147"", ""154"", ""398"", ""97"", ""348"", ""404"", ""376"", ""393"", ""422"", ""136"", ""346""]",93a9914beaf022807449ae8eea695b8efe53138caab22e505ef50fa9fbde8f99,"{""boundary"": 12, ""community_rep"": 6, ""degree_core"": 10, ""random_fill"": 4}","{""degree_0_1"": 2, ""degree_3_4"": 4, ""degree_5_8"": 1, ""degree_9_plus"": 25}","{""0"": 2, ""1"": 2, ""10"": 1, ""11"": 1, ""12"": 1, ""13"": 2, ""2"": 1, ""3"": 6, ""4"": 6, ""5"": 4, ""6"": 2, ""7"": 1, ""8"": 1, ""9"": 2}",200,"{""backend"": ""evaluate_m19_theory_calibrated.candidate_features"", ""delta_mode"": ""none"", ""k_max"": 512, ""k_min"": 64, ""variant"": ""conservative""}",200,0.18399264029438822,0.655,0.655,0.045,1.0,"{""dp_17_64"": 0.04, ""dp_257_plus"": 0.5, ""dp_5_16"": 0.02, ""dp_65_256"": 0.44}","{""cn_0"": 1.0}",0.0,326.95,sasb_candidate_builder,f7347d918cd66c836cb40397c776a6bc7f93782754030d086fba659e2af77f0e,200,f7347d918cd66c836cb40397c776a6bc7f93782754030d086fba659e2af77f0e,"{""sasb_builder"": 200}",0,0,0,0,{},0.0,"{""common_neighbor_bin_l1"": 0.0, ""degree_product_bin_l1"": 0.0, ""is_boundary_edge_l1"": 0.0, ""is_bridge_edge_l1"": 0.0, ""is_inter_community_edge_l1"": 0.0, ""is_low_common_neighbor_edge_l1"": 0.0, ""mean_l1"": 0.0}",1,32,32,0.0,0
realworld_completed,bio_celegans,SASB-candidate,sasb,SASB-structured,20260513,920,middle,0.9381898454746137,0.9271523178807947,0.011037527593819041,14,15,1,0.454320987654321,0.45481481481481484,322,60,322--60,5,27,5,27,135,0,0.0,1,0,4,32,"[""96"", ""53"", ""51"", ""60"", ""343"", ""363"", ""373"", ""364"", ""62"", ""85"", ""369"", ""349"", ""82"", ""144"", ""145"", ""83"", ""142"", ""143"", ""52"", ""220"", ""118"", ""147"", ""154"", ""398"", ""97"", ""348"", ""404"", ""376"", ""227"", ""197"", ""165"", ""246""]",4ba2d3aa415703a386b6a0e03e44457a1b4b0c8417d135435b50c0410e2c0265,"{""boundary"": 12, ""community_rep"": 6, ""degree_core"": 10, ""random_fill"": 4}","{""degree_2"": 1, ""degree_3_4"": 5, ""degree_5_8"": 1, ""degree_9_plus"": 25}","{""1"": 2, ""10"": 4, ""11"": 1, ""12"": 1, ""13"": 1, ""14"": 1, ""2"": 1, ""3"": 7, ""4"": 6, ""5"": 4, ""6"": 1, ""7"": 1, ""8"": 1, ""9"": 1}",200,"{""backend"": ""evaluate_m19_theory_calibrated.candidate_features"", ""delta_mode"": ""none"", ""k_max"": 512, ""k_min"": 64, ""variant"": ""conservative""}",200,0.1841620626151013,0.655,0.655,0.05,1.0,"{""dp_17_64"": 0.04, ""dp_257_plus"": 0.495, ""dp_5_16"": 0.025, ""dp_65_256"": 0.44}","{""cn_0"": 1.0}",0.0,324.02,sasb_candidate_builder,d0c8608fc7592ad21804cc8fafb3357bfd9a76a90885557da96381c6e63bfeb1,200,d0c8608fc7592ad21804cc8fafb3357bfd9a76a90885557da96381c6e63bfeb1,"{""sasb_builder"": 200}",0,0,0,0,{},0.0,"{""common_neighbor_bin_l1"": 0.0, ""degree_product_bin_l1"": 0.0, ""is_boundary_edge_l1"": 0.0, ""is_bridge_edge_l1"": 0.0, ""is_inter_community_edge_l1"": 0.0, ""is_low_common_neighbor_edge_l1"": 0.0, ""mean_l1"": 0.0}",1,32,32,0.0,0
realworld_completed,bio_celegans,SASB-candidate,sasb,SASB-structured,20260513,921,middle,0.9271523178807947,0.9271523178807947,0.0,15,15,0,0.45481481481481484,0.4553086419753086,323,96,323--96,4,73,4,73,292,0,0.0,1,4,0,32,"[""96"", ""53"", ""51"", ""60"", ""343"", ""363"", ""373"", ""364"", ""62"", ""85"", ""369"", ""349"", ""82"", ""144"", ""145"", ""83"", ""142"", ""143"", ""52"", ""220"", ""118"", ""147"", ""154"", ""398"", ""97"", ""348"", ""404"", ""376"", ""316"", ""351"", ""208"", ""361""]",2c7b1a611a4f5fe97ac48c258caf4b74752858f7488f8652521ca2f3c9e15a9e,"{""boundary"": 12, ""community_rep"": 6, ""degree_core"": 10, ""random_fill"": 4}","{""degree_2"": 1, ""degree_3_4"": 5, ""degree_5_8"": 1, ""degree_9_plus"": 25}","{""1"": 2, ""10"": 3, ""11"": 1, ""12"": 1, ""13"": 1, ""14"": 1, ""2"": 1, ""3"": 7, ""4"": 7, ""5"": 4, ""6"": 1, ""7"": 1, ""8"": 1, ""9"": 1}",199,"{""backend"": ""evaluate_m19_theory_calibrated.candidate_features"", ""delta_mode"": ""none"", ""k_max"": 512, ""k_min"": 64, ""variant"": ""conservative""}",199,0.18443002780352177,0.6532663316582915,0.6532663316582915,0.04522613065326633,1.0,"{""dp_17_64"": 0.04020100502512563, ""dp_257_plus"": 0.49748743718592964, ""dp_5_16"": 0.02512562814070352, ""dp_65_256"": 0.4371859296482412}","{""cn_0"": 1.0}",0.0,324.27638190954775,sasb_candidate_builder,50da5e92d6b0ebf3c04386275820b75ecc25c8600ce91ff67e9a97ed9452a708,199,50da5e92d6b0ebf3c04386275820b75ecc25c8600ce91ff67e9a97ed9452a708,"{""sasb_builder"": 199}",0,0,0,0,{},0.0,"{""common_neighbor_bin_l1"": 0.0, ""degree_product_bin_l1"": 0.0, ""is_boundary_edge_l1"": 0.0, ""is_bridge_edge_l1"": 0.0, ""is_inter_community_edge_l1"": 0.0, ""is_low_common_neighbor_edge_l1"": 0.0, ""mean_l1"": 0.0}",1,32,32,0.0,0
realworld_completed,bio_celegans,SASB-candidate,sasb,SASB-structured,20260513,922,middle,0.9271523178807947,0.9271523178807947,0.0,15,15,0,0.4553086419753086,0.45580246913580247,325,60,325--60,8,26,8,26,208,2,0.2857142857142857,0,4,4,32,"[""96"", ""53"", ""51"", ""60"", ""343"", ""363"", ""373"", ""364"", ""62"", ""85"", ""369"", ""349"", ""82"", ""144"", ""145"", ""83"", ""142"", ""143"", ""52"", ""220"", ""118"", ""147"", ""154"", ""398"", ""97"", ""348"", ""404"", ""376"", ""148"", ""283"", ""346"", ""121""]",7220af2468a9605e2ef8fb97e6c533ff5aa17191e53971ebc69b94c1dc20058c,"{""boundary"": 12, ""community_rep"": 6, ""degree_core"": 10, ""random_fill"": 4}","{""degree_2"": 1, ""degree_3_4"": 3, ""degree_5_8"": 2, ""degree_9_plus"": 26}","{""1"": 3, ""10"": 2, ""11"": 1, ""12"": 1, ""13"": 2, ""14"": 1, ""2"": 1, ""3"": 7, ""4"": 6, ""5"": 4, ""6"": 1, ""7"": 1, ""8"": 1, ""9"": 1}",199,"{""backend"": ""evaluate_m19_theory_calibrated.candidate_features"", ""delta_mode"": ""none"", ""k_max"": 512, ""k_min"": 64, ""variant"": ""conservative""}",199,0.18460111317254174,0.6482412060301508,0.6482412060301508,0.04522613065326633,1.0,"{""dp_17_64"": 0.04020100502512563, ""dp_257_plus"": 0.49246231155778897, ""dp_5_16"": 0.02512562814070352, ""dp_65_256"": 0.44221105527638194}","{""cn_0"": 1.0}",0.0,322.11557788944725,sasb_candidate_builder,b53209447424aef15fc002f0f23498a4bfeb20c002abf507222e9198656ad5ad,199,b53209447424aef15fc002f0f23498a4bfeb20c002abf507222e9198656ad5ad,"{""sasb_builder"": 199}",0,0,0,0,{},0.0,"{""common_neighbor_bin_l1"": 0.0, ""degree_product_bin_l1"": 0.0, ""is_boundary_edge_l1"": 0.0, ""is_bridge_edge_l1"": 0.0, ""is_inter_community_edge_l1"": 0.0, ""is_low_common_neighbor_edge_l1"": 0.0, ""mean_l1"": 0.0}",1,32,32,0.0,0
realworld_completed,bio_celegans,SASB-candidate,sasb,SASB-structured,20260513,923,middle,0.9271523178807947,0.9271523178807947,0.0,15,15,0,0.45580246913580247,0.4562962962962963,196,60,196--60,5,25,5,25,125,1,0.25,0,4,4,32,"[""96"", ""53"", ""51"", ""60"", ""343"", ""363"", ""373"", ""364"", ""62"", ""85"", ""369"", ""349"", ""82"", ""144"", ""145"", ""83"", ""142"", ""143"", ""52"", ""220"", ""118"", ""147"", ""154"", ""398"", ""97"", ""348"", ""404"", ""376"", ""417"", ""250"", ""70"", ""401""]",022e66d3831dd9523dc2e93aec42f35b9ef0b03bea244a54cfb298d4b60a1153,"{""boundary"": 12, ""community_rep"": 6, ""degree_core"": 10, ""random_fill"": 4}","{""degree_2"": 1, ""degree_3_4"": 3, ""degree_5_8"": 3, ""degree_9_plus"": 25}","{""1"": 3, ""10"": 4, ""11"": 1, ""12"": 1, ""13"": 1, ""14"": 1, ""2"": 1, ""3"": 6, ""4"": 5, ""5"": 4, ""6"": 1, ""7"": 1, ""8"": 1, ""9"": 2}",199,"{""backend"": ""evaluate_m19_theory_calibrated.candidate_features"", ""delta_mode"": ""none"", ""k_max"": 512, ""k_min"": 64, ""variant"": ""conservative""}",199,0.18477251624883936,0.6482412060301508,0.6482412060301508,0.04522613065326633,1.0,"{""dp_17_64"": 0.04020100502512563, ""dp_257_plus"": 0.4824120603015075, ""dp_5_16"": 0.02512562814070352, ""dp_65_256"": 0.45226130653266333}","{""cn_0"": 1.0}",0.0,320.5075376884422,sasb_candidate_builder,487ce348b20d76319b5a9dc740bc29278d23a4604b07ec7b52ba0fbb4066d420,199,487ce348b20d76319b5a9dc740bc29278d23a4604b07ec7b52ba0fbb4066d420,"{""sasb_builder"": 199}",0,0,0,0,{},0.0,"{""common_neighbor_bin_l1"": 0.0, ""degree_product_bin_l1"": 0.0, ""is_boundary_edge_l1"": 0.0, ""is_bridge_edge_l1"": 0.0, ""is_inter_community_edge_l1"": 0.0, ""is_low_common_neighbor_edge_l1"": 0.0, ""mean_l1"": 0.0}",1,32,32,0.0,0
realworld_completed,bio_celegans,SASB-candidate,sasb,SASB-structured,20260513,924,middle,0.9271523178807947,0.9271523178807947,0.0,15,15,0,0.4562962962962963,0.4567901234567901,51,53,51--53,52,59,52,59,3068,50,0.9803921568627451,0,10,10,32,"[""96"", ""53"", ""51"", ""60"", ""343"", ""363"", ""373"", ""364"", ""62"", ""85"", ""369"", ""349"", ""82"", ""144"", ""145"", ""83"", ""142"", ""143"", ""52"", ""220"", ""118"", ""147"", ""154"", ""398"", ""97"", ""348"", ""404"", ""376"", ""64"", ""309"", ""394"", ""336""]",3b1ea0735f8f52afb8cec5da00e892f6dc0c19c0318a80bbb473556d3f45f568,"{""boundary"": 12, ""community_rep"": 6, ""degree_core"": 10, ""random_fill"": 4}","{""degree_2"": 1, ""degree_3_4"": 3, ""degree_5_8"": 3, ""degree_9_plus"": 25}","{""1"": 2, ""10"": 2, ""11"": 1, ""12"": 1, ""13"": 1, ""14"": 1, ""2"": 2, ""3"": 6, ""4"": 6, ""5"": 4, ""6"": 1, ""7"": 2, ""8"": 1, ""9"": 2}",199,"{""backend"": ""evaluate_m19_theory_calibrated.candidate_features"", ""delta_mode"": ""none"", ""k_max"": 512, ""k_min"": 64, ""variant"": ""conservative""}",199,0.18494423791821563,0.6482412060301508,0.6482412060301508,0.04522613065326633,0.9949748743718593,"{""dp_17_64"": 0.04020100502512563, ""dp_257_plus"": 0.48743718592964824, ""dp_5_16"": 0.02512562814070352, ""dp_65_256"": 0.4472361809045226}","{""cn_0"": 0.9949748743718593, ""cn_9_plus"": 0.005025125628140704}",0.25125628140703515,334.643216080402,sasb_candidate_builder,7e4e9eb04a42d969a4bedf7abc4b56f3cc80c7af59d4dbd66311469e62e38516,199,7e4e9eb04a42d969a4bedf7abc4b56f3cc80c7af59d4dbd66311469e62e38516,"{""sasb_builder"": 199}",0,0,0,0,{},0.0,"{""common_neighbor_bin_l1"": 0.0, ""degree_product_bin_l1"": 0.0, ""is_boundary_edge_l1"": 0.0, ""is_bridge_edge_l1"": 0.0, ""is_inter_community_edge_l1"": 0.0, ""is_low_common_neighbor_edge_l1"": 0.0, ""mean_l1"": 0.0}",1,32,32,701.3849356831894,0
realworld_completed,bio_celegans,SASB-candidate,sasb,SASB-structured,20260513,925,middle,0.9271523178807947,0.9271523178807947,0.0,15,15,0,0.4567901234567901,0.45728395061728394,153,53,153--53,3,58,3,58,174,1,0.5,0,10,10,32,"[""96"", ""53"", ""51"", ""60"", ""343"", ""363"", ""373"", ""364"", ""62"", ""85"", ""369"", ""349"", ""82"", ""144"", ""145"", ""83"", ""142"", ""143"", ""52"", ""220"", ""118"", ""147"", ""154"", ""398"", ""97"", ""348"", ""404"", ""376"", ""107"", ""328"", ""285"", ""26""]",aefe884e7e80f5ea7b114b431b42f082cf2f74642119c3357219b5ed1dae11db,"{""boundary"": 12, ""community_rep"": 6, ""degree_core"": 10, ""random_fill"": 4}","{""degree_3_4"": 4, ""degree_5_8"": 3, ""degree_9_plus"": 25}","{""1"": 3, ""10"": 2, ""11"": 1, ""12"": 1, ""13"": 2, ""14"": 1, ""2"": 1, ""3"": 7, ""4"": 6, ""5"": 4, ""6"": 1, ""7"": 1, ""8"": 1, ""9"": 1}",199,"{""backend"": ""evaluate_m19_theory_calibrated.candidate_features"", ""delta_mode"": ""none"", ""k_max"": 512, ""k_min"": 64, ""variant"": ""conservative""}",199,0.18511627906976744,0.6482412060301508,0.6482412060301508,0.03015075376884422,1.0,"{""dp_17_64"": 0.04020100502512563, ""dp_257_plus"": 0.4321608040201005, ""dp_5_16"": 0.02512562814070352, ""dp_65_256"": 0.5025125628140703}","{""cn_0"": 1.0}",0.0,312.5427135678392,sasb_candidate_builder,0081de695fa921c8619794d2e2378f3dbec0f129a9dd0fe51b566c66d8d2d044,199,0081de695fa921c8619794d2e2378f3dbec0f129a9dd0fe51b566c66d8d2d044,"{""sasb_builder"": 199}",0,0,0,0,{},0.0,"{""common_neighbor_bin_l1"": 0.0, ""degree_product_bin_l1"": 0.0, ""is_boundary_edge_l1"": 0.0, ""is_bridge_edge_l1"": 0.0, ""is_inter_community_edge_l1"": 0.0, ""is_low_common_neighbor_edge_l1"": 0.0, ""mean_l1"": 0.0}",1,32,32,0.0,0
realworld_completed,bio_celegans,SASB-candidate,sasb,SASB-structured,20260513,926,middle,0.9271523178807947,0.9271523178807947,0.0,15,15,0,0.45728395061728394,0.4577777777777778,151,53,151--53,4,57,4,57,228,1,0.3333333333333333,0,11,11,32,"[""96"", ""53"", ""51"", ""60"", ""343"", ""363"", ""373"", ""364"", ""62"", ""85"", ""369"", ""349"", ""82"", ""144"", ""145"", ""83"", ""142"", ""143"", ""52"", ""220"", ""118"", ""147"", ""154"", ""398"", ""97"", ""348"", ""404"", ""376"", ""277"", ""152"", ""385"", ""146""]",3ea3d3b3a4943a1cc9017a0f51ace76da31505c1b5e17b3c48a5aceacb074cf5,"{""boundary"": 12, ""community_rep"": 6, ""degree_core"": 10, ""random_fill"": 4}","{""degree_2"": 2, ""degree_3_4"": 4, ""degree_5_8"": 1, ""degree_9_plus"": 25}","{""1"": 2, ""10"": 4, ""11"": 1, ""12"": 1, ""13"": 1, ""14"": 1, ""2"": 1, ""3"": 6, ""4"": 6, ""5"": 4, ""6"": 1, ""7"": 1, ""8"": 1, ""9"": 2}",198,"{""backend"": ""evaluate_m19_theory_calibrated.candidate_features"", ""delta_mode"": ""none"", ""k_max"": 512, ""k_min"": 64, ""variant"": ""conservative""}",198,0.18435754189944134,0.6515151515151515,0.6515151515151515,0.030303030303030304,1.0,"{""dp_17_64"": 0.04040404040404041, ""dp_257_plus"": 0.43434343434343436, ""dp_5_16"": 0.025252525252525252, ""dp_65_256"": 0.5}","{""cn_0"": 1.0}",0.0,312.2676767676768,sasb_candidate_builder,67a54eb15c1ca597cd152b075980e5a7d139cba8f941c1b4e6fa412712f70957,198,67a54eb15c1ca597cd152b075980e5a7d139cba8f941c1b4e6fa412712f70957,"{""sasb_builder"": 198}",0,0,0,0,{},0.0,"{""common_neighbor_bin_l1"": 0.0, ""degree_product_bin_l1"": 0.0, ""is_boundary_edge_l1"": 0.0, ""is_bridge_edge_l1"": 0.0, ""is_inter_community_edge_l1"": 0.0, ""is_low_common_neighbor_edge_l1"": 0.0, ""mean_l1"": 0.0}",1,32,32,0.0,0
realworld_completed,bio_celegans,SASB-candidate,sasb,SASB-structured,20260513,927,middle,0.9271523178807947,0.9271523178807947,0.0,15,15,0,0.4577777777777778,0.4582716049382716,152,53,152--53,4,56,4,56,224,1,0.3333333333333333,0,11,11,32,"[""96"", ""53"", ""51"", ""60"", ""343"", ""363"", ""373"", ""364"", ""62"", ""85"", ""369"", ""349"", ""82"", ""144"", ""145"", ""83"", ""142"", ""143"", ""52"", ""220"", ""118"", ""147"", ""154"", ""398"", ""97"", ""348"", ""404"", ""376"", ""75"", ""314"", ""152"", ""47""]",47a4816af4b5cb31515c84ddb6049ad06860f3d84e034ca319152d628ef5c3f3,"{""boundary"": 12, ""community_rep"": 6, ""degree_core"": 10, ""random_fill"": 4}","{""degree_2"": 1, ""degree_3_4"": 3, ""degree_5_8"": 3, ""degree_9_plus"": 25}","{""1"": 2, ""10"": 3, ""11"": 1, ""12"": 1, ""13"": 1, ""14"": 1, ""2"": 1, ""3"": 6, ""4"": 5, ""5"": 5, ""6"": 1, ""7"": 2, ""8"": 1, ""9"": 2}",198,"{""backend"": ""evaluate_m19_theory_calibrated.candidate_features"", ""delta_mode"": ""none"", ""k_max"": 512, ""k_min"": 64, ""variant"": ""conservative""}",198,0.18452935694315004,0.6515151515151515,0.6515151515151515,0.030303030303030304,1.0,"{""dp_17_64"": 0.04040404040404041, ""dp_257_plus"": 0.43434343434343436, ""dp_5_16"": 0.025252525252525252, ""dp_65_256"": 0.5}","{""cn_0"": 1.0}",0.0,311.0,sasb_candidate_builder,4a1f9ad97ee8b3bd1df6cfc6737acba0482acf27de627a10b035b40b8aa79f75,198,4a1f9ad97ee8b3bd1df6cfc6737acba0482acf27de627a10b035b40b8aa79f75,"{""sasb_builder"": 198}",0,0,0,0,{},0.0,"{""common_neighbor_bin_l1"": 0.0, ""degree_product_bin_l1"": 0.0, ""is_boundary_edge_l1"": 0.0, ""is_bridge_edge_l1"": 0.0, ""is_inter_community_edge_l1"": 0.0, ""is_low_common_neighbor_edge_l1"": 0.0, ""mean_l1"": 0.0}",1,32,32,0.0,0
realworld_completed,bio_celegans,SASB-candidate,sasb,SASB-structured,20260513,928,middle,0.9271523178807947,0.9271523178807947,0.0,15,15,0,0.4582716049382716,0.4587654320987654,176,51,176--51,2,51,2,51,102,0,0.0,0,11,11,32,"[""96"", ""53"", ""51"", ""60"", ""343"", ""363"", ""373"", ""364"", ""62"", ""85"", ""369"", ""349"", ""82"", ""144"", ""145"", ""83"", ""142"", ""143"", ""52"", ""220"", ""118"", ""147"", ""154"", ""398"", ""97"", ""348"", ""404"", ""376"", ""162"", ""422"", ""332"", ""391""]",d1d3c550806f7fbdb3b9fb302ba09e6897635caf78aa6e4ffa2bb48f54da02c2,"{""boundary"": 12, ""community_rep"": 6, ""degree_core"": 10, ""random_fill"": 4}","{""degree_2"": 1, ""degree_3_4"": 5, ""degree_5_8"": 1, ""degree_9_plus"": 25}","{""1"": 2, ""10"": 4, ""11"": 1, ""12"": 1, ""13"": 1, ""14"": 1, ""2"": 2, ""3"": 6, ""4"": 5, ""5"": 4, ""6"": 1, ""7"": 1, ""8"": 1, ""9"": 2}",198,"{""backend"": ""evaluate_m19_theory_calibrated.candidate_features"", ""delta_mode"": ""none"", ""k_max"": 512, ""k_min"": 64, ""variant"": ""conservative""}",198,0.18470149253731344,0.6515151515151515,0.6515151515151515,0.030303030303030304,1.0,"{""dp_17_64"": 0.04040404040404041, ""dp_257_plus"": 0.43434343434343436, ""dp_5_16"": 0.025252525252525252, ""dp_65_256"": 0.5}","{""cn_0"": 1.0}",0.0,309.74747474747477,sasb_candidate_builder,dfa447b4858329b084abbf83d187ab0d0bd7e202a0a5ab0fdf019012c4611edc,198,dfa447b4858329b084abbf83d187ab0d0bd7e202a0a5ab0fdf019012c4611edc,"{""sasb_builder"": 198}",0,0,0,0,{},0.0,"{""common_neighbor_bin_l1"": 0.0, ""degree_product_bin_l1"": 0.0, ""is_boundary_edge_l1"": 0.0, ""is_bridge_edge_l1"": 0.0, ""is_inter_community_edge_l1"": 0.0, ""is_low_common_neighbor_edge_l1"": 0.0, ""mean_l1"": 0.0}",1,32,32,0.0,0
realworld_completed,bio_celegans,SASB-candidate,sasb,SASB-structured,20260513,929,middle,0.9271523178807947,0.9271523178807947,0.0,15,15,0,0.4587654320987654,0.45925925925925926,227,51,227--51,2,50,2,50,100,0,0.0,0,9,9,32,"[""96"", ""53"", ""51"", ""60"", ""343"", ""363"", ""373"", ""364"", ""62"", ""85"", ""369"", ""349"", ""82"", ""144"", ""145"", ""83"", ""142"", ""143"", ""52"", ""220"", ""118"", ""147"", ""154"", ""398"", ""97"", ""348"", ""404"", ""376"", ""230"", ""150"", ""93"", ""422""]",0c52d44ee8e85f67f42c22a4d3c10cd4b11a3fa207b14f42eebd6a1351066f6b,"{""boundary"": 12, ""community_rep"": 6, ""degree_core"": 10, ""random_fill"": 4}","{""degree_0_1"": 1, ""degree_2"": 1, ""degree_3_4"": 3, ""degree_5_8"": 1, ""degree_9_plus"": 26}","{""1"": 2, ""10"": 2, ""11"": 1, ""12"": 1, ""13"": 1, ""14"": 3, ""2"": 1, ""3"": 7, ""4"": 5, ""5"": 4, ""6"": 1, ""7"": 1, ""8"": 1, ""9"": 2}",198,"{""backend"": ""evaluate_m19_theory_calibrated.candidate_features"", ""delta_mode"": ""none"", ""k_max"": 512, ""k_min"": 64, ""variant"": ""conservative""}",198,0.18487394957983194,0.6515151515151515,0.6515151515151515,0.030303030303030304,1.0,"{""dp_17_64"": 0.04040404040404041, ""dp_257_plus"": 0.43434343434343436, ""dp_5_16"": 0.025252525252525252, ""dp_65_256"": 0.5}","{""cn_0"": 1.0}",0.0,309.5,sasb_candidate_builder,64c2dda8681372d24f7a744b7a5acf59d982df629e3fa09c849c72efd03c21ce,198,64c2dda8681372d24f7a744b7a5acf59d982df629e3fa09c849c72efd03c21ce,"{""sasb_builder"": 198}",0,0,0,0,{},0.0,"{""common_neighbor_bin_l1"": 0.0, ""degree_product_bin_l1"": 0.0, ""is_boundary_edge_l1"": 0.0, ""is_bridge_edge_l1"": 0.0, ""is_inter_community_edge_l1"": 0.0, ""is_low_common_neighbor_edge_l1"": 0.0, ""mean_l1"": 0.0}",1,32,32,0.0,0
realworld_completed,bio_celegans,SASB-candidate,sasb,SASB-structured,20260513,930,middle,0.9271523178807947,0.9271523178807947,0.0,15,15,0,0.45925925925925926,0.4597530864197531,243,51,243--51,2,49,2,49,98,0,0.0,0,10,10,32,"[""96"", ""53"", ""51"", ""60"", ""343"", ""363"", ""52"", ""373"", ""364"", ""62"", ""85"", ""369"", ""82"", ""144"", ""145"", ""83"", ""142"", ""143"", ""220"", ""118"", ""147"", ""121"", ""154"", ""398"", ""97"", ""149"", ""404"", ""376"", ""351"", ""401"", ""84"", ""190""]",c821e229dbe9bf1b704fffeda82a671b1e6d8206579b6957c3fe586be1dcf314,"{""boundary"": 12, ""community_rep"": 6, ""degree_core"": 10, ""random_fill"": 4}","{""degree_2"": 1, ""degree_3_4"": 4, ""degree_5_8"": 2, ""degree_9_plus"": 25}","{""0"": 1, ""1"": 2, ""10"": 3, ""11"": 1, ""12"": 1, ""13"": 1, ""2"": 2, ""3"": 7, ""4"": 6, ""5"": 4, ""6"": 1, ""7"": 1, ""8"": 1, ""9"": 1}",198,"{""backend"": ""evaluate_m19_theory_calibrated.candidate_features"", ""delta_mode"": ""none"", ""k_max"": 512, ""k_min"": 64, ""variant"": ""conservative""}",198,0.18504672897196262,0.6666666666666666,0.6666666666666666,0.030303030303030304,1.0,"{""dp_17_64"": 0.030303030303030304, ""dp_257_plus"": 0.4292929292929293, ""dp_5_16"": 0.025252525252525252, ""dp_65_256"": 0.5151515151515151}","{""cn_0"": 1.0}",0.0,308.45959595959596,sasb_candidate_builder,8226f36186348a9c008d0bdc999614790c7faef6c38af5301d1a855fd19832f5,198,8226f36186348a9c008d0bdc999614790c7faef6c38af5301d1a855fd19832f5,"{""sasb_builder"": 198}",0,0,0,0,{},0.0,"{""common_neighbor_bin_l1"": 0.0, ""degree_product_bin_l1"": 0.0, ""is_boundary_edge_l1"": 0.0, ""is_bridge_edge_l1"": 0.0, ""is_inter_community_edge_l1"": 0.0, ""is_low_common_neighbor_edge_l1"": 0.0, ""mean_l1"": 0.0}",1,32,32,0.0,0
realworld_completed,bio_celegans,SASB-candidate,sasb,SASB-structured,20260513,931,middle,0.9271523178807947,0.9271523178807947,0.0,15,15,0,0.4597530864197531,0.46024691358024694,246,53,246--53,3,55,3,55,165,1,0.5,0,8,8,32,"[""96"", ""53"", ""51"", ""60"", ""343"", ""363"", ""52"", ""373"", ""364"", ""62"", ""85"", ""369"", ""82"", ""144"", ""145"", ""83"", ""142"", ""143"", ""220"", ""118"", ""147"", ""121"", ""154"", ""398"", ""97"", ""149"", ""404"", ""376"", ""58"", ""387"", ""344"", ""432""]",513c9d640cdc71d02c77a8eeea1157409953db35d964318ebc5c6fd23346c160,"{""boundary"": 12, ""community_rep"": 6, ""degree_core"": 10, ""random_fill"": 4}","{""degree_3_4"": 4, ""degree_5_8"": 3, ""degree_9_plus"": 25}","{""0"": 2, ""1"": 2, ""10"": 2, ""11"": 1, ""12"": 1, ""13"": 1, ""2"": 2, ""3"": 7, ""4"": 6, ""5"": 3, ""6"": 1, ""7"": 1, ""8"": 2, ""9"": 1}",198,"{""backend"": ""evaluate_m19_theory_calibrated.candidate_features"", ""delta_mode"": ""none"", ""k_max"": 512, ""k_min"": 64, ""variant"": ""conservative""}",198,0.18521983161833488,0.6666666666666666,0.6666666666666666,0.030303030303030304,1.0,"{""dp_17_64"": 0.030303030303030304, ""dp_257_plus"": 0.4292929292929293, ""dp_5_16"": 0.025252525252525252, ""dp_65_256"": 0.5151515151515151}","{""cn_0"": 1.0}",0.0,308.23737373737373,sasb_candidate_builder,810f6391821b0bddae9b5fe54e50259f90b35817a4aab99080de449503cf97b5,198,810f6391821b0bddae9b5fe54e50259f90b35817a4aab99080de449503cf97b5,"{""sasb_builder"": 198}",0,0,0,0,{},0.0,"{""common_neighbor_bin_l1"": 0.0, ""degree_product_bin_l1"": 0.0, ""is_boundary_edge_l1"": 0.0, ""is_bridge_edge_l1"": 0.0, ""is_inter_community_edge_l1"": 0.0, ""is_low_common_neighbor_edge_l1"": 0.0, ""mean_l1"": 0.0}",1,32,32,0.0,0
realworld_completed,bio_celegans,SASB-candidate,sasb,SASB-structured,20260513,932,middle,0.9271523178807947,0.9271523178807947,0.0,15,15,0,0.46024691358024694,0.46074074074074073,247,53,247--53,3,54,3,54,162,1,0.5,0,10,10,32,"[""96"", ""53"", ""51"", ""60"", ""343"", ""363"", ""52"", ""373"", ""364"", ""62"", ""85"", ""369"", ""82"", ""144"", ""145"", ""83"", ""142"", ""143"", ""220"", ""118"", ""147"", ""121"", ""154"", ""398"", ""97"", ""149"", ""404"", ""376"", ""336"", ""132"", ""286"", ""389""]",043ed337499695772638dc65183fc1e34eb645497e02288d345bfc0597069a87,"{""boundary"": 12, ""community_rep"": 6, ""degree_core"": 10, ""random_fill"": 4}","{""degree_3_4"": 5, ""degree_5_8"": 2, ""degree_9_plus"": 25}","{""0"": 2, ""1"": 3, ""10"": 2, ""11"": 1, ""12"": 1, ""13"": 1, ""2"": 1, ""3"": 7, ""4"": 6, ""5"": 4, ""6"": 1, ""7"": 1, ""8"": 1, ""9"": 1}",198,"{""backend"": ""evaluate_m19_theory_calibrated.candidate_features"", ""delta_mode"": ""none"", ""k_max"": 512, ""k_min"": 64, ""variant"": ""conservative""}",198,0.1853932584269663,0.6666666666666666,0.6666666666666666,0.030303030303030304,1.0,"{""dp_17_64"": 0.030303030303030304, ""dp_257_plus"": 0.4292929292929293, ""dp_5_16"": 0.025252525252525252, ""dp_65_256"": 0.5151515151515151}","{""cn_0"": 1.0}",0.0,307.2121212121212,sasb_candidate_builder,8e05022d10f2c985264c8f122a67526bf046092da8f910260688fae163e17582,198,8e05022d10f2c985264c8f122a67526bf046092da8f910260688fae163e17582,"{""sasb_builder"": 198}",0,0,0,0,{},0.0,"{""common_neighbor_bin_l1"": 0.0, ""degree_product_bin_l1"": 0.0, ""is_boundary_edge_l1"": 0.0, ""is_bridge_edge_l1"": 0.0, ""is_inter_community_edge_l1"": 0.0, ""is_low_common_neighbor_edge_l1"": 0.0, ""mean_l1"": 0.0}",1,32,32,0.0,0
realworld_completed,bio_celegans,SASB-candidate,sasb,SASB-structured,20260513,933,middle,0.9271523178807947,0.9271523178807947,0.0,15,15,0,0.46074074074074073,0.46123456790123457,245,53,245--53,4,53,4,53,212,1,0.3333333333333333,0,9,9,32,"[""96"", ""53"", ""51"", ""60"", ""343"", ""363"", ""52"", ""373"", ""364"", ""62"", ""85"", ""369"", ""82"", ""144"", ""145"", ""83"", ""142"", ""143"", ""220"", ""118"", ""147"", ""121"", ""154"", ""398"", ""97"", ""149"", ""404"", ""376"", ""101"", ""385"", ""132"", ""372""]",7650108cfb545df971954b5e621b0aac6baa538fee3006bfe1e72299bfb09e23,"{""boundary"": 12, ""community_rep"": 6, ""degree_core"": 10, ""random_fill"": 4}","{""degree_3_4"": 5, ""degree_5_8"": 2, ""degree_9_plus"": 25}","{""0"": 2, ""1"": 3, ""10"": 2, ""11"": 1, ""12"": 1, ""13"": 2, ""2"": 1, ""3"": 7, ""4"": 6, ""5"": 3, ""6"": 1, ""7"": 1, ""8"": 1, ""9"": 1}",198,"{""backend"": ""evaluate_m19_theory_calibrated.candidate_features"", ""delta_mode"": ""none"", ""k_max"": 512, ""k_min"": 64, ""variant"": ""conservative""}",198,0.18556701030927836,0.6666666666666666,0.6666666666666666,0.030303030303030304,1.0,"{""dp_17_64"": 0.030303030303030304, ""dp_257_plus"": 0.4292929292929293, ""dp_5_16"": 0.025252525252525252, ""dp_65_256"": 0.5151515151515151}","{""cn_0"": 1.0}",0.0,306.17676767676767,sasb_candidate_builder,541481c3df04409c39dc404ea5a9b8a39fdcd1d702752130ef53f16ce4b4d266,198,541481c3df04409c39dc404ea5a9b8a39fdcd1d702752130ef53f16ce4b4d266,"{""sasb_builder"": 198}",0,0,0,0,{},0.0,"{""common_neighbor_bin_l1"": 0.0, ""degree_product_bin_l1"": 0.0, ""is_boundary_edge_l1"": 0.0, ""is_bridge_edge_l1"": 0.0, ""is_inter_community_edge_l1"": 0.0, ""is_low_common_neighbor_edge_l1"": 0.0, ""mean_l1"": 0.0}",1,32,32,0.0,0
realworld_completed,bio_celegans,SASB-candidate,sasb,SASB-structured,20260513,934,middle,0.9271523178807947,0.9271523178807947,0.0,15,15,0,0.46123456790123457,0.4617283950617284,248,53,248--53,3,52,3,52,156,0,0.0,0,9,9,32,"[""96"", ""53"", ""51"", ""60"", ""343"", ""363"", ""52"", ""373"", ""364"", ""62"", ""85"", ""369"", ""82"", ""144"", ""145"", ""83"", ""142"", ""143"", ""220"", ""118"", ""147"", ""121"", ""154"", ""398"", ""97"", ""149"", ""404"", ""376"", ""208"", ""344"", ""160"", ""443""]",b331ee93169ffd54f1fe38e2c79b7f461f4e9857c050e78b939628fc8fe64640,"{""boundary"": 12, ""community_rep"": 6, ""degree_core"": 10, ""random_fill"": 4}","{""degree_2"": 1, ""degree_3_4"": 3, ""degree_5_8"": 3, ""degree_9_plus"": 25}","{""0"": 2, ""1"": 2, ""10"": 2, ""11"": 1, ""12"": 1, ""13"": 1, ""2"": 2, ""3"": 7, ""4"": 7, ""5"": 3, ""6"": 1, ""7"": 1, ""8"": 1, ""9"": 1}",198,"{""backend"": ""evaluate_m19_theory_calibrated.candidate_features"", ""delta_mode"": ""none"", ""k_max"": 512, ""k_min"": 64, ""variant"": ""conservative""}",198,0.18574108818011256,0.6666666666666666,0.6666666666666666,0.030303030303030304,1.0,"{""dp_17_64"": 0.030303030303030304, ""dp_257_plus"": 0.43434343434343436, ""dp_5_16"": 0.025252525252525252, ""dp_65_256"": 0.51010101010101}","{""cn_0"": 1.0}",0.0,305.3181818181818,sasb_candidate_builder,a200831282378572902b97fdeedeb3871226bfce2820150dd305cd8211a8a5d6,198,a200831282378572902b97fdeedeb3871226bfce2820150dd305cd8211a8a5d6,"{""sasb_builder"": 198}",0,0,0,0,{},0.0,"{""common_neighbor_bin_l1"": 0.0, ""degree_product_bin_l1"": 0.0, ""is_boundary_edge_l1"": 0.0, ""is_bridge_edge_l1"": 0.0, ""is_inter_community_edge_l1"": 0.0, ""is_low_common_neighbor_edge_l1"": 0.0, ""mean_l1"": 0.0}",1,32,32,0.0,0
realworld_completed,bio_celegans,SASB-candidate,sasb,SASB-structured,20260513,935,middle,0.9271523178807947,0.9271523178807947,0.0,15,15,0,0.4617283950617284,0.4622222222222222,250,51,250--51,3,48,3,48,144,1,0.5,0,8,8,32,"[""96"", ""53"", ""51"", ""60"", ""343"", ""363"", ""52"", ""373"", ""364"", ""62"", ""85"", ""369"", ""82"", ""144"", ""145"", ""83"", ""142"", ""143"", ""220"", ""118"", ""147"", ""121"", ""154"", ""398"", ""97"", ""149"", ""404"", ""376"", ""198"", ""288"", ""176"", ""63""]",5eb0ccbae0e9458f79693d629660300fbba997634d4807cb0e579190a47df99d,"{""boundary"": 12, ""community_rep"": 6, ""degree_core"": 10, ""random_fill"": 4}","{""degree_0_1"": 1, ""degree_2"": 1, ""degree_3_4"": 4, ""degree_5_8"": 1, ""degree_9_plus"": 25}","{""0"": 2, ""1"": 2, ""10"": 3, ""11"": 1, ""12"": 1, ""13"": 1, ""2"": 1, ""3"": 7, ""4"": 5, ""5"": 3, ""6"": 1, ""7"": 2, ""8"": 2, ""9"": 1}",198,"{""backend"": ""evaluate_m19_theory_calibrated.candidate_features"", ""delta_mode"": ""none"", ""k_max"": 512, ""k_min"": 64, ""variant"": ""conservative""}",198,0.18591549295774648,0.6666666666666666,0.6666666666666666,0.030303030303030304,1.0,"{""dp_17_64"": 0.030303030303030304, ""dp_257_plus"": 0.40404040404040403, ""dp_5_16"": 0.025252525252525252, ""dp_65_256"": 0.5404040404040404}","{""cn_0"": 1.0}",0.0,303.9848484848485,sasb_candidate_builder,4c13b9429c0fcbebf42d466f209734088b5b0eb4a768ebcf18b8b5eef5543e66,198,4c13b9429c0fcbebf42d466f209734088b5b0eb4a768ebcf18b8b5eef5543e66,"{""sasb_builder"": 198}",0,0,0,0,{},0.0,"{""common_neighbor_bin_l1"": 0.0, ""degree_product_bin_l1"": 0.0, ""is_boundary_edge_l1"": 0.0, ""is_bridge_edge_l1"": 0.0, ""is_inter_community_edge_l1"": 0.0, ""is_low_common_neighbor_edge_l1"": 0.0, ""mean_l1"": 0.0}",1,32,32,0.0,0
realworld_completed,bio_celegans,SASB-candidate,sasb,SASB-structured,20260513,936,middle,0.9271523178807947,0.9271523178807947,0.0,15,15,0,0.4622222222222222,0.46271604938271604,251,51,251--51,2,47,2,47,94,0,0.0,0,8,8,32,"[""96"", ""53"", ""51"", ""60"", ""343"", ""363"", ""52"", ""373"", ""364"", ""62"", ""85"", ""369"", ""82"", ""144"", ""145"", ""83"", ""142"", ""143"", ""220"", ""118"", ""147"", ""121"", ""154"", ""398"", ""97"", ""149"", ""404"", ""376"", ""442"", ""49"", ""403"", ""419""]",fec33b166234162e360492288779c02a66b5b6031954f5f207e78fa0d66143fd,"{""boundary"": 12, ""community_rep"": 6, ""degree_core"": 10, ""random_fill"": 4}","{""degree_2"": 1, ""degree_3_4"": 3, ""degree_5_8"": 3, ""degree_9_plus"": 25}","{""0"": 1, ""1"": 2, ""10"": 2, ""11"": 1, ""12"": 1, ""13"": 1, ""2"": 2, ""3"": 10, ""4"": 5, ""5"": 3, ""6"": 1, ""7"": 1, ""8"": 1, ""9"": 1}",198,"{""backend"": ""evaluate_m19_theory_calibrated.candidate_features"", ""delta_mode"": ""none"", ""k_max"": 512, ""k_min"": 64, ""variant"": ""conservative""}",198,0.18609022556390978,0.6666666666666666,0.6666666666666666,0.03535353535353535,1.0,"{""dp_17_64"": 0.030303030303030304, ""dp_257_plus"": 0.40404040404040403, ""dp_5_16"": 0.025252525252525252, ""dp_65_256"": 0.5404040404040404}","{""cn_0"": 1.0}",0.0,303.1969696969697,sasb_candidate_builder,deadc2bcf94697ef748ceb423cb6566b738e1a993b3c37e7e146b3ec60de4476,198,deadc2bcf94697ef748ceb423cb6566b738e1a993b3c37e7e146b3ec60de4476,"{""sasb_builder"": 198}",0,0,0,0,{},0.0,"{""common_neighbor_bin_l1"": 0.0, ""degree_product_bin_l1"": 0.0, ""is_boundary_edge_l1"": 0.0, ""is_bridge_edge_l1"": 0.0, ""is_inter_community_edge_l1"": 0.0, ""is_low_common_neighbor_edge_l1"": 0.0, ""mean_l1"": 0.0}",1,32,32,0.0,0
realworld_completed,bio_celegans,SASB-candidate,sasb,SASB-structured,20260513,937,middle,0.9271523178807947,0.9271523178807947,0.0,15,15,0,0.46271604938271604,0.4632098765432099,253,53,253--53,3,51,3,51,153,1,0.5,0,8,8,32,"[""96"", ""53"", ""51"", ""60"", ""343"", ""363"", ""52"", ""373"", ""364"", ""62"", ""85"", ""369"", ""82"", ""144"", ""145"", ""83"", ""142"", ""143"", ""220"", ""118"", ""147"", ""121"", ""154"", ""398"", ""97"", ""149"", ""404"", ""376"", ""452"", ""15"", ""336"", ""201""]",195e143a9c059c57367ed605387604a18d5abf6ee2182116bc1f825aa401fca2,"{""boundary"": 12, ""community_rep"": 6, ""degree_core"": 10, ""random_fill"": 4}","{""degree_2"": 1, ""degree_3_4"": 4, ""degree_5_8"": 2, ""degree_9_plus"": 25}","{""0"": 1, ""1"": 2, ""10"": 2, ""11"": 1, ""12"": 1, ""13"": 1, ""2"": 1, ""3"": 8, ""4"": 6, ""5"": 5, ""6"": 1, ""7"": 1, ""8"": 1, ""9"": 1}",197,"{""backend"": ""evaluate_m19_theory_calibrated.candidate_features"", ""delta_mode"": ""none"", ""k_max"": 512, ""k_min"": 64, ""variant"": ""conservative""}",197,0.18532455315145813,0.6700507614213198,0.6700507614213198,0.04060913705583756,1.0,"{""dp_17_64"": 0.030456852791878174, ""dp_257_plus"": 0.40609137055837563, ""dp_5_16"": 0.025380710659898477, ""dp_65_256"": 0.5380710659898477}","{""cn_0"": 1.0}",0.0,303.24873096446703,sasb_candidate_builder,56f5a8b3ecf95d293c4bd13447f52e16909a4fae5235cfd883b1de198e04fdc0,197,56f5a8b3ecf95d293c4bd13447f52e16909a4fae5235cfd883b1de198e04fdc0,"{""sasb_builder"": 197}",0,0,0,0,{},0.0,"{""common_neighbor_bin_l1"": 0.0, ""degree_product_bin_l1"": 0.0, ""is_boundary_edge_l1"": 0.0, ""is_bridge_edge_l1"": 0.0, ""is_inter_community_edge_l1"": 0.0, ""is_low_common_neighbor_edge_l1"": 0.0, ""mean_l1"": 0.0}",1,32,32,0.0,0
realworld_completed,bio_celegans,SASB-candidate,sasb,SASB-structured,20260513,938,middle,0.9271523178807947,0.9271523178807947,0.0,15,15,0,0.4632098765432099,0.46370370370370373,252,53,252--53,4,50,4,50,200,1,0.3333333333333333,0,10,10,32,"[""96"", ""53"", ""51"", ""60"", ""343"", ""363"", ""52"", ""373"", ""364"", ""62"", ""85"", ""369"", ""82"", ""144"", ""145"", ""83"", ""142"", ""143"", ""220"", ""118"", ""147"", ""121"", ""154"", ""398"", ""97"", ""149"", ""404"", ""376"", ""317"", ""248"", ""288"", ""75""]",9ef10e8ed9fbf5ed985ba8ed44fe4d4bcfbf60f8aa082bf7ccc82826ac116efa,"{""boundary"": 12, ""community_rep"": 6, ""degree_core"": 10, ""random_fill"": 4}","{""degree_2"": 2, ""degree_3_4"": 3, ""degree_5_8"": 2, ""degree_9_plus"": 25}","{""0"": 2, ""1"": 2, ""10"": 3, ""11"": 1, ""12"": 1, ""13"": 1, ""2"": 1, ""3"": 7, ""4"": 5, ""5"": 3, ""6"": 1, ""7"": 1, ""8"": 2, ""9"": 2}",197,"{""backend"": ""evaluate_m19_theory_calibrated.candidate_features"", ""delta_mode"": ""none"", ""k_max"": 512, ""k_min"": 64, ""variant"": ""conservative""}",197,0.1854990583804143,0.6700507614213198,0.6700507614213198,0.04060913705583756,1.0,"{""dp_17_64"": 0.030456852791878174, ""dp_257_plus"": 0.40609137055837563, ""dp_5_16"": 0.025380710659898477, ""dp_65_256"": 0.5380710659898477}","{""cn_0"": 1.0}",0.0,302.24873096446703,sasb_candidate_builder,1a3e5f6a3dc16cb23d3ab8d97417ae9c138f74f7dd42224d4c37cfd5315a55bc,197,1a3e5f6a3dc16cb23d3ab8d97417ae9c138f74f7dd42224d4c37cfd5315a55bc,"{""sasb_builder"": 197}",0,0,0,0,{},0.0,"{""common_neighbor_bin_l1"": 0.0, ""degree_product_bin_l1"": 0.0, ""is_boundary_edge_l1"": 0.0, ""is_bridge_edge_l1"": 0.0, ""is_inter_community_edge_l1"": 0.0, ""is_low_common_neighbor_edge_l1"": 0.0, ""mean_l1"": 0.0}",1,32,32,0.0,0
realworld_completed,bio_celegans,SASB-candidate,sasb,SASB-structured,20260513,939,middle,0.9271523178807947,0.9271523178807947,0.0,15,15,0,0.46370370370370373,0.4641975308641975,254,53,254--53,3,49,3,49,147,0,0.0,0,9,9,32,"[""96"", ""53"", ""51"", ""60"", ""343"", ""363"", ""52"", ""373"", ""364"", ""62"", ""85"", ""369"", ""82"", ""144"", ""145"", ""83"", ""142"", ""143"", ""220"", ""118"", ""147"", ""121"", ""154"", ""398"", ""97"", ""149"", ""404"", ""376"", ""207"", ""67"", ""441"", ""28""]",12773a470ae151781fe37f62050ae96c79a1b27e8ca52893bbb8146f162a99fd,"{""boundary"": 12, ""community_rep"": 6, ""degree_core"": 10, ""random_fill"": 4}","{""degree_3_4"": 3, ""degree_5_8"": 4, ""degree_9_plus"": 25}","{""0"": 1, ""1"": 3, ""10"": 2, ""11"": 1, ""12"": 1, ""13"": 1, ""2"": 1, ""3"": 8, ""4"": 6, ""5"": 4, ""6"": 1, ""7"": 1, ""8"": 1, ""9"": 1}",197,"{""backend"": ""evaluate_m19_theory_calibrated.candidate_features"", ""delta_mode"": ""none"", ""k_max"": 512, ""k_min"": 64, ""variant"": ""conservative""}",197,0.18567389255419417,0.6700507614213198,0.6700507614213198,0.04060913705583756,1.0,"{""dp_17_64"": 0.030456852791878174, ""dp_257_plus"": 0.41116751269035534, ""dp_5_16"": 0.025380710659898477, ""dp_65_256"": 0.5329949238578681}","{""cn_0"": 1.0}",0.0,301.4568527918782,sasb_candidate_builder,8f57a982c76879faccdd659f7bb462e62b8997e66512e290a1fa8f1e6435cfc3,197,8f57a982c76879faccdd659f7bb462e62b8997e66512e290a1fa8f1e6435cfc3,"{""sasb_builder"": 197}",0,0,0,0,{},0.0,"{""common_neighbor_bin_l1"": 0.0, ""degree_product_bin_l1"": 0.0, ""is_boundary_edge_l1"": 0.0, ""is_bridge_edge_l1"": 0.0, ""is_inter_community_edge_l1"": 0.0, ""is_low_common_neighbor_edge_l1"": 0.0, ""mean_l1"": 0.0}",1,32,32,0.0,0
realworld_completed,bio_celegans,SASB-candidate,sasb,SASB-structured,20260513,940,middle,0.9271523178807947,0.9271523178807947,0.0,15,15,0,0.4641975308641975,0.46469135802469136,260,53,260--53,3,48,3,48,144,1,0.5,0,8,8,32,"[""96"", ""53"", ""51"", ""60"", ""343"", ""363"", ""52"", ""373"", ""364"", ""62"", ""85"", ""369"", ""82"", ""144"", ""145"", ""83"", ""142"", ""143"", ""220"", ""118"", ""147"", ""121"", ""154"", ""398"", ""97"", ""149"", ""404"", ""376"", ""446"", ""378"", ""129"", ""224""]",7234f09baadf0cc04be5af0fd5ccce2a9b10a229d1f2ae26ca823966f372deea,"{""boundary"": 12, ""community_rep"": 6, ""degree_core"": 10, ""random_fill"": 4}","{""degree_3_4"": 4, ""degree_5_8"": 3, ""degree_9_plus"": 25}","{""0"": 1, ""1"": 2, ""10"": 1, ""11"": 1, ""12"": 1, ""13"": 1, ""2"": 2, ""3"": 7, ""4"": 6, ""5"": 4, ""6"": 1, ""7"": 1, ""8"": 2, ""9"": 2}",197,"{""backend"": ""evaluate_m19_theory_calibrated.candidate_features"", ""delta_mode"": ""none"", ""k_max"": 512, ""k_min"": 64, ""variant"": ""conservative""}",197,0.18584905660377357,0.6700507614213198,0.6700507614213198,0.04060913705583756,1.0,"{""dp_17_64"": 0.030456852791878174, ""dp_257_plus"": 0.41116751269035534, ""dp_5_16"": 0.025380710659898477, ""dp_65_256"": 0.5329949238578681}","{""cn_0"": 1.0}",0.0,300.2182741116751,sasb_candidate_builder,18284cf9d4555ca69f4bb40f72a070925c77c689516d5be5e8f56d5f92a503a8,197,18284cf9d4555ca69f4bb40f72a070925c77c689516d5be5e8f56d5f92a503a8,"{""sasb_builder"": 197}",0,0,0,0,{},0.0,"{""common_neighbor_bin_l1"": 0.0, ""degree_product_bin_l1"": 0.0, ""is_boundary_edge_l1"": 0.0, ""is_bridge_edge_l1"": 0.0, ""is_inter_community_edge_l1"": 0.0, ""is_low_common_neighbor_edge_l1"": 0.0, ""mean_l1"": 0.0}",1,32,32,0.0,0
realworld_completed,bio_celegans,SASB-candidate,sasb,SASB-structured,20260513,941,middle,0.9271523178807947,0.9271523178807947,0.0,15,15,0,0.46469135802469136,0.4651851851851852,255,53,255--53,4,47,4,47,188,1,0.3333333333333333,0,9,9,32,"[""96"", ""53"", ""51"", ""60"", ""343"", ""363"", ""52"", ""373"", ""364"", ""62"", ""85"", ""369"", ""82"", ""144"", ""145"", ""83"", ""142"", ""143"", ""220"", ""118"", ""147"", ""121"", ""154"", ""398"", ""97"", ""149"", ""404"", ""376"", ""278"", ""42"", ""331"", ""351""]",142486d6aa4747aa40422b185e67c43f85713bb2381fdb19e4e7ebe28541311c,"{""boundary"": 12, ""community_rep"": 6, ""degree_core"": 10, ""random_fill"": 4}","{""degree_0_1"": 1, ""degree_2"": 3, ""degree_3_4"": 2, ""degree_5_8"": 1, ""degree_9_plus"": 25}","{""0"": 1, ""1"": 2, ""10"": 1, ""11"": 2, ""12"": 1, ""13"": 1, ""2"": 1, ""3"": 7, ""4"": 6, ""5"": 3, ""6"": 2, ""7"": 1, ""8"": 2, ""9"": 2}",197,"{""backend"": ""evaluate_m19_theory_calibrated.candidate_features"", ""delta_mode"": ""none"", ""k_max"": 512, ""k_min"": 64, ""variant"": ""conservative""}",197,0.18602455146364494,0.6700507614213198,0.6700507614213198,0.04568527918781726,1.0,"{""dp_17_64"": 0.030456852791878174, ""dp_257_plus"": 0.41624365482233505, ""dp_5_16"": 0.025380710659898477, ""dp_65_256"": 0.5279187817258884}","{""cn_0"": 1.0}",0.0,301.1015228426396,sasb_candidate_builder,db83d9afc8ea8daf03f1b33f287a9dfbded06841f7c4a75eee413132090ea61b,197,db83d9afc8ea8daf03f1b33f287a9dfbded06841f7c4a75eee413132090ea61b,"{""sasb_builder"": 197}",0,0,0,0,{},0.0,"{""common_neighbor_bin_l1"": 0.0, ""degree_product_bin_l1"": 0.0, ""is_boundary_edge_l1"": 0.0, ""is_bridge_edge_l1"": 0.0, ""is_inter_community_edge_l1"": 0.0, ""is_low_common_neighbor_edge_l1"": 0.0, ""mean_l1"": 0.0}",1,32,32,0.0,0
realworld_completed,bio_celegans,SASB-candidate,sasb,SASB-structured,20260513,942,middle,0.9271523178807947,0.9271523178807947,0.0,15,15,0,0.4651851851851852,0.465679012345679,259,53,259--53,5,46,5,46,230,2,0.5,0,10,10,32,"[""96"", ""53"", ""51"", ""60"", ""343"", ""363"", ""52"", ""373"", ""364"", ""62"", ""85"", ""369"", ""82"", ""144"", ""145"", ""83"", ""142"", ""143"", ""220"", ""118"", ""147"", ""121"", ""154"", ""398"", ""97"", ""149"", ""404"", ""376"", ""38"", ""242"", ""406"", ""371""]",f9b1766d789947eb88194f63199831ef971e5aad61901db51eacdc33635566a4,"{""boundary"": 12, ""community_rep"": 6, ""degree_core"": 10, ""random_fill"": 4}","{""degree_3_4"": 6, ""degree_5_8"": 1, ""degree_9_plus"": 25}","{""0"": 2, ""1"": 2, ""10"": 1, ""11"": 1, ""12"": 1, ""13"": 1, ""2"": 1, ""3"": 8, ""4"": 6, ""5"": 3, ""6"": 1, ""7"": 1, ""8"": 3, ""9"": 1}",197,"{""backend"": ""evaluate_m19_theory_calibrated.candidate_features"", ""delta_mode"": ""none"", ""k_max"": 512, ""k_min"": 64, ""variant"": ""conservative""}",197,0.18620037807183365,0.6700507614213198,0.6700507614213198,0.04568527918781726,1.0,"{""dp_17_64"": 0.030456852791878174, ""dp_257_plus"": 0.41624365482233505, ""dp_5_16"": 0.025380710659898477, ""dp_65_256"": 0.5279187817258884}","{""cn_0"": 1.0}",0.0,301.24873096446703,sasb_candidate_builder,8bc7ebdf5dfa7a0b4f9f7ed96426af8bd21821de2c701cfb86ef58ce1c3a1cb2,197,8bc7ebdf5dfa7a0b4f9f7ed96426af8bd21821de2c701cfb86ef58ce1c3a1cb2,"{""sasb_builder"": 197}",0,0,0,0,{},0.0,"{""common_neighbor_bin_l1"": 0.0, ""degree_product_bin_l1"": 0.0, ""is_boundary_edge_l1"": 0.0, ""is_bridge_edge_l1"": 0.0, ""is_inter_community_edge_l1"": 0.0, ""is_low_common_neighbor_edge_l1"": 0.0, ""mean_l1"": 0.0}",1,32,32,0.0,0
realworld_completed,bio_celegans,SASB-candidate,sasb,SASB-structured,20260513,943,middle,0.9271523178807947,0.9271523178807947,0.0,15,15,0,0.465679012345679,0.46617283950617283,262,51,262--51,5,46,5,46,230,2,0.5,0,12,12,32,"[""96"", ""53"", ""51"", ""60"", ""343"", ""363"", ""52"", ""373"", ""364"", ""62"", ""85"", ""369"", ""82"", ""144"", ""145"", ""83"", ""142"", ""143"", ""220"", ""118"", ""147"", ""121"", ""154"", ""398"", ""97"", ""149"", ""404"", ""376"", ""203"", ""43"", ""110"", ""23""]",ac5ea0768caad4d296cbb20ec61dbc4fd311538b9f2cca84edc76bdbd76c21be,"{""boundary"": 12, ""community_rep"": 6, ""degree_core"": 10, ""random_fill"": 4}","{""degree_0_1"": 1, ""degree_2"": 1, ""degree_3_4"": 3, ""degree_5_8"": 2, ""degree_9_plus"": 25}","{""0"": 1, ""1"": 4, ""10"": 1, ""11"": 1, ""12"": 1, ""13"": 1, ""2"": 1, ""3"": 7, ""4"": 5, ""5"": 4, ""6"": 1, ""7"": 2, ""8"": 2, ""9"": 1}",197,"{""backend"": ""evaluate_m19_theory_calibrated.candidate_features"", ""delta_mode"": ""none"", ""k_max"": 512, ""k_min"": 64, ""variant"": ""conservative""}",197,0.18637653736991486,0.6700507614213198,0.6700507614213198,0.04568527918781726,1.0,"{""dp_17_64"": 0.030456852791878174, ""dp_257_plus"": 0.41624365482233505, ""dp_5_16"": 0.025380710659898477, ""dp_65_256"": 0.5279187817258884}","{""cn_0"": 1.0}",0.0,300.10659898477155,sasb_candidate_builder,e71271cee419c380d9cfa32f2b0154367dd903bbc925d47e9cb1761adc2e0c9e,197,e71271cee419c380d9cfa32f2b0154367dd903bbc925d47e9cb1761adc2e0c9e,"{""sasb_builder"": 197}",0,0,0,0,{},0.0,"{""common_neighbor_bin_l1"": 0.0, ""degree_product_bin_l1"": 0.0, ""is_boundary_edge_l1"": 0.0, ""is_bridge_edge_l1"": 0.0, ""is_inter_community_edge_l1"": 0.0, ""is_low_common_neighbor_edge_l1"": 0.0, ""mean_l1"": 0.0}",1,32,32,0.0,0
realworld_completed,bio_celegans,SASB-candidate,sasb,SASB-structured,20260513,944,middle,0.9271523178807947,0.9271523178807947,0.0,15,15,0,0.46617283950617283,0.4666666666666667,263,51,263--51,3,45,3,45,135,0,0.0,0,9,9,32,"[""96"", ""53"", ""51"", ""60"", ""343"", ""363"", ""52"", ""373"", ""364"", ""62"", ""85"", ""369"", ""82"", ""144"", ""145"", ""83"", ""142"", ""143"", ""220"", ""118"", ""147"", ""121"", ""154"", ""398"", ""97"", ""149"", ""404"", ""376"", ""345"", ""395"", ""377"", ""100""]",a2f10005614c0d32d66077a8373209773c39b6b416c5e8a832733b8b2311c7d1,"{""boundary"": 12, ""community_rep"": 6, ""degree_core"": 10, ""random_fill"": 4}","{""degree_2"": 2, ""degree_3_4"": 4, ""degree_5_8"": 1, ""degree_9_plus"": 25}","{""0"": 1, ""1"": 2, ""10"": 1, ""11"": 1, ""12"": 1, ""13"": 1, ""2"": 2, ""3"": 7, ""4"": 6, ""5"": 3, ""6"": 1, ""7"": 1, ""8"": 2, ""9"": 3}",197,"{""backend"": ""evaluate_m19_theory_calibrated.candidate_features"", ""delta_mode"": ""none"", ""k_max"": 512, ""k_min"": 64, ""variant"": ""conservative""}",197,0.1865530303030303,0.6700507614213198,0.6700507614213198,0.04568527918781726,1.0,"{""dp_17_64"": 0.030456852791878174, ""dp_257_plus"": 0.41624365482233505, ""dp_5_16"": 0.025380710659898477, ""dp_65_256"": 0.5279187817258884}","{""cn_0"": 1.0}",0.0,298.3604060913706,sasb_candidate_builder,45fe5253377916780f24043f5bb23b48d31e636679ee0bd79fe949037d22a5a1,197,45fe5253377916780f24043f5bb23b48d31e636679ee0bd79fe949037d22a5a1,"{""sasb_builder"": 197}",0,0,0,0,{},0.0,"{""common_neighbor_bin_l1"": 0.0, ""degree_product_bin_l1"": 0.0, ""is_boundary_edge_l1"": 0.0, ""is_bridge_edge_l1"": 0.0, ""is_inter_community_edge_l1"": 0.0, ""is_low_common_neighbor_edge_l1"": 0.0, ""mean_l1"": 0.0}",1,32,32,0.0,0
realworld_completed,bio_celegans,SASB-candidate,sasb,SASB-structured,20260513,945,middle,0.9271523178807947,0.9271523178807947,0.0,15,15,0,0.4666666666666667,0.4671604938271605,290,53,290--53,4,45,4,45,180,1,0.3333333333333333,0,8,8,32,"[""96"", ""53"", ""51"", ""60"", ""343"", ""363"", ""52"", ""373"", ""364"", ""62"", ""85"", ""369"", ""82"", ""144"", ""145"", ""83"", ""142"", ""143"", ""220"", ""118"", ""147"", ""121"", ""154"", ""398"", ""97"", ""149"", ""404"", ""376"", ""137"", ""184"", ""314"", ""88""]",9c340eebbf4d0244a56056d3dc73f35a7ad302090e414f4ba99b5b2c1a1cb224,"{""boundary"": 12, ""community_rep"": 6, ""degree_core"": 10, ""random_fill"": 4}","{""degree_0_1"": 1, ""degree_2"": 1, ""degree_3_4"": 3, ""degree_5_8"": 2, ""degree_9_plus"": 25}","{""0"": 1, ""1"": 2, ""10"": 1, ""11"": 1, ""12"": 2, ""13"": 1, ""2"": 1, ""3"": 7, ""4"": 6, ""5"": 4, ""6"": 2, ""7"": 1, ""8"": 2, ""9"": 1}",197,"{""backend"": ""evaluate_m19_theory_calibrated.candidate_features"", ""delta_mode"": ""none"", ""k_max"": 512, ""k_min"": 64, ""variant"": ""conservative""}",197,0.18672985781990523,0.6700507614213198,0.6700507614213198,0.04568527918781726,1.0,"{""dp_17_64"": 0.030456852791878174, ""dp_257_plus"": 0.41624365482233505, ""dp_5_16"": 0.025380710659898477, ""dp_65_256"": 0.5279187817258884}","{""cn_0"": 1.0}",0.0,297.9086294416244,sasb_candidate_builder,b3fa6ca5cc5a25657b53d8e3a61508f2c9771b672c58f858fd94b9de1edc23b9,197,b3fa6ca5cc5a25657b53d8e3a61508f2c9771b672c58f858fd94b9de1edc23b9,"{""sasb_builder"": 197}",0,0,0,0,{},0.0,"{""common_neighbor_bin_l1"": 0.0, ""degree_product_bin_l1"": 0.0, ""is_boundary_edge_l1"": 0.0, ""is_bridge_edge_l1"": 0.0, ""is_inter_community_edge_l1"": 0.0, ""is_low_common_neighbor_edge_l1"": 0.0, ""mean_l1"": 0.0}",1,32,32,0.0,0
realworld_completed,bio_celegans,SASB-candidate,sasb,SASB-structured,20260513,946,middle,0.9271523178807947,0.9271523178807947,0.0,15,15,0,0.4671604938271605,0.4676543209876543,279,53,279--53,3,44,3,44,132,0,0.0,0,10,10,32,"[""96"", ""53"", ""51"", ""60"", ""343"", ""363"", ""52"", ""373"", ""364"", ""62"", ""85"", ""369"", ""82"", ""144"", ""145"", ""83"", ""142"", ""143"", ""220"", ""118"", ""147"", ""121"", ""154"", ""398"", ""97"", ""149"", ""404"", ""376"", ""131"", ""384"", ""351"", ""54""]",10d33534eb2e2d49e66c0d6edc5155aa685f0ceb863f9a6d67049da4288ee696,"{""boundary"": 12, ""community_rep"": 6, ""degree_core"": 10, ""random_fill"": 4}","{""degree_0_1"": 1, ""degree_2"": 2, ""degree_3_4"": 3, ""degree_5_8"": 1, ""degree_9_plus"": 25}","{""0"": 1, ""1"": 3, ""10"": 1, ""11"": 1, ""12"": 1, ""13"": 1, ""2"": 1, ""3"": 7, ""4"": 6, ""5"": 3, ""6"": 1, ""7"": 1, ""8"": 2, ""9"": 3}",197,"{""backend"": ""evaluate_m19_theory_calibrated.candidate_features"", ""delta_mode"": ""none"", ""k_max"": 512, ""k_min"": 64, ""variant"": ""conservative""}",197,0.1869070208728653,0.6700507614213198,0.6700507614213198,0.04568527918781726,1.0,"{""dp_17_64"": 0.030456852791878174, ""dp_257_plus"": 0.41624365482233505, ""dp_5_16"": 0.025380710659898477, ""dp_65_256"": 0.5279187817258884}","{""cn_0"": 1.0}",0.0,296.56852791878174,sasb_candidate_builder,74c3cbf5357a7bacadd95906752d114309cc557ffeb56f8ea0b7fe97af2cba25,197,74c3cbf5357a7bacadd95906752d114309cc557ffeb56f8ea0b7fe97af2cba25,"{""sasb_builder"": 197}",0,0,0,0,{},0.0,"{""common_neighbor_bin_l1"": 0.0, ""degree_product_bin_l1"": 0.0, ""is_boundary_edge_l1"": 0.0, ""is_bridge_edge_l1"": 0.0, ""is_inter_community_edge_l1"": 0.0, ""is_low_common_neighbor_edge_l1"": 0.0, ""mean_l1"": 0.0}",1,32,32,0.0,0
realworld_completed,bio_celegans,SASB-candidate,sasb,SASB-structured,20260513,947,middle,0.9271523178807947,0.9271523178807947,0.0,15,15,0,0.4676543209876543,0.46814814814814815,325,96,325--96,7,72,7,72,504,1,0.16666666666666666,1,4,0,32,"[""96"", ""53"", ""51"", ""60"", ""343"", ""363"", ""52"", ""373"", ""364"", ""62"", ""85"", ""369"", ""82"", ""144"", ""145"", ""83"", ""142"", ""143"", ""220"", ""118"", ""147"", ""121"", ""154"", ""398"", ""97"", ""149"", ""404"", ""376"", ""35"", ""267"", ""418"", ""63""]",363d744f5809d9cf3944da2e2d57be8dd6e9972429bf03e7a25089bc0f87ad5e,"{""boundary"": 12, ""community_rep"": 6, ""degree_core"": 10, ""random_fill"": 4}","{""degree_3_4"": 5, ""degree_5_8"": 2, ""degree_9_plus"": 25}","{""0"": 1, ""1"": 2, ""10"": 1, ""11"": 1, ""12"": 1, ""13"": 2, ""2"": 1, ""3"": 8, ""4"": 5, ""5"": 3, ""6"": 1, ""7"": 2, ""8"": 2, ""9"": 2}",197,"{""backend"": ""evaluate_m19_theory_calibrated.candidate_features"", ""delta_mode"": ""none"", ""k_max"": 512, ""k_min"": 64, ""variant"": ""conservative""}",197,0.18708452041785376,0.6700507614213198,0.6700507614213198,0.04568527918781726,1.0,"{""dp_17_64"": 0.030456852791878174, ""dp_257_plus"": 0.41624365482233505, ""dp_5_16"": 0.025380710659898477, ""dp_65_256"": 0.5279187817258884}","{""cn_0"": 1.0}",0.0,295.8680203045685,sasb_candidate_builder,0f3c559ce8bd3d687a7b516fb12a33baba900c8a48ada5db32a3b0ef0688d645,197,0f3c559ce8bd3d687a7b516fb12a33baba900c8a48ada5db32a3b0ef0688d645,"{""sasb_builder"": 197}",0,0,0,0,{},0.0,"{""common_neighbor_bin_l1"": 0.0, ""degree_product_bin_l1"": 0.0, ""is_boundary_edge_l1"": 0.0, ""is_bridge_edge_l1"": 0.0, ""is_inter_community_edge_l1"": 0.0, ""is_low_common_neighbor_edge_l1"": 0.0, ""mean_l1"": 0.0}",1,32,32,0.0,0
realworld_completed,bio_celegans,SASB-candidate,sasb,SASB-structured,20260513,948,middle,0.9271523178807947,0.9271523178807947,0.0,15,15,0,0.46814814814814815,0.468641975308642,326,96,326--96,3,71,3,71,213,1,0.5,1,8,7,32,"[""96"", ""53"", ""51"", ""60"", ""343"", ""363"", ""52"", ""373"", ""364"", ""62"", ""85"", ""369"", ""82"", ""144"", ""145"", ""83"", ""142"", ""143"", ""220"", ""118"", ""147"", ""121"", ""154"", ""398"", ""97"", ""149"", ""404"", ""376"", ""399"", ""103"", ""217"", ""100""]",6bd42bda986154b35bbb3607971da6f8b600444a9fbc26b9fbacd3c87a989bb1,"{""boundary"": 12, ""community_rep"": 6, ""degree_core"": 10, ""random_fill"": 4}","{""degree_0_1"": 1, ""degree_2"": 1, ""degree_3_4"": 3, ""degree_5_8"": 2, ""degree_9_plus"": 25}","{""0"": 1, ""1"": 2, ""10"": 1, ""11"": 1, ""12"": 1, ""13"": 2, ""2"": 1, ""3"": 7, ""4"": 6, ""5"": 3, ""6"": 2, ""7"": 1, ""8"": 2, ""9"": 2}",196,"{""backend"": ""evaluate_m19_theory_calibrated.candidate_features"", ""delta_mode"": ""none"", ""k_max"": 512, ""k_min"": 64, ""variant"": ""conservative""}",196,0.18631178707224336,0.6683673469387755,0.6683673469387755,0.04591836734693878,1.0,"{""dp_17_64"": 0.030612244897959183, ""dp_257_plus"": 0.413265306122449, ""dp_5_16"": 0.025510204081632654, ""dp_65_256"": 0.5306122448979592}","{""cn_0"": 1.0}",0.0,292.89285714285717,sasb_candidate_builder,e72c5d0df0dd594eabc81f098b2483257f75b085516c66dc824dcea3207caea6,196,e72c5d0df0dd594eabc81f098b2483257f75b085516c66dc824dcea3207caea6,"{""sasb_builder"": 196}",0,0,0,0,{},0.0,"{""common_neighbor_bin_l1"": 0.0, ""degree_product_bin_l1"": 0.0, ""is_boundary_edge_l1"": 0.0, ""is_bridge_edge_l1"": 0.0, ""is_inter_community_edge_l1"": 0.0, ""is_low_common_neighbor_edge_l1"": 0.0, ""mean_l1"": 0.0}",1,32,32,0.0,0
realworld_completed,bio_celegans,SASB-candidate,sasb,SASB-structured,20260513,949,middle,0.9271523178807947,0.9271523178807947,0.0,15,15,0,0.468641975308642,0.4691358024691358,327,62,327--62,6,35,6,35,210,2,0.4,0,4,4,32,"[""96"", ""53"", ""51"", ""60"", ""343"", ""363"", ""52"", ""373"", ""364"", ""62"", ""85"", ""369"", ""82"", ""144"", ""145"", ""83"", ""142"", ""143"", ""220"", ""118"", ""147"", ""121"", ""154"", ""398"", ""97"", ""149"", ""404"", ""376"", ""342"", ""378"", ""24"", ""427""]",d75e02d93400157585b9f6cb2d2e1e539549c38ce26ef521f7faac216ad91569,"{""boundary"": 12, ""community_rep"": 6, ""degree_core"": 10, ""random_fill"": 4}","{""degree_3_4"": 5, ""degree_5_8"": 2, ""degree_9_plus"": 25}","{""0"": 1, ""1"": 2, ""10"": 1, ""11"": 1, ""12"": 1, ""13"": 1, ""2"": 2, ""3"": 8, ""4"": 6, ""5"": 3, ""6"": 1, ""7"": 1, ""8"": 2, ""9"": 2}",196,"{""backend"": ""evaluate_m19_theory_calibrated.candidate_features"", ""delta_mode"": ""none"", ""k_max"": 512, ""k_min"": 64, ""variant"": ""conservative""}",196,0.18648905803996194,0.6683673469387755,0.6683673469387755,0.04591836734693878,1.0,"{""dp_17_64"": 0.030612244897959183, ""dp_257_plus"": 0.413265306122449, ""dp_5_16"": 0.025510204081632654, ""dp_65_256"": 0.5306122448979592}","{""cn_0"": 1.0}",0.0,290.6224489795918,sasb_candidate_builder,1f6d24318907fc3787b191a742332b5c039f122914784d7973345414dd1ebfaf,196,1f6d24318907fc3787b191a742332b5c039f122914784d7973345414dd1ebfaf,"{""sasb_builder"": 196}",0,0,0,0,{},0.0,"{""common_neighbor_bin_l1"": 0.0, ""degree_product_bin_l1"": 0.0, ""is_boundary_edge_l1"": 0.0, ""is_bridge_edge_l1"": 0.0, ""is_inter_community_edge_l1"": 0.0, ""is_low_common_neighbor_edge_l1"": 0.0, ""mean_l1"": 0.0}",1,32,32,0.0,0
realworld_completed,bio_celegans,SASB-candidate,sasb,SASB-structured,20260513,950,middle,0.9271523178807947,0.9271523178807947,0.0,15,15,0,0.4691358024691358,0.4696296296296296,189,428,189--428,5,6,5,6,30,1,0.25,1,10,4,32,"[""96"", ""53"", ""51"", ""60"", ""343"", ""363"", ""52"", ""373"", ""364"", ""62"", ""85"", ""369"", ""82"", ""144"", ""145"", ""83"", ""142"", ""143"", ""220"", ""118"", ""147"", ""121"", ""154"", ""398"", ""97"", ""376"", ""6"", ""295"", ""413"", ""366"", ""378"", ""346""]",cc4732cae489e799736489c319576c8cdd12c814666a41e2005efdec16e0bcf2,"{""boundary"": 12, ""community_rep"": 4, ""degree_core"": 10, ""random_fill"": 6}","{""degree_3_4"": 3, ""degree_5_8"": 4, ""degree_9_plus"": 25}","{""0"": 3, ""1"": 2, ""10"": 1, ""11"": 1, ""12"": 1, ""2"": 1, ""3"": 8, ""4"": 6, ""5"": 4, ""6"": 1, ""7"": 1, ""8"": 1, ""9"": 2}",196,"{""backend"": ""evaluate_m19_theory_calibrated.candidate_features"", ""delta_mode"": ""none"", ""k_max"": 512, ""k_min"": 64, ""variant"": ""conservative""}",196,0.18666666666666668,0.6887755102040817,0.6887755102040817,0.04591836734693878,1.0,"{""dp_17_64"": 0.061224489795918366, ""dp_257_plus"": 0.413265306122449, ""dp_5_16"": 0.02040816326530612, ""dp_65_256"": 0.5051020408163265}","{""cn_0"": 0.9795918367346939, ""cn_1"": 0.02040816326530612}",0.02040816326530612,286.0816326530612,sasb_candidate_builder,0250130a9da87705ced8e5d844d1853423754c4609d169b04be825c6a15e5523,196,0250130a9da87705ced8e5d844d1853423754c4609d169b04be825c6a15e5523,"{""sasb_builder"": 196}",0,0,0,0,{},0.0,"{""common_neighbor_bin_l1"": 0.0, ""degree_product_bin_l1"": 0.0, ""is_boundary_edge_l1"": 0.0, ""is_bridge_edge_l1"": 0.0, ""is_inter_community_edge_l1"": 0.0, ""is_low_common_neighbor_edge_l1"": 0.0, ""mean_l1"": 0.0}",1,32,32,121.74677419354839,0
realworld_completed,bio_celegans,SASB-candidate,sasb,SASB-structured,20260513,951,middle,0.9271523178807947,0.9271523178807947,0.0,15,15,0,0.4696296296296296,0.47012345679012346,189,271,189--271,4,8,4,8,32,0,0.0,1,7,4,32,"[""96"", ""53"", ""51"", ""60"", ""343"", ""363"", ""52"", ""373"", ""364"", ""62"", ""85"", ""369"", ""82"", ""144"", ""145"", ""83"", ""142"", ""143"", ""220"", ""118"", ""147"", ""121"", ""154"", ""398"", ""97"", ""376"", ""26"", ""366"", ""112"", ""66"", ""251"", ""45""]",4e521afd0df6aa5496ef164665e16883e6ca10e2834cfdc9475d5da69337971c,"{""boundary"": 12, ""community_rep"": 4, ""degree_core"": 10, ""random_fill"": 6}","{""degree_0_1"": 1, ""degree_3_4"": 4, ""degree_5_8"": 2, ""degree_9_plus"": 25}","{""0"": 2, ""1"": 4, ""10"": 1, ""11"": 1, ""12"": 2, ""2"": 2, ""3"": 7, ""4"": 4, ""5"": 3, ""6"": 1, ""7"": 1, ""8"": 1, ""9"": 3}",196,"{""backend"": ""evaluate_m19_theory_calibrated.candidate_features"", ""delta_mode"": ""none"", ""k_max"": 512, ""k_min"": 64, ""variant"": ""conservative""}",196,0.18684461391801716,0.6836734693877551,0.6836734693877551,0.04591836734693878,1.0,"{""dp_17_64"": 0.05612244897959184, ""dp_257_plus"": 0.413265306122449, ""dp_5_16"": 0.02040816326530612, ""dp_65_256"": 0.5102040816326531}","{""cn_0"": 0.9897959183673469, ""cn_1"": 0.01020408163265306}",0.01020408163265306,286.7551020408163,sasb_candidate_builder,88e91ad357af0235a5a826bb6d561cb8a23f17ce8c073bf1f471537f9cbd1337,196,88e91ad357af0235a5a826bb6d561cb8a23f17ce8c073bf1f471537f9cbd1337,"{""sasb_builder"": 196}",0,0,0,0,{},0.0,"{""common_neighbor_bin_l1"": 0.0, ""degree_product_bin_l1"": 0.0, ""is_boundary_edge_l1"": 0.0, ""is_bridge_edge_l1"": 0.0, ""is_inter_community_edge_l1"": 0.0, ""is_low_common_neighbor_edge_l1"": 0.0, ""mean_l1"": 0.0}",1,32,32,109.73087568058077,0
realworld_completed,bio_celegans,SASB-candidate,sasb,SASB-structured,20260513,952,middle,0.9271523178807947,0.9271523178807947,0.0,15,15,0,0.47012345679012346,0.4706172839506173,196,328,196--328,4,7,4,7,28,1,0.3333333333333333,1,4,6,32,"[""96"", ""53"", ""51"", ""60"", ""343"", ""363"", ""52"", ""373"", ""364"", ""62"", ""85"", ""369"", ""82"", ""144"", ""145"", ""83"", ""142"", ""143"", ""220"", ""118"", ""147"", ""121"", ""154"", ""398"", ""97"", ""376"", ""125"", ""162"", ""372"", ""443"", ""304"", ""282""]",7b8180b3d4b90d83ccf92a3002022933c247ab8afc07b9ba4ef95a1196fd6fcf,"{""boundary"": 12, ""community_rep"": 4, ""degree_core"": 10, ""random_fill"": 6}","{""degree_2"": 1, ""degree_3_4"": 4, ""degree_5_8"": 2, ""degree_9_plus"": 25}","{""0"": 3, ""1"": 3, ""10"": 1, ""11"": 1, ""12"": 1, ""2"": 2, ""3"": 7, ""4"": 5, ""5"": 3, ""6"": 2, ""7"": 1, ""8"": 1, ""9"": 2}",196,"{""backend"": ""evaluate_m19_theory_calibrated.candidate_features"", ""delta_mode"": ""none"", ""k_max"": 512, ""k_min"": 64, ""variant"": ""conservative""}",196,0.18702290076335878,0.6785714285714286,0.6785714285714286,0.04591836734693878,1.0,"{""dp_17_64"": 0.05102040816326531, ""dp_257_plus"": 0.413265306122449, ""dp_5_16"": 0.02040816326530612, ""dp_65_256"": 0.5153061224489796}","{""cn_0"": 0.9897959183673469, ""cn_1"": 0.01020408163265306}",0.01020408163265306,287.2857142857143,sasb_candidate_builder,ef98e0540ca54bc99619cb640a8ab4078418ae65dc6e532eb6de6be87d82ada7,196,ef98e0540ca54bc99619cb640a8ab4078418ae65dc6e532eb6de6be87d82ada7,"{""sasb_builder"": 196}",0,0,0,0,{},0.0,"{""common_neighbor_bin_l1"": 0.0, ""degree_product_bin_l1"": 0.0, ""is_boundary_edge_l1"": 0.0, ""is_bridge_edge_l1"": 0.0, ""is_inter_community_edge_l1"": 0.0, ""is_low_common_neighbor_edge_l1"": 0.0, ""mean_l1"": 0.0}",1,32,32,79.36469829988852,0
realworld_completed,bio_celegans,SASB-candidate,sasb,SASB-structured,20260513,953,middle,0.9271523178807947,0.9271523178807947,0.0,15,15,0,0.4706172839506173,0.4711111111111111,325,328,325--328,6,6,6,6,36,0,0.0,1,4,7,32,"[""96"", ""53"", ""51"", ""60"", ""343"", ""363"", ""52"", ""373"", ""364"", ""62"", ""85"", ""369"", ""82"", ""144"", ""145"", ""83"", ""142"", ""143"", ""220"", ""118"", ""147"", ""121"", ""154"", ""398"", ""97"", ""376"", ""260"", ""357"", ""22"", ""374"", ""410"", ""181""]",061add260b14a9504f611c94ce37f74a09a26ae7e9646df0b45024fbb816c934,"{""boundary"": 12, ""community_rep"": 4, ""degree_core"": 10, ""random_fill"": 6}","{""degree_0_1"": 1, ""degree_2"": 1, ""degree_3_4"": 3, ""degree_5_8"": 2, ""degree_9_plus"": 25}","{""0"": 2, ""1"": 2, ""10"": 1, ""11"": 1, ""12"": 1, ""2"": 1, ""3"": 7, ""4"": 5, ""5"": 4, ""6"": 1, ""7"": 3, ""8"": 1, ""9"": 3}",196,"{""backend"": ""evaluate_m19_theory_calibrated.candidate_features"", ""delta_mode"": ""none"", ""k_max"": 512, ""k_min"": 64, ""variant"": ""conservative""}",196,0.1872015281757402,0.673469387755102,0.673469387755102,0.04591836734693878,1.0,"{""dp_17_64"": 0.04591836734693878, ""dp_257_plus"": 0.413265306122449, ""dp_5_16"": 0.02040816326530612, ""dp_65_256"": 0.5204081632653061}","{""cn_0"": 1.0}",0.0,288.11224489795916,sasb_candidate_builder,6354de0a335785379d4a969f90c4d6bb3d9c7ef0c1d4033d4e664f6dfab15586,196,6354de0a335785379d4a969f90c4d6bb3d9c7ef0c1d4033d4e664f6dfab15586,"{""sasb_builder"": 196}",0,0,0,0,{},0.0,"{""common_neighbor_bin_l1"": 0.0, ""degree_product_bin_l1"": 0.0, ""is_boundary_edge_l1"": 0.0, ""is_bridge_edge_l1"": 0.0, ""is_inter_community_edge_l1"": 0.0, ""is_low_common_neighbor_edge_l1"": 0.0, ""mean_l1"": 0.0}",1,32,32,110.35170454545452,0
realworld_completed,bio_celegans,SASB-candidate,sasb,SASB-structured,20260513,954,middle,0.9271523178807947,0.9271523178807947,0.0,15,15,0,0.4711111111111111,0.47160493827160493,191,328,191--328,4,5,4,5,20,0,0.0,1,4,6,32,"[""96"", ""53"", ""51"", ""60"", ""343"", ""363"", ""52"", ""373"", ""364"", ""62"", ""85"", ""369"", ""82"", ""144"", ""145"", ""83"", ""142"", ""143"", ""220"", ""118"", ""147"", ""121"", ""154"", ""398"", ""97"", ""376"", ""67"", ""7"", ""358"", ""28"", ""431"", ""396""]",d0fe3419682a7d80c4ee0634ba9792e073dc74ad4d011cbde674da9e33636de5,"{""boundary"": 12, ""community_rep"": 4, ""degree_core"": 10, ""random_fill"": 6}","{""degree_3_4"": 6, ""degree_5_8"": 1, ""degree_9_plus"": 25}","{""0"": 1, ""1"": 3, ""10"": 1, ""11"": 1, ""12"": 1, ""2"": 1, ""3"": 8, ""4"": 6, ""5"": 4, ""6"": 2, ""7"": 1, ""8"": 1, ""9"": 2}",196,"{""backend"": ""evaluate_m19_theory_calibrated.candidate_features"", ""delta_mode"": ""none"", ""k_max"": 512, ""k_min"": 64, ""variant"": ""conservative""}",196,0.18738049713193117,0.6683673469387755,0.6683673469387755,0.04591836734693878,1.0,"{""dp_17_64"": 0.04081632653061224, ""dp_257_plus"": 0.413265306122449, ""dp_5_16"": 0.02040816326530612, ""dp_65_256"": 0.5255102040816326}","{""cn_0"": 1.0}",0.0,288.92857142857144,sasb_candidate_builder,1100d2a96135238e330765969485a669186d36c0ba28bd4c15d3e0f9972c720d,196,1100d2a96135238e330765969485a669186d36c0ba28bd4c15d3e0f9972c720d,"{""sasb_builder"": 196}",0,0,0,0,{},0.0,"{""common_neighbor_bin_l1"": 0.0, ""degree_product_bin_l1"": 0.0, ""is_boundary_edge_l1"": 0.0, ""is_bridge_edge_l1"": 0.0, ""is_inter_community_edge_l1"": 0.0, ""is_low_common_neighbor_edge_l1"": 0.0, ""mean_l1"": 0.0}",1,32,32,112.54976394378568,0
realworld_completed,bio_celegans,SASB-candidate,sasb,SASB-structured,20260513,955,middle,0.9271523178807947,0.9271523178807947,0.0,15,15,0,0.47160493827160493,0.4720987654320988,197,328,197--328,4,4,4,4,16,0,0.0,1,4,7,32,"[""96"", ""53"", ""51"", ""60"", ""343"", ""363"", ""52"", ""373"", ""364"", ""62"", ""85"", ""369"", ""82"", ""144"", ""145"", ""83"", ""142"", ""143"", ""220"", ""118"", ""147"", ""121"", ""154"", ""398"", ""97"", ""376"", ""443"", ""307"", ""45"", ""396"", ""330"", ""80""]",2990640d9068a06071ab5ed5e5847682b90952446678b4b986898da123ada363,"{""boundary"": 12, ""community_rep"": 4, ""degree_core"": 10, ""random_fill"": 6}","{""degree_2"": 1, ""degree_3_4"": 6, ""degree_9_plus"": 25}","{""0"": 2, ""1"": 3, ""10"": 1, ""11"": 2, ""12"": 1, ""2"": 1, ""3"": 8, ""4"": 5, ""5"": 4, ""6"": 1, ""7"": 1, ""8"": 1, ""9"": 2}",196,"{""backend"": ""evaluate_m19_theory_calibrated.candidate_features"", ""delta_mode"": ""none"", ""k_max"": 512, ""k_min"": 64, ""variant"": ""conservative""}",196,0.1875598086124402,0.6632653061224489,0.6632653061224489,0.04591836734693878,1.0,"{""dp_17_64"": 0.030612244897959183, ""dp_257_plus"": 0.413265306122449, ""dp_5_16"": 0.025510204081632654, ""dp_65_256"": 0.5306122448979592}","{""cn_0"": 1.0}",0.0,289.5,sasb_candidate_builder,24f53621451430b22dbd023c188727b93c31a94dc19bc281610b35725771e948,196,24f53621451430b22dbd023c188727b93c31a94dc19bc281610b35725771e948,"{""sasb_builder"": 196}",0,0,0,0,{},0.0,"{""common_neighbor_bin_l1"": 0.0, ""degree_product_bin_l1"": 0.0, ""is_boundary_edge_l1"": 0.0, ""is_bridge_edge_l1"": 0.0, ""is_inter_community_edge_l1"": 0.0, ""is_low_common_neighbor_edge_l1"": 0.0, ""mean_l1"": 0.0}",1,32,32,106.71962117274617,0
realworld_completed,bio_celegans,SASB-candidate,sasb,SASB-structured,20260513,956,middle,0.9271523178807947,0.9271523178807947,0.0,15,15,0,0.4720987654320988,0.4725925925925926,329,96,329--96,5,70,5,70,350,1,0.25,1,4,0,32,"[""96"", ""53"", ""51"", ""60"", ""343"", ""363"", ""52"", ""373"", ""364"", ""62"", ""85"", ""369"", ""82"", ""144"", ""145"", ""83"", ""142"", ""143"", ""220"", ""118"", ""147"", ""121"", ""154"", ""398"", ""97"", ""376"", ""333"", ""261"", ""339"", ""166"", ""387"", ""55""]",e9fc9524ec0f46f87fc1d976b7fdc05e9145d72c6540fc83de045bcb8a3e4559,"{""boundary"": 12, ""community_rep"": 4, ""degree_core"": 10, ""random_fill"": 6}","{""degree_2"": 1, ""degree_3_4"": 5, ""degree_5_8"": 1, ""degree_9_plus"": 25}","{""0"": 5, ""1"": 2, ""10"": 1, ""11"": 1, ""12"": 1, ""2"": 1, ""3"": 7, ""4"": 4, ""5"": 3, ""6"": 2, ""7"": 1, ""8"": 1, ""9"": 3}",196,"{""backend"": ""evaluate_m19_theory_calibrated.candidate_features"", ""delta_mode"": ""none"", ""k_max"": 512, ""k_min"": 64, ""variant"": ""conservative""}",196,0.18773946360153257,0.6581632653061225,0.6581632653061225,0.04591836734693878,1.0,"{""dp_17_64"": 0.030612244897959183, ""dp_257_plus"": 0.41836734693877553, ""dp_5_16"": 0.02040816326530612, ""dp_65_256"": 0.5306122448979592}","{""cn_0"": 1.0}",0.0,290.7959183673469,sasb_candidate_builder,d72daa427003d50f65e7765340175420388d9272cb781dab82419fbf70bddf3a,196,d72daa427003d50f65e7765340175420388d9272cb781dab82419fbf70bddf3a,"{""sasb_builder"": 196}",0,0,0,0,{},0.0,"{""common_neighbor_bin_l1"": 0.0, ""degree_product_bin_l1"": 0.0, ""is_boundary_edge_l1"": 0.0, ""is_bridge_edge_l1"": 0.0, ""is_inter_community_edge_l1"": 0.0, ""is_low_common_neighbor_edge_l1"": 0.0, ""mean_l1"": 0.0}",1,32,32,0.0,0
realworld_completed,bio_celegans,SASB-candidate,sasb,SASB-structured,20260513,957,middle,0.9271523178807947,0.9271523178807947,0.0,15,15,0,0.4725925925925926,0.4730864197530864,294,51,294--51,3,44,3,44,132,1,0.5,0,9,9,32,"[""96"", ""53"", ""51"", ""60"", ""343"", ""363"", ""52"", ""373"", ""364"", ""62"", ""85"", ""369"", ""82"", ""144"", ""145"", ""83"", ""142"", ""143"", ""220"", ""118"", ""147"", ""121"", ""154"", ""398"", ""97"", ""376"", ""309"", ""438"", ""282"", ""354"", ""233"", ""241""]",3e4cddb0148df7e234d7ec16d1ec5900a44d48cdcb9a615f136ac5b798cf432b,"{""boundary"": 12, ""community_rep"": 4, ""degree_core"": 10, ""random_fill"": 6}","{""degree_0_1"": 1, ""degree_3_4"": 3, ""degree_5_8"": 3, ""degree_9_plus"": 25}","{""0"": 2, ""1"": 2, ""10"": 1, ""11"": 1, ""12"": 1, ""2"": 2, ""3"": 8, ""4"": 5, ""5"": 4, ""6"": 2, ""7"": 1, ""8"": 1, ""9"": 2}",196,"{""backend"": ""evaluate_m19_theory_calibrated.candidate_features"", ""delta_mode"": ""none"", ""k_max"": 512, ""k_min"": 64, ""variant"": ""conservative""}",196,0.18791946308724833,0.6530612244897959,0.6530612244897959,0.04591836734693878,1.0,"{""dp_17_64"": 0.030612244897959183, ""dp_257_plus"": 0.413265306122449, ""dp_5_16"": 0.02040816326530612, ""dp_65_256"": 0.5357142857142857}","{""cn_0"": 1.0}",0.0,287.8112244897959,sasb_candidate_builder,2be674e904af825472a495e9fa9c190978889ec547b54fb131ea1fe7426631fd,196,2be674e904af825472a495e9fa9c190978889ec547b54fb131ea1fe7426631fd,"{""sasb_builder"": 196}",0,0,0,0,{},0.0,"{""common_neighbor_bin_l1"": 0.0, ""degree_product_bin_l1"": 0.0, ""is_boundary_edge_l1"": 0.0, ""is_bridge_edge_l1"": 0.0, ""is_inter_community_edge_l1"": 0.0, ""is_low_common_neighbor_edge_l1"": 0.0, ""mean_l1"": 0.0}",1,32,32,0.0,0
realworld_completed,bio_celegans,SASB-candidate,sasb,SASB-structured,20260513,958,middle,0.9271523178807947,0.9271523178807947,0.0,15,15,0,0.4730864197530864,0.47358024691358025,332,51,332--51,2,43,2,43,86,0,0.0,0,11,11,32,"[""96"", ""53"", ""51"", ""60"", ""343"", ""363"", ""52"", ""373"", ""364"", ""62"", ""85"", ""369"", ""82"", ""144"", ""145"", ""83"", ""142"", ""143"", ""220"", ""118"", ""147"", ""121"", ""154"", ""398"", ""97"", ""376"", ""68"", ""94"", ""420"", ""442"", ""152"", ""259""]",332d382b45b6b4e105bbdec4de859677bd7c066c208e46e03e93d448847b4d8e,"{""boundary"": 12, ""community_rep"": 4, ""degree_core"": 10, ""random_fill"": 6}","{""degree_3_4"": 5, ""degree_5_8"": 1, ""degree_9_plus"": 26}","{""0"": 1, ""1"": 2, ""10"": 1, ""11"": 1, ""12"": 1, ""2"": 1, ""3"": 9, ""4"": 4, ""5"": 3, ""6"": 3, ""7"": 1, ""8"": 1, ""9"": 4}",195,"{""backend"": ""evaluate_m19_theory_calibrated.candidate_features"", ""delta_mode"": ""none"", ""k_max"": 512, ""k_min"": 64, ""variant"": ""conservative""}",195,0.1871401151631478,0.6564102564102564,0.6564102564102564,0.046153846153846156,1.0,"{""dp_17_64"": 0.03076923076923077, ""dp_257_plus"": 0.41025641025641024, ""dp_5_16"": 0.020512820512820513, ""dp_65_256"": 0.5384615384615384}","{""cn_0"": 1.0}",0.0,287.04615384615386,sasb_candidate_builder,4fa900fecc2a7e035f7e387bdc618ce3859a030f635f60136e2f04cf9cdb579c,195,4fa900fecc2a7e035f7e387bdc618ce3859a030f635f60136e2f04cf9cdb579c,"{""sasb_builder"": 195}",0,0,0,0,{},0.0,"{""common_neighbor_bin_l1"": 0.0, ""degree_product_bin_l1"": 0.0, ""is_boundary_edge_l1"": 0.0, ""is_bridge_edge_l1"": 0.0, ""is_inter_community_edge_l1"": 0.0, ""is_low_common_neighbor_edge_l1"": 0.0, ""mean_l1"": 0.0}",1,32,32,0.0,0
realworld_completed,bio_celegans,SASB-candidate,sasb,SASB-structured,20260513,959,middle,0.9271523178807947,0.9227373068432672,0.004415011037527505,15,16,1,0.47358024691358025,0.4740740740740741,333,96,333--96,2,69,2,69,138,0,0.0,0,10,10,32,"[""96"", ""53"", ""51"", ""60"", ""343"", ""363"", ""52"", ""373"", ""364"", ""62"", ""85"", ""369"", ""82"", ""144"", ""145"", ""83"", ""142"", ""143"", ""220"", ""118"", ""147"", ""121"", ""154"", ""398"", ""97"", ""376"", ""414"", ""68"", ""56"", ""17"", ""32"", ""201""]",d15b6deac269e9d6b2b35be0a8d7139c39f5fbf736dd034a1dd376938e7da75c,"{""boundary"": 12, ""community_rep"": 4, ""degree_core"": 10, ""random_fill"": 6}","{""degree_2"": 1, ""degree_3_4"": 4, ""degree_5_8"": 1, ""degree_9_plus"": 26}","{""0"": 1, ""1"": 2, ""10"": 1, ""11"": 1, ""12"": 1, ""2"": 2, ""3"": 8, ""4"": 4, ""5"": 6, ""6"": 2, ""7"": 1, ""8"": 1, ""9"": 2}",195,"{""backend"": ""evaluate_m19_theory_calibrated.candidate_features"", ""delta_mode"": ""none"", ""k_max"": 512, ""k_min"": 64, ""variant"": ""conservative""}",195,0.1873198847262248,0.6564102564102564,0.6564102564102564,0.046153846153846156,1.0,"{""dp_17_64"": 0.03076923076923077, ""dp_257_plus"": 0.4153846153846154, ""dp_5_16"": 0.020512820512820513, ""dp_65_256"": 0.5333333333333333}","{""cn_0"": 1.0}",0.0,288.0358974358974,sasb_candidate_builder,ed61b81bad4a90858000c91cd75231c96be422c9e9ecc6897da3f7483baa7b30,195,ed61b81bad4a90858000c91cd75231c96be422c9e9ecc6897da3f7483baa7b30,"{""sasb_builder"": 195}",0,0,0,0,{},0.0,"{""common_neighbor_bin_l1"": 0.0, ""degree_product_bin_l1"": 0.0, ""is_boundary_edge_l1"": 0.0, ""is_bridge_edge_l1"": 0.0, ""is_inter_community_edge_l1"": 0.0, ""is_low_common_neighbor_edge_l1"": 0.0, ""mean_l1"": 0.0}",1,32,32,0.0,0
realworld_completed,bio_celegans,SASB-candidate,sasb,SASB-structured,20260513,960,middle,0.9227373068432672,0.9183222958057395,0.004415011037527616,16,17,1,0.4740740740740741,0.4745679012345679,334,96,334--96,2,68,2,68,136,0,0.0,0,8,8,32,"[""96"", ""53"", ""51"", ""343"", ""60"", ""363"", ""52"", ""373"", ""62"", ""364"", ""85"", ""369"", ""82"", ""144"", ""145"", ""83"", ""142"", ""143"", ""220"", ""118"", ""147"", ""121"", ""154"", ""398"", ""97"", ""348"", ""376"", ""317"", ""308"", ""313"", ""261"", ""332""]",33279fa9d04bd8420d4debce67db01eb6c4445c7f9efd23fa3ff889a8a991de1,"{""boundary"": 12, ""community_rep"": 5, ""degree_core"": 10, ""random_fill"": 5}","{""degree_0_1"": 2, ""degree_2"": 1, ""degree_3_4"": 3, ""degree_9_plus"": 26}","{""0"": 2, ""1"": 2, ""10"": 1, ""11"": 1, ""12"": 1, ""2"": 2, ""3"": 7, ""4"": 4, ""5"": 4, ""6"": 1, ""7"": 2, ""8"": 2, ""9"": 3}",195,"{""backend"": ""evaluate_m19_theory_calibrated.candidate_features"", ""delta_mode"": ""none"", ""k_max"": 512, ""k_min"": 64, ""variant"": ""conservative""}",195,0.18768046198267566,0.6615384615384615,0.6615384615384615,0.041025641025641026,1.0,"{""dp_17_64"": 0.03076923076923077, ""dp_257_plus"": 0.4153846153846154, ""dp_5_16"": 0.020512820512820513, ""dp_65_256"": 0.5333333333333333}","{""cn_0"": 1.0}",0.0,286.45641025641027,sasb_candidate_builder,c39c4525adcfbc012f1adc09ac046df350996ee07b49fb4d1a0a3db04d461461,195,c39c4525adcfbc012f1adc09ac046df350996ee07b49fb4d1a0a3db04d461461,"{""sasb_builder"": 195}",0,0,0,0,{},0.0,"{""common_neighbor_bin_l1"": 0.0, ""degree_product_bin_l1"": 0.0, ""is_boundary_edge_l1"": 0.0, ""is_bridge_edge_l1"": 0.0, ""is_inter_community_edge_l1"": 0.0, ""is_low_common_neighbor_edge_l1"": 0.0, ""mean_l1"": 0.0}",1,32,32,0.0,0
realworld_completed,bio_celegans,SASB-candidate,sasb,SASB-structured,20260513,961,middle,0.9183222958057395,0.9161147902869757,0.002207505518763808,17,18,1,0.4745679012345679,0.4750617283950617,335,96,335--96,1,67,1,67,67,0,0.0,0,0,0,32,"[""96"", ""53"", ""51"", ""343"", ""60"", ""363"", ""52"", ""373"", ""62"", ""364"", ""85"", ""369"", ""82"", ""144"", ""145"", ""83"", ""142"", ""143"", ""220"", ""118"", ""147"", ""121"", ""154"", ""398"", ""97"", ""348"", ""376"", ""341"", ""81"", ""209"", ""123"", ""192""]",e7c54dcaa706e9ee6df8afc4d93c60136541f2ae81226e0c409ade13f3ce6c22,"{""boundary"": 12, ""community_rep"": 5, ""degree_core"": 10, ""random_fill"": 5}","{""degree_3_4"": 5, ""degree_5_8"": 1, ""degree_9_plus"": 26}","{""0"": 1, ""1"": 2, ""10"": 1, ""11"": 1, ""12"": 1, ""2"": 1, ""3"": 7, ""4"": 6, ""5"": 4, ""6"": 1, ""7"": 3, ""8"": 2, ""9"": 2}",195,"{""backend"": ""evaluate_m19_theory_calibrated.candidate_features"", ""delta_mode"": ""none"", ""k_max"": 512, ""k_min"": 64, ""variant"": ""conservative""}",195,0.1880424300867888,0.6615384615384615,0.6615384615384615,0.035897435897435895,1.0,"{""dp_17_64"": 0.03076923076923077, ""dp_257_plus"": 0.4153846153846154, ""dp_5_16"": 0.020512820512820513, ""dp_65_256"": 0.5333333333333333}","{""cn_0"": 1.0}",0.0,284.54358974358973,sasb_candidate_builder,cd9948c78e5a51ee3c6503a2981872483e1f8591dbd103512a5ba699a9684b39,195,cd9948c78e5a51ee3c6503a2981872483e1f8591dbd103512a5ba699a9684b39,"{""sasb_builder"": 195}",0,0,0,0,{},0.0,"{""common_neighbor_bin_l1"": 0.0, ""degree_product_bin_l1"": 0.0, ""is_boundary_edge_l1"": 0.0, ""is_bridge_edge_l1"": 0.0, ""is_inter_community_edge_l1"": 0.0, ""is_low_common_neighbor_edge_l1"": 0.0, ""mean_l1"": 0.0}",1,32,32,0.0,0
realworld_completed,bio_celegans,SASB-candidate,sasb,SASB-structured,20260513,962,middle,0.9161147902869757,0.9161147902869757,0.0,18,18,0,0.4750617283950617,0.47555555555555556,336,62,336--62,6,34,6,34,204,2,0.4,0,4,4,32,"[""96"", ""53"", ""51"", ""343"", ""60"", ""363"", ""52"", ""373"", ""62"", ""364"", ""85"", ""369"", ""82"", ""144"", ""145"", ""83"", ""142"", ""143"", ""220"", ""118"", ""147"", ""121"", ""154"", ""398"", ""97"", ""348"", ""376"", ""5"", ""294"", ""34"", ""214"", ""263""]",523e1bc51abb253447b41c9af6df4afcd3efb41bf1ed2bbdad765e4b21c0ba61,"{""boundary"": 12, ""community_rep"": 5, ""degree_core"": 10, ""random_fill"": 5}","{""degree_2"": 3, ""degree_3_4"": 3, ""degree_9_plus"": 26}","{""0"": 1, ""1"": 3, ""10"": 1, ""11"": 1, ""12"": 1, ""2"": 1, ""3"": 7, ""4"": 6, ""5"": 3, ""6"": 1, ""7"": 2, ""8"": 1, ""9"": 4}",195,"{""backend"": ""evaluate_m19_theory_calibrated.candidate_features"", ""delta_mode"": ""none"", ""k_max"": 512, ""k_min"": 64, ""variant"": ""conservative""}",195,0.18822393822393824,0.6615384615384615,0.6615384615384615,0.03076923076923077,1.0,"{""dp_17_64"": 0.03076923076923077, ""dp_257_plus"": 0.4153846153846154, ""dp_5_16"": 0.020512820512820513, ""dp_65_256"": 0.5333333333333333}","{""cn_0"": 1.0}",0.0,282.95897435897433,sasb_candidate_builder,ef0e5be0fb6da466c4d0d208bc247b91741f6ceddbf661c496f68a2257a716d1,195,ef0e5be0fb6da466c4d0d208bc247b91741f6ceddbf661c496f68a2257a716d1,"{""sasb_builder"": 195}",0,0,0,0,{},0.0,"{""common_neighbor_bin_l1"": 0.0, ""degree_product_bin_l1"": 0.0, ""is_boundary_edge_l1"": 0.0, ""is_bridge_edge_l1"": 0.0, ""is_inter_community_edge_l1"": 0.0, ""is_low_common_neighbor_edge_l1"": 0.0, ""mean_l1"": 0.0}",1,32,32,0.0,0
realworld_completed,bio_celegans,SASB-candidate,sasb,SASB-structured,20260513,963,middle,0.9161147902869757,0.9161147902869757,0.0,18,18,0,0.47555555555555556,0.4760493827160494,337,62,337--62,6,33,6,33,198,2,0.4,0,4,4,32,"[""96"", ""53"", ""51"", ""343"", ""60"", ""363"", ""52"", ""373"", ""62"", ""364"", ""85"", ""369"", ""82"", ""144"", ""145"", ""83"", ""142"", ""143"", ""220"", ""118"", ""147"", ""121"", ""154"", ""398"", ""97"", ""348"", ""376"", ""271"", ""261"", ""361"", ""207"", ""378""]",7a8e84ce686b49a7f7603cb5c1bceb420f5aa347f25fb857bbd52bdb0a5f0a21,"{""boundary"": 12, ""community_rep"": 5, ""degree_core"": 10, ""random_fill"": 5}","{""degree_3_4"": 3, ""degree_5_8"": 3, ""degree_9_plus"": 26}","{""0"": 3, ""1"": 2, ""10"": 1, ""11"": 1, ""12"": 1, ""2"": 1, ""3"": 7, ""4"": 6, ""5"": 3, ""6"": 1, ""7"": 2, ""8"": 1, ""9"": 3}",194,"{""backend"": ""evaluate_m19_theory_calibrated.candidate_features"", ""delta_mode"": ""none"", ""k_max"": 512, ""k_min"": 64, ""variant"": ""conservative""}",194,0.18743961352657004,0.6649484536082474,0.6649484536082474,0.030927835051546393,1.0,"{""dp_17_64"": 0.030927835051546393, ""dp_257_plus"": 0.4175257731958763, ""dp_5_16"": 0.020618556701030927, ""dp_65_256"": 0.5309278350515464}","{""cn_0"": 1.0}",0.0,282.8144329896907,sasb_candidate_builder,0ec25d1a7fcdb88818971e12064f6f40714eee31583c447b32a196825565bb43,194,0ec25d1a7fcdb88818971e12064f6f40714eee31583c447b32a196825565bb43,"{""sasb_builder"": 194}",0,0,0,0,{},0.0,"{""common_neighbor_bin_l1"": 0.0, ""degree_product_bin_l1"": 0.0, ""is_boundary_edge_l1"": 0.0, ""is_bridge_edge_l1"": 0.0, ""is_inter_community_edge_l1"": 0.0, ""is_low_common_neighbor_edge_l1"": 0.0, ""mean_l1"": 0.0}",1,32,32,0.0,0
realworld_completed,bio_celegans,SASB-candidate,sasb,SASB-structured,20260513,964,middle,0.9161147902869757,0.9161147902869757,0.0,18,18,0,0.4760493827160494,0.4765432098765432,4,62,4--62,4,32,4,32,128,1,0.3333333333333333,0,4,4,32,"[""96"", ""53"", ""51"", ""343"", ""60"", ""363"", ""52"", ""373"", ""62"", ""364"", ""85"", ""369"", ""82"", ""144"", ""145"", ""83"", ""142"", ""143"", ""220"", ""118"", ""147"", ""121"", ""154"", ""398"", ""97"", ""348"", ""376"", ""5"", ""201"", ""111"", ""238"", ""64""]",20ae4f820753d43137512defcc7a20a595f0887cecc701b59d486e27dc4efac3,"{""boundary"": 12, ""community_rep"": 5, ""degree_core"": 10, ""random_fill"": 5}","{""degree_2"": 1, ""degree_3_4"": 3, ""degree_5_8"": 2, ""degree_9_plus"": 26}","{""0"": 1, ""1"": 2, ""10"": 1, ""11"": 1, ""12"": 2, ""2"": 1, ""3"": 8, ""4"": 5, ""5"": 4, ""6"": 2, ""7"": 2, ""8"": 1, ""9"": 2}",194,"{""backend"": ""evaluate_m19_theory_calibrated.candidate_features"", ""delta_mode"": ""none"", ""k_max"": 512, ""k_min"": 64, ""variant"": ""conservative""}",194,0.18762088974854932,0.6649484536082474,0.6649484536082474,0.030927835051546393,1.0,"{""dp_17_64"": 0.030927835051546393, ""dp_257_plus"": 0.4175257731958763, ""dp_5_16"": 0.020618556701030927, ""dp_65_256"": 0.5309278350515464}","{""cn_0"": 0.9948453608247423, ""cn_1"": 0.005154639175257732}",0.005154639175257732,281.85051546391753,sasb_candidate_builder,fa8e0c0008f35d50e47617bb143a213fecf4d45cd445fc60f4c6c902ba6309b2,194,fa8e0c0008f35d50e47617bb143a213fecf4d45cd445fc60f4c6c902ba6309b2,"{""sasb_builder"": 194}",0,0,0,0,{},0.0,"{""common_neighbor_bin_l1"": 0.0, ""degree_product_bin_l1"": 0.0, ""is_boundary_edge_l1"": 0.0, ""is_bridge_edge_l1"": 0.0, ""is_inter_community_edge_l1"": 0.0, ""is_low_common_neighbor_edge_l1"": 0.0, ""mean_l1"": 0.0}",1,32,32,597.5202065224483,0
realworld_completed,bio_celegans,SASB-candidate,sasb,SASB-structured,20260513,965,middle,0.9161147902869757,0.9161147902869757,0.0,18,18,0,0.4765432098765432,0.47703703703703704,339,51,339--51,5,42,5,42,210,0,0.0,0,9,9,32,"[""96"", ""53"", ""51"", ""343"", ""60"", ""363"", ""52"", ""373"", ""62"", ""364"", ""85"", ""369"", ""82"", ""144"", ""145"", ""83"", ""142"", ""143"", ""220"", ""118"", ""147"", ""121"", ""154"", ""398"", ""97"", ""348"", ""376"", ""19"", ""167"", ""367"", ""227"", ""127""]",38057f92f2184bf874c2a923d4ce0f3c6c93e7da1b491d958d2a8f04f7e12047,"{""boundary"": 12, ""community_rep"": 5, ""degree_core"": 10, ""random_fill"": 5}","{""degree_0_1"": 2, ""degree_3_4"": 3, ""degree_5_8"": 1, ""degree_9_plus"": 26}","{""0"": 1, ""1"": 2, ""10"": 1, ""11"": 1, ""12"": 1, ""2"": 1, ""3"": 8, ""4"": 4, ""5"": 4, ""6"": 1, ""7"": 3, ""8"": 1, ""9"": 4}",194,"{""backend"": ""evaluate_m19_theory_calibrated.candidate_features"", ""delta_mode"": ""none"", ""k_max"": 512, ""k_min"": 64, ""variant"": ""conservative""}",194,0.18780251694094868,0.6649484536082474,0.6649484536082474,0.030927835051546393,1.0,"{""dp_17_64"": 0.030927835051546393, ""dp_257_plus"": 0.4175257731958763, ""dp_5_16"": 0.020618556701030927, ""dp_65_256"": 0.5309278350515464}","{""cn_0"": 1.0}",0.0,281.2061855670103,sasb_candidate_builder,1a915a668b8469b0db0749d47783a2bc22f04669ded59817605034bcc5968987,194,1a915a668b8469b0db0749d47783a2bc22f04669ded59817605034bcc5968987,"{""sasb_builder"": 194}",0,0,0,0,{},0.0,"{""common_neighbor_bin_l1"": 0.0, ""degree_product_bin_l1"": 0.0, ""is_boundary_edge_l1"": 0.0, ""is_bridge_edge_l1"": 0.0, ""is_inter_community_edge_l1"": 0.0, ""is_low_common_neighbor_edge_l1"": 0.0, ""mean_l1"": 0.0}",1,32,32,0.0,0
realworld_completed,bio_celegans,SASB-candidate,sasb,SASB-structured,20260513,966,middle,0.9161147902869757,0.9161147902869757,0.0,18,18,0,0.47703703703703704,0.4775308641975309,147,93,147--93,18,10,10,18,180,2,0.2222222222222222,0,3,3,32,"[""96"", ""53"", ""51"", ""343"", ""60"", ""363"", ""52"", ""373"", ""62"", ""364"", ""85"", ""369"", ""82"", ""144"", ""145"", ""83"", ""142"", ""143"", ""220"", ""118"", ""147"", ""121"", ""154"", ""398"", ""97"", ""348"", ""376"", ""247"", ""330"", ""381"", ""422"", ""214""]",61feb917e6e26c2f416bdfc4efb19b3d1b5d970b65ae8e1cbca67a1d1ce0456d,"{""boundary"": 12, ""community_rep"": 5, ""degree_core"": 10, ""random_fill"": 5}","{""degree_2"": 1, ""degree_3_4"": 5, ""degree_9_plus"": 26}","{""0"": 1, ""1"": 2, ""10"": 1, ""11"": 1, ""12"": 1, ""2"": 1, ""3"": 8, ""4"": 5, ""5"": 3, ""6"": 1, ""7"": 3, ""8"": 2, ""9"": 3}",194,"{""backend"": ""evaluate_m19_theory_calibrated.candidate_features"", ""delta_mode"": ""none"", ""k_max"": 512, ""k_min"": 64, ""variant"": ""conservative""}",194,0.187984496124031,0.6649484536082474,0.6649484536082474,0.030927835051546393,1.0,"{""dp_17_64"": 0.030927835051546393, ""dp_257_plus"": 0.4175257731958763, ""dp_5_16"": 0.020618556701030927, ""dp_65_256"": 0.5309278350515464}","{""cn_0"": 1.0}",0.0,279.64948453608247,sasb_candidate_builder,887396e82935db2d1d5e2928e3e8025a29b17d7f20ba7033fa4ab759cb679b4c,194,887396e82935db2d1d5e2928e3e8025a29b17d7f20ba7033fa4ab759cb679b4c,"{""sasb_builder"": 194}",0,0,0,0,{},0.0,"{""common_neighbor_bin_l1"": 0.0, ""degree_product_bin_l1"": 0.0, ""is_boundary_edge_l1"": 0.0, ""is_bridge_edge_l1"": 0.0, ""is_inter_community_edge_l1"": 0.0, ""is_low_common_neighbor_edge_l1"": 0.0, ""mean_l1"": 0.0}",1,32,32,0.0,0
realworld_completed,bio_celegans,SASB-candidate,sasb,SASB-structured,20260513,967,middle,0.9161147902869757,0.9161147902869757,0.0,18,18,0,0.4775308641975309,0.47802469135802467,147,98,147--98,17,9,9,17,153,1,0.125,0,3,3,32,"[""96"", ""53"", ""51"", ""343"", ""60"", ""363"", ""52"", ""373"", ""62"", ""364"", ""85"", ""369"", ""82"", ""144"", ""145"", ""83"", ""142"", ""143"", ""220"", ""118"", ""147"", ""121"", ""154"", ""398"", ""97"", ""348"", ""376"", ""123"", ""67"", ""255"", ""64"", ""31""]",9e29a057ab51d8ae9d78ea1fcb6d592e3caaf7bc850e2e633a2b2c5c8aac1e66,"{""boundary"": 12, ""community_rep"": 5, ""degree_core"": 10, ""random_fill"": 5}","{""degree_3_4"": 4, ""degree_5_8"": 2, ""degree_9_plus"": 26}","{""0"": 1, ""1"": 3, ""10"": 1, ""11"": 1, ""12"": 1, ""2"": 1, ""3"": 8, ""4"": 4, ""5"": 3, ""6"": 2, ""7"": 3, ""8"": 1, ""9"": 3}",194,"{""backend"": ""evaluate_m19_theory_calibrated.candidate_features"", ""delta_mode"": ""none"", ""k_max"": 512, ""k_min"": 64, ""variant"": ""conservative""}",194,0.18816682832201745,0.6649484536082474,0.6649484536082474,0.030927835051546393,1.0,"{""dp_17_64"": 0.030927835051546393, ""dp_257_plus"": 0.4175257731958763, ""dp_5_16"": 0.020618556701030927, ""dp_65_256"": 0.5309278350515464}","{""cn_0"": 1.0}",0.0,279.5103092783505,sasb_candidate_builder,4592a106b0765600d21d149011ffaeee6978cebfe113574214965ee83f8f82c7,194,4592a106b0765600d21d149011ffaeee6978cebfe113574214965ee83f8f82c7,"{""sasb_builder"": 194}",0,0,0,0,{},0.0,"{""common_neighbor_bin_l1"": 0.0, ""degree_product_bin_l1"": 0.0, ""is_boundary_edge_l1"": 0.0, ""is_bridge_edge_l1"": 0.0, ""is_inter_community_edge_l1"": 0.0, ""is_low_common_neighbor_edge_l1"": 0.0, ""mean_l1"": 0.0}",1,32,32,0.0,0
realworld_completed,bio_celegans,SASB-candidate,sasb,SASB-structured,20260513,968,middle,0.9161147902869757,0.9161147902869757,0.0,18,18,0,0.47802469135802467,0.4785185185185185,200,220,200--220,5,24,5,24,120,1,0.25,0,4,4,32,"[""96"", ""53"", ""51"", ""343"", ""60"", ""363"", ""52"", ""373"", ""62"", ""364"", ""85"", ""369"", ""82"", ""144"", ""145"", ""83"", ""142"", ""143"", ""220"", ""118"", ""147"", ""121"", ""154"", ""398"", ""97"", ""348"", ""376"", ""444"", ""28"", ""4"", ""332"", ""26""]",2e2a66583a44378a51ffea9186f780aa5e35e86ce78917eb728edb166583722f,"{""boundary"": 12, ""community_rep"": 5, ""degree_core"": 10, ""random_fill"": 5}","{""degree_0_1"": 1, ""degree_3_4"": 4, ""degree_5_8"": 1, ""degree_9_plus"": 26}","{""0"": 1, ""1"": 3, ""10"": 1, ""11"": 1, ""12"": 1, ""2"": 1, ""3"": 8, ""4"": 5, ""5"": 3, ""6"": 1, ""7"": 2, ""8"": 1, ""9"": 4}",194,"{""backend"": ""evaluate_m19_theory_calibrated.candidate_features"", ""delta_mode"": ""none"", ""k_max"": 512, ""k_min"": 64, ""variant"": ""conservative""}",194,0.1883495145631068,0.6649484536082474,0.6649484536082474,0.030927835051546393,1.0,"{""dp_17_64"": 0.030927835051546393, ""dp_257_plus"": 0.4175257731958763, ""dp_5_16"": 0.020618556701030927, ""dp_65_256"": 0.5309278350515464}","{""cn_0"": 0.9948453608247423, ""cn_1"": 0.005154639175257732}",0.005154639175257732,279.1701030927835,sasb_candidate_builder,1f28f98e74887b40f6065577a03c2b29da2d7afbf705d52f3fe982db445d837b,194,1f28f98e74887b40f6065577a03c2b29da2d7afbf705d52f3fe982db445d837b,"{""sasb_builder"": 194}",0,0,0,0,{},0.0,"{""common_neighbor_bin_l1"": 0.0, ""degree_product_bin_l1"": 0.0, ""is_boundary_edge_l1"": 0.0, ""is_bridge_edge_l1"": 0.0, ""is_inter_community_edge_l1"": 0.0, ""is_low_common_neighbor_edge_l1"": 0.0, ""mean_l1"": 0.0}",1,32,32,253.68798950802326,0
realworld_completed,bio_celegans,SASB-candidate,sasb,SASB-structured,20260513,969,middle,0.9161147902869757,0.9161147902869757,0.0,18,18,0,0.4785185185185185,0.47901234567901235,339,53,339--53,4,43,4,43,172,0,0.0,0,11,11,32,"[""96"", ""53"", ""51"", ""343"", ""60"", ""363"", ""52"", ""373"", ""62"", ""364"", ""85"", ""369"", ""82"", ""144"", ""145"", ""83"", ""142"", ""143"", ""220"", ""118"", ""147"", ""121"", ""154"", ""398"", ""97"", ""348"", ""376"", ""325"", ""75"", ""428"", ""119"", ""20""]",be07123e64b874d873da4c27ace64da94775c675789abe8d0e5cb4c307c7a7bf,"{""boundary"": 12, ""community_rep"": 5, ""degree_core"": 10, ""random_fill"": 5}","{""degree_3_4"": 3, ""degree_5_8"": 3, ""degree_9_plus"": 26}","{""0"": 1, ""1"": 3, ""10"": 1, ""11"": 1, ""12"": 1, ""2"": 1, ""3"": 7, ""4"": 6, ""5"": 4, ""6"": 2, ""7"": 2, ""8"": 1, ""9"": 2}",194,"{""backend"": ""evaluate_m19_theory_calibrated.candidate_features"", ""delta_mode"": ""none"", ""k_max"": 512, ""k_min"": 64, ""variant"": ""conservative""}",194,0.18853255587949466,0.6649484536082474,0.6649484536082474,0.030927835051546393,1.0,"{""dp_17_64"": 0.030927835051546393, ""dp_257_plus"": 0.422680412371134, ""dp_5_16"": 0.020618556701030927, ""dp_65_256"": 0.5257731958762887}","{""cn_0"": 1.0}",0.0,280.08247422680415,sasb_candidate_builder,6316c0d9cc58c6c3929870f275b73a7285dfc1e6a887746564663e0d7d3d81fe,194,6316c0d9cc58c6c3929870f275b73a7285dfc1e6a887746564663e0d7d3d81fe,"{""sasb_builder"": 194}",0,0,0,0,{},0.0,"{""common_neighbor_bin_l1"": 0.0, ""degree_product_bin_l1"": 0.0, ""is_boundary_edge_l1"": 0.0, ""is_bridge_edge_l1"": 0.0, ""is_inter_community_edge_l1"": 0.0, ""is_low_common_neighbor_edge_l1"": 0.0, ""mean_l1"": 0.0}",1,32,32,0.0,0
realworld_completed,bio_celegans,SASB-candidate,sasb,SASB-structured,20260513,970,middle,0.9161147902869757,0.9094922737306843,0.0066225165562914245,18,19,1,0.47901234567901235,0.4795061728395062,339,96,339--96,3,66,3,66,198,0,0.0,0,9,9,32,"[""96"", ""53"", ""51"", ""60"", ""343"", ""363"", ""52"", ""373"", ""62"", ""364"", ""85"", ""369"", ""82"", ""144"", ""145"", ""83"", ""142"", ""143"", ""220"", ""118"", ""147"", ""121"", ""154"", ""398"", ""97"", ""348"", ""376"", ""430"", ""380"", ""360"", ""213"", ""427""]",62641e1f5e1d0469bd9ed7b35eb82621fd28b27980caaefb4a67451ee6756aa7,"{""boundary"": 12, ""community_rep"": 5, ""degree_core"": 10, ""random_fill"": 5}","{""degree_0_1"": 1, ""degree_2"": 1, ""degree_3_4"": 3, ""degree_5_8"": 1, ""degree_9_plus"": 26}","{""0"": 1, ""1"": 2, ""10"": 1, ""11"": 1, ""12"": 1, ""2"": 1, ""3"": 7, ""4"": 6, ""5"": 3, ""6"": 2, ""7"": 2, ""8"": 3, ""9"": 2}",194,"{""backend"": ""evaluate_m19_theory_calibrated.candidate_features"", ""delta_mode"": ""none"", ""k_max"": 512, ""k_min"": 64, ""variant"": ""conservative""}",194,0.188715953307393,0.6494845360824743,0.6494845360824743,0.03608247422680412,1.0,"{""dp_17_64"": 0.030927835051546393, ""dp_257_plus"": 0.4072164948453608, ""dp_5_16"": 0.020618556701030927, ""dp_65_256"": 0.5412371134020618}","{""cn_0"": 1.0}",0.0,277.19072164948454,sasb_candidate_builder,1983d70fa9e0544f927cf8bdef852763e0a0814ff8715dd1a06b8a2051063423,194,1983d70fa9e0544f927cf8bdef852763e0a0814ff8715dd1a06b8a2051063423,"{""sasb_builder"": 194}",0,0,0,0,{},0.0,"{""common_neighbor_bin_l1"": 0.0, ""degree_product_bin_l1"": 0.0, ""is_boundary_edge_l1"": 0.0, ""is_bridge_edge_l1"": 0.0, ""is_inter_community_edge_l1"": 0.0, ""is_low_common_neighbor_edge_l1"": 0.0, ""mean_l1"": 0.0}",1,32,32,0.0,0
realworld_completed,bio_celegans,SASB-candidate,sasb,SASB-structured,20260513,971,middle,0.9094922737306843,0.9094922737306843,0.0,19,19,0,0.4795061728395062,0.48,340,51,340--51,3,41,3,41,123,0,0.0,0,9,9,32,"[""96"", ""53"", ""51"", ""60"", ""343"", ""363"", ""52"", ""373"", ""62"", ""364"", ""85"", ""369"", ""82"", ""144"", ""145"", ""83"", ""142"", ""143"", ""220"", ""118"", ""147"", ""121"", ""154"", ""398"", ""97"", ""348"", ""376"", ""392"", ""25"", ""131"", ""38"", ""29""]",0a6e4ecea07d670daab1441b0b411da5bf651d870d46d4672ddc693975cbabe0,"{""boundary"": 12, ""community_rep"": 5, ""degree_core"": 10, ""random_fill"": 5}","{""degree_2"": 1, ""degree_3_4"": 4, ""degree_5_8"": 1, ""degree_9_plus"": 26}","{""0"": 1, ""1"": 2, ""10"": 1, ""11"": 1, ""12"": 1, ""2"": 1, ""3"": 9, ""4"": 4, ""5"": 4, ""6"": 2, ""7"": 1, ""8"": 2, ""9"": 3}",193,"{""backend"": ""evaluate_m19_theory_calibrated.candidate_features"", ""delta_mode"": ""none"", ""k_max"": 512, ""k_min"": 64, ""variant"": ""conservative""}",193,0.1884765625,0.6528497409326425,0.6528497409326425,0.031088082901554404,1.0,"{""dp_17_64"": 0.031088082901554404, ""dp_257_plus"": 0.40932642487046633, ""dp_5_16"": 0.02072538860103627, ""dp_65_256"": 0.538860103626943}","{""cn_0"": 1.0}",0.0,275.75129533678756,sasb_candidate_builder,fbb80482307289f9d9f114831b387025b1a9336bc8f8e8e7ab07de0ab82b5047,193,fbb80482307289f9d9f114831b387025b1a9336bc8f8e8e7ab07de0ab82b5047,"{""sasb_builder"": 193}",0,0,0,0,{},0.0,"{""common_neighbor_bin_l1"": 0.0, ""degree_product_bin_l1"": 0.0, ""is_boundary_edge_l1"": 0.0, ""is_bridge_edge_l1"": 0.0, ""is_inter_community_edge_l1"": 0.0, ""is_low_common_neighbor_edge_l1"": 0.0, ""mean_l1"": 0.0}",1,32,32,0.0,0
realworld_completed,bio_celegans,SASB-candidate,sasb,SASB-structured,20260513,972,middle,0.9094922737306843,0.9094922737306843,0.0,19,19,0,0.48,0.4804938271604938,340,52,340--52,2,25,2,25,50,0,0.0,0,3,3,32,"[""96"", ""53"", ""51"", ""60"", ""343"", ""363"", ""52"", ""373"", ""62"", ""364"", ""85"", ""369"", ""82"", ""144"", ""145"", ""83"", ""142"", ""143"", ""220"", ""118"", ""147"", ""121"", ""154"", ""398"", ""97"", ""348"", ""376"", ""410"", ""426"", ""77"", ""320"", ""264""]",096b9d3d1b432ee4fe9805baaa865c2e37df3ef3aaba248635bbde68c50ec886,"{""boundary"": 12, ""community_rep"": 5, ""degree_core"": 10, ""random_fill"": 5}","{""degree_0_1"": 1, ""degree_3_4"": 1, ""degree_5_8"": 4, ""degree_9_plus"": 26}","{""0"": 1, ""1"": 2, ""10"": 1, ""11"": 2, ""12"": 1, ""2"": 1, ""3"": 7, ""4"": 6, ""5"": 3, ""6"": 3, ""7"": 1, ""8"": 2, ""9"": 2}",193,"{""backend"": ""evaluate_m19_theory_calibrated.candidate_features"", ""delta_mode"": ""none"", ""k_max"": 512, ""k_min"": 64, ""variant"": ""conservative""}",193,0.18866080156402737,0.6528497409326425,0.6528497409326425,0.031088082901554404,1.0,"{""dp_17_64"": 0.03626943005181347, ""dp_257_plus"": 0.41450777202072536, ""dp_5_16"": 0.02072538860103627, ""dp_65_256"": 0.5284974093264249}","{""cn_0"": 1.0}",0.0,275.6683937823834,sasb_candidate_builder,d5cf2ac0b621af43c1e9081c1ca01c78d2101f7eb74ef0d880eee83577a106b5,193,d5cf2ac0b621af43c1e9081c1ca01c78d2101f7eb74ef0d880eee83577a106b5,"{""sasb_builder"": 193}",0,0,0,0,{},0.0,"{""common_neighbor_bin_l1"": 0.0, ""degree_product_bin_l1"": 0.0, ""is_boundary_edge_l1"": 0.0, ""is_bridge_edge_l1"": 0.0, ""is_inter_community_edge_l1"": 0.0, ""is_low_common_neighbor_edge_l1"": 0.0, ""mean_l1"": 0.0}",1,32,32,0.0,0
realworld_completed,bio_celegans,SASB-candidate,sasb,SASB-structured,20260513,973,middle,0.9094922737306843,0.9094922737306843,0.0,19,19,0,0.4804938271604938,0.48098765432098767,142,349,142--349,25,7,7,25,175,2,0.3333333333333333,0,5,5,32,"[""96"", ""53"", ""51"", ""60"", ""343"", ""363"", ""373"", ""52"", ""62"", ""364"", ""85"", ""369"", ""82"", ""144"", ""145"", ""83"", ""142"", ""143"", ""220"", ""118"", ""147"", ""121"", ""154"", ""398"", ""97"", ""348"", ""376"", ""216"", ""114"", ""88"", ""394"", ""408""]",4b2344d31ac6cda86a764a6b5eafaed80b1e0ccd353a26acd7ac8b76b2a131bc,"{""boundary"": 12, ""community_rep"": 5, ""degree_core"": 10, ""random_fill"": 5}","{""degree_0_1"": 2, ""degree_2"": 1, ""degree_3_4"": 2, ""degree_5_8"": 1, ""degree_9_plus"": 26}","{""0"": 1, ""1"": 2, ""10"": 1, ""11"": 1, ""12"": 2, ""2"": 1, ""3"": 8, ""4"": 4, ""5"": 3, ""6"": 4, ""7"": 1, ""8"": 2, ""9"": 2}",193,"{""backend"": ""evaluate_m19_theory_calibrated.candidate_features"", ""delta_mode"": ""none"", ""k_max"": 512, ""k_min"": 64, ""variant"": ""conservative""}",193,0.1888454011741683,0.6476683937823834,0.6476683937823834,0.03626943005181347,0.9948186528497409,"{""dp_17_64"": 0.031088082901554404, ""dp_257_plus"": 0.41450777202072536, ""dp_5_16"": 0.02072538860103627, ""dp_65_256"": 0.533678756476684}","{""cn_0"": 0.9948186528497409, ""cn_2_3"": 0.0051813471502590676}",0.010362694300518135,275.860103626943,sasb_candidate_builder,08870d56959543eb00be2505ba3365ed4cbcdff5a01a9f5122a10a3ff242f6e9,193,08870d56959543eb00be2505ba3365ed4cbcdff5a01a9f5122a10a3ff242f6e9,"{""sasb_builder"": 193}",0,0,0,0,{},0.0,"{""common_neighbor_bin_l1"": 0.0, ""degree_product_bin_l1"": 0.0, ""is_boundary_edge_l1"": 0.0, ""is_bridge_edge_l1"": 0.0, ""is_inter_community_edge_l1"": 0.0, ""is_low_common_neighbor_edge_l1"": 0.0, ""mean_l1"": 0.0}",1,32,32,2422.5703714011006,0
realworld_completed,bio_celegans,SASB-candidate,sasb,SASB-structured,20260513,974,middle,0.9094922737306843,0.9094922737306843,0.0,19,19,0,0.48098765432098767,0.48148148148148145,143,349,143--349,25,6,6,25,150,1,0.2,0,5,5,32,"[""96"", ""53"", ""51"", ""60"", ""343"", ""363"", ""373"", ""52"", ""62"", ""364"", ""85"", ""369"", ""82"", ""144"", ""145"", ""83"", ""143"", ""142"", ""220"", ""118"", ""147"", ""121"", ""154"", ""398"", ""97"", ""348"", ""376"", ""78"", ""217"", ""416"", ""176"", ""427""]",9daa63a7b3ea6f33a635ce45d826c3fcbaebc2fea9348c079ec78923f9e23ed1,"{""boundary"": 12, ""community_rep"": 5, ""degree_core"": 10, ""random_fill"": 5}","{""degree_0_1"": 1, ""degree_2"": 1, ""degree_3_4"": 2, ""degree_5_8"": 2, ""degree_9_plus"": 26}","{""0"": 1, ""1"": 2, ""10"": 1, ""11"": 2, ""12"": 1, ""2"": 1, ""3"": 7, ""4"": 5, ""5"": 3, ""6"": 3, ""7"": 1, ""8"": 3, ""9"": 2}",193,"{""backend"": ""evaluate_m19_theory_calibrated.candidate_features"", ""delta_mode"": ""none"", ""k_max"": 512, ""k_min"": 64, ""variant"": ""conservative""}",193,0.1890303623898139,0.6476683937823834,0.6476683937823834,0.03626943005181347,1.0,"{""dp_17_64"": 0.031088082901554404, ""dp_257_plus"": 0.40932642487046633, ""dp_5_16"": 0.02072538860103627, ""dp_65_256"": 0.538860103626943}","{""cn_0"": 0.9948186528497409, ""cn_1"": 0.0051813471502590676}",0.0051813471502590676,274.8911917098446,sasb_candidate_builder,782c5a165aacab53be324d34d035d7c0ee2da3f29df92e2a8de1687114f187d0,193,782c5a165aacab53be324d34d035d7c0ee2da3f29df92e2a8de1687114f187d0,"{""sasb_builder"": 193}",0,0,0,0,{},0.0,"{""common_neighbor_bin_l1"": 0.0, ""degree_product_bin_l1"": 0.0, ""is_boundary_edge_l1"": 0.0, ""is_bridge_edge_l1"": 0.0, ""is_inter_community_edge_l1"": 0.0, ""is_low_common_neighbor_edge_l1"": 0.0, ""mean_l1"": 0.0}",1,32,32,3081.2532841892025,0
realworld_completed,bio_celegans,SASB-candidate,sasb,SASB-structured,20260513,975,middle,0.9094922737306843,0.9094922737306843,0.0,19,19,0,0.48148148148148145,0.4819753086419753,343,419,343--419,33,7,7,33,231,3,0.5,0,3,3,32,"[""96"", ""53"", ""51"", ""60"", ""343"", ""363"", ""373"", ""52"", ""62"", ""364"", ""85"", ""369"", ""82"", ""144"", ""145"", ""83"", ""142"", ""143"", ""220"", ""118"", ""147"", ""121"", ""154"", ""398"", ""97"", ""348"", ""376"", ""415"", ""268"", ""73"", ""213"", ""237""]",2033ea7cf450fc0466f2afb78ad5ad1d9c7c33e1231a4f0012eeca1b9d78c508,"{""boundary"": 12, ""community_rep"": 5, ""degree_core"": 10, ""random_fill"": 5}","{""degree_0_1"": 1, ""degree_3_4"": 4, ""degree_5_8"": 1, ""degree_9_plus"": 26}","{""0"": 1, ""1"": 2, ""10"": 1, ""11"": 1, ""12"": 1, ""2"": 1, ""3"": 7, ""4"": 6, ""5"": 4, ""6"": 2, ""7"": 1, ""8"": 2, ""9"": 3}",193,"{""backend"": ""evaluate_m19_theory_calibrated.candidate_features"", ""delta_mode"": ""none"", ""k_max"": 512, ""k_min"": 64, ""variant"": ""conservative""}",193,0.1892156862745098,0.6476683937823834,0.6476683937823834,0.03626943005181347,0.9948186528497409,"{""dp_17_64"": 0.031088082901554404, ""dp_257_plus"": 0.40932642487046633, ""dp_5_16"": 0.02072538860103627, ""dp_65_256"": 0.538860103626943}","{""cn_0"": 0.9948186528497409, ""cn_2_3"": 0.0051813471502590676}",0.015544041450777202,274.4715025906736,sasb_candidate_builder,833b94449b5fdfad8c70c7165e6ea473eb38eb352c54d741481902107b5a937b,193,833b94449b5fdfad8c70c7165e6ea473eb38eb352c54d741481902107b5a937b,"{""sasb_builder"": 193}",0,0,0,0,{},0.0,"{""common_neighbor_bin_l1"": 0.0, ""degree_product_bin_l1"": 0.0, ""is_boundary_edge_l1"": 0.0, ""is_bridge_edge_l1"": 0.0, ""is_inter_community_edge_l1"": 0.0, ""is_low_common_neighbor_edge_l1"": 0.0, ""mean_l1"": 0.0}",1,32,32,496.7164292701357,0
realworld_completed,bio_celegans,SASB-candidate,sasb,SASB-structured,20260513,976,middle,0.9094922737306843,0.9094922737306843,0.0,19,19,0,0.4819753086419753,0.48246913580246914,220,233,220--233,23,5,5,23,115,1,0.25,0,4,4,32,"[""96"", ""53"", ""51"", ""60"", ""343"", ""363"", ""373"", ""52"", ""62"", ""364"", ""85"", ""369"", ""82"", ""144"", ""145"", ""83"", ""142"", ""143"", ""220"", ""118"", ""147"", ""121"", ""154"", ""398"", ""97"", ""348"", ""376"", ""428"", ""112"", ""95"", ""249"", ""137""]",2005b2fac00a4f2cff865c3be5f693460dbce466d8015e7331fb67fca68e17ce,"{""boundary"": 12, ""community_rep"": 5, ""degree_core"": 10, ""random_fill"": 5}","{""degree_3_4"": 4, ""degree_5_8"": 2, ""degree_9_plus"": 26}","{""0"": 1, ""1"": 2, ""10"": 2, ""11"": 1, ""12"": 1, ""2"": 2, ""3"": 7, ""4"": 5, ""5"": 3, ""6"": 3, ""7"": 2, ""8"": 2, ""9"": 1}",193,"{""backend"": ""evaluate_m19_theory_calibrated.candidate_features"", ""delta_mode"": ""none"", ""k_max"": 512, ""k_min"": 64, ""variant"": ""conservative""}",193,0.18940137389597644,0.6476683937823834,0.6476683937823834,0.03626943005181347,1.0,"{""dp_17_64"": 0.031088082901554404, ""dp_257_plus"": 0.39378238341968913, ""dp_5_16"": 0.02072538860103627, ""dp_65_256"": 0.5544041450777202}","{""cn_0"": 0.9948186528497409, ""cn_1"": 0.0051813471502590676}",0.0051813471502590676,271.60103626943004,sasb_candidate_builder,075f3ab4d98eeb8c4bc6ea7e2f7f22b54214c7568d25fe8564f50184b7254719,193,075f3ab4d98eeb8c4bc6ea7e2f7f22b54214c7568d25fe8564f50184b7254719,"{""sasb_builder"": 193}",0,0,0,0,{},0.0,"{""common_neighbor_bin_l1"": 0.0, ""degree_product_bin_l1"": 0.0, ""is_boundary_edge_l1"": 0.0, ""is_bridge_edge_l1"": 0.0, ""is_inter_community_edge_l1"": 0.0, ""is_low_common_neighbor_edge_l1"": 0.0, ""mean_l1"": 0.0}",1,32,32,223.20670122164074,0
realworld_completed,bio_celegans,SASB-candidate,sasb,SASB-structured,20260513,977,middle,0.9094922737306843,0.9094922737306843,0.0,19,19,0,0.48246913580246914,0.482962962962963,118,24,118--24,19,3,3,19,57,0,0.0,0,3,3,32,"[""96"", ""53"", ""51"", ""60"", ""343"", ""363"", ""373"", ""52"", ""62"", ""364"", ""85"", ""369"", ""82"", ""144"", ""145"", ""83"", ""142"", ""143"", ""220"", ""118"", ""147"", ""121"", ""154"", ""398"", ""97"", ""348"", ""376"", ""2"", ""227"", ""438"", ""210"", ""313""]",501f59fb7f609da823a08145913a54969e2dd92b2c252207d35dabad7b3a7bae,"{""boundary"": 12, ""community_rep"": 5, ""degree_core"": 10, ""random_fill"": 5}","{""degree_0_1"": 1, ""degree_3_4"": 3, ""degree_5_8"": 2, ""degree_9_plus"": 26}","{""0"": 1, ""1"": 2, ""10"": 1, ""11"": 1, ""12"": 1, ""2"": 1, ""3"": 8, ""4"": 5, ""5"": 5, ""6"": 2, ""7"": 1, ""8"": 3, ""9"": 1}",193,"{""backend"": ""evaluate_m19_theory_calibrated.candidate_features"", ""delta_mode"": ""none"", ""k_max"": 512, ""k_min"": 64, ""variant"": ""conservative""}",193,0.18958742632612965,0.6476683937823834,0.6476683937823834,0.03626943005181347,1.0,"{""dp_17_64"": 0.03626943005181347, ""dp_257_plus"": 0.39378238341968913, ""dp_5_16"": 0.02072538860103627, ""dp_65_256"": 0.5492227979274611}","{""cn_0"": 1.0}",0.0,271.30051813471505,sasb_candidate_builder,2cfd3db4dd5f042e4ea39b8c9d1fe08523264d0e897fe6592ff80bdd185c7a4d,193,2cfd3db4dd5f042e4ea39b8c9d1fe08523264d0e897fe6592ff80bdd185c7a4d,"{""sasb_builder"": 193}",0,0,0,0,{},0.0,"{""common_neighbor_bin_l1"": 0.0, ""degree_product_bin_l1"": 0.0, ""is_boundary_edge_l1"": 0.0, ""is_bridge_edge_l1"": 0.0, ""is_inter_community_edge_l1"": 0.0, ""is_low_common_neighbor_edge_l1"": 0.0, ""mean_l1"": 0.0}",1,32,32,0.0,0
realworld_completed,bio_celegans,SASB-candidate,sasb,SASB-structured,20260513,978,middle,0.9094922737306843,0.9094922737306843,0.0,19,19,0,0.482962962962963,0.48345679012345677,40,52,40--52,14,24,14,24,336,5,0.38461538461538464,0,3,3,32,"[""96"", ""53"", ""51"", ""60"", ""343"", ""363"", ""373"", ""52"", ""62"", ""364"", ""85"", ""369"", ""82"", ""144"", ""145"", ""83"", ""142"", ""143"", ""220"", ""118"", ""147"", ""121"", ""154"", ""398"", ""97"", ""348"", ""376"", ""122"", ""71"", ""226"", ""355"", ""200""]",891756252d32983ab964fa67b4d9aed43eeff539f3dd79757268b4f1ce28dcf5,"{""boundary"": 12, ""community_rep"": 5, ""degree_core"": 10, ""random_fill"": 5}","{""degree_0_1"": 1, ""degree_3_4"": 4, ""degree_5_8"": 1, ""degree_9_plus"": 26}","{""0"": 1, ""1"": 2, ""10"": 1, ""11"": 1, ""12"": 1, ""2"": 2, ""3"": 8, ""4"": 5, ""5"": 3, ""6"": 2, ""7"": 1, ""8"": 3, ""9"": 2}",193,"{""backend"": ""evaluate_m19_theory_calibrated.candidate_features"", ""delta_mode"": ""none"", ""k_max"": 512, ""k_min"": 64, ""variant"": ""conservative""}",193,0.18977384464110128,0.6476683937823834,0.6476683937823834,0.03626943005181347,0.9948186528497409,"{""dp_17_64"": 0.031088082901554404, ""dp_257_plus"": 0.39896373056994816, ""dp_5_16"": 0.02072538860103627, ""dp_65_256"": 0.5492227979274611}","{""cn_0"": 0.9948186528497409, ""cn_4_8"": 0.0051813471502590676}",0.025906735751295335,272.7461139896373,sasb_candidate_builder,f0d229191a9d7e191c28b339381734eda7c9622bcfedf584de5bce3523197664,193,f0d229191a9d7e191c28b339381734eda7c9622bcfedf584de5bce3523197664,"{""sasb_builder"": 193}",0,0,0,0,{},0.0,"{""common_neighbor_bin_l1"": 0.0, ""degree_product_bin_l1"": 0.0, ""is_boundary_edge_l1"": 0.0, ""is_bridge_edge_l1"": 0.0, ""is_inter_community_edge_l1"": 0.0, ""is_low_common_neighbor_edge_l1"": 0.0, ""mean_l1"": 0.0}",1,32,32,328.75006486702307,0
realworld_completed,bio_celegans,SASB-candidate,sasb,SASB-structured,20260513,979,middle,0.9094922737306843,0.9094922737306843,0.0,19,19,0,0.48345679012345677,0.4839506172839506,221,40,221--40,7,13,7,13,91,0,0.0,1,12,3,32,"[""96"", ""53"", ""51"", ""60"", ""343"", ""363"", ""373"", ""52"", ""62"", ""364"", ""85"", ""369"", ""82"", ""144"", ""145"", ""83"", ""142"", ""143"", ""220"", ""118"", ""147"", ""121"", ""154"", ""398"", ""97"", ""348"", ""376"", ""428"", ""140"", ""283"", ""0"", ""3""]",6763c151e18180d140c22c42f0462d5d9a564de66fe254ec1f39017e7b82502e,"{""boundary"": 12, ""community_rep"": 5, ""degree_core"": 10, ""random_fill"": 5}","{""degree_2"": 1, ""degree_3_4"": 3, ""degree_5_8"": 2, ""degree_9_plus"": 26}","{""0"": 1, ""1"": 3, ""10"": 1, ""11"": 1, ""12"": 2, ""2"": 1, ""3"": 7, ""4"": 5, ""5"": 3, ""6"": 4, ""7"": 1, ""8"": 2, ""9"": 1}",192,"{""backend"": ""evaluate_m19_theory_calibrated.candidate_features"", ""delta_mode"": ""none"", ""k_max"": 512, ""k_min"": 64, ""variant"": ""conservative""}",192,0.1889763779527559,0.6510416666666666,0.6510416666666666,0.036458333333333336,1.0,"{""dp_17_64"": 0.03125, ""dp_257_plus"": 0.390625, ""dp_5_16"": 0.020833333333333332, ""dp_65_256"": 0.5572916666666666}","{""cn_0"": 1.0}",0.0,270.9375,sasb_candidate_builder,38cfa16ad49caad649aaa9a56313d57050f0959400febcf0650bf14da9d44eb9,192,38cfa16ad49caad649aaa9a56313d57050f0959400febcf0650bf14da9d44eb9,"{""sasb_builder"": 192}",0,0,0,0,{},0.0,"{""common_neighbor_bin_l1"": 0.0, ""degree_product_bin_l1"": 0.0, ""is_boundary_edge_l1"": 0.0, ""is_bridge_edge_l1"": 0.0, ""is_inter_community_edge_l1"": 0.0, ""is_low_common_neighbor_edge_l1"": 0.0, ""mean_l1"": 0.0}",1,32,32,0.0,0
realworld_completed,bio_celegans,SASB-candidate,sasb,SASB-structured,20260513,980,middle,0.9094922737306843,0.9094922737306843,0.0,19,19,0,0.4839506172839506,0.48444444444444446,147,388,147--388,16,6,6,16,96,1,0.2,1,3,12,32,"[""96"", ""53"", ""51"", ""343"", ""60"", ""363"", ""52"", ""373"", ""364"", ""62"", ""85"", ""369"", ""82"", ""144"", ""145"", ""83"", ""142"", ""143"", ""220"", ""118"", ""147"", ""121"", ""154"", ""398"", ""348"", ""376"", ""25"", ""135"", ""1"", ""374"", ""141"", ""214""]",057c36737e2d2bbd797da738a8eb4b5428f0e203d61bb318cb469ca914a54d69,"{""boundary"": 12, ""community_rep"": 4, ""degree_core"": 10, ""random_fill"": 6}","{""degree_0_1"": 1, ""degree_2"": 1, ""degree_3_4"": 3, ""degree_5_8"": 2, ""degree_9_plus"": 25}","{""0"": 1, ""1"": 2, ""10"": 1, ""11"": 1, ""12"": 3, ""13"": 2, ""2"": 2, ""3"": 5, ""4"": 5, ""5"": 5, ""6"": 1, ""7"": 1, ""8"": 1, ""9"": 2}",192,"{""backend"": ""evaluate_m19_theory_calibrated.candidate_features"", ""delta_mode"": ""none"", ""k_max"": 512, ""k_min"": 64, ""variant"": ""conservative""}",192,0.1891625615763547,0.7447916666666666,0.7447916666666666,0.03125,0.984375,"{""dp_17_64"": 0.041666666666666664, ""dp_257_plus"": 0.3958333333333333, ""dp_5_16"": 0.015625, ""dp_65_256"": 0.546875}","{""cn_0"": 0.9635416666666666, ""cn_1"": 0.020833333333333332, ""cn_2_3"": 0.015625}",0.057291666666666664,270.4322916666667,sasb_candidate_builder,875debcc722b268d4320baa7f256d5f659cbe1b673aa509da89d2ba1c74654b6,192,875debcc722b268d4320baa7f256d5f659cbe1b673aa509da89d2ba1c74654b6,"{""sasb_builder"": 192}",0,0,0,0,{},0.0,"{""common_neighbor_bin_l1"": 0.0, ""degree_product_bin_l1"": 0.0, ""is_boundary_edge_l1"": 0.0, ""is_bridge_edge_l1"": 0.0, ""is_inter_community_edge_l1"": 0.0, ""is_low_common_neighbor_edge_l1"": 0.0, ""mean_l1"": 0.0}",1,32,32,3762.9099739038083,0
realworld_completed,bio_celegans,SASB-candidate,sasb,SASB-structured,20260513,981,middle,0.9094922737306843,0.9094922737306843,0.0,19,19,0,0.48444444444444446,0.4849382716049383,147,270,147--270,15,4,4,15,60,0,0.0,1,3,2,32,"[""96"", ""53"", ""51"", ""343"", ""60"", ""363"", ""52"", ""373"", ""364"", ""62"", ""85"", ""369"", ""82"", ""144"", ""145"", ""83"", ""142"", ""143"", ""220"", ""118"", ""121"", ""147"", ""154"", ""398"", ""348"", ""376"", ""122"", ""228"", ""289"", ""285"", ""185"", ""111""]",cad325d5f7036e8265f9dc7d6c93a359c73ea1f3f83e4e5692e55d734b86abab,"{""boundary"": 12, ""community_rep"": 4, ""degree_core"": 10, ""random_fill"": 6}","{""degree_0_1"": 1, ""degree_2"": 1, ""degree_3_4"": 3, ""degree_5_8"": 2, ""degree_9_plus"": 25}","{""0"": 3, ""1"": 2, ""10"": 1, ""11"": 1, ""12"": 2, ""13"": 2, ""2"": 1, ""3"": 7, ""4"": 4, ""5"": 3, ""6"": 1, ""7"": 1, ""8"": 2, ""9"": 2}",192,"{""backend"": ""evaluate_m19_theory_calibrated.candidate_features"", ""delta_mode"": ""none"", ""k_max"": 512, ""k_min"": 64, ""variant"": ""conservative""}",192,0.1893491124260355,0.7395833333333334,0.7395833333333334,0.03125,0.984375,"{""dp_17_64"": 0.041666666666666664, ""dp_257_plus"": 0.3958333333333333, ""dp_5_16"": 0.015625, ""dp_65_256"": 0.546875}","{""cn_0"": 0.9739583333333334, ""cn_1"": 0.010416666666666666, ""cn_2_3"": 0.015625}",0.046875,270.2291666666667,sasb_candidate_builder,977bcf2b13d88c56fa1fb6b3a50b78dc21c23d576f5459cf071feeed2ab85c67,192,977bcf2b13d88c56fa1fb6b3a50b78dc21c23d576f5459cf071feeed2ab85c67,"{""sasb_builder"": 192}",0,0,0,0,{},0.0,"{""common_neighbor_bin_l1"": 0.0, ""degree_product_bin_l1"": 0.0, ""is_boundary_edge_l1"": 0.0, ""is_bridge_edge_l1"": 0.0, ""is_inter_community_edge_l1"": 0.0, ""is_low_common_neighbor_edge_l1"": 0.0, ""mean_l1"": 0.0}",1,32,32,2077.836233692084,0
realworld_completed,bio_celegans,SASB-candidate,sasb,SASB-structured,20260513,982,middle,0.9094922737306843,0.9094922737306843,0.0,19,19,0,0.4849382716049383,0.4854320987654321,349,413,349--413,5,5,5,5,25,1,0.25,1,9,5,32,"[""96"", ""53"", ""51"", ""343"", ""60"", ""363"", ""52"", ""373"", ""364"", ""62"", ""85"", ""369"", ""82"", ""144"", ""145"", ""83"", ""142"", ""143"", ""220"", ""118"", ""121"", ""440"", ""154"", ""398"", ""348"", ""376"", ""447"", ""72"", ""107"", ""185"", ""45"", ""413""]",e0d991a4d51700c2d9b89af8add94edb207b36d3fe1eff71f961199d9d76c6e4,"{""boundary"": 12, ""community_rep"": 4, ""degree_core"": 10, ""random_fill"": 6}","{""degree_2"": 2, ""degree_3_4"": 2, ""degree_5_8"": 3, ""degree_9_plus"": 25}","{""0"": 2, ""1"": 4, ""10"": 1, ""11"": 1, ""12"": 2, ""13"": 2, ""2"": 2, ""3"": 5, ""4"": 4, ""5"": 5, ""6"": 1, ""7"": 1, ""8"": 1, ""9"": 1}",192,"{""backend"": ""evaluate_m19_theory_calibrated.candidate_features"", ""delta_mode"": ""none"", ""k_max"": 512, ""k_min"": 64, ""variant"": ""conservative""}",192,0.1895360315893386,0.734375,0.734375,0.03125,0.984375,"{""dp_17_64"": 0.036458333333333336, ""dp_257_plus"": 0.3958333333333333, ""dp_5_16"": 0.015625, ""dp_65_256"": 0.5520833333333334}","{""cn_0"": 0.9739583333333334, ""cn_1"": 0.010416666666666666, ""cn_2_3"": 0.015625}",0.046875,270.5729166666667,sasb_candidate_builder,0148e5b890d3834dd311765d685a2911737010c6b97e5e5b8fa5d4f048185a4b,192,0148e5b890d3834dd311765d685a2911737010c6b97e5e5b8fa5d4f048185a4b,"{""sasb_builder"": 192}",0,0,0,0,{},0.0,"{""common_neighbor_bin_l1"": 0.0, ""degree_product_bin_l1"": 0.0, ""is_boundary_edge_l1"": 0.0, ""is_bridge_edge_l1"": 0.0, ""is_inter_community_edge_l1"": 0.0, ""is_low_common_neighbor_edge_l1"": 0.0, ""mean_l1"": 0.0}",1,32,32,1901.6969414735624,0
realworld_completed,bio_celegans,SASB-candidate,sasb,SASB-structured,20260513,983,middle,0.9094922737306843,0.9094922737306843,0.0,19,19,0,0.4854320987654321,0.48592592592592593,226,343,226--343,6,32,6,32,192,3,0.6,1,3,10,32,"[""96"", ""53"", ""51"", ""343"", ""60"", ""363"", ""52"", ""373"", ""364"", ""62"", ""85"", ""369"", ""82"", ""144"", ""145"", ""83"", ""142"", ""143"", ""220"", ""118"", ""121"", ""440"", ""154"", ""398"", ""348"", ""376"", ""319"", ""66"", ""130"", ""43"", ""340"", ""430""]",c333d277a97ea9aed8d84f8e33e7e844f614643ce9bfc5f84d787b7f777d235a,"{""boundary"": 12, ""community_rep"": 4, ""degree_core"": 10, ""random_fill"": 6}","{""degree_0_1"": 2, ""degree_2"": 1, ""degree_3_4"": 1, ""degree_5_8"": 3, ""degree_9_plus"": 25}","{""0"": 2, ""1"": 4, ""10"": 1, ""11"": 1, ""12"": 3, ""13"": 2, ""2"": 1, ""3"": 4, ""4"": 4, ""5"": 4, ""6"": 2, ""7"": 1, ""8"": 2, ""9"": 1}",192,"{""backend"": ""evaluate_m19_theory_calibrated.candidate_features"", ""delta_mode"": ""none"", ""k_max"": 512, ""k_min"": 64, ""variant"": ""conservative""}",192,0.18972332015810275,0.7291666666666666,0.7291666666666666,0.03125,0.984375,"{""dp_17_64"": 0.03125, ""dp_257_plus"": 0.3958333333333333, ""dp_5_16"": 0.015625, ""dp_65_256"": 0.5572916666666666}","{""cn_0"": 0.9791666666666666, ""cn_1"": 0.005208333333333333, ""cn_2_3"": 0.015625}",0.041666666666666664,269.9114583333333,sasb_candidate_builder,ab5debc411025f763395d02d9089487d8af728c429338a422a4e3a5dae8bb439,192,ab5debc411025f763395d02d9089487d8af728c429338a422a4e3a5dae8bb439,"{""sasb_builder"": 192}",0,0,0,0,{},0.0,"{""common_neighbor_bin_l1"": 0.0, ""degree_product_bin_l1"": 0.0, ""is_boundary_edge_l1"": 0.0, ""is_bridge_edge_l1"": 0.0, ""is_inter_community_edge_l1"": 0.0, ""is_low_common_neighbor_edge_l1"": 0.0, ""mean_l1"": 0.0}",1,32,32,408.59274811995743,0
realworld_completed,bio_celegans,SASB-candidate,sasb,SASB-structured,20260513,984,middle,0.9094922737306843,0.9094922737306843,0.0,19,19,0,0.48592592592592593,0.48641975308641977,234,343,234--343,3,31,3,31,93,1,0.5,1,3,10,32,"[""96"", ""53"", ""51"", ""343"", ""60"", ""363"", ""52"", ""373"", ""364"", ""62"", ""85"", ""369"", ""82"", ""144"", ""145"", ""83"", ""142"", ""143"", ""220"", ""118"", ""121"", ""440"", ""154"", ""398"", ""348"", ""376"", ""263"", ""315"", ""278"", ""22"", ""163"", ""366""]",30e595cb8b17445a5b7013ddadc0653dd1bd8351849cc4aa97877b1d83d967ad,"{""boundary"": 12, ""community_rep"": 4, ""degree_core"": 10, ""random_fill"": 6}","{""degree_2"": 2, ""degree_3_4"": 2, ""degree_5_8"": 3, ""degree_9_plus"": 25}","{""0"": 1, ""1"": 2, ""10"": 1, ""11"": 1, ""12"": 3, ""13"": 3, ""2"": 1, ""3"": 5, ""4"": 4, ""5"": 4, ""6"": 2, ""7"": 2, ""8"": 2, ""9"": 1}",192,"{""backend"": ""evaluate_m19_theory_calibrated.candidate_features"", ""delta_mode"": ""none"", ""k_max"": 512, ""k_min"": 64, ""variant"": ""conservative""}",192,0.18991097922848665,0.7239583333333334,0.7239583333333334,0.03125,0.9895833333333334,"{""dp_17_64"": 0.03125, ""dp_257_plus"": 0.3958333333333333, ""dp_5_16"": 0.015625, ""dp_65_256"": 0.5572916666666666}","{""cn_0"": 0.984375, ""cn_1"": 0.005208333333333333, ""cn_2_3"": 0.010416666666666666}",0.026041666666666668,268.03125,sasb_candidate_builder,2a25b727ae5aacf5886d3c205b157372009ba0c9fb618f90c229fce761a5e477,192,2a25b727ae5aacf5886d3c205b157372009ba0c9fb618f90c229fce761a5e477,"{""sasb_builder"": 192}",0,0,0,0,{},0.0,"{""common_neighbor_bin_l1"": 0.0, ""degree_product_bin_l1"": 0.0, ""is_boundary_edge_l1"": 0.0, ""is_bridge_edge_l1"": 0.0, ""is_inter_community_edge_l1"": 0.0, ""is_low_common_neighbor_edge_l1"": 0.0, ""mean_l1"": 0.0}",1,32,32,289.36562499999997,0
realworld_completed,bio_celegans,SASB-candidate,sasb,SASB-structured,20260513,985,middle,0.9094922737306843,0.9094922737306843,0.0,19,19,0,0.48641975308641977,0.48691358024691356,30,52,30--52,3,23,3,23,69,2,1.0,1,10,3,32,"[""96"", ""53"", ""51"", ""60"", ""343"", ""363"", ""52"", ""373"", ""364"", ""62"", ""85"", ""369"", ""82"", ""144"", ""145"", ""83"", ""142"", ""143"", ""220"", ""118"", ""121"", ""440"", ""154"", ""398"", ""348"", ""376"", ""352"", ""358"", ""438"", ""41"", ""224"", ""13""]",32de795ee854b465c46006b4f9f1954900a96272d902832dd73c0adef2f5a0bc,"{""boundary"": 12, ""community_rep"": 4, ""degree_core"": 10, ""random_fill"": 6}","{""degree_3_4"": 5, ""degree_5_8"": 2, ""degree_9_plus"": 25}","{""0"": 1, ""1"": 2, ""10"": 1, ""11"": 1, ""12"": 2, ""13"": 3, ""2"": 1, ""3"": 5, ""4"": 4, ""5"": 7, ""6"": 1, ""7"": 1, ""8"": 1, ""9"": 2}",192,"{""backend"": ""evaluate_m19_theory_calibrated.candidate_features"", ""delta_mode"": ""none"", ""k_max"": 512, ""k_min"": 64, ""variant"": ""conservative""}",192,0.1900990099009901,0.71875,0.71875,0.03125,0.9895833333333334,"{""dp_17_64"": 0.03125, ""dp_257_plus"": 0.3958333333333333, ""dp_5_16"": 0.015625, ""dp_65_256"": 0.5572916666666666}","{""cn_0"": 0.9895833333333334, ""cn_2_3"": 0.010416666666666666}",0.020833333333333332,266.6822916666667,sasb_candidate_builder,1cc2355304770877b1a2f4d6e4a02fde97cdd17b748d11eefc3f39d4f7aaace6,192,1cc2355304770877b1a2f4d6e4a02fde97cdd17b748d11eefc3f39d4f7aaace6,"{""sasb_builder"": 192}",0,0,0,0,{},0.0,"{""common_neighbor_bin_l1"": 0.0, ""degree_product_bin_l1"": 0.0, ""is_boundary_edge_l1"": 0.0, ""is_bridge_edge_l1"": 0.0, ""is_inter_community_edge_l1"": 0.0, ""is_low_common_neighbor_edge_l1"": 0.0, ""mean_l1"": 0.0}",1,32,32,87.08181818181818,0
realworld_completed,bio_celegans,SASB-candidate,sasb,SASB-structured,20260513,986,middle,0.9094922737306843,0.9094922737306843,0.0,19,19,0,0.48691358024691356,0.4874074074074074,38,52,38--52,3,22,3,22,66,1,0.5,1,8,3,32,"[""96"", ""53"", ""51"", ""60"", ""343"", ""363"", ""52"", ""373"", ""364"", ""62"", ""85"", ""369"", ""82"", ""144"", ""145"", ""83"", ""142"", ""143"", ""220"", ""118"", ""121"", ""440"", ""154"", ""398"", ""348"", ""376"", ""126"", ""111"", ""251"", ""245"", ""323"", ""450""]",df3ceeef142a4d192dee5eb30442323bdff98082e30e3f318f232540b0a0c859,"{""boundary"": 12, ""community_rep"": 4, ""degree_core"": 10, ""random_fill"": 6}","{""degree_0_1"": 1, ""degree_2"": 1, ""degree_3_4"": 4, ""degree_5_8"": 1, ""degree_9_plus"": 25}","{""0"": 1, ""1"": 3, ""10"": 1, ""11"": 1, ""12"": 2, ""13"": 4, ""2"": 1, ""3"": 5, ""4"": 5, ""5"": 5, ""6"": 1, ""7"": 1, ""8"": 1, ""9"": 1}",192,"{""backend"": ""evaluate_m19_theory_calibrated.candidate_features"", ""delta_mode"": ""none"", ""k_max"": 512, ""k_min"": 64, ""variant"": ""conservative""}",192,0.19028741328047571,0.7135416666666666,0.7135416666666666,0.03125,1.0,"{""dp_17_64"": 0.03125, ""dp_257_plus"": 0.3958333333333333, ""dp_5_16"": 0.015625, ""dp_65_256"": 0.5572916666666666}","{""cn_0"": 0.9947916666666666, ""cn_1"": 0.005208333333333333}",0.005208333333333333,266.8072916666667,sasb_candidate_builder,6244e7bf1541598d7204a0776941c2793917a0e317a1e399b00f92f7dfb5c4c2,192,6244e7bf1541598d7204a0776941c2793917a0e317a1e399b00f92f7dfb5c4c2,"{""sasb_builder"": 192}",0,0,0,0,{},0.0,"{""common_neighbor_bin_l1"": 0.0, ""degree_product_bin_l1"": 0.0, ""is_boundary_edge_l1"": 0.0, ""is_bridge_edge_l1"": 0.0, ""is_inter_community_edge_l1"": 0.0, ""is_low_common_neighbor_edge_l1"": 0.0, ""mean_l1"": 0.0}",1,32,32,137.75030776515152,0
realworld_completed,bio_celegans,SASB-candidate,sasb,SASB-structured,20260513,987,middle,0.9094922737306843,0.9094922737306843,0.0,19,19,0,0.4874074074074074,0.48790123456790124,221,52,221--52,6,21,6,21,126,2,0.4,1,13,3,32,"[""96"", ""53"", ""51"", ""60"", ""343"", ""363"", ""52"", ""373"", ""364"", ""62"", ""85"", ""369"", ""82"", ""144"", ""145"", ""83"", ""142"", ""143"", ""220"", ""118"", ""121"", ""440"", ""154"", ""398"", ""348"", ""376"", ""392"", ""17"", ""294"", ""419"", ""255"", ""293""]",e906b7c8d27d4147c270446181ef8227718c26639e6a74be14785f4f4a12c0a3,"{""boundary"": 12, ""community_rep"": 4, ""degree_core"": 10, ""random_fill"": 6}","{""degree_2"": 3, ""degree_3_4"": 3, ""degree_5_8"": 1, ""degree_9_plus"": 25}","{""0"": 2, ""1"": 2, ""10"": 1, ""11"": 1, ""12"": 3, ""13"": 4, ""2"": 1, ""3"": 5, ""4"": 4, ""5"": 5, ""6"": 1, ""7"": 1, ""8"": 1, ""9"": 1}",192,"{""backend"": ""evaluate_m19_theory_calibrated.candidate_features"", ""delta_mode"": ""none"", ""k_max"": 512, ""k_min"": 64, ""variant"": ""conservative""}",192,0.19047619047619047,0.7083333333333334,0.7083333333333334,0.03125,1.0,"{""dp_17_64"": 0.041666666666666664, ""dp_257_plus"": 0.3958333333333333, ""dp_5_16"": 0.015625, ""dp_65_256"": 0.546875}","{""cn_0"": 1.0}",0.0,266.9635416666667,sasb_candidate_builder,ee450e50a2929a9f83c50fc18375db0acf6e93204d8683a452ee2a87cc020146,192,ee450e50a2929a9f83c50fc18375db0acf6e93204d8683a452ee2a87cc020146,"{""sasb_builder"": 192}",0,0,0,0,{},0.0,"{""common_neighbor_bin_l1"": 0.0, ""degree_product_bin_l1"": 0.0, ""is_boundary_edge_l1"": 0.0, ""is_bridge_edge_l1"": 0.0, ""is_inter_community_edge_l1"": 0.0, ""is_low_common_neighbor_edge_l1"": 0.0, ""mean_l1"": 0.0}",1,32,32,0.0,0
realworld_completed,bio_celegans,SASB-candidate,sasb,SASB-structured,20260513,988,middle,0.9094922737306843,0.9094922737306843,0.0,19,19,0,0.48790123456790124,0.4883950617283951,222,52,222--52,7,20,7,20,140,1,0.16666666666666666,1,13,3,32,"[""96"", ""53"", ""51"", ""60"", ""343"", ""363"", ""52"", ""373"", ""364"", ""62"", ""85"", ""369"", ""82"", ""144"", ""145"", ""83"", ""142"", ""143"", ""220"", ""118"", ""121"", ""440"", ""154"", ""398"", ""348"", ""376"", ""306"", ""381"", ""181"", ""42"", ""201"", ""135""]",76bab3a1b287f48466a017ef992a26aa6fa3b6d8d82eccd77d0d9e595cddd6f7,"{""boundary"": 12, ""community_rep"": 4, ""degree_core"": 10, ""random_fill"": 6}","{""degree_0_1"": 1, ""degree_2"": 2, ""degree_3_4"": 3, ""degree_5_8"": 1, ""degree_9_plus"": 25}","{""0"": 4, ""1"": 2, ""10"": 1, ""11"": 1, ""12"": 2, ""13"": 2, ""2"": 1, ""3"": 4, ""4"": 4, ""5"": 5, ""6"": 2, ""7"": 1, ""8"": 1, ""9"": 2}",192,"{""backend"": ""evaluate_m19_theory_calibrated.candidate_features"", ""delta_mode"": ""none"", ""k_max"": 512, ""k_min"": 64, ""variant"": ""conservative""}",192,0.1906653426017875,0.703125,0.703125,0.03125,1.0,"{""dp_17_64"": 0.041666666666666664, ""dp_257_plus"": 0.3958333333333333, ""dp_5_16"": 0.015625, ""dp_65_256"": 0.546875}","{""cn_0"": 1.0}",0.0,266.515625,sasb_candidate_builder,c6c927a2dd1c1b9d14629461884e2d25992b60380b9cf1468a124e7f047db63d,192,c6c927a2dd1c1b9d14629461884e2d25992b60380b9cf1468a124e7f047db63d,"{""sasb_builder"": 192}",0,0,0,0,{},0.0,"{""common_neighbor_bin_l1"": 0.0, ""degree_product_bin_l1"": 0.0, ""is_boundary_edge_l1"": 0.0, ""is_bridge_edge_l1"": 0.0, ""is_inter_community_edge_l1"": 0.0, ""is_low_common_neighbor_edge_l1"": 0.0, ""mean_l1"": 0.0}",1,32,32,0.0,0
realworld_completed,bio_celegans,SASB-candidate,sasb,SASB-structured,20260513,989,middle,0.9094922737306843,0.9094922737306843,0.0,19,19,0,0.4883950617283951,0.4888888888888889,315,40,315--40,8,12,8,12,96,1,0.14285714285714285,1,10,3,32,"[""96"", ""53"", ""51"", ""60"", ""343"", ""363"", ""52"", ""373"", ""364"", ""62"", ""85"", ""369"", ""82"", ""144"", ""145"", ""83"", ""142"", ""143"", ""220"", ""118"", ""121"", ""440"", ""154"", ""398"", ""348"", ""376"", ""163"", ""27"", ""349"", ""300"", ""137"", ""100""]",46288e0a8fd429694a757d710b004247a66d2afc04cad3011e4678e318d506bf,"{""boundary"": 12, ""community_rep"": 4, ""degree_core"": 10, ""random_fill"": 6}","{""degree_2"": 1, ""degree_3_4"": 5, ""degree_5_8"": 1, ""degree_9_plus"": 25}","{""0"": 1, ""1"": 2, ""10"": 1, ""11"": 3, ""12"": 2, ""13"": 3, ""2"": 1, ""3"": 5, ""4"": 5, ""5"": 4, ""6"": 2, ""7"": 1, ""8"": 1, ""9"": 1}",191,"{""backend"": ""evaluate_m19_theory_calibrated.candidate_features"", ""delta_mode"": ""none"", ""k_max"": 512, ""k_min"": 64, ""variant"": ""conservative""}",191,0.18986083499005965,0.7015706806282722,0.7015706806282722,0.031413612565445025,1.0,"{""dp_17_64"": 0.041884816753926704, ""dp_257_plus"": 0.39790575916230364, ""dp_5_16"": 0.015706806282722512, ""dp_65_256"": 0.5445026178010471}","{""cn_0"": 1.0}",0.0,266.77486910994764,sasb_candidate_builder,4aa03dbd083a22dc2d8c79d808ae666b1621aa0cc7ae6a1031e1975b69d40e04,191,4aa03dbd083a22dc2d8c79d808ae666b1621aa0cc7ae6a1031e1975b69d40e04,"{""sasb_builder"": 191}",0,0,0,0,{},0.0,"{""common_neighbor_bin_l1"": 0.0, ""degree_product_bin_l1"": 0.0, ""is_boundary_edge_l1"": 0.0, ""is_bridge_edge_l1"": 0.0, ""is_inter_community_edge_l1"": 0.0, ""is_low_common_neighbor_edge_l1"": 0.0, ""mean_l1"": 0.0}",1,32,32,0.0,0
realworld_completed,bio_celegans,SASB-candidate,sasb,SASB-structured,20260513,990,middle,0.9094922737306843,0.9094922737306843,0.0,19,19,0,0.4888888888888889,0.4893827160493827,315,93,315--93,7,9,7,9,63,0,0.0,1,10,3,32,"[""96"", ""53"", ""51"", ""60"", ""343"", ""363"", ""52"", ""373"", ""364"", ""62"", ""85"", ""369"", ""82"", ""144"", ""145"", ""83"", ""142"", ""143"", ""220"", ""118"", ""121"", ""440"", ""154"", ""398"", ""348"", ""376"", ""15"", ""323"", ""151"", ""226"", ""314"", ""161""]",312b08473cc620ca41b6fe4127e7490668c82a324b9ebdd9d98724ef7f0fddb9,"{""boundary"": 12, ""community_rep"": 4, ""degree_core"": 10, ""random_fill"": 6}","{""degree_2"": 1, ""degree_3_4"": 3, ""degree_5_8"": 3, ""degree_9_plus"": 25}","{""0"": 1, ""1"": 2, ""10"": 2, ""11"": 1, ""12"": 1, ""13"": 3, ""2"": 2, ""3"": 6, ""4"": 5, ""5"": 5, ""6"": 1, ""7"": 1, ""8"": 1, ""9"": 1}",191,"{""backend"": ""evaluate_m19_theory_calibrated.candidate_features"", ""delta_mode"": ""none"", ""k_max"": 512, ""k_min"": 64, ""variant"": ""conservative""}",191,0.1900497512437811,0.6963350785340314,0.6963350785340314,0.031413612565445025,1.0,"{""dp_17_64"": 0.04712041884816754, ""dp_257_plus"": 0.39790575916230364, ""dp_5_16"": 0.015706806282722512, ""dp_65_256"": 0.5392670157068062}","{""cn_0"": 1.0}",0.0,266.81675392670155,sasb_candidate_builder,7e86723880e8d00c44367e3c770103188331f4b512c298af69a2f9ea83e0bdcf,191,7e86723880e8d00c44367e3c770103188331f4b512c298af69a2f9ea83e0bdcf,"{""sasb_builder"": 191}",0,0,0,0,{},0.0,"{""common_neighbor_bin_l1"": 0.0, ""degree_product_bin_l1"": 0.0, ""is_boundary_edge_l1"": 0.0, ""is_bridge_edge_l1"": 0.0, ""is_inter_community_edge_l1"": 0.0, ""is_low_common_neighbor_edge_l1"": 0.0, ""mean_l1"": 0.0}",1,32,32,0.0,0
realworld_completed,bio_celegans,SASB-candidate,sasb,SASB-structured,20260513,991,middle,0.9094922737306843,0.9094922737306843,0.0,19,19,0,0.4893827160493827,0.48987654320987656,262,53,262--53,4,42,4,42,168,2,0.6666666666666666,0,13,13,32,"[""96"", ""53"", ""51"", ""60"", ""343"", ""363"", ""52"", ""373"", ""364"", ""62"", ""85"", ""369"", ""82"", ""144"", ""145"", ""83"", ""142"", ""143"", ""220"", ""118"", ""121"", ""440"", ""154"", ""398"", ""348"", ""376"", ""405"", ""396"", ""197"", ""179"", ""232"", ""383""]",360ee173d66ba20886a6f09e317abc890bef8692de01f4c7ddb8bf73bb443071,"{""boundary"": 12, ""community_rep"": 4, ""degree_core"": 10, ""random_fill"": 6}","{""degree_0_1"": 1, ""degree_3_4"": 6, ""degree_9_plus"": 25}","{""0"": 2, ""1"": 3, ""10"": 2, ""11"": 1, ""12"": 1, ""13"": 3, ""2"": 1, ""3"": 4, ""4"": 6, ""5"": 4, ""6"": 1, ""7"": 2, ""8"": 1, ""9"": 1}",191,"{""backend"": ""evaluate_m19_theory_calibrated.candidate_features"", ""delta_mode"": ""none"", ""k_max"": 512, ""k_min"": 64, ""variant"": ""conservative""}",191,0.1902390438247012,0.6910994764397905,0.6910994764397905,0.031413612565445025,1.0,"{""dp_17_64"": 0.041884816753926704, ""dp_257_plus"": 0.39790575916230364, ""dp_5_16"": 0.015706806282722512, ""dp_65_256"": 0.5445026178010471}","{""cn_0"": 1.0}",0.0,267.36649214659684,sasb_candidate_builder,c86840881e1fbb77d7d7bfbccb1d073f8411009a912dee4bdf95d3e7f27da8d7,191,c86840881e1fbb77d7d7bfbccb1d073f8411009a912dee4bdf95d3e7f27da8d7,"{""sasb_builder"": 191}",0,0,0,0,{},0.0,"{""common_neighbor_bin_l1"": 0.0, ""degree_product_bin_l1"": 0.0, ""is_boundary_edge_l1"": 0.0, ""is_bridge_edge_l1"": 0.0, ""is_inter_community_edge_l1"": 0.0, ""is_low_common_neighbor_edge_l1"": 0.0, ""mean_l1"": 0.0}",1,32,32,0.0,0
realworld_completed,bio_celegans,SASB-candidate,sasb,SASB-structured,20260513,992,middle,0.9094922737306843,0.9094922737306843,0.0,19,19,0,0.48987654320987656,0.49037037037037035,250,53,250--53,2,41,2,41,82,0,0.0,0,13,13,32,"[""96"", ""53"", ""51"", ""60"", ""343"", ""363"", ""52"", ""373"", ""364"", ""62"", ""85"", ""369"", ""82"", ""144"", ""145"", ""83"", ""142"", ""143"", ""220"", ""118"", ""121"", ""440"", ""154"", ""398"", ""348"", ""376"", ""261"", ""207"", ""59"", ""200"", ""127"", ""448""]",226c95ca3c63ca6a77fc07816f0c3e3fffca24d1d8a709935907412a2e236137,"{""boundary"": 12, ""community_rep"": 4, ""degree_core"": 10, ""random_fill"": 6}","{""degree_0_1"": 1, ""degree_3_4"": 5, ""degree_5_8"": 1, ""degree_9_plus"": 25}","{""0"": 1, ""1"": 2, ""10"": 2, ""11"": 1, ""12"": 2, ""13"": 2, ""2"": 2, ""3"": 4, ""4"": 7, ""5"": 4, ""6"": 1, ""7"": 2, ""8"": 1, ""9"": 1}",191,"{""backend"": ""evaluate_m19_theory_calibrated.candidate_features"", ""delta_mode"": ""none"", ""k_max"": 512, ""k_min"": 64, ""variant"": ""conservative""}",191,0.19042871385842472,0.6910994764397905,0.6910994764397905,0.031413612565445025,1.0,"{""dp_17_64"": 0.041884816753926704, ""dp_257_plus"": 0.39790575916230364, ""dp_5_16"": 0.015706806282722512, ""dp_65_256"": 0.5445026178010471}","{""cn_0"": 1.0}",0.0,265.6125654450262,sasb_candidate_builder,859606f1032f39d401f8a6711196307121d236d598544d01799ecdd23fd4bd2f,191,859606f1032f39d401f8a6711196307121d236d598544d01799ecdd23fd4bd2f,"{""sasb_builder"": 191}",0,0,0,0,{},0.0,"{""common_neighbor_bin_l1"": 0.0, ""degree_product_bin_l1"": 0.0, ""is_boundary_edge_l1"": 0.0, ""is_bridge_edge_l1"": 0.0, ""is_inter_community_edge_l1"": 0.0, ""is_low_common_neighbor_edge_l1"": 0.0, ""mean_l1"": 0.0}",1,32,32,0.0,0
realworld_completed,bio_celegans,SASB-candidate,sasb,SASB-structured,20260513,993,middle,0.9094922737306843,0.9094922737306843,0.0,19,19,0,0.49037037037037035,0.4908641975308642,263,53,263--53,2,40,2,40,80,0,0.0,0,9,9,32,"[""96"", ""53"", ""51"", ""60"", ""343"", ""363"", ""52"", ""373"", ""364"", ""62"", ""85"", ""369"", ""82"", ""144"", ""145"", ""83"", ""142"", ""143"", ""220"", ""118"", ""121"", ""440"", ""154"", ""398"", ""348"", ""376"", ""303"", ""43"", ""115"", ""87"", ""127"", ""100""]",bc0d98cb0084e5d33414868641dfc3fe88eee35c617d513437010b560f8384a4,"{""boundary"": 12, ""community_rep"": 4, ""degree_core"": 10, ""random_fill"": 6}","{""degree_0_1"": 2, ""degree_2"": 2, ""degree_3_4"": 2, ""degree_5_8"": 1, ""degree_9_plus"": 25}","{""0"": 1, ""1"": 4, ""10"": 2, ""11"": 2, ""12"": 1, ""13"": 2, ""2"": 1, ""3"": 4, ""4"": 4, ""5"": 4, ""6"": 1, ""7"": 4, ""8"": 1, ""9"": 1}",191,"{""backend"": ""evaluate_m19_theory_calibrated.candidate_features"", ""delta_mode"": ""none"", ""k_max"": 512, ""k_min"": 64, ""variant"": ""conservative""}",191,0.1906187624750499,0.6910994764397905,0.6910994764397905,0.031413612565445025,1.0,"{""dp_17_64"": 0.041884816753926704, ""dp_257_plus"": 0.39790575916230364, ""dp_5_16"": 0.015706806282722512, ""dp_65_256"": 0.5445026178010471}","{""cn_0"": 1.0}",0.0,264.69633507853405,sasb_candidate_builder,cc7140dfa64b318972bfb1b6add7dc90fe16ef96d3076454b03a9ff53e9e0998,191,cc7140dfa64b318972bfb1b6add7dc90fe16ef96d3076454b03a9ff53e9e0998,"{""sasb_builder"": 191}",0,0,0,0,{},0.0,"{""common_neighbor_bin_l1"": 0.0, ""degree_product_bin_l1"": 0.0, ""is_boundary_edge_l1"": 0.0, ""is_bridge_edge_l1"": 0.0, ""is_inter_community_edge_l1"": 0.0, ""is_low_common_neighbor_edge_l1"": 0.0, ""mean_l1"": 0.0}",1,32,32,0.0,0
realworld_completed,bio_celegans,SASB-candidate,sasb,SASB-structured,20260513,994,middle,0.9094922737306843,0.9094922737306843,0.0,19,19,0,0.4908641975308642,0.49135802469135803,220,264,220--264,22,5,5,22,110,1,0.25,0,4,4,32,"[""96"", ""53"", ""51"", ""60"", ""343"", ""363"", ""52"", ""373"", ""364"", ""62"", ""85"", ""369"", ""82"", ""144"", ""145"", ""83"", ""142"", ""143"", ""220"", ""118"", ""121"", ""440"", ""154"", ""398"", ""348"", ""376"", ""194"", ""316"", ""294"", ""236"", ""423"", ""132""]",1537518a51dca447ebdf95d5d0b6af677632445fd70b0ceb0fd943bb005fcafb,"{""boundary"": 12, ""community_rep"": 4, ""degree_core"": 10, ""random_fill"": 6}","{""degree_2"": 1, ""degree_3_4"": 5, ""degree_5_8"": 1, ""degree_9_plus"": 25}","{""0"": 1, ""1"": 3, ""10"": 3, ""11"": 2, ""12"": 1, ""13"": 4, ""2"": 1, ""3"": 5, ""4"": 4, ""5"": 4, ""6"": 1, ""7"": 1, ""8"": 1, ""9"": 1}",191,"{""backend"": ""evaluate_m19_theory_calibrated.candidate_features"", ""delta_mode"": ""none"", ""k_max"": 512, ""k_min"": 64, ""variant"": ""conservative""}",191,0.19080919080919082,0.6910994764397905,0.6910994764397905,0.031413612565445025,1.0,"{""dp_17_64"": 0.041884816753926704, ""dp_257_plus"": 0.39790575916230364, ""dp_5_16"": 0.015706806282722512, ""dp_65_256"": 0.5445026178010471}","{""cn_0"": 0.9947643979057592, ""cn_1"": 0.005235602094240838}",0.005235602094240838,263.74869109947645,sasb_candidate_builder,46d6ca00ad774cce23e70aaca2d2aeb69aacd49d2b6039db4df6d11da2728afa,191,46d6ca00ad774cce23e70aaca2d2aeb69aacd49d2b6039db4df6d11da2728afa,"{""sasb_builder"": 191}",0,0,0,0,{},0.0,"{""common_neighbor_bin_l1"": 0.0, ""degree_product_bin_l1"": 0.0, ""is_boundary_edge_l1"": 0.0, ""is_bridge_edge_l1"": 0.0, ""is_inter_community_edge_l1"": 0.0, ""is_low_common_neighbor_edge_l1"": 0.0, ""mean_l1"": 0.0}",1,32,32,260.8288679761844,0
realworld_completed,bio_celegans,SASB-candidate,sasb,SASB-structured,20260513,995,middle,0.9094922737306843,0.9094922737306843,0.0,19,19,0,0.49135802469135803,0.4918518518518519,220,6,220--6,21,3,3,21,63,0,0.0,0,4,4,32,"[""96"", ""53"", ""51"", ""60"", ""343"", ""363"", ""52"", ""373"", ""364"", ""62"", ""85"", ""369"", ""82"", ""144"", ""145"", ""83"", ""142"", ""143"", ""220"", ""118"", ""121"", ""440"", ""154"", ""398"", ""348"", ""376"", ""301"", ""379"", ""206"", ""316"", ""314"", ""434""]",b9660bcc068153e5f2b886991ade8e9a3ae5ec654a24aa899e4501349d8b739b,"{""boundary"": 12, ""community_rep"": 4, ""degree_core"": 10, ""random_fill"": 6}","{""degree_2"": 1, ""degree_3_4"": 3, ""degree_5_8"": 3, ""degree_9_plus"": 25}","{""0"": 2, ""1"": 2, ""10"": 3, ""11"": 1, ""12"": 1, ""13"": 2, ""2"": 2, ""3"": 4, ""4"": 5, ""5"": 5, ""6"": 1, ""7"": 2, ""8"": 1, ""9"": 1}",191,"{""backend"": ""evaluate_m19_theory_calibrated.candidate_features"", ""delta_mode"": ""none"", ""k_max"": 512, ""k_min"": 64, ""variant"": ""conservative""}",191,0.191,0.6910994764397905,0.6910994764397905,0.031413612565445025,1.0,"{""dp_17_64"": 0.04712041884816754, ""dp_257_plus"": 0.39790575916230364, ""dp_5_16"": 0.015706806282722512, ""dp_65_256"": 0.5392670157068062}","{""cn_0"": 1.0}",0.0,263.5026178010471,sasb_candidate_builder,7d3e9f288e848c7807484cdd582da7742bfa2c741098af67ded1b9e755bac0ef,191,7d3e9f288e848c7807484cdd582da7742bfa2c741098af67ded1b9e755bac0ef,"{""sasb_builder"": 191}",0,0,0,0,{},0.0,"{""common_neighbor_bin_l1"": 0.0, ""degree_product_bin_l1"": 0.0, ""is_boundary_edge_l1"": 0.0, ""is_bridge_edge_l1"": 0.0, ""is_inter_community_edge_l1"": 0.0, ""is_low_common_neighbor_edge_l1"": 0.0, ""mean_l1"": 0.0}",1,32,32,0.0,0
realworld_completed,bio_celegans,SASB-candidate,sasb,SASB-structured,20260513,996,middle,0.9094922737306843,0.9094922737306843,0.0,19,19,0,0.4918518518518519,0.49234567901234566,341,40,341--40,4,11,4,11,44,0,0.0,1,5,3,32,"[""96"", ""53"", ""51"", ""60"", ""343"", ""363"", ""52"", ""373"", ""364"", ""62"", ""85"", ""369"", ""82"", ""144"", ""145"", ""83"", ""142"", ""143"", ""220"", ""118"", ""121"", ""440"", ""154"", ""398"", ""348"", ""376"", ""408"", ""76"", ""399"", ""235"", ""194"", ""328""]",74185065c23ddc45893bbaac90683782036cc09a7e9bd9cb0acb0cebc1cb3ecc,"{""boundary"": 12, ""community_rep"": 4, ""degree_core"": 10, ""random_fill"": 6}","{""degree_2"": 1, ""degree_3_4"": 5, ""degree_5_8"": 1, ""degree_9_plus"": 25}","{""0"": 2, ""1"": 2, ""10"": 2, ""11"": 3, ""12"": 1, ""13"": 2, ""2"": 1, ""3"": 5, ""4"": 5, ""5"": 4, ""6"": 2, ""7"": 1, ""8"": 1, ""9"": 1}",191,"{""backend"": ""evaluate_m19_theory_calibrated.candidate_features"", ""delta_mode"": ""none"", ""k_max"": 512, ""k_min"": 64, ""variant"": ""conservative""}",191,0.19119119119119118,0.6910994764397905,0.6910994764397905,0.031413612565445025,1.0,"{""dp_17_64"": 0.041884816753926704, ""dp_257_plus"": 0.39790575916230364, ""dp_5_16"": 0.015706806282722512, ""dp_65_256"": 0.5445026178010471}","{""cn_0"": 1.0}",0.0,264.3089005235602,sasb_candidate_builder,65229a916308d7697b511792cf235b2d5fdf02c63bc7a68f506b45700d9f1685,191,65229a916308d7697b511792cf235b2d5fdf02c63bc7a68f506b45700d9f1685,"{""sasb_builder"": 191}",0,0,0,0,{},0.0,"{""common_neighbor_bin_l1"": 0.0, ""degree_product_bin_l1"": 0.0, ""is_boundary_edge_l1"": 0.0, ""is_bridge_edge_l1"": 0.0, ""is_inter_community_edge_l1"": 0.0, ""is_low_common_neighbor_edge_l1"": 0.0, ""mean_l1"": 0.0}",1,32,32,0.0,0
realworld_completed,bio_celegans,SASB-candidate,sasb,SASB-structured,20260513,997,middle,0.9094922737306843,0.9094922737306843,0.0,19,19,0,0.49234567901234566,0.4928395061728395,342,40,342--40,3,10,3,10,30,0,0.0,1,2,3,32,"[""96"", ""53"", ""51"", ""60"", ""343"", ""363"", ""52"", ""373"", ""364"", ""62"", ""85"", ""369"", ""82"", ""144"", ""145"", ""83"", ""142"", ""143"", ""220"", ""118"", ""121"", ""440"", ""154"", ""398"", ""348"", ""376"", ""191"", ""55"", ""42"", ""36"", ""177"", ""377""]",f0022bff664d515883f2fd78fb45a885902aed323373b8e6d12515d3fc34d457,"{""boundary"": 12, ""community_rep"": 4, ""degree_core"": 10, ""random_fill"": 6}","{""degree_2"": 2, ""degree_3_4"": 5, ""degree_9_plus"": 25}","{""0"": 2, ""1"": 2, ""10"": 2, ""11"": 1, ""12"": 3, ""13"": 2, ""2"": 1, ""3"": 5, ""4"": 5, ""5"": 4, ""6"": 1, ""7"": 2, ""8"": 1, ""9"": 1}",191,"{""backend"": ""evaluate_m19_theory_calibrated.candidate_features"", ""delta_mode"": ""none"", ""k_max"": 512, ""k_min"": 64, ""variant"": ""conservative""}",191,0.19138276553106212,0.6858638743455497,0.6858638743455497,0.031413612565445025,1.0,"{""dp_17_64"": 0.03664921465968586, ""dp_257_plus"": 0.39790575916230364, ""dp_5_16"": 0.015706806282722512, ""dp_65_256"": 0.5497382198952879}","{""cn_0"": 1.0}",0.0,265.19895287958116,sasb_candidate_builder,c80eb8866cb1e375a844474c4099ebacf15cf9c17cedad4c4af86cc32e4c3b7f,191,c80eb8866cb1e375a844474c4099ebacf15cf9c17cedad4c4af86cc32e4c3b7f,"{""sasb_builder"": 191}",0,0,0,0,{},0.0,"{""common_neighbor_bin_l1"": 0.0, ""degree_product_bin_l1"": 0.0, ""is_boundary_edge_l1"": 0.0, ""is_bridge_edge_l1"": 0.0, ""is_inter_community_edge_l1"": 0.0, ""is_low_common_neighbor_edge_l1"": 0.0, ""mean_l1"": 0.0}",1,32,32,0.0,0
realworld_completed,bio_celegans,SASB-candidate,sasb,SASB-structured,20260513,998,middle,0.9094922737306843,0.9094922737306843,0.0,19,19,0,0.4928395061728395,0.49333333333333335,118,94,118--94,18,9,9,18,162,2,0.25,0,3,3,32,"[""96"", ""53"", ""51"", ""60"", ""343"", ""363"", ""52"", ""373"", ""364"", ""62"", ""85"", ""369"", ""82"", ""144"", ""145"", ""83"", ""142"", ""143"", ""220"", ""118"", ""121"", ""440"", ""154"", ""398"", ""348"", ""376"", ""214"", ""219"", ""305"", ""112"", ""120"", ""268""]",47f7f2ac82e807e1828427466cf6a639f929a77cdbc8ff397681d9de4996b705,"{""boundary"": 12, ""community_rep"": 4, ""degree_core"": 10, ""random_fill"": 6}","{""degree_0_1"": 1, ""degree_2"": 1, ""degree_3_4"": 5, ""degree_9_plus"": 25}","{""0"": 1, ""1"": 3, ""10"": 2, ""11"": 1, ""12"": 1, ""13"": 2, ""2"": 2, ""3"": 4, ""4"": 8, ""5"": 4, ""6"": 1, ""7"": 1, ""8"": 1, ""9"": 1}",191,"{""backend"": ""evaluate_m19_theory_calibrated.candidate_features"", ""delta_mode"": ""none"", ""k_max"": 512, ""k_min"": 64, ""variant"": ""conservative""}",191,0.19157472417251756,0.680628272251309,0.680628272251309,0.031413612565445025,1.0,"{""dp_17_64"": 0.03664921465968586, ""dp_257_plus"": 0.39790575916230364, ""dp_5_16"": 0.015706806282722512, ""dp_65_256"": 0.5497382198952879}","{""cn_0"": 1.0}",0.0,265.76439790575915,sasb_candidate_builder,a3397f070128e59ff1cff763c16609f57137e76ab81f5dda0b7dc197a4b6c1e4,191,a3397f070128e59ff1cff763c16609f57137e76ab81f5dda0b7dc197a4b6c1e4,"{""sasb_builder"": 191}",0,0,0,0,{},0.0,"{""common_neighbor_bin_l1"": 0.0, ""degree_product_bin_l1"": 0.0, ""is_boundary_edge_l1"": 0.0, ""is_bridge_edge_l1"": 0.0, ""is_inter_community_edge_l1"": 0.0, ""is_low_common_neighbor_edge_l1"": 0.0, ""mean_l1"": 0.0}",1,32,32,0.0,0
realworld_completed,bio_celegans,SASB-candidate,sasb,SASB-structured,20260513,999,middle,0.9094922737306843,0.9094922737306843,0.0,19,19,0,0.49333333333333335,0.49382716049382713,118,52,118--52,17,19,17,19,323,5,0.3125,0,3,3,32,"[""96"", ""53"", ""51"", ""60"", ""343"", ""363"", ""52"", ""373"", ""364"", ""62"", ""85"", ""369"", ""82"", ""144"", ""145"", ""83"", ""142"", ""143"", ""220"", ""118"", ""121"", ""440"", ""154"", ""398"", ""348"", ""376"", ""92"", ""222"", ""225"", ""190"", ""206"", ""328""]",38ad6671d5a250bfb0da7fdd0ed8a2c738ba9735e730dee833295b9d54d80cb0,"{""boundary"": 12, ""community_rep"": 4, ""degree_core"": 10, ""random_fill"": 6}","{""degree_3_4"": 4, ""degree_5_8"": 3, ""degree_9_plus"": 25}","{""0"": 1, ""1"": 2, ""10"": 3, ""11"": 2, ""12"": 2, ""13"": 2, ""2"": 2, ""3"": 4, ""4"": 4, ""5"": 5, ""6"": 1, ""7"": 1, ""8"": 2, ""9"": 1}",191,"{""backend"": ""evaluate_m19_theory_calibrated.candidate_features"", ""delta_mode"": ""none"", ""k_max"": 512, ""k_min"": 64, ""variant"": ""conservative""}",191,0.19176706827309237,0.680628272251309,0.680628272251309,0.031413612565445025,1.0,"{""dp_17_64"": 0.03664921465968586, ""dp_257_plus"": 0.39790575916230364, ""dp_5_16"": 0.015706806282722512, ""dp_65_256"": 0.5497382198952879}","{""cn_0"": 1.0}",0.0,266.3612565445026,sasb_candidate_builder,89a9734a1dca15df3a4a3068b489dfd8c4e9fbb6e9df7996a069ae85822d1af2,191,89a9734a1dca15df3a4a3068b489dfd8c4e9fbb6e9df7996a069ae85822d1af2,"{""sasb_builder"": 191}",0,0,0,0,{},0.0,"{""common_neighbor_bin_l1"": 0.0, ""degree_product_bin_l1"": 0.0, ""is_boundary_edge_l1"": 0.0, ""is_bridge_edge_l1"": 0.0, ""is_inter_community_edge_l1"": 0.0, ""is_low_common_neighbor_edge_l1"": 0.0, ""mean_l1"": 0.0}",1,32,32,0.0,0
realworld_completed,bio_celegans,SASB-candidate,sasb,SASB-structured,20260513,1000,middle,0.9094922737306843,0.9094922737306843,0.0,19,19,0,0.49382716049382713,0.494320987654321,109,118,109--118,14,16,14,16,224,3,0.23076923076923078,0,3,3,32,"[""96"", ""53"", ""51"", ""60"", ""343"", ""363"", ""52"", ""373"", ""364"", ""62"", ""85"", ""369"", ""82"", ""144"", ""145"", ""83"", ""142"", ""143"", ""220"", ""118"", ""121"", ""440"", ""154"", ""398"", ""348"", ""263"", ""306"", ""68"", ""382"", ""3"", ""407"", ""84""]",67f000736fbf46049c768d729974a4613836f6f0013e72ece56f79520c07c165,"{""boundary"": 12, ""community_rep"": 3, ""degree_core"": 10, ""random_fill"": 7}","{""degree_0_1"": 1, ""degree_2"": 2, ""degree_3_4"": 3, ""degree_5_8"": 1, ""degree_9_plus"": 25}","{""0"": 2, ""1"": 2, ""10"": 1, ""11"": 2, ""12"": 2, ""2"": 2, ""3"": 4, ""4"": 4, ""5"": 4, ""6"": 2, ""7"": 1, ""8"": 2, ""9"": 4}",190,"{""backend"": ""evaluate_m19_theory_calibrated.candidate_features"", ""delta_mode"": ""none"", ""k_max"": 512, ""k_min"": 64, ""variant"": ""conservative""}",190,0.19095477386934673,0.6789473684210526,0.6789473684210526,0.031578947368421054,0.9947368421052631,"{""dp_17_64"": 0.03684210526315789, ""dp_257_plus"": 0.39473684210526316, ""dp_5_16"": 0.021052631578947368, ""dp_65_256"": 0.5473684210526316}","{""cn_0"": 0.9947368421052631, ""cn_2_3"": 0.005263157894736842}",0.015789473684210527,264.59473684210525,sasb_candidate_builder,14e9e8f6397ad036a45f4d85f663ee09cc8b456c1e1564d146a7b6d86b37454c,190,14e9e8f6397ad036a45f4d85f663ee09cc8b456c1e1564d146a7b6d86b37454c,"{""sasb_builder"": 190}",0,0,0,0,{},0.0,"{""common_neighbor_bin_l1"": 0.0, ""degree_product_bin_l1"": 0.0, ""is_boundary_edge_l1"": 0.0, ""is_bridge_edge_l1"": 0.0, ""is_inter_community_edge_l1"": 0.0, ""is_low_common_neighbor_edge_l1"": 0.0, ""mean_l1"": 0.0}",1,32,32,245.26745469186034,0
realworld_completed,bio_celegans,SASB-candidate,sasb,SASB-structured,20260513,1001,middle,0.9094922737306843,0.9094922737306843,0.0,19,19,0,0.494320987654321,0.4948148148148148,264,6,264--6,4,2,2,4,8,0,0.0,1,4,8,32,"[""96"", ""53"", ""51"", ""60"", ""343"", ""363"", ""52"", ""373"", ""364"", ""62"", ""85"", ""369"", ""82"", ""144"", ""145"", ""83"", ""142"", ""143"", ""220"", ""118"", ""121"", ""440"", ""154"", ""398"", ""348"", ""359"", ""252"", ""148"", ""240"", ""0"", ""303"", ""299""]",7691d58bf5b8d904eb07f0644e032f8af33a595ba7c42aa5773252b004ae1437,"{""boundary"": 12, ""community_rep"": 3, ""degree_core"": 10, ""random_fill"": 7}","{""degree_2"": 4, ""degree_3_4"": 2, ""degree_5_8"": 1, ""degree_9_plus"": 25}","{""0"": 1, ""1"": 4, ""10"": 2, ""11"": 1, ""12"": 1, ""2"": 2, ""3"": 4, ""4"": 5, ""5"": 4, ""6"": 2, ""7"": 1, ""8"": 1, ""9"": 4}",190,"{""backend"": ""evaluate_m19_theory_calibrated.candidate_features"", ""delta_mode"": ""none"", ""k_max"": 512, ""k_min"": 64, ""variant"": ""conservative""}",190,0.19114688128772636,0.6789473684210526,0.6789473684210526,0.031578947368421054,1.0,"{""dp_17_64"": 0.03684210526315789, ""dp_257_plus"": 0.39473684210526316, ""dp_5_16"": 0.021052631578947368, ""dp_65_256"": 0.5473684210526316}","{""cn_0"": 1.0}",0.0,264.5578947368421,sasb_candidate_builder,6605cbb4423ddde883a1f889a5a71bc48de3a808f5721f6c004135d64e482751,190,6605cbb4423ddde883a1f889a5a71bc48de3a808f5721f6c004135d64e482751,"{""sasb_builder"": 190}",0,0,0,0,{},0.0,"{""common_neighbor_bin_l1"": 0.0, ""degree_product_bin_l1"": 0.0, ""is_boundary_edge_l1"": 0.0, ""is_bridge_edge_l1"": 0.0, ""is_inter_community_edge_l1"": 0.0, ""is_low_common_neighbor_edge_l1"": 0.0, ""mean_l1"": 0.0}",1,32,32,0.0,0
realworld_completed,bio_celegans,SASB-candidate,sasb,SASB-structured,20260513,1002,middle,0.9094922737306843,0.9094922737306843,0.0,19,19,0,0.4948148148148148,0.49530864197530866,342,60,342--60,2,24,2,24,48,0,0.0,1,2,11,32,"[""96"", ""53"", ""51"", ""60"", ""343"", ""363"", ""52"", ""373"", ""364"", ""62"", ""85"", ""369"", ""82"", ""144"", ""145"", ""83"", ""142"", ""143"", ""220"", ""118"", ""121"", ""440"", ""154"", ""398"", ""348"", ""13"", ""394"", ""112"", ""73"", ""123"", ""331"", ""250""]",de29255267c39473367b14cde57929c640a77d45a270f7420caead648c7ea469,"{""boundary"": 12, ""community_rep"": 3, ""degree_core"": 10, ""random_fill"": 7}","{""degree_0_1"": 2, ""degree_2"": 1, ""degree_3_4"": 4, ""degree_9_plus"": 25}","{""0"": 2, ""1"": 2, ""10"": 2, ""11"": 1, ""12"": 1, ""2"": 2, ""3"": 4, ""4"": 4, ""5"": 5, ""6"": 3, ""7"": 1, ""8"": 2, ""9"": 3}",190,"{""backend"": ""evaluate_m19_theory_calibrated.candidate_features"", ""delta_mode"": ""none"", ""k_max"": 512, ""k_min"": 64, ""variant"": ""conservative""}",190,0.19133937562940584,0.6736842105263158,0.6736842105263158,0.03684210526315789,1.0,"{""dp_17_64"": 0.03684210526315789, ""dp_257_plus"": 0.39473684210526316, ""dp_5_16"": 0.015789473684210527, ""dp_65_256"": 0.5526315789473685}","{""cn_0"": 1.0}",0.0,265.6578947368421,sasb_candidate_builder,03d906031cdc473ec109abb0ddcdcf2f7f8ca4c7e622b8c9ffbc6e75d3d1131f,190,03d906031cdc473ec109abb0ddcdcf2f7f8ca4c7e622b8c9ffbc6e75d3d1131f,"{""sasb_builder"": 190}",0,0,0,0,{},0.0,"{""common_neighbor_bin_l1"": 0.0, ""degree_product_bin_l1"": 0.0, ""is_boundary_edge_l1"": 0.0, ""is_bridge_edge_l1"": 0.0, ""is_inter_community_edge_l1"": 0.0, ""is_low_common_neighbor_edge_l1"": 0.0, ""mean_l1"": 0.0}",1,32,32,0.0,0
realworld_completed,bio_celegans,SASB-candidate,sasb,SASB-structured,20260513,1003,middle,0.9094922737306843,0.9094922737306843,0.0,19,19,0,0.49530864197530866,0.49580246913580245,259,51,259--51,4,40,4,40,160,2,0.6666666666666666,0,9,9,32,"[""96"", ""53"", ""51"", ""343"", ""60"", ""363"", ""52"", ""373"", ""364"", ""62"", ""85"", ""369"", ""82"", ""144"", ""145"", ""83"", ""142"", ""143"", ""220"", ""118"", ""121"", ""440"", ""154"", ""398"", ""348"", ""21"", ""185"", ""1"", ""198"", ""279"", ""230"", ""64""]",fe9e28086e37c917dfd3b30a6746d3d2753704a68cc0b0ffeb81bd0fe8cca01d,"{""boundary"": 12, ""community_rep"": 3, ""degree_core"": 10, ""random_fill"": 7}","{""degree_0_1"": 2, ""degree_2"": 3, ""degree_3_4"": 1, ""degree_5_8"": 1, ""degree_9_plus"": 25}","{""0"": 1, ""1"": 2, ""10"": 2, ""11"": 1, ""12"": 1, ""2"": 3, ""3"": 4, ""4"": 5, ""5"": 4, ""6"": 2, ""7"": 2, ""8"": 2, ""9"": 3}",190,"{""backend"": ""evaluate_m19_theory_calibrated.candidate_features"", ""delta_mode"": ""none"", ""k_max"": 512, ""k_min"": 64, ""variant"": ""conservative""}",190,0.19153225806451613,0.6684210526315789,0.6684210526315789,0.03684210526315789,1.0,"{""dp_17_64"": 0.031578947368421054, ""dp_257_plus"": 0.39473684210526316, ""dp_5_16"": 0.015789473684210527, ""dp_65_256"": 0.5578947368421052}","{""cn_0"": 1.0}",0.0,265.59473684210525,sasb_candidate_builder,92714580dc0fa5b4835a8e3d053ee856ba8c6bc91c24b3a78d3e371e6142f69d,190,92714580dc0fa5b4835a8e3d053ee856ba8c6bc91c24b3a78d3e371e6142f69d,"{""sasb_builder"": 190}",0,0,0,0,{},0.0,"{""common_neighbor_bin_l1"": 0.0, ""degree_product_bin_l1"": 0.0, ""is_boundary_edge_l1"": 0.0, ""is_bridge_edge_l1"": 0.0, ""is_inter_community_edge_l1"": 0.0, ""is_low_common_neighbor_edge_l1"": 0.0, ""mean_l1"": 0.0}",1,32,32,0.0,0
realworld_completed,bio_celegans,SASB-candidate,sasb,SASB-structured,20260513,1004,middle,0.9094922737306843,0.9094922737306843,0.0,19,19,0,0.49580246913580245,0.4962962962962963,255,51,255--51,3,39,3,39,117,1,0.5,0,13,13,32,"[""96"", ""53"", ""51"", ""343"", ""60"", ""363"", ""52"", ""373"", ""364"", ""62"", ""85"", ""369"", ""82"", ""144"", ""145"", ""83"", ""142"", ""143"", ""220"", ""118"", ""121"", ""440"", ""154"", ""398"", ""348"", ""124"", ""437"", ""406"", ""254"", ""111"", ""344"", ""386""]",caa984886d07790b57d121b7cb571ecdfa2cbbcf8558c68494fc08674992831e,"{""boundary"": 12, ""community_rep"": 3, ""degree_core"": 10, ""random_fill"": 7}","{""degree_2"": 1, ""degree_3_4"": 4, ""degree_5_8"": 2, ""degree_9_plus"": 25}","{""0"": 2, ""1"": 2, ""10"": 1, ""11"": 2, ""12"": 1, ""2"": 2, ""3"": 5, ""4"": 5, ""5"": 5, ""6"": 1, ""7"": 1, ""8"": 2, ""9"": 3}",190,"{""backend"": ""evaluate_m19_theory_calibrated.candidate_features"", ""delta_mode"": ""none"", ""k_max"": 512, ""k_min"": 64, ""variant"": ""conservative""}",190,0.1917255297679112,0.6684210526315789,0.6684210526315789,0.03684210526315789,1.0,"{""dp_17_64"": 0.031578947368421054, ""dp_257_plus"": 0.39473684210526316, ""dp_5_16"": 0.015789473684210527, ""dp_65_256"": 0.5578947368421052}","{""cn_0"": 1.0}",0.0,264.2263157894737,sasb_candidate_builder,605176826867b36b228138f84c8e121646f0c90223ca299ff817641f2d555451,190,605176826867b36b228138f84c8e121646f0c90223ca299ff817641f2d555451,"{""sasb_builder"": 190}",0,0,0,0,{},0.0,"{""common_neighbor_bin_l1"": 0.0, ""degree_product_bin_l1"": 0.0, ""is_boundary_edge_l1"": 0.0, ""is_bridge_edge_l1"": 0.0, ""is_inter_community_edge_l1"": 0.0, ""is_low_common_neighbor_edge_l1"": 0.0, ""mean_l1"": 0.0}",1,32,32,0.0,0
realworld_completed,bio_celegans,SASB-candidate,sasb,SASB-structured,20260513,1005,middle,0.9094922737306843,0.9094922737306843,0.0,19,19,0,0.4962962962962963,0.49679012345679013,260,51,260--51,2,38,2,38,76,0,0.0,0,8,8,32,"[""96"", ""53"", ""51"", ""343"", ""60"", ""363"", ""52"", ""373"", ""364"", ""62"", ""85"", ""369"", ""82"", ""144"", ""145"", ""83"", ""142"", ""143"", ""220"", ""118"", ""121"", ""440"", ""154"", ""398"", ""348"", ""156"", ""128"", ""408"", ""113"", ""393"", ""114"", ""192""]",07de390436869d742a5534950846873a762cd6fb71db7f490295d0d6a4e79f15,"{""boundary"": 12, ""community_rep"": 3, ""degree_core"": 10, ""random_fill"": 7}","{""degree_0_1"": 1, ""degree_2"": 1, ""degree_3_4"": 3, ""degree_5_8"": 2, ""degree_9_plus"": 25}","{""0"": 2, ""1"": 2, ""10"": 2, ""11"": 1, ""12"": 1, ""2"": 3, ""3"": 5, ""4"": 4, ""5"": 5, ""6"": 2, ""7"": 1, ""8"": 2, ""9"": 2}",190,"{""backend"": ""evaluate_m19_theory_calibrated.candidate_features"", ""delta_mode"": ""none"", ""k_max"": 512, ""k_min"": 64, ""variant"": ""conservative""}",190,0.1919191919191919,0.6684210526315789,0.6684210526315789,0.03684210526315789,1.0,"{""dp_17_64"": 0.031578947368421054, ""dp_257_plus"": 0.39473684210526316, ""dp_5_16"": 0.015789473684210527, ""dp_65_256"": 0.5578947368421052}","{""cn_0"": 1.0}",0.0,263.1684210526316,sasb_candidate_builder,a182bf6a4f3ab8484f341988e2181e5d7893ea0c10ea7987016f54767a2a8e0a,190,a182bf6a4f3ab8484f341988e2181e5d7893ea0c10ea7987016f54767a2a8e0a,"{""sasb_builder"": 190}",0,0,0,0,{},0.0,"{""common_neighbor_bin_l1"": 0.0, ""degree_product_bin_l1"": 0.0, ""is_boundary_edge_l1"": 0.0, ""is_bridge_edge_l1"": 0.0, ""is_inter_community_edge_l1"": 0.0, ""is_low_common_neighbor_edge_l1"": 0.0, ""mean_l1"": 0.0}",1,32,32,0.0,0
realworld_completed,bio_celegans,SASB-candidate,sasb,SASB-structured,20260513,1006,middle,0.9094922737306843,0.9094922737306843,0.0,19,19,0,0.49679012345679013,0.497283950617284,343,35,343--35,30,3,3,30,90,0,0.0,0,9,9,32,"[""96"", ""53"", ""51"", ""343"", ""60"", ""363"", ""52"", ""373"", ""364"", ""62"", ""85"", ""369"", ""82"", ""144"", ""145"", ""83"", ""142"", ""143"", ""220"", ""118"", ""121"", ""440"", ""154"", ""398"", ""348"", ""0"", ""8"", ""259"", ""314"", ""436"", ""345"", ""211""]",d3fc7c80e445198bd420b6b9476f47f2c4b1e27e33a070f84fd02400340ebd63,"{""boundary"": 12, ""community_rep"": 3, ""degree_core"": 10, ""random_fill"": 7}","{""degree_3_4"": 6, ""degree_5_8"": 1, ""degree_9_plus"": 25}","{""0"": 1, ""1"": 3, ""10"": 2, ""11"": 1, ""12"": 1, ""2"": 2, ""3"": 4, ""4"": 6, ""5"": 5, ""6"": 1, ""7"": 1, ""8"": 2, ""9"": 3}",190,"{""backend"": ""evaluate_m19_theory_calibrated.candidate_features"", ""delta_mode"": ""none"", ""k_max"": 512, ""k_min"": 64, ""variant"": ""conservative""}",190,0.19211324570273003,0.6684210526315789,0.6684210526315789,0.03684210526315789,1.0,"{""dp_17_64"": 0.031578947368421054, ""dp_257_plus"": 0.39473684210526316, ""dp_5_16"": 0.015789473684210527, ""dp_65_256"": 0.5578947368421052}","{""cn_0"": 1.0}",0.0,263.0684210526316,sasb_candidate_builder,547e9f65d9fa54374f8c1856d21bfbb6a3139e0aad77863c007df2a01c2eaef2,190,547e9f65d9fa54374f8c1856d21bfbb6a3139e0aad77863c007df2a01c2eaef2,"{""sasb_builder"": 190}",0,0,0,0,{},0.0,"{""common_neighbor_bin_l1"": 0.0, ""degree_product_bin_l1"": 0.0, ""is_boundary_edge_l1"": 0.0, ""is_bridge_edge_l1"": 0.0, ""is_inter_community_edge_l1"": 0.0, ""is_low_common_neighbor_edge_l1"": 0.0, ""mean_l1"": 0.0}",1,32,32,0.0,0
realworld_completed,bio_celegans,SASB-candidate,sasb,SASB-structured,20260513,1007,middle,0.9094922737306843,0.9094922737306843,0.0,19,19,0,0.497283950617284,0.49777777777777776,142,373,142--373,24,11,11,24,264,4,0.4,0,5,5,32,"[""96"", ""53"", ""51"", ""343"", ""60"", ""363"", ""52"", ""373"", ""364"", ""62"", ""85"", ""369"", ""82"", ""144"", ""145"", ""83"", ""142"", ""143"", ""220"", ""118"", ""121"", ""440"", ""154"", ""398"", ""348"", ""198"", ""230"", ""209"", ""410"", ""245"", ""253"", ""318""]",f4c19cb7a6843ed180413068173646b413b809422adeef0b762f24f088e46618,"{""boundary"": 12, ""community_rep"": 3, ""degree_core"": 10, ""random_fill"": 7}","{""degree_0_1"": 1, ""degree_2"": 2, ""degree_3_4"": 3, ""degree_5_8"": 1, ""degree_9_plus"": 25}","{""0"": 1, ""1"": 2, ""10"": 1, ""11"": 1, ""12"": 1, ""2"": 4, ""3"": 4, ""4"": 5, ""5"": 4, ""6"": 3, ""7"": 1, ""8"": 1, ""9"": 4}",190,"{""backend"": ""evaluate_m19_theory_calibrated.candidate_features"", ""delta_mode"": ""none"", ""k_max"": 512, ""k_min"": 64, ""variant"": ""conservative""}",190,0.19230769230769232,0.6684210526315789,0.6684210526315789,0.03684210526315789,0.9947368421052631,"{""dp_17_64"": 0.031578947368421054, ""dp_257_plus"": 0.4, ""dp_5_16"": 0.015789473684210527, ""dp_65_256"": 0.5526315789473685}","{""cn_0"": 0.9947368421052631, ""cn_4_8"": 0.005263157894736842}",0.021052631578947368,262.5421052631579,sasb_candidate_builder,2e7d1c19be7f49efa678d91b37c3ee5d097f761983c54b5a6963c931cb0bf995,190,2e7d1c19be7f49efa678d91b37c3ee5d097f761983c54b5a6963c931cb0bf995,"{""sasb_builder"": 190}",0,0,0,0,{},0.0,"{""common_neighbor_bin_l1"": 0.0, ""degree_product_bin_l1"": 0.0, ""is_boundary_edge_l1"": 0.0, ""is_bridge_edge_l1"": 0.0, ""is_inter_community_edge_l1"": 0.0, ""is_low_common_neighbor_edge_l1"": 0.0, ""mean_l1"": 0.0}",1,32,32,3375.2684646358916,0
realworld_completed,bio_celegans,SASB-candidate,sasb,SASB-structured,20260513,1008,middle,0.9094922737306843,0.9094922737306843,0.0,19,19,0,0.49777777777777776,0.4982716049382716,143,373,143--373,24,10,10,24,240,3,0.3333333333333333,0,5,5,32,"[""96"", ""53"", ""51"", ""343"", ""60"", ""363"", ""52"", ""373"", ""364"", ""62"", ""85"", ""369"", ""82"", ""144"", ""145"", ""83"", ""143"", ""142"", ""220"", ""118"", ""121"", ""440"", ""154"", ""398"", ""348"", ""108"", ""372"", ""328"", ""2"", ""128"", ""56"", ""147""]",2b29c0676b725f5f414db5b1e287b194e33edea9cf0d4a38b017528e3ce11f94,"{""boundary"": 12, ""community_rep"": 3, ""degree_core"": 10, ""random_fill"": 7}","{""degree_2"": 1, ""degree_3_4"": 1, ""degree_5_8"": 4, ""degree_9_plus"": 26}","{""0"": 1, ""1"": 2, ""10"": 2, ""11"": 2, ""12"": 1, ""2"": 3, ""3"": 6, ""4"": 5, ""5"": 5, ""6"": 1, ""7"": 1, ""8"": 1, ""9"": 2}",190,"{""backend"": ""evaluate_m19_theory_calibrated.candidate_features"", ""delta_mode"": ""none"", ""k_max"": 512, ""k_min"": 64, ""variant"": ""conservative""}",190,0.19250253292806485,0.6684210526315789,0.6684210526315789,0.03684210526315789,0.9947368421052631,"{""dp_17_64"": 0.031578947368421054, ""dp_257_plus"": 0.39473684210526316, ""dp_5_16"": 0.015789473684210527, ""dp_65_256"": 0.5578947368421052}","{""cn_0"": 0.9894736842105263, ""cn_1"": 0.005263157894736842, ""cn_2_3"": 0.005263157894736842}",0.021052631578947368,261.11052631578946,sasb_candidate_builder,85e051d059820c7645657b21469356344117842fb3373f6f9f66c4d20d19c286,190,85e051d059820c7645657b21469356344117842fb3373f6f9f66c4d20d19c286,"{""sasb_builder"": 190}",0,0,0,0,{},0.0,"{""common_neighbor_bin_l1"": 0.0, ""degree_product_bin_l1"": 0.0, ""is_boundary_edge_l1"": 0.0, ""is_bridge_edge_l1"": 0.0, ""is_inter_community_edge_l1"": 0.0, ""is_low_common_neighbor_edge_l1"": 0.0, ""mean_l1"": 0.0}",1,32,32,4563.573248876495,0
realworld_completed,bio_celegans,SASB-candidate,sasb,SASB-structured,20260513,1009,middle,0.9094922737306843,0.9094922737306843,0.0,19,19,0,0.4982716049382716,0.49876543209876545,142,374,142--374,23,6,6,23,138,1,0.2,0,5,5,32,"[""96"", ""53"", ""51"", ""343"", ""60"", ""363"", ""52"", ""373"", ""364"", ""62"", ""85"", ""369"", ""82"", ""144"", ""145"", ""83"", ""142"", ""143"", ""220"", ""118"", ""121"", ""440"", ""154"", ""398"", ""348"", ""283"", ""156"", ""368"", ""177"", ""442"", ""20"", ""420""]",19de29d4884ffe841f98ab360bf19aa26fdc848df94844ee6fbf91aad87eacf1,"{""boundary"": 12, ""community_rep"": 3, ""degree_core"": 10, ""random_fill"": 7}","{""degree_2"": 1, ""degree_3_4"": 4, ""degree_5_8"": 2, ""degree_9_plus"": 25}","{""0"": 3, ""1"": 2, ""10"": 2, ""11"": 1, ""12"": 1, ""2"": 3, ""3"": 4, ""4"": 4, ""5"": 6, ""6"": 2, ""7"": 1, ""8"": 1, ""9"": 2}",190,"{""backend"": ""evaluate_m19_theory_calibrated.candidate_features"", ""delta_mode"": ""none"", ""k_max"": 512, ""k_min"": 64, ""variant"": ""conservative""}",190,0.1926977687626775,0.6684210526315789,0.6684210526315789,0.03684210526315789,1.0,"{""dp_17_64"": 0.031578947368421054, ""dp_257_plus"": 0.38421052631578945, ""dp_5_16"": 0.015789473684210527, ""dp_65_256"": 0.5684210526315789}","{""cn_0"": 0.9894736842105263, ""cn_1"": 0.010526315789473684}",0.010526315789473684,259.6842105263158,sasb_candidate_builder,ed583401d43c2a630426346a341628fedcd1944a9fa701bded70e5a1b6c08293,190,ed583401d43c2a630426346a341628fedcd1944a9fa701bded70e5a1b6c08293,"{""sasb_builder"": 190}",0,0,0,0,{},0.0,"{""common_neighbor_bin_l1"": 0.0, ""degree_product_bin_l1"": 0.0, ""is_boundary_edge_l1"": 0.0, ""is_bridge_edge_l1"": 0.0, ""is_inter_community_edge_l1"": 0.0, ""is_low_common_neighbor_edge_l1"": 0.0, ""mean_l1"": 0.0}",1,32,32,2734.803356321261,0
realworld_completed,bio_celegans,SASB-candidate,sasb,SASB-structured,20260513,1010,middle,0.9094922737306843,0.9094922737306843,0.0,19,19,0,0.49876543209876545,0.49925925925925924,143,374,143--374,23,5,5,23,115,0,0.0,0,5,5,32,"[""96"", ""53"", ""51"", ""343"", ""60"", ""363"", ""52"", ""373"", ""364"", ""62"", ""85"", ""369"", ""82"", ""144"", ""145"", ""83"", ""143"", ""142"", ""220"", ""118"", ""121"", ""440"", ""154"", ""398"", ""97"", ""348"", ""376"", ""80"", ""152"", ""74"", ""88"", ""21""]",a154d033a784fbf89ed8cd2f32fdc2fb9d2d87d63883d0597056b8e3af44e2a0,"{""boundary"": 12, ""community_rep"": 5, ""degree_core"": 10, ""random_fill"": 5}","{""degree_0_1"": 1, ""degree_3_4"": 5, ""degree_9_plus"": 26}","{""0"": 1, ""1"": 2, ""10"": 1, ""11"": 1, ""12"": 1, ""13"": 2, ""14"": 1, ""2"": 1, ""3"": 4, ""4"": 5, ""5"": 5, ""6"": 2, ""7"": 2, ""8"": 1, ""9"": 3}",189,"{""backend"": ""evaluate_m19_theory_calibrated.candidate_features"", ""delta_mode"": ""none"", ""k_max"": 512, ""k_min"": 64, ""variant"": ""conservative""}",189,0.1918781725888325,0.6825396825396826,0.6825396825396826,0.037037037037037035,1.0,"{""dp_17_64"": 0.031746031746031744, ""dp_257_plus"": 0.3862433862433862, ""dp_5_16"": 0.015873015873015872, ""dp_65_256"": 0.5661375661375662}","{""cn_0"": 1.0}",0.0,259.8624338624339,sasb_candidate_builder,2979fbb2355999d45edcd23a66a09cb0d132da016345c5a2969d9416d1a87e5a,189,2979fbb2355999d45edcd23a66a09cb0d132da016345c5a2969d9416d1a87e5a,"{""sasb_builder"": 189}",0,0,0,0,{},0.0,"{""common_neighbor_bin_l1"": 0.0, ""degree_product_bin_l1"": 0.0, ""is_boundary_edge_l1"": 0.0, ""is_bridge_edge_l1"": 0.0, ""is_inter_community_edge_l1"": 0.0, ""is_low_common_neighbor_edge_l1"": 0.0, ""mean_l1"": 0.0}",1,32,32,1812.4848838447858,0
realworld_completed,bio_celegans,SASB-candidate,sasb,SASB-structured,20260513,1011,middle,0.9094922737306843,0.9094922737306843,0.0,19,19,0,0.49925925925925924,0.4997530864197531,343,41,343--41,29,6,6,29,174,0,0.0,1,13,3,32,"[""96"", ""53"", ""51"", ""343"", ""60"", ""363"", ""52"", ""373"", ""364"", ""62"", ""85"", ""369"", ""82"", ""144"", ""145"", ""83"", ""142"", ""143"", ""220"", ""118"", ""121"", ""440"", ""154"", ""398"", ""97"", ""348"", ""376"", ""349"", ""39"", ""408"", ""3"", ""175""]",2c87393baa57f7f335cd8299da006f54f2697fc0df00a687b8076bd3ebce897f,"{""boundary"": 12, ""community_rep"": 5, ""degree_core"": 10, ""random_fill"": 5}","{""degree_2"": 2, ""degree_3_4"": 3, ""degree_5_8"": 1, ""degree_9_plus"": 26}","{""0"": 1, ""1"": 2, ""10"": 2, ""11"": 1, ""12"": 1, ""13"": 2, ""14"": 1, ""2"": 1, ""3"": 5, ""4"": 4, ""5"": 4, ""6"": 3, ""7"": 1, ""8"": 1, ""9"": 3}",189,"{""backend"": ""evaluate_m19_theory_calibrated.candidate_features"", ""delta_mode"": ""none"", ""k_max"": 512, ""k_min"": 64, ""variant"": ""conservative""}",189,0.19207317073170732,0.6825396825396826,0.6825396825396826,0.037037037037037035,1.0,"{""dp_17_64"": 0.031746031746031744, ""dp_257_plus"": 0.3862433862433862, ""dp_5_16"": 0.015873015873015872, ""dp_65_256"": 0.5661375661375662}","{""cn_0"": 1.0}",0.0,260.05820105820106,sasb_candidate_builder,22f927bc2fb26a6ea7ffc2b0b8f5f4a62a65041c6ff8087a419cd89ab16bc1e2,189,22f927bc2fb26a6ea7ffc2b0b8f5f4a62a65041c6ff8087a419cd89ab16bc1e2,"{""sasb_builder"": 189}",0,0,0,0,{},0.0,"{""common_neighbor_bin_l1"": 0.0, ""degree_product_bin_l1"": 0.0, ""is_boundary_edge_l1"": 0.0, ""is_bridge_edge_l1"": 0.0, ""is_inter_community_edge_l1"": 0.0, ""is_low_common_neighbor_edge_l1"": 0.0, ""mean_l1"": 0.0}",1,32,32,0.0,0
realworld_completed,bio_celegans,SASB-candidate,sasb,SASB-structured,20260513,1012,middle,0.9094922737306843,0.9028697571743929,0.0066225165562914245,19,20,1,0.4997530864197531,0.5002469135802469,22,364,22--364,3,17,3,17,51,0,0.0,0,7,7,32,"[""96"", ""53"", ""51"", ""343"", ""60"", ""363"", ""52"", ""373"", ""364"", ""62"", ""85"", ""369"", ""82"", ""144"", ""145"", ""83"", ""142"", ""143"", ""220"", ""118"", ""121"", ""440"", ""154"", ""398"", ""97"", ""348"", ""376"", ""4"", ""405"", ""417"", ""196"", ""250""]",d1ff0d41d2709b1af6da6e6db2899f541507846b4a4e5253d0311e05434f2039,"{""boundary"": 12, ""community_rep"": 5, ""degree_core"": 10, ""random_fill"": 5}","{""degree_0_1"": 1, ""degree_3_4"": 4, ""degree_5_8"": 1, ""degree_9_plus"": 26}","{""0"": 1, ""1"": 3, ""10"": 1, ""11"": 1, ""12"": 1, ""13"": 2, ""14"": 1, ""2"": 1, ""3"": 4, ""4"": 6, ""5"": 4, ""6"": 2, ""7"": 1, ""8"": 1, ""9"": 3}",189,"{""backend"": ""evaluate_m19_theory_calibrated.candidate_features"", ""delta_mode"": ""none"", ""k_max"": 512, ""k_min"": 64, ""variant"": ""conservative""}",189,0.19226856561546288,0.6772486772486772,0.6772486772486772,0.042328042328042326,1.0,"{""dp_17_64"": 0.037037037037037035, ""dp_257_plus"": 0.38095238095238093, ""dp_5_16"": 0.015873015873015872, ""dp_65_256"": 0.5661375661375662}","{""cn_0"": 1.0}",0.0,257.989417989418,sasb_candidate_builder,887811082f5c1bb11ae3ccd2183a3ccf005a6d253ec80a45a04ae3e5f47ed50c,189,887811082f5c1bb11ae3ccd2183a3ccf005a6d253ec80a45a04ae3e5f47ed50c,"{""sasb_builder"": 189}",0,0,0,0,{},0.0,"{""common_neighbor_bin_l1"": 0.0, ""degree_product_bin_l1"": 0.0, ""is_boundary_edge_l1"": 0.0, ""is_bridge_edge_l1"": 0.0, ""is_inter_community_edge_l1"": 0.0, ""is_low_common_neighbor_edge_l1"": 0.0, ""mean_l1"": 0.0}",1,32,32,1236.0,0
realworld_completed,bio_celegans,SASB-candidate,sasb,SASB-structured,20260513,1013,middle,0.9028697571743929,0.9028697571743929,0.0,20,20,0,0.5002469135802469,0.5007407407407407,220,327,220--327,20,5,5,20,100,1,0.25,0,4,4,32,"[""96"", ""53"", ""51"", ""343"", ""60"", ""363"", ""52"", ""373"", ""364"", ""62"", ""85"", ""369"", ""82"", ""144"", ""145"", ""83"", ""142"", ""143"", ""220"", ""118"", ""121"", ""440"", ""154"", ""398"", ""97"", ""348"", ""376"", ""73"", ""433"", ""397"", ""267"", ""389""]",ea3e2980dd5d0ab74f671f695418f65d2641eb2af3964bfce2569de26b763090,"{""boundary"": 12, ""community_rep"": 5, ""degree_core"": 10, ""random_fill"": 5}","{""degree_3_4"": 5, ""degree_5_8"": 1, ""degree_9_plus"": 26}","{""0"": 3, ""1"": 2, ""10"": 1, ""11"": 1, ""12"": 1, ""13"": 3, ""14"": 1, ""2"": 1, ""3"": 4, ""4"": 4, ""5"": 6, ""6"": 1, ""7"": 1, ""8"": 1, ""9"": 2}",189,"{""backend"": ""evaluate_m19_theory_calibrated.candidate_features"", ""delta_mode"": ""none"", ""k_max"": 512, ""k_min"": 64, ""variant"": ""conservative""}",189,0.1930541368743616,0.6772486772486772,0.6772486772486772,0.037037037037037035,1.0,"{""dp_17_64"": 0.037037037037037035, ""dp_257_plus"": 0.38095238095238093, ""dp_5_16"": 0.015873015873015872, ""dp_65_256"": 0.5661375661375662}","{""cn_0"": 0.9947089947089947, ""cn_1"": 0.005291005291005291}",0.005291005291005291,257.35978835978835,sasb_candidate_builder,36346d5417333cc3b3ad89ad7e15d63fae5135864cd9a3c1db64663b7a73d759,189,36346d5417333cc3b3ad89ad7e15d63fae5135864cd9a3c1db64663b7a73d759,"{""sasb_builder"": 189}",0,0,0,0,{},0.0,"{""common_neighbor_bin_l1"": 0.0, ""degree_product_bin_l1"": 0.0, ""is_boundary_edge_l1"": 0.0, ""is_bridge_edge_l1"": 0.0, ""is_inter_community_edge_l1"": 0.0, ""is_low_common_neighbor_edge_l1"": 0.0, ""mean_l1"": 0.0}",1,32,32,261.7637217533852,0
realworld_completed,bio_celegans,SASB-candidate,sasb,SASB-structured,20260513,1014,middle,0.9028697571743929,0.9028697571743929,0.0,20,20,0,0.5007407407407407,0.5012345679012346,220,336,220--336,19,5,5,19,95,1,0.25,0,4,4,32,"[""96"", ""53"", ""51"", ""343"", ""60"", ""363"", ""52"", ""373"", ""364"", ""62"", ""85"", ""369"", ""82"", ""144"", ""145"", ""83"", ""142"", ""143"", ""220"", ""118"", ""121"", ""440"", ""154"", ""398"", ""97"", ""348"", ""376"", ""262"", ""213"", ""207"", ""267"", ""135""]",fb16e0e4e25ff63e4330dc7fa1d9c2f426d25f0858f2cea1d0189ececa226493,"{""boundary"": 12, ""community_rep"": 5, ""degree_core"": 10, ""random_fill"": 5}","{""degree_3_4"": 4, ""degree_5_8"": 2, ""degree_9_plus"": 26}","{""0"": 1, ""1"": 2, ""10"": 1, ""11"": 1, ""12"": 1, ""13"": 3, ""14"": 1, ""2"": 1, ""3"": 4, ""4"": 6, ""5"": 4, ""6"": 1, ""7"": 2, ""8"": 1, ""9"": 3}",189,"{""backend"": ""evaluate_m19_theory_calibrated.candidate_features"", ""delta_mode"": ""none"", ""k_max"": 512, ""k_min"": 64, ""variant"": ""conservative""}",189,0.19325153374233128,0.6772486772486772,0.6772486772486772,0.037037037037037035,1.0,"{""dp_17_64"": 0.037037037037037035, ""dp_257_plus"": 0.38095238095238093, ""dp_5_16"": 0.015873015873015872, ""dp_65_256"": 0.5661375661375662}","{""cn_0"": 0.9947089947089947, ""cn_1"": 0.005291005291005291}",0.005291005291005291,257.3333333333333,sasb_candidate_builder,209d8c3b1b7d27b3a37d1c9cbeb516e77b9457c3dc2c6967418bc60a9faa2420,189,209d8c3b1b7d27b3a37d1c9cbeb516e77b9457c3dc2c6967418bc60a9faa2420,"{""sasb_builder"": 189}",0,0,0,0,{},0.0,"{""common_neighbor_bin_l1"": 0.0, ""degree_product_bin_l1"": 0.0, ""is_boundary_edge_l1"": 0.0, ""is_bridge_edge_l1"": 0.0, ""is_inter_community_edge_l1"": 0.0, ""is_low_common_neighbor_edge_l1"": 0.0, ""mean_l1"": 0.0}",1,32,32,660.1543646933105,0
realworld_completed,bio_celegans,SASB-candidate,sasb,SASB-structured,20260513,1015,middle,0.9028697571743929,0.9028697571743929,0.0,20,20,0,0.5012345679012346,0.5017283950617284,343,49,343--49,28,4,4,28,112,0,0.0,1,10,3,32,"[""96"", ""53"", ""51"", ""343"", ""60"", ""363"", ""52"", ""373"", ""364"", ""62"", ""85"", ""369"", ""82"", ""144"", ""145"", ""83"", ""142"", ""143"", ""220"", ""118"", ""121"", ""440"", ""154"", ""398"", ""97"", ""348"", ""376"", ""314"", ""319"", ""26"", ""321"", ""290""]",1dec4907b642fffbc1a13bdda805d28dcc04bade4e09f2854c0f5690b9ae4847,"{""boundary"": 12, ""community_rep"": 5, ""degree_core"": 10, ""random_fill"": 5}","{""degree_3_4"": 4, ""degree_5_8"": 2, ""degree_9_plus"": 26}","{""0"": 1, ""1"": 3, ""10"": 1, ""11"": 1, ""12"": 1, ""13"": 3, ""14"": 1, ""2"": 1, ""3"": 4, ""4"": 4, ""5"": 6, ""6"": 1, ""7"": 1, ""8"": 1, ""9"": 3}",188,"{""backend"": ""evaluate_m19_theory_calibrated.candidate_features"", ""delta_mode"": ""none"", ""k_max"": 512, ""k_min"": 64, ""variant"": ""conservative""}",188,0.19242579324462641,0.6808510638297872,0.6808510638297872,0.03723404255319149,1.0,"{""dp_17_64"": 0.03723404255319149, ""dp_257_plus"": 0.3829787234042553, ""dp_5_16"": 0.015957446808510637, ""dp_65_256"": 0.5638297872340425}","{""cn_0"": 1.0}",0.0,258.1968085106383,sasb_candidate_builder,a1155c8d134f620297e7383692d22f7c1a96300e16ec01be78e90c3b41e1db18,188,a1155c8d134f620297e7383692d22f7c1a96300e16ec01be78e90c3b41e1db18,"{""sasb_builder"": 188}",0,0,0,0,{},0.0,"{""common_neighbor_bin_l1"": 0.0, ""degree_product_bin_l1"": 0.0, ""is_boundary_edge_l1"": 0.0, ""is_bridge_edge_l1"": 0.0, ""is_inter_community_edge_l1"": 0.0, ""is_low_common_neighbor_edge_l1"": 0.0, ""mean_l1"": 0.0}",1,32,32,0.0,0
realworld_completed,bio_celegans,SASB-candidate,sasb,SASB-structured,20260513,1016,middle,0.9028697571743929,0.9028697571743929,0.0,20,20,0,0.5017283950617284,0.5022222222222222,5,62,5--62,3,31,3,31,93,1,0.5,0,4,4,32,"[""96"", ""53"", ""51"", ""60"", ""343"", ""363"", ""52"", ""373"", ""364"", ""62"", ""85"", ""369"", ""82"", ""144"", ""145"", ""83"", ""142"", ""143"", ""220"", ""118"", ""121"", ""440"", ""154"", ""398"", ""97"", ""348"", ""376"", ""291"", ""295"", ""90"", ""200"", ""378""]",9ec91cfa4ce243ab1f79cf6b318628088a010a1b0fca2a054c2f8e43b3c2bb0a,"{""boundary"": 12, ""community_rep"": 5, ""degree_core"": 10, ""random_fill"": 5}","{""degree_3_4"": 4, ""degree_5_8"": 2, ""degree_9_plus"": 26}","{""0"": 1, ""1"": 2, ""10"": 1, ""11"": 1, ""12"": 1, ""13"": 2, ""14"": 2, ""2"": 1, ""3"": 5, ""4"": 5, ""5"": 4, ""6"": 2, ""7"": 2, ""8"": 1, ""9"": 2}",188,"{""backend"": ""evaluate_m19_theory_calibrated.candidate_features"", ""delta_mode"": ""none"", ""k_max"": 512, ""k_min"": 64, ""variant"": ""conservative""}",188,0.19262295081967212,0.675531914893617,0.675531914893617,0.03723404255319149,1.0,"{""dp_17_64"": 0.03723404255319149, ""dp_257_plus"": 0.3829787234042553, ""dp_5_16"": 0.015957446808510637, ""dp_65_256"": 0.5638297872340425}","{""cn_0"": 0.9946808510638298, ""cn_1"": 0.005319148936170213}",0.005319148936170213,256.6914893617021,sasb_candidate_builder,fa233b97aca1a0ff8a5481ccdd048cece71e4deead1c55a8a25418f46102ce30,188,fa233b97aca1a0ff8a5481ccdd048cece71e4deead1c55a8a25418f46102ce30,"{""sasb_builder"": 188}",0,0,0,0,{},0.0,"{""common_neighbor_bin_l1"": 0.0, ""degree_product_bin_l1"": 0.0, ""is_boundary_edge_l1"": 0.0, ""is_bridge_edge_l1"": 0.0, ""is_inter_community_edge_l1"": 0.0, ""is_low_common_neighbor_edge_l1"": 0.0, ""mean_l1"": 0.0}",1,32,32,367.79039476558677,0
realworld_completed,bio_celegans,SASB-candidate,sasb,SASB-structured,20260513,1017,middle,0.9028697571743929,0.8984547461368654,0.004415011037527505,20,21,1,0.5022222222222222,0.5027160493827161,100,60,100--60,2,23,2,23,46,0,0.0,0,7,7,32,"[""96"", ""53"", ""51"", ""60"", ""343"", ""363"", ""52"", ""373"", ""364"", ""62"", ""85"", ""369"", ""82"", ""144"", ""145"", ""83"", ""142"", ""143"", ""220"", ""118"", ""121"", ""440"", ""154"", ""398"", ""97"", ""348"", ""376"", ""30"", ""100"", ""63"", ""129"", ""260""]",e8333a890484bdc42df441c6e738e4ee85edc9496d4d6629762f069b5960ac0e,"{""boundary"": 12, ""community_rep"": 5, ""degree_core"": 10, ""random_fill"": 5}","{""degree_0_1"": 1, ""degree_2"": 2, ""degree_3_4"": 3, ""degree_9_plus"": 26}","{""0"": 2, ""1"": 2, ""10"": 1, ""11"": 2, ""12"": 1, ""13"": 3, ""14"": 1, ""2"": 1, ""3"": 4, ""4"": 5, ""5"": 4, ""6"": 1, ""7"": 1, ""8"": 1, ""9"": 3}",188,"{""backend"": ""evaluate_m19_theory_calibrated.candidate_features"", ""delta_mode"": ""none"", ""k_max"": 512, ""k_min"": 64, ""variant"": ""conservative""}",188,0.19282051282051282,0.675531914893617,0.675531914893617,0.0425531914893617,1.0,"{""dp_17_64"": 0.0425531914893617, ""dp_257_plus"": 0.3829787234042553, ""dp_5_16"": 0.015957446808510637, ""dp_65_256"": 0.5585106382978723}","{""cn_0"": 1.0}",0.0,255.8031914893617,sasb_candidate_builder,1e07a0cdb7f83e68f97ae8f3ee9c91743f3f722cd8f8265b5a956fc8d9ca3e75,188,1e07a0cdb7f83e68f97ae8f3ee9c91743f3f722cd8f8265b5a956fc8d9ca3e75,"{""sasb_builder"": 188}",0,0,0,0,{},0.0,"{""common_neighbor_bin_l1"": 0.0, ""degree_product_bin_l1"": 0.0, ""is_boundary_edge_l1"": 0.0, ""is_bridge_edge_l1"": 0.0, ""is_inter_community_edge_l1"": 0.0, ""is_low_common_neighbor_edge_l1"": 0.0, ""mean_l1"": 0.0}",1,32,32,0.0,0
realworld_completed,bio_celegans,SASB-candidate,sasb,SASB-structured,20260513,1018,middle,0.8984547461368654,0.8984547461368654,0.0,21,21,0,0.5027160493827161,0.5032098765432099,108,363,108--363,6,23,6,23,138,2,0.4,0,3,3,32,"[""96"", ""53"", ""51"", ""60"", ""343"", ""363"", ""52"", ""373"", ""364"", ""62"", ""85"", ""369"", ""82"", ""144"", ""145"", ""83"", ""142"", ""143"", ""220"", ""118"", ""121"", ""440"", ""154"", ""398"", ""97"", ""348"", ""376"", ""347"", ""95"", ""179"", ""350"", ""413""]",e81b038d4b61f4585e3244e5d288c522e2dbb8d3935868b1362827472136edc0,"{""boundary"": 12, ""community_rep"": 5, ""degree_core"": 10, ""random_fill"": 5}","{""degree_2"": 1, ""degree_3_4"": 3, ""degree_5_8"": 1, ""degree_9_plus"": 27}","{""0"": 1, ""1"": 3, ""10"": 1, ""11"": 1, ""12"": 1, ""13"": 2, ""14"": 1, ""2"": 1, ""3"": 4, ""4"": 5, ""5"": 5, ""6"": 1, ""7"": 1, ""8"": 3, ""9"": 2}",188,"{""backend"": ""evaluate_m19_theory_calibrated.candidate_features"", ""delta_mode"": ""none"", ""k_max"": 512, ""k_min"": 64, ""variant"": ""conservative""}",188,0.1932168550873587,0.675531914893617,0.675531914893617,0.03723404255319149,0.9946808510638298,"{""dp_17_64"": 0.03723404255319149, ""dp_257_plus"": 0.3829787234042553, ""dp_5_16"": 0.015957446808510637, ""dp_65_256"": 0.5638297872340425}","{""cn_0"": 0.9946808510638298, ""cn_2_3"": 0.005319148936170213}",0.010638297872340425,255.65425531914894,sasb_candidate_builder,eb0a0f7e9b8965f338f033041a1a6774bf3744e8efac53866ffb613dc60fe5b1,188,eb0a0f7e9b8965f338f033041a1a6774bf3744e8efac53866ffb613dc60fe5b1,"{""sasb_builder"": 188}",0,0,0,0,{},0.0,"{""common_neighbor_bin_l1"": 0.0, ""degree_product_bin_l1"": 0.0, ""is_boundary_edge_l1"": 0.0, ""is_bridge_edge_l1"": 0.0, ""is_inter_community_edge_l1"": 0.0, ""is_low_common_neighbor_edge_l1"": 0.0, ""mean_l1"": 0.0}",1,32,32,831.4330921757951,0
realworld_completed,bio_celegans,SASB-candidate,sasb,SASB-structured,20260513,1019,middle,0.8984547461368654,0.8984547461368654,0.0,21,21,0,0.5032098765432099,0.5037037037037037,121,363,121--363,15,22,15,22,330,6,0.42857142857142855,0,3,3,32,"[""96"", ""53"", ""51"", ""60"", ""343"", ""363"", ""52"", ""373"", ""364"", ""62"", ""85"", ""369"", ""82"", ""144"", ""145"", ""83"", ""142"", ""143"", ""220"", ""118"", ""121"", ""440"", ""154"", ""398"", ""97"", ""348"", ""376"", ""192"", ""312"", ""400"", ""253"", ""287""]",e34ae70ba6faa963bcaf195b653d85080bac377f90e4bc41033afeed6034d2e5,"{""boundary"": 12, ""community_rep"": 5, ""degree_core"": 10, ""random_fill"": 5}","{""degree_0_1"": 1, ""degree_2"": 1, ""degree_3_4"": 2, ""degree_5_8"": 2, ""degree_9_plus"": 26}","{""0"": 3, ""1"": 3, ""10"": 1, ""11"": 1, ""12"": 1, ""13"": 2, ""14"": 1, ""2"": 1, ""3"": 5, ""4"": 4, ""5"": 4, ""6"": 1, ""7"": 1, ""8"": 1, ""9"": 3}",188,"{""backend"": ""evaluate_m19_theory_calibrated.candidate_features"", ""delta_mode"": ""none"", ""k_max"": 512, ""k_min"": 64, ""variant"": ""conservative""}",188,0.1934156378600823,0.675531914893617,0.675531914893617,0.03723404255319149,0.9946808510638298,"{""dp_17_64"": 0.03723404255319149, ""dp_257_plus"": 0.3882978723404255, ""dp_5_16"": 0.015957446808510637, ""dp_65_256"": 0.5585106382978723}","{""cn_0"": 0.9946808510638298, ""cn_4_8"": 0.005319148936170213}",0.031914893617021274,255.5212765957447,sasb_candidate_builder,8cc69d228e341a195ee9b655f4507ec860e1e51eece77318b0ccf55dd8a3a456,188,8cc69d228e341a195ee9b655f4507ec860e1e51eece77318b0ccf55dd8a3a456,"{""sasb_builder"": 188}",0,0,0,0,{},0.0,"{""common_neighbor_bin_l1"": 0.0, ""degree_product_bin_l1"": 0.0, ""is_boundary_edge_l1"": 0.0, ""is_bridge_edge_l1"": 0.0, ""is_inter_community_edge_l1"": 0.0, ""is_low_common_neighbor_edge_l1"": 0.0, ""mean_l1"": 0.0}",1,32,32,3667.516623658057,0
realworld_completed,bio_celegans,SASB-candidate,sasb,SASB-structured,20260513,1020,middle,0.8984547461368654,0.8984547461368654,0.0,21,21,0,0.5037037037037037,0.5041975308641975,343,50,343--50,27,3,3,27,81,0,0.0,1,8,0,32,"[""96"", ""53"", ""51"", ""343"", ""60"", ""363"", ""52"", ""373"", ""62"", ""364"", ""85"", ""369"", ""82"", ""144"", ""145"", ""83"", ""142"", ""143"", ""220"", ""118"", ""440"", ""121"", ""154"", ""398"", ""97"", ""348"", ""376"", ""404"", ""127"", ""424"", ""372"", ""261""]",f73e48848a61e04bd187744de26ef69bf925e9a51ffd2069f15799c0c934005e,"{""boundary"": 12, ""community_rep"": 5, ""degree_core"": 10, ""random_fill"": 5}","{""degree_0_1"": 1, ""degree_3_4"": 3, ""degree_5_8"": 2, ""degree_9_plus"": 26}","{""0"": 1, ""1"": 2, ""10"": 2, ""11"": 1, ""12"": 1, ""13"": 1, ""2"": 1, ""3"": 4, ""4"": 5, ""5"": 4, ""6"": 4, ""7"": 1, ""8"": 3, ""9"": 2}",188,"{""backend"": ""evaluate_m19_theory_calibrated.candidate_features"", ""delta_mode"": ""none"", ""k_max"": 512, ""k_min"": 64, ""variant"": ""conservative""}",188,0.19361483007209063,0.6436170212765957,0.6436170212765957,0.03723404255319149,1.0,"{""dp_17_64"": 0.047872340425531915, ""dp_257_plus"": 0.3776595744680851, ""dp_5_16"": 0.015957446808510637, ""dp_65_256"": 0.5585106382978723}","{""cn_0"": 1.0}",0.0,252.63829787234042,sasb_candidate_builder,cefe333c04f632123de414e3ae7dbfa91a15c219b18b608bbedb3fa801f15b2d,188,cefe333c04f632123de414e3ae7dbfa91a15c219b18b608bbedb3fa801f15b2d,"{""sasb_builder"": 188}",0,0,0,0,{},0.0,"{""common_neighbor_bin_l1"": 0.0, ""degree_product_bin_l1"": 0.0, ""is_boundary_edge_l1"": 0.0, ""is_bridge_edge_l1"": 0.0, ""is_inter_community_edge_l1"": 0.0, ""is_low_common_neighbor_edge_l1"": 0.0, ""mean_l1"": 0.0}",1,32,32,0.0,0
realworld_completed,bio_celegans,SASB-candidate,sasb,SASB-structured,20260513,1021,middle,0.8984547461368654,0.8984547461368654,0.0,21,21,0,0.5041975308641975,0.5046913580246913,343,51,343--51,26,37,26,37,962,0,0.0,1,12,10,32,"[""96"", ""53"", ""51"", ""343"", ""60"", ""363"", ""52"", ""373"", ""62"", ""364"", ""85"", ""369"", ""82"", ""144"", ""145"", ""83"", ""142"", ""143"", ""220"", ""118"", ""440"", ""121"", ""154"", ""398"", ""97"", ""348"", ""376"", ""252"", ""45"", ""16"", ""292"", ""301""]",01ec813de2b182a7b4c7fcc6b6d74048c9e9c29dc45dfa05cc97254bf18b52f6,"{""boundary"": 12, ""community_rep"": 5, ""degree_core"": 10, ""random_fill"": 5}","{""degree_2"": 2, ""degree_3_4"": 4, ""degree_9_plus"": 26}","{""0"": 2, ""1"": 3, ""10"": 1, ""11"": 1, ""12"": 1, ""13"": 1, ""2"": 1, ""3"": 4, ""4"": 4, ""5"": 4, ""6"": 4, ""7"": 1, ""8"": 2, ""9"": 3}",188,"{""backend"": ""evaluate_m19_theory_calibrated.candidate_features"", ""delta_mode"": ""none"", ""k_max"": 512, ""k_min"": 64, ""variant"": ""conservative""}",188,0.19381443298969073,0.6382978723404256,0.6382978723404256,0.03723404255319149,1.0,"{""dp_17_64"": 0.047872340425531915, ""dp_257_plus"": 0.3776595744680851, ""dp_5_16"": 0.015957446808510637, ""dp_65_256"": 0.5585106382978723}","{""cn_0"": 1.0}",0.0,251.9468085106383,sasb_candidate_builder,7e67b647f2349859bc1aae63050a361475dae5f77e537f457c2f6e12281e9620,188,7e67b647f2349859bc1aae63050a361475dae5f77e537f457c2f6e12281e9620,"{""sasb_builder"": 188}",0,0,0,0,{},0.0,"{""common_neighbor_bin_l1"": 0.0, ""degree_product_bin_l1"": 0.0, ""is_boundary_edge_l1"": 0.0, ""is_bridge_edge_l1"": 0.0, ""is_inter_community_edge_l1"": 0.0, ""is_low_common_neighbor_edge_l1"": 0.0, ""mean_l1"": 0.0}",1,32,32,0.0,0
realworld_completed,bio_celegans,SASB-candidate,sasb,SASB-structured,20260513,1022,middle,0.8984547461368654,0.8984547461368654,0.0,21,21,0,0.5046913580246913,0.5051851851851852,121,52,121--52,14,18,14,18,252,4,0.3076923076923077,0,3,3,32,"[""96"", ""53"", ""51"", ""60"", ""343"", ""363"", ""52"", ""373"", ""62"", ""364"", ""85"", ""369"", ""82"", ""144"", ""145"", ""83"", ""142"", ""143"", ""220"", ""118"", ""440"", ""121"", ""154"", ""398"", ""97"", ""348"", ""376"", ""245"", ""411"", ""253"", ""358"", ""2""]",2f6575f5ea2513ce990899d62aacc431ddfa0ac8dcdca4a2fafb529d603ebc49,"{""boundary"": 12, ""community_rep"": 5, ""degree_core"": 10, ""random_fill"": 5}","{""degree_2"": 1, ""degree_3_4"": 3, ""degree_5_8"": 2, ""degree_9_plus"": 26}","{""0"": 1, ""1"": 2, ""10"": 1, ""11"": 1, ""12"": 1, ""13"": 1, ""2"": 1, ""3"": 5, ""4"": 4, ""5"": 5, ""6"": 2, ""7"": 1, ""8"": 3, ""9"": 4}",188,"{""backend"": ""evaluate_m19_theory_calibrated.candidate_features"", ""delta_mode"": ""none"", ""k_max"": 512, ""k_min"": 64, ""variant"": ""conservative""}",188,0.19401444788441694,0.6329787234042553,0.6329787234042553,0.03723404255319149,1.0,"{""dp_17_64"": 0.047872340425531915, ""dp_257_plus"": 0.3617021276595745, ""dp_5_16"": 0.015957446808510637, ""dp_65_256"": 0.574468085106383}","{""cn_0"": 1.0}",0.0,246.3031914893617,sasb_candidate_builder,4027d159c281a305d5e8c875f0462d373970387b3016247a164101e7e92446ca,188,4027d159c281a305d5e8c875f0462d373970387b3016247a164101e7e92446ca,"{""sasb_builder"": 188}",0,0,0,0,{},0.0,"{""common_neighbor_bin_l1"": 0.0, ""degree_product_bin_l1"": 0.0, ""is_boundary_edge_l1"": 0.0, ""is_bridge_edge_l1"": 0.0, ""is_inter_community_edge_l1"": 0.0, ""is_low_common_neighbor_edge_l1"": 0.0, ""mean_l1"": 0.0}",1,32,32,0.0,0
realworld_completed,bio_celegans,SASB-candidate,sasb,SASB-structured,20260513,1023,middle,0.8984547461368654,0.8984547461368654,0.0,21,21,0,0.5051851851851852,0.505679012345679,343,52,343--52,25,17,17,25,425,2,0.125,1,8,3,32,"[""96"", ""53"", ""51"", ""60"", ""343"", ""363"", ""52"", ""373"", ""62"", ""364"", ""85"", ""369"", ""82"", ""144"", ""145"", ""83"", ""142"", ""143"", ""220"", ""118"", ""440"", ""147"", ""154"", ""398"", ""97"", ""348"", ""376"", ""327"", ""352"", ""93"", ""159"", ""358""]",cad009daccdb41d187ae5faba366901569233c767a4ce331db8dfbf0103038d9,"{""boundary"": 12, ""community_rep"": 5, ""degree_core"": 10, ""random_fill"": 5}","{""degree_0_1"": 1, ""degree_3_4"": 4, ""degree_5_8"": 1, ""degree_9_plus"": 26}","{""0"": 1, ""1"": 2, ""10"": 1, ""11"": 1, ""12"": 1, ""13"": 1, ""2"": 1, ""3"": 5, ""4"": 5, ""5"": 6, ""6"": 2, ""7"": 1, ""8"": 2, ""9"": 3}",187,"{""backend"": ""evaluate_m19_theory_calibrated.candidate_features"", ""delta_mode"": ""none"", ""k_max"": 512, ""k_min"": 64, ""variant"": ""conservative""}",187,0.19318181818181818,0.6363636363636364,0.6363636363636364,0.0374331550802139,1.0,"{""dp_17_64"": 0.0481283422459893, ""dp_257_plus"": 0.36363636363636365, ""dp_5_16"": 0.016042780748663103, ""dp_65_256"": 0.5721925133689839}","{""cn_0"": 1.0}",0.0,245.89839572192514,sasb_candidate_builder,8c0e9aba7daaa13c5b759e31fdb7032d2d2ceb9ef16d4b706a7798b4f79151c9,187,8c0e9aba7daaa13c5b759e31fdb7032d2d2ceb9ef16d4b706a7798b4f79151c9,"{""sasb_builder"": 187}",0,0,0,0,{},0.0,"{""common_neighbor_bin_l1"": 0.0, ""degree_product_bin_l1"": 0.0, ""is_boundary_edge_l1"": 0.0, ""is_bridge_edge_l1"": 0.0, ""is_inter_community_edge_l1"": 0.0, ""is_low_common_neighbor_edge_l1"": 0.0, ""mean_l1"": 0.0}",1,32,32,0.0,0
realworld_completed,bio_celegans,SASB-candidate,sasb,SASB-structured,20260513,1024,middle,0.8984547461368654,0.8984547461368654,0.0,21,21,0,0.505679012345679,0.5061728395061729,109,147,109--147,13,14,13,14,182,3,0.25,0,3,3,32,"[""96"", ""53"", ""51"", ""60"", ""343"", ""363"", ""373"", ""52"", ""62"", ""364"", ""85"", ""369"", ""82"", ""144"", ""145"", ""83"", ""142"", ""143"", ""220"", ""118"", ""440"", ""147"", ""154"", ""398"", ""97"", ""348"", ""376"", ""16"", ""48"", ""399"", ""436"", ""19""]",5cd3be74dc267142170828a3cb0c12eeca841bfacd9f324af90a504b0f0cf506,"{""boundary"": 12, ""community_rep"": 5, ""degree_core"": 10, ""random_fill"": 5}","{""degree_2"": 1, ""degree_3_4"": 4, ""degree_5_8"": 1, ""degree_9_plus"": 26}","{""0"": 4, ""1"": 3, ""10"": 1, ""11"": 1, ""12"": 1, ""13"": 1, ""2"": 1, ""3"": 4, ""4"": 4, ""5"": 5, ""6"": 2, ""7"": 1, ""8"": 2, ""9"": 2}",187,"{""backend"": ""evaluate_m19_theory_calibrated.candidate_features"", ""delta_mode"": ""none"", ""k_max"": 512, ""k_min"": 64, ""variant"": ""conservative""}",187,0.19338159255429163,0.6310160427807486,0.6310160427807486,0.0374331550802139,0.9946524064171123,"{""dp_17_64"": 0.058823529411764705, ""dp_257_plus"": 0.3582887700534759, ""dp_5_16"": 0.016042780748663103, ""dp_65_256"": 0.5668449197860963}","{""cn_0"": 0.9946524064171123, ""cn_2_3"": 0.0053475935828877}",0.016042780748663103,243.2673796791444,sasb_candidate_builder,2a536f3e8b3554dec6822e498aff568cd70483a87d24be658df9691777f6320d,187,2a536f3e8b3554dec6822e498aff568cd70483a87d24be658df9691777f6320d,"{""sasb_builder"": 187}",0,0,0,0,{},0.0,"{""common_neighbor_bin_l1"": 0.0, ""degree_product_bin_l1"": 0.0, ""is_boundary_edge_l1"": 0.0, ""is_bridge_edge_l1"": 0.0, ""is_inter_community_edge_l1"": 0.0, ""is_low_common_neighbor_edge_l1"": 0.0, ""mean_l1"": 0.0}",1,32,32,1650.7453766094739,0
realworld_completed,bio_celegans,SASB-candidate,sasb,SASB-structured,20260513,1025,middle,0.8984547461368654,0.8984547461368654,0.0,21,21,0,0.5061728395061729,0.5066666666666667,109,121,109--121,12,13,12,13,156,2,0.18181818181818182,0,3,3,32,"[""96"", ""53"", ""51"", ""60"", ""343"", ""363"", ""373"", ""52"", ""62"", ""364"", ""85"", ""369"", ""82"", ""144"", ""145"", ""83"", ""142"", ""143"", ""220"", ""118"", ""440"", ""121"", ""154"", ""398"", ""97"", ""348"", ""376"", ""288"", ""224"", ""380"", ""420"", ""312""]",dcc49c700e05fc57fd81dc040d3f57d787deebdba9284cfafb7df6f6aeaee62e,"{""boundary"": 12, ""community_rep"": 5, ""degree_core"": 10, ""random_fill"": 5}","{""degree_2"": 1, ""degree_3_4"": 5, ""degree_9_plus"": 26}","{""0"": 2, ""1"": 3, ""10"": 1, ""11"": 1, ""12"": 1, ""13"": 2, ""2"": 1, ""3"": 4, ""4"": 4, ""5"": 5, ""6"": 2, ""7"": 1, ""8"": 2, ""9"": 3}",187,"{""backend"": ""evaluate_m19_theory_calibrated.candidate_features"", ""delta_mode"": ""none"", ""k_max"": 512, ""k_min"": 64, ""variant"": ""conservative""}",187,0.19358178053830227,0.6310160427807486,0.6310160427807486,0.0374331550802139,0.9946524064171123,"{""dp_17_64"": 0.058823529411764705, ""dp_257_plus"": 0.3582887700534759, ""dp_5_16"": 0.016042780748663103, ""dp_65_256"": 0.5668449197860963}","{""cn_0"": 0.9946524064171123, ""cn_2_3"": 0.0053475935828877}",0.0106951871657754,243.1283422459893,sasb_candidate_builder,e9fed7184460eee4fe89501f1b82ea528c84535bb2b91951929602b7b01fe3bd,187,e9fed7184460eee4fe89501f1b82ea528c84535bb2b91951929602b7b01fe3bd,"{""sasb_builder"": 187}",0,0,0,0,{},0.0,"{""common_neighbor_bin_l1"": 0.0, ""degree_product_bin_l1"": 0.0, ""is_boundary_edge_l1"": 0.0, ""is_bridge_edge_l1"": 0.0, ""is_inter_community_edge_l1"": 0.0, ""is_low_common_neighbor_edge_l1"": 0.0, ""mean_l1"": 0.0}",1,32,32,345.768036288845,0
realworld_completed,bio_celegans,SASB-candidate,sasb,SASB-structured,20260513,1026,middle,0.8984547461368654,0.8984547461368654,0.0,21,21,0,0.5066666666666667,0.5071604938271604,343,53,343--53,24,39,24,39,936,0,0.0,1,12,9,32,"[""96"", ""53"", ""51"", ""60"", ""343"", ""363"", ""373"", ""52"", ""62"", ""364"", ""85"", ""369"", ""82"", ""144"", ""145"", ""83"", ""142"", ""143"", ""220"", ""118"", ""440"", ""147"", ""154"", ""398"", ""97"", ""348"", ""376"", ""342"", ""233"", ""444"", ""302"", ""365""]",410c8327b6459fca49bc96ac20bedf55e0d1d9108979a1546bec063962d56188,"{""boundary"": 12, ""community_rep"": 5, ""degree_core"": 10, ""random_fill"": 5}","{""degree_0_1"": 1, ""degree_3_4"": 5, ""degree_9_plus"": 26}","{""0"": 1, ""1"": 2, ""10"": 1, ""11"": 2, ""12"": 2, ""13"": 1, ""2"": 2, ""3"": 4, ""4"": 5, ""5"": 4, ""6"": 2, ""7"": 1, ""8"": 2, ""9"": 3}",187,"{""backend"": ""evaluate_m19_theory_calibrated.candidate_features"", ""delta_mode"": ""none"", ""k_max"": 512, ""k_min"": 64, ""variant"": ""conservative""}",187,0.19378238341968912,0.6310160427807486,0.6310160427807486,0.0374331550802139,1.0,"{""dp_17_64"": 0.058823529411764705, ""dp_257_plus"": 0.3582887700534759, ""dp_5_16"": 0.016042780748663103, ""dp_65_256"": 0.5668449197860963}","{""cn_0"": 1.0}",0.0,242.77540106951872,sasb_candidate_builder,cabb4eb9dd8f419bc1a23ccbf2750ed51785a817bd05983339ab5788e493d25c,187,cabb4eb9dd8f419bc1a23ccbf2750ed51785a817bd05983339ab5788e493d25c,"{""sasb_builder"": 187}",0,0,0,0,{},0.0,"{""common_neighbor_bin_l1"": 0.0, ""degree_product_bin_l1"": 0.0, ""is_boundary_edge_l1"": 0.0, ""is_bridge_edge_l1"": 0.0, ""is_inter_community_edge_l1"": 0.0, ""is_low_common_neighbor_edge_l1"": 0.0, ""mean_l1"": 0.0}",1,32,32,0.0,0
realworld_completed,bio_celegans,SASB-candidate,sasb,SASB-structured,20260513,1027,middle,0.8984547461368654,0.8984547461368654,0.0,21,21,0,0.5071604938271604,0.5076543209876543,320,82,320--82,5,27,5,27,135,2,0.5,0,4,4,32,"[""96"", ""53"", ""51"", ""60"", ""363"", ""343"", ""373"", ""52"", ""62"", ""364"", ""85"", ""369"", ""82"", ""144"", ""145"", ""83"", ""142"", ""143"", ""220"", ""118"", ""440"", ""147"", ""154"", ""398"", ""97"", ""348"", ""376"", ""362"", ""342"", ""341"", ""433"", ""107""]",88fb967f843e35fe52027cf9bffcf1330c7f4d56abf4a9064754a092aa44ade1,"{""boundary"": 12, ""community_rep"": 5, ""degree_core"": 10, ""random_fill"": 5}","{""degree_0_1"": 1, ""degree_3_4"": 3, ""degree_5_8"": 2, ""degree_9_plus"": 26}","{""0"": 2, ""1"": 2, ""10"": 1, ""11"": 1, ""12"": 1, ""13"": 1, ""2"": 2, ""3"": 5, ""4"": 4, ""5"": 5, ""6"": 2, ""7"": 1, ""8"": 2, ""9"": 3}",187,"{""backend"": ""evaluate_m19_theory_calibrated.candidate_features"", ""delta_mode"": ""none"", ""k_max"": 512, ""k_min"": 64, ""variant"": ""conservative""}",187,0.19398340248962656,0.6256684491978609,0.6256684491978609,0.0374331550802139,1.0,"{""dp_17_64"": 0.058823529411764705, ""dp_257_plus"": 0.35294117647058826, ""dp_5_16"": 0.016042780748663103, ""dp_65_256"": 0.5721925133689839}","{""cn_0"": 1.0}",0.0,236.6577540106952,sasb_candidate_builder,a8fbad6cfe6d0e149e069c21e6c59a9a63a56ce9085ea0865ff4669ed6eb8373,187,a8fbad6cfe6d0e149e069c21e6c59a9a63a56ce9085ea0865ff4669ed6eb8373,"{""sasb_builder"": 187}",0,0,0,0,{},0.0,"{""common_neighbor_bin_l1"": 0.0, ""degree_product_bin_l1"": 0.0, ""is_boundary_edge_l1"": 0.0, ""is_bridge_edge_l1"": 0.0, ""is_inter_community_edge_l1"": 0.0, ""is_low_common_neighbor_edge_l1"": 0.0, ""mean_l1"": 0.0}",1,32,32,0.0,0
realworld_completed,bio_celegans,SASB-candidate,sasb,SASB-structured,20260513,1028,middle,0.8984547461368654,0.8984547461368654,0.0,21,21,0,0.5076543209876543,0.5081481481481481,320,83,320--83,4,26,4,26,104,1,0.3333333333333333,0,4,4,32,"[""96"", ""53"", ""51"", ""60"", ""363"", ""343"", ""373"", ""52"", ""62"", ""364"", ""85"", ""369"", ""144"", ""145"", ""82"", ""83"", ""142"", ""143"", ""220"", ""118"", ""440"", ""147"", ""154"", ""398"", ""97"", ""348"", ""376"", ""123"", ""76"", ""165"", ""156"", ""132""]",ed355b6eed24340cccb8cbd5b70046434242aa4eb1503e04214f8e8747c3d0f5,"{""boundary"": 12, ""community_rep"": 5, ""degree_core"": 10, ""random_fill"": 5}","{""degree_2"": 1, ""degree_3_4"": 5, ""degree_9_plus"": 26}","{""0"": 1, ""1"": 3, ""10"": 1, ""11"": 2, ""12"": 1, ""13"": 1, ""2"": 2, ""3"": 5, ""4"": 4, ""5"": 4, ""6"": 3, ""7"": 1, ""8"": 2, ""9"": 2}",187,"{""backend"": ""evaluate_m19_theory_calibrated.candidate_features"", ""delta_mode"": ""none"", ""k_max"": 512, ""k_min"": 64, ""variant"": ""conservative""}",187,0.19418483904465214,0.6256684491978609,0.6256684491978609,0.0374331550802139,1.0,"{""dp_17_64"": 0.058823529411764705, ""dp_257_plus"": 0.35294117647058826, ""dp_5_16"": 0.016042780748663103, ""dp_65_256"": 0.5721925133689839}","{""cn_0"": 1.0}",0.0,236.35294117647058,sasb_candidate_builder,236e357f01dc667fdd67d8e17024a6dc1d188d35d4433d3313ebcee2ca549822,187,236e357f01dc667fdd67d8e17024a6dc1d188d35d4433d3313ebcee2ca549822,"{""sasb_builder"": 187}",0,0,0,0,{},0.0,"{""common_neighbor_bin_l1"": 0.0, ""degree_product_bin_l1"": 0.0, ""is_boundary_edge_l1"": 0.0, ""is_bridge_edge_l1"": 0.0, ""is_inter_community_edge_l1"": 0.0, ""is_low_common_neighbor_edge_l1"": 0.0, ""mean_l1"": 0.0}",1,32,32,0.0,0
realworld_completed,bio_celegans,SASB-candidate,sasb,SASB-structured,20260513,1029,middle,0.8984547461368654,0.8984547461368654,0.0,21,21,0,0.5081481481481481,0.508641975308642,329,82,329--82,4,26,4,26,104,1,0.3333333333333333,0,4,4,32,"[""96"", ""53"", ""51"", ""60"", ""363"", ""343"", ""373"", ""52"", ""62"", ""364"", ""85"", ""369"", ""144"", ""145"", ""82"", ""83"", ""142"", ""143"", ""220"", ""118"", ""440"", ""147"", ""154"", ""398"", ""97"", ""348"", ""376"", ""225"", ""17"", ""302"", ""46"", ""183""]",603797a10ecbaa5ebd2d6b4af99a13cc62aa25d7133900bb3b8f0084c171fc94,"{""boundary"": 12, ""community_rep"": 5, ""degree_core"": 10, ""random_fill"": 5}","{""degree_2"": 1, ""degree_3_4"": 5, ""degree_9_plus"": 26}","{""0"": 1, ""1"": 2, ""10"": 2, ""11"": 1, ""12"": 2, ""13"": 2, ""2"": 1, ""3"": 4, ""4"": 5, ""5"": 5, ""6"": 2, ""7"": 1, ""8"": 2, ""9"": 2}",187,"{""backend"": ""evaluate_m19_theory_calibrated.candidate_features"", ""delta_mode"": ""none"", ""k_max"": 512, ""k_min"": 64, ""variant"": ""conservative""}",187,0.1943866943866944,0.6256684491978609,0.6256684491978609,0.0374331550802139,1.0,"{""dp_17_64"": 0.058823529411764705, ""dp_257_plus"": 0.34759358288770054, ""dp_5_16"": 0.016042780748663103, ""dp_65_256"": 0.5775401069518716}","{""cn_0"": 1.0}",0.0,236.22994652406416,sasb_candidate_builder,7b6899f80537bad1486266b90014843d89aa24796da552c23a99aadad608885d,187,7b6899f80537bad1486266b90014843d89aa24796da552c23a99aadad608885d,"{""sasb_builder"": 187}",0,0,0,0,{},0.0,"{""common_neighbor_bin_l1"": 0.0, ""degree_product_bin_l1"": 0.0, ""is_boundary_edge_l1"": 0.0, ""is_bridge_edge_l1"": 0.0, ""is_inter_community_edge_l1"": 0.0, ""is_low_common_neighbor_edge_l1"": 0.0, ""mean_l1"": 0.0}",1,32,32,0.0,0
realworld_completed,bio_celegans,SASB-candidate,sasb,SASB-structured,20260513,1030,middle,0.8984547461368654,0.8984547461368654,0.0,21,21,0,0.508641975308642,0.5091358024691358,220,337,220--337,18,5,5,18,90,1,0.25,0,6,6,32,"[""96"", ""53"", ""51"", ""60"", ""363"", ""343"", ""373"", ""52"", ""62"", ""364"", ""85"", ""369"", ""144"", ""145"", ""82"", ""83"", ""142"", ""143"", ""220"", ""118"", ""440"", ""147"", ""154"", ""398"", ""97"", ""348"", ""175"", ""260"", ""160"", ""117"", ""354"", ""124""]",5ab764a995a57c808e104f0753c88f39f02b536ece68932409e0dcfd12a8115e,"{""boundary"": 12, ""community_rep"": 4, ""degree_core"": 10, ""random_fill"": 6}","{""degree_0_1"": 2, ""degree_2"": 1, ""degree_3_4"": 2, ""degree_5_8"": 1, ""degree_9_plus"": 26}","{""0"": 2, ""1"": 2, ""10"": 3, ""11"": 1, ""12"": 1, ""2"": 3, ""3"": 4, ""4"": 2, ""5"": 4, ""6"": 4, ""7"": 2, ""8"": 3, ""9"": 1}",187,"{""backend"": ""evaluate_m19_theory_calibrated.candidate_features"", ""delta_mode"": ""none"", ""k_max"": 512, ""k_min"": 64, ""variant"": ""conservative""}",187,0.19458896982310095,0.6310160427807486,0.6310160427807486,0.0374331550802139,1.0,"{""dp_17_64"": 0.058823529411764705, ""dp_257_plus"": 0.3422459893048128, ""dp_5_16"": 0.016042780748663103, ""dp_65_256"": 0.5828877005347594}","{""cn_0"": 0.9893048128342246, ""cn_1"": 0.0106951871657754}",0.0106951871657754,235.8288770053476,sasb_candidate_builder,0b6a5a9b5e50a443eaa985be937e2e586c975f12de6c12607d6f75da48b0a0c6,187,0b6a5a9b5e50a443eaa985be937e2e586c975f12de6c12607d6f75da48b0a0c6,"{""sasb_builder"": 187}",0,0,0,0,{},0.0,"{""common_neighbor_bin_l1"": 0.0, ""degree_product_bin_l1"": 0.0, ""is_boundary_edge_l1"": 0.0, ""is_bridge_edge_l1"": 0.0, ""is_inter_community_edge_l1"": 0.0, ""is_low_common_neighbor_edge_l1"": 0.0, ""mean_l1"": 0.0}",1,32,32,435.2067118805399,0
realworld_completed,bio_celegans,SASB-candidate,sasb,SASB-structured,20260513,1031,middle,0.8984547461368654,0.8984547461368654,0.0,21,21,0,0.5091358024691358,0.5096296296296297,118,236,118--236,15,6,6,15,90,1,0.2,0,3,3,32,"[""96"", ""53"", ""51"", ""60"", ""363"", ""343"", ""373"", ""52"", ""62"", ""364"", ""85"", ""369"", ""144"", ""145"", ""82"", ""83"", ""142"", ""143"", ""220"", ""118"", ""440"", ""147"", ""154"", ""398"", ""97"", ""348"", ""225"", ""245"", ""444"", ""414"", ""447"", ""17""]",08b27b9c0d1a4bf536aa16dddd349bbc2476104778cd2ee2b009b1d78f46b410,"{""boundary"": 12, ""community_rep"": 4, ""degree_core"": 10, ""random_fill"": 6}","{""degree_2"": 2, ""degree_3_4"": 4, ""degree_9_plus"": 26}","{""0"": 1, ""1"": 2, ""10"": 4, ""11"": 1, ""12"": 2, ""2"": 2, ""3"": 4, ""4"": 2, ""5"": 6, ""6"": 4, ""7"": 1, ""8"": 2, ""9"": 1}",187,"{""backend"": ""evaluate_m19_theory_calibrated.candidate_features"", ""delta_mode"": ""none"", ""k_max"": 512, ""k_min"": 64, ""variant"": ""conservative""}",187,0.19479166666666667,0.6310160427807486,0.6310160427807486,0.0374331550802139,1.0,"{""dp_17_64"": 0.06417112299465241, ""dp_257_plus"": 0.3422459893048128, ""dp_5_16"": 0.016042780748663103, ""dp_65_256"": 0.5775401069518716}","{""cn_0"": 0.9946524064171123, ""cn_1"": 0.0053475935828877}",0.0053475935828877,235.62032085561498,sasb_candidate_builder,9b60a6989ae5dc112d1377007ff7d1255775d9befff50db16fd31a1d00794687,187,9b60a6989ae5dc112d1377007ff7d1255775d9befff50db16fd31a1d00794687,"{""sasb_builder"": 187}",0,0,0,0,{},0.0,"{""common_neighbor_bin_l1"": 0.0, ""degree_product_bin_l1"": 0.0, ""is_boundary_edge_l1"": 0.0, ""is_bridge_edge_l1"": 0.0, ""is_inter_community_edge_l1"": 0.0, ""is_low_common_neighbor_edge_l1"": 0.0, ""mean_l1"": 0.0}",1,32,32,147.50997023809526,0
realworld_completed,bio_celegans,SASB-candidate,sasb,SASB-structured,20260513,1032,middle,0.8984547461368654,0.8984547461368654,0.0,21,21,0,0.5096296296296297,0.5101234567901235,220,4,220--4,17,3,3,17,51,0,0.0,0,6,6,32,"[""96"", ""53"", ""51"", ""60"", ""363"", ""343"", ""373"", ""52"", ""62"", ""364"", ""85"", ""369"", ""144"", ""145"", ""82"", ""83"", ""142"", ""143"", ""220"", ""440"", ""118"", ""147"", ""154"", ""398"", ""97"", ""348"", ""210"", ""19"", ""342"", ""397"", ""1"", ""313""]",136fa937272235d457c608742859fd2052110602492313f7c8ac5dce803f1136,"{""boundary"": 12, ""community_rep"": 4, ""degree_core"": 10, ""random_fill"": 6}","{""degree_0_1"": 2, ""degree_3_4"": 3, ""degree_5_8"": 1, ""degree_9_plus"": 26}","{""0"": 1, ""1"": 2, ""10"": 2, ""11"": 1, ""12"": 1, ""2"": 3, ""3"": 4, ""4"": 2, ""5"": 7, ""6"": 5, ""7"": 1, ""8"": 2, ""9"": 1}",187,"{""backend"": ""evaluate_m19_theory_calibrated.candidate_features"", ""delta_mode"": ""none"", ""k_max"": 512, ""k_min"": 64, ""variant"": ""conservative""}",187,0.19499478623566216,0.6310160427807486,0.6310160427807486,0.0374331550802139,1.0,"{""dp_17_64"": 0.06417112299465241, ""dp_257_plus"": 0.3422459893048128, ""dp_5_16"": 0.016042780748663103, ""dp_65_256"": 0.5775401069518716}","{""cn_0"": 1.0}",0.0,235.6096256684492,sasb_candidate_builder,50c17dcc96b94e7a4fbbdae368b4133e2b580db1775fc2364be7745de9642d2c,187,50c17dcc96b94e7a4fbbdae368b4133e2b580db1775fc2364be7745de9642d2c,"{""sasb_builder"": 187}",0,0,0,0,{},0.0,"{""common_neighbor_bin_l1"": 0.0, ""degree_product_bin_l1"": 0.0, ""is_boundary_edge_l1"": 0.0, ""is_bridge_edge_l1"": 0.0, ""is_inter_community_edge_l1"": 0.0, ""is_low_common_neighbor_edge_l1"": 0.0, ""mean_l1"": 0.0}",1,32,32,0.0,0
realworld_completed,bio_celegans,SASB-candidate,sasb,SASB-structured,20260513,1033,middle,0.8984547461368654,0.8984547461368654,0.0,21,21,0,0.5101234567901235,0.5106172839506172,329,83,329--83,3,25,3,25,75,0,0.0,0,4,4,32,"[""96"", ""53"", ""51"", ""60"", ""363"", ""343"", ""373"", ""52"", ""62"", ""364"", ""85"", ""369"", ""144"", ""145"", ""82"", ""83"", ""142"", ""143"", ""220"", ""440"", ""118"", ""147"", ""154"", ""398"", ""97"", ""348"", ""58"", ""157"", ""138"", ""41"", ""222"", ""309""]",5d606dad509415859f9915f43beab06f79a821a3892e01cc03c6a9d6626b8a2a,"{""boundary"": 12, ""community_rep"": 4, ""degree_core"": 10, ""random_fill"": 6}","{""degree_0_1"": 1, ""degree_2"": 1, ""degree_3_4"": 2, ""degree_5_8"": 2, ""degree_9_plus"": 26}","{""0"": 1, ""1"": 2, ""10"": 2, ""11"": 1, ""12"": 1, ""2"": 3, ""3"": 5, ""4"": 3, ""5"": 5, ""6"": 5, ""7"": 1, ""8"": 2, ""9"": 1}",186,"{""backend"": ""evaluate_m19_theory_calibrated.candidate_features"", ""delta_mode"": ""none"", ""k_max"": 512, ""k_min"": 64, ""variant"": ""conservative""}",186,0.1941544885177453,0.6344086021505376,0.6344086021505376,0.03763440860215054,1.0,"{""dp_17_64"": 0.05913978494623656, ""dp_257_plus"": 0.34408602150537637, ""dp_5_16"": 0.016129032258064516, ""dp_65_256"": 0.5806451612903226}","{""cn_0"": 1.0}",0.0,236.6021505376344,sasb_candidate_builder,cf5fc2a17e8385d4ac05a46a735ebc07c65f4bbb086a1eb7af2258917397c9e4,186,cf5fc2a17e8385d4ac05a46a735ebc07c65f4bbb086a1eb7af2258917397c9e4,"{""sasb_builder"": 186}",0,0,0,0,{},0.0,"{""common_neighbor_bin_l1"": 0.0, ""degree_product_bin_l1"": 0.0, ""is_boundary_edge_l1"": 0.0, ""is_bridge_edge_l1"": 0.0, ""is_inter_community_edge_l1"": 0.0, ""is_low_common_neighbor_edge_l1"": 0.0, ""mean_l1"": 0.0}",1,32,32,0.0,0
realworld_completed,bio_celegans,SASB-candidate,sasb,SASB-structured,20260513,1034,middle,0.8984547461368654,0.8984547461368654,0.0,21,21,0,0.5106172839506172,0.5111111111111111,343,60,343--60,23,22,22,23,506,0,0.0,1,8,7,32,"[""96"", ""53"", ""51"", ""60"", ""363"", ""343"", ""373"", ""52"", ""62"", ""364"", ""85"", ""369"", ""144"", ""145"", ""82"", ""83"", ""142"", ""143"", ""220"", ""440"", ""118"", ""147"", ""154"", ""398"", ""97"", ""348"", ""16"", ""233"", ""372"", ""87"", ""69"", ""113""]",ef7d13f1a516a2650dedc196b54e48c18447f166001280e86b4ec2bb9e9a3350,"{""boundary"": 12, ""community_rep"": 4, ""degree_core"": 10, ""random_fill"": 6}","{""degree_2"": 2, ""degree_3_4"": 3, ""degree_5_8"": 1, ""degree_9_plus"": 26}","{""0"": 2, ""1"": 3, ""10"": 2, ""11"": 1, ""12"": 1, ""2"": 1, ""3"": 4, ""4"": 2, ""5"": 4, ""6"": 6, ""7"": 2, ""8"": 3, ""9"": 1}",186,"{""backend"": ""evaluate_m19_theory_calibrated.candidate_features"", ""delta_mode"": ""none"", ""k_max"": 512, ""k_min"": 64, ""variant"": ""conservative""}",186,0.19435736677115986,0.6344086021505376,0.6344086021505376,0.03763440860215054,1.0,"{""dp_17_64"": 0.05913978494623656, ""dp_257_plus"": 0.34408602150537637, ""dp_5_16"": 0.016129032258064516, ""dp_65_256"": 0.5806451612903226}","{""cn_0"": 1.0}",0.0,236.56989247311827,sasb_candidate_builder,a7bb2ba9e835edab7005b46acce51fdc8464736eebb7232c43d4a043955446c8,186,a7bb2ba9e835edab7005b46acce51fdc8464736eebb7232c43d4a043955446c8,"{""sasb_builder"": 186}",0,0,0,0,{},0.0,"{""common_neighbor_bin_l1"": 0.0, ""degree_product_bin_l1"": 0.0, ""is_boundary_edge_l1"": 0.0, ""is_bridge_edge_l1"": 0.0, ""is_inter_community_edge_l1"": 0.0, ""is_low_common_neighbor_edge_l1"": 0.0, ""mean_l1"": 0.0}",1,32,32,0.0,0
realworld_completed,bio_celegans,SASB-candidate,sasb,SASB-structured,20260513,1035,middle,0.8984547461368654,0.8984547461368654,0.0,21,21,0,0.5111111111111111,0.5116049382716049,144,370,144--370,26,5,5,26,130,2,0.5,0,1,1,32,"[""96"", ""53"", ""51"", ""363"", ""60"", ""343"", ""373"", ""52"", ""62"", ""364"", ""85"", ""369"", ""144"", ""145"", ""82"", ""83"", ""142"", ""143"", ""220"", ""440"", ""118"", ""147"", ""154"", ""398"", ""97"", ""348"", ""441"", ""151"", ""284"", ""233"", ""181"", ""87""]",3f5d9ad3aeb5c61995e1766777ffc872237aa9fdedb82ac73c57ede7446a1590,"{""boundary"": 12, ""community_rep"": 4, ""degree_core"": 10, ""random_fill"": 6}","{""degree_0_1"": 1, ""degree_3_4"": 4, ""degree_5_8"": 1, ""degree_9_plus"": 26}","{""0"": 2, ""1"": 3, ""10"": 3, ""11"": 1, ""12"": 1, ""2"": 2, ""3"": 4, ""4"": 2, ""5"": 5, ""6"": 5, ""7"": 1, ""8"": 2, ""9"": 1}",186,"{""backend"": ""evaluate_m19_theory_calibrated.candidate_features"", ""delta_mode"": ""none"", ""k_max"": 512, ""k_min"": 64, ""variant"": ""conservative""}",186,0.19456066945606695,0.6290322580645161,0.6290322580645161,0.03763440860215054,0.9946236559139785,"{""dp_17_64"": 0.05913978494623656, ""dp_257_plus"": 0.3387096774193548, ""dp_5_16"": 0.016129032258064516, ""dp_65_256"": 0.5860215053763441}","{""cn_0"": 0.9946236559139785, ""cn_2_3"": 0.005376344086021506}",0.010752688172043012,233.747311827957,sasb_candidate_builder,7c36c2980a50e67f7ddc5a917ddb4d6d5d1fae6c7b8d5e53ccd8c9d543ad0fc3,186,7c36c2980a50e67f7ddc5a917ddb4d6d5d1fae6c7b8d5e53ccd8c9d543ad0fc3,"{""sasb_builder"": 186}",0,0,0,0,{},0.0,"{""common_neighbor_bin_l1"": 0.0, ""degree_product_bin_l1"": 0.0, ""is_boundary_edge_l1"": 0.0, ""is_bridge_edge_l1"": 0.0, ""is_inter_community_edge_l1"": 0.0, ""is_low_common_neighbor_edge_l1"": 0.0, ""mean_l1"": 0.0}",1,32,32,2885.9809955762535,0
realworld_completed,bio_celegans,SASB-candidate,sasb,SASB-structured,20260513,1036,middle,0.8984547461368654,0.8984547461368654,0.0,21,21,0,0.5116049382716049,0.5120987654320988,144,450,144--450,25,4,4,25,100,1,0.3333333333333333,0,1,1,32,"[""96"", ""53"", ""51"", ""363"", ""60"", ""343"", ""373"", ""52"", ""62"", ""364"", ""85"", ""369"", ""145"", ""144"", ""82"", ""83"", ""142"", ""143"", ""220"", ""440"", ""118"", ""147"", ""154"", ""398"", ""97"", ""348"", ""58"", ""375"", ""252"", ""243"", ""345"", ""234""]",812f4bc051585fcc88cb2bca3625eca9d8094cff35c6ea15c03a51da0d1eb293,"{""boundary"": 12, ""community_rep"": 4, ""degree_core"": 10, ""random_fill"": 6}","{""degree_0_1"": 1, ""degree_2"": 1, ""degree_3_4"": 3, ""degree_5_8"": 1, ""degree_9_plus"": 26}","{""0"": 1, ""1"": 2, ""10"": 4, ""11"": 1, ""12"": 1, ""2"": 3, ""3"": 5, ""4"": 2, ""5"": 4, ""6"": 5, ""7"": 1, ""8"": 2, ""9"": 1}",186,"{""backend"": ""evaluate_m19_theory_calibrated.candidate_features"", ""delta_mode"": ""none"", ""k_max"": 512, ""k_min"": 64, ""variant"": ""conservative""}",186,0.19476439790575917,0.6290322580645161,0.6290322580645161,0.03763440860215054,1.0,"{""dp_17_64"": 0.05913978494623656, ""dp_257_plus"": 0.3387096774193548, ""dp_5_16"": 0.016129032258064516, ""dp_65_256"": 0.5860215053763441}","{""cn_0"": 0.989247311827957, ""cn_1"": 0.010752688172043012}",0.010752688172043012,233.0483870967742,sasb_candidate_builder,df16684bf7ee338f2fbb660739a79d8ab9a67bd4f9b70d530b1377cb54872213,186,df16684bf7ee338f2fbb660739a79d8ab9a67bd4f9b70d530b1377cb54872213,"{""sasb_builder"": 186}",0,0,0,0,{},0.0,"{""common_neighbor_bin_l1"": 0.0, ""degree_product_bin_l1"": 0.0, ""is_boundary_edge_l1"": 0.0, ""is_bridge_edge_l1"": 0.0, ""is_inter_community_edge_l1"": 0.0, ""is_low_common_neighbor_edge_l1"": 0.0, ""mean_l1"": 0.0}",1,32,32,5159.197658100739,0
realworld_completed,bio_celegans,SASB-candidate,sasb,SASB-structured,20260513,1037,middle,0.8984547461368654,0.8984547461368654,0.0,21,21,0,0.5120987654320988,0.5125925925925926,145,370,145--370,26,4,4,26,104,1,0.3333333333333333,0,1,1,32,"[""96"", ""53"", ""51"", ""363"", ""60"", ""343"", ""373"", ""52"", ""62"", ""364"", ""85"", ""369"", ""145"", ""82"", ""144"", ""83"", ""142"", ""143"", ""220"", ""440"", ""118"", ""147"", ""154"", ""398"", ""97"", ""348"", ""23"", ""448"", ""165"", ""376"", ""209"", ""32""]",c5b036beb981c393760730ec981ebf7279c44d2bc74938479c4ba4f259e580ee,"{""boundary"": 12, ""community_rep"": 4, ""degree_core"": 10, ""random_fill"": 6}","{""degree_2"": 1, ""degree_3_4"": 4, ""degree_9_plus"": 27}","{""0"": 2, ""1"": 2, ""10"": 3, ""11"": 1, ""12"": 1, ""2"": 1, ""3"": 6, ""4"": 2, ""5"": 4, ""6"": 6, ""7"": 1, ""8"": 2, ""9"": 1}",186,"{""backend"": ""evaluate_m19_theory_calibrated.candidate_features"", ""delta_mode"": ""none"", ""k_max"": 512, ""k_min"": 64, ""variant"": ""conservative""}",186,0.1949685534591195,0.6290322580645161,0.6290322580645161,0.03763440860215054,0.9946236559139785,"{""dp_17_64"": 0.05913978494623656, ""dp_257_plus"": 0.3333333333333333, ""dp_5_16"": 0.016129032258064516, ""dp_65_256"": 0.5913978494623656}","{""cn_0"": 0.989247311827957, ""cn_1"": 0.005376344086021506, ""cn_2_3"": 0.005376344086021506}",0.016129032258064516,232.86021505376345,sasb_candidate_builder,5912652ba7e04e77c47d8f48cdd3dde0ab7a312d4595e8371088d5610b8c54ef,186,5912652ba7e04e77c47d8f48cdd3dde0ab7a312d4595e8371088d5610b8c54ef,"{""sasb_builder"": 186}",0,0,0,0,{},0.0,"{""common_neighbor_bin_l1"": 0.0, ""degree_product_bin_l1"": 0.0, ""is_boundary_edge_l1"": 0.0, ""is_bridge_edge_l1"": 0.0, ""is_inter_community_edge_l1"": 0.0, ""is_low_common_neighbor_edge_l1"": 0.0, ""mean_l1"": 0.0}",1,32,32,2979.294037535554,0
realworld_completed,bio_celegans,SASB-candidate,sasb,SASB-structured,20260513,1038,middle,0.8984547461368654,0.8984547461368654,0.0,21,21,0,0.5125925925925926,0.5130864197530864,145,450,145--450,25,3,3,25,75,0,0.0,1,1,9,32,"[""96"", ""53"", ""51"", ""363"", ""60"", ""343"", ""373"", ""52"", ""62"", ""364"", ""85"", ""369"", ""145"", ""82"", ""144"", ""83"", ""142"", ""143"", ""220"", ""440"", ""118"", ""147"", ""154"", ""398"", ""97"", ""348"", ""346"", ""16"", ""25"", ""287"", ""431"", ""75""]",7bdd2293266eae276a926e6a197efd19339ed6a5611d1bfb4a80600503a15115,"{""boundary"": 12, ""community_rep"": 4, ""degree_core"": 10, ""random_fill"": 6}","{""degree_0_1"": 1, ""degree_2"": 1, ""degree_3_4"": 3, ""degree_5_8"": 1, ""degree_9_plus"": 26}","{""0"": 2, ""1"": 2, ""10"": 2, ""11"": 1, ""12"": 1, ""2"": 1, ""3"": 5, ""4"": 2, ""5"": 5, ""6"": 5, ""7"": 2, ""8"": 2, ""9"": 2}",186,"{""backend"": ""evaluate_m19_theory_calibrated.candidate_features"", ""delta_mode"": ""none"", ""k_max"": 512, ""k_min"": 64, ""variant"": ""conservative""}",186,0.19517313746065057,0.6290322580645161,0.6290322580645161,0.03763440860215054,1.0,"{""dp_17_64"": 0.05913978494623656, ""dp_257_plus"": 0.3333333333333333, ""dp_5_16"": 0.016129032258064516, ""dp_65_256"": 0.5913978494623656}","{""cn_0"": 1.0}",0.0,231.81182795698925,sasb_candidate_builder,df4bf69512ee239e375b5eccc4b0a5db29e16b6225a4578abfd7e811b6d4bdc4,186,df4bf69512ee239e375b5eccc4b0a5db29e16b6225a4578abfd7e811b6d4bdc4,"{""sasb_builder"": 186}",0,0,0,0,{},0.0,"{""common_neighbor_bin_l1"": 0.0, ""degree_product_bin_l1"": 0.0, ""is_boundary_edge_l1"": 0.0, ""is_bridge_edge_l1"": 0.0, ""is_inter_community_edge_l1"": 0.0, ""is_low_common_neighbor_edge_l1"": 0.0, ""mean_l1"": 0.0}",1,32,32,8267.550639292926,0
realworld_completed,bio_celegans,SASB-candidate,sasb,SASB-structured,20260513,1039,middle,0.8984547461368654,0.8984547461368654,0.0,21,21,0,0.5130864197530864,0.5135802469135803,271,62,271--62,7,30,7,30,210,4,0.6666666666666666,0,6,6,32,"[""96"", ""53"", ""51"", ""363"", ""60"", ""343"", ""373"", ""52"", ""62"", ""364"", ""85"", ""369"", ""82"", ""144"", ""145"", ""83"", ""142"", ""143"", ""220"", ""440"", ""118"", ""147"", ""154"", ""398"", ""97"", ""348"", ""221"", ""413"", ""129"", ""66"", ""109"", ""443""]",db5c78e1590b5ec37dd46770795240bcd6e304ed2c848cb850b0ddaa8398181a,"{""boundary"": 12, ""community_rep"": 4, ""degree_core"": 10, ""random_fill"": 6}","{""degree_2"": 1, ""degree_3_4"": 2, ""degree_5_8"": 2, ""degree_9_plus"": 27}","{""0"": 2, ""1"": 2, ""10"": 2, ""11"": 1, ""12"": 1, ""2"": 1, ""3"": 5, ""4"": 3, ""5"": 5, ""6"": 5, ""7"": 1, ""8"": 2, ""9"": 2}",186,"{""backend"": ""evaluate_m19_theory_calibrated.candidate_features"", ""delta_mode"": ""none"", ""k_max"": 512, ""k_min"": 64, ""variant"": ""conservative""}",186,0.1953781512605042,0.6290322580645161,0.6290322580645161,0.03763440860215054,1.0,"{""dp_17_64"": 0.05913978494623656, ""dp_257_plus"": 0.3333333333333333, ""dp_5_16"": 0.016129032258064516, ""dp_65_256"": 0.5913978494623656}","{""cn_0"": 1.0}",0.0,232.18817204301075,sasb_candidate_builder,9e99584b4e0093969a23baecf677f02f08ec93758710e3cefe37851adb6d0dca,186,9e99584b4e0093969a23baecf677f02f08ec93758710e3cefe37851adb6d0dca,"{""sasb_builder"": 186}",0,0,0,0,{},0.0,"{""common_neighbor_bin_l1"": 0.0, ""degree_product_bin_l1"": 0.0, ""is_boundary_edge_l1"": 0.0, ""is_bridge_edge_l1"": 0.0, ""is_inter_community_edge_l1"": 0.0, ""is_low_common_neighbor_edge_l1"": 0.0, ""mean_l1"": 0.0}",1,32,32,0.0,0
realworld_completed,bio_celegans,SASB-candidate,sasb,SASB-structured,20260513,1040,middle,0.8984547461368654,0.8984547461368654,0.0,21,21,0,0.5135802469135803,0.5140740740740741,271,428,271--428,6,5,5,6,30,0,0.0,1,6,4,32,"[""96"", ""53"", ""51"", ""363"", ""62"", ""60"", ""343"", ""373"", ""52"", ""364"", ""85"", ""350"", ""82"", ""144"", ""145"", ""83"", ""142"", ""143"", ""220"", ""440"", ""118"", ""147"", ""154"", ""398"", ""97"", ""348"", ""376"", ""314"", ""232"", ""407"", ""277"", ""140""]",759efe2f59c20cc579a05e15bcf5ab2b5322dc05330680d82d1eca40be1ec12a,"{""boundary"": 12, ""community_rep"": 5, ""degree_core"": 10, ""random_fill"": 5}","{""degree_0_1"": 1, ""degree_2"": 1, ""degree_3_4"": 3, ""degree_5_8"": 1, ""degree_9_plus"": 26}","{""0"": 1, ""1"": 2, ""10"": 1, ""11"": 1, ""12"": 2, ""13"": 3, ""14"": 1, ""2"": 1, ""3"": 4, ""4"": 3, ""5"": 5, ""6"": 2, ""7"": 1, ""8"": 4, ""9"": 1}",186,"{""backend"": ""evaluate_m19_theory_calibrated.candidate_features"", ""delta_mode"": ""none"", ""k_max"": 512, ""k_min"": 64, ""variant"": ""conservative""}",186,0.19558359621451105,0.6827956989247311,0.6827956989247311,0.03763440860215054,1.0,"{""dp_17_64"": 0.06451612903225806, ""dp_257_plus"": 0.3333333333333333, ""dp_5_16"": 0.043010752688172046, ""dp_65_256"": 0.5591397849462365}","{""cn_0"": 1.0}",0.0,227.27956989247312,sasb_candidate_builder,ee721ed708655b953b42d66c2cf11561f8c6da884b4c48e299656f3a464af3e9,186,ee721ed708655b953b42d66c2cf11561f8c6da884b4c48e299656f3a464af3e9,"{""sasb_builder"": 186}",0,0,0,0,{},0.0,"{""common_neighbor_bin_l1"": 0.0, ""degree_product_bin_l1"": 0.0, ""is_boundary_edge_l1"": 0.0, ""is_bridge_edge_l1"": 0.0, ""is_inter_community_edge_l1"": 0.0, ""is_low_common_neighbor_edge_l1"": 0.0, ""mean_l1"": 0.0}",1,32,32,284.64534090107713,0
realworld_completed,bio_celegans,SASB-candidate,sasb,SASB-structured,20260513,1041,middle,0.8984547461368654,0.8984547461368654,0.0,21,21,0,0.5140740740740741,0.5145679012345679,102,207,102--207,2,5,2,5,10,0,0.0,1,6,4,32,"[""96"", ""53"", ""51"", ""363"", ""62"", ""60"", ""343"", ""373"", ""52"", ""364"", ""85"", ""350"", ""82"", ""144"", ""145"", ""83"", ""142"", ""143"", ""220"", ""440"", ""118"", ""147"", ""154"", ""398"", ""97"", ""348"", ""376"", ""414"", ""92"", ""442"", ""61"", ""267""]",f29adf9dc7ddd88a978526c23cafe2bf76d78abf42c26ef0e2643050107cc59d,"{""boundary"": 12, ""community_rep"": 5, ""degree_core"": 10, ""random_fill"": 5}","{""degree_3_4"": 3, ""degree_5_8"": 2, ""degree_9_plus"": 27}","{""0"": 2, ""1"": 2, ""10"": 1, ""11"": 1, ""12"": 1, ""13"": 2, ""14"": 1, ""2"": 2, ""3"": 4, ""4"": 3, ""5"": 5, ""6"": 2, ""7"": 3, ""8"": 2, ""9"": 1}",186,"{""backend"": ""evaluate_m19_theory_calibrated.candidate_features"", ""delta_mode"": ""none"", ""k_max"": 512, ""k_min"": 64, ""variant"": ""conservative""}",186,0.1957894736842105,0.6774193548387096,0.6774193548387096,0.03763440860215054,1.0,"{""dp_17_64"": 0.05913978494623656, ""dp_257_plus"": 0.3333333333333333, ""dp_5_16"": 0.043010752688172046, ""dp_65_256"": 0.5645161290322581}","{""cn_0"": 1.0}",0.0,227.5268817204301,sasb_candidate_builder,0aaf960decf4870f20fcd0fac13b562b7e13c5af9370dd3a7d2c5f792b5c547c,186,0aaf960decf4870f20fcd0fac13b562b7e13c5af9370dd3a7d2c5f792b5c547c,"{""sasb_builder"": 186}",0,0,0,0,{},0.0,"{""common_neighbor_bin_l1"": 0.0, ""degree_product_bin_l1"": 0.0, ""is_boundary_edge_l1"": 0.0, ""is_bridge_edge_l1"": 0.0, ""is_inter_community_edge_l1"": 0.0, ""is_low_common_neighbor_edge_l1"": 0.0, ""mean_l1"": 0.0}",1,32,32,125.71701404445568,0
realworld_completed,bio_celegans,SASB-candidate,sasb,SASB-structured,20260513,1042,middle,0.8984547461368654,0.8984547461368654,0.0,21,21,0,0.5145679012345679,0.5150617283950617,183,62,183--62,3,29,3,29,87,2,1.0,1,4,6,32,"[""96"", ""53"", ""51"", ""363"", ""62"", ""60"", ""343"", ""373"", ""52"", ""364"", ""85"", ""350"", ""82"", ""144"", ""145"", ""83"", ""142"", ""143"", ""220"", ""440"", ""118"", ""147"", ""154"", ""398"", ""97"", ""348"", ""376"", ""101"", ""330"", ""86"", ""201"", ""250""]",494bd79a0f57fa94d926dc870a12a1d0c14237a0eb2e626d785ce8a9048a4ca9,"{""boundary"": 12, ""community_rep"": 5, ""degree_core"": 10, ""random_fill"": 5}","{""degree_0_1"": 1, ""degree_3_4"": 5, ""degree_9_plus"": 26}","{""0"": 2, ""1"": 3, ""10"": 1, ""11"": 1, ""12"": 1, ""13"": 3, ""14"": 1, ""2"": 1, ""3"": 5, ""4"": 3, ""5"": 5, ""6"": 2, ""7"": 1, ""8"": 2, ""9"": 1}",186,"{""backend"": ""evaluate_m19_theory_calibrated.candidate_features"", ""delta_mode"": ""none"", ""k_max"": 512, ""k_min"": 64, ""variant"": ""conservative""}",186,0.19599578503688092,0.6720430107526881,0.6720430107526881,0.03763440860215054,1.0,"{""dp_17_64"": 0.05913978494623656, ""dp_257_plus"": 0.3333333333333333, ""dp_5_16"": 0.03763440860215054, ""dp_65_256"": 0.5698924731182796}","{""cn_0"": 1.0}",0.0,228.56451612903226,sasb_candidate_builder,f5beebbc5e1ba422be57539ff08e9ad23a773bea1b8c063cf09d5e0d6ea1568c,186,f5beebbc5e1ba422be57539ff08e9ad23a773bea1b8c063cf09d5e0d6ea1568c,"{""sasb_builder"": 186}",0,0,0,0,{},0.0,"{""common_neighbor_bin_l1"": 0.0, ""degree_product_bin_l1"": 0.0, ""is_boundary_edge_l1"": 0.0, ""is_bridge_edge_l1"": 0.0, ""is_inter_community_edge_l1"": 0.0, ""is_low_common_neighbor_edge_l1"": 0.0, ""mean_l1"": 0.0}",1,32,32,0.0,0
realworld_completed,bio_celegans,SASB-candidate,sasb,SASB-structured,20260513,1043,middle,0.8984547461368654,0.8984547461368654,0.0,21,21,0,0.5150617283950617,0.5155555555555555,200,7,200--7,4,3,3,4,12,0,0.0,1,4,6,32,"[""96"", ""53"", ""51"", ""363"", ""60"", ""62"", ""343"", ""373"", ""52"", ""364"", ""85"", ""350"", ""82"", ""144"", ""145"", ""83"", ""142"", ""143"", ""220"", ""440"", ""118"", ""147"", ""154"", ""398"", ""97"", ""348"", ""376"", ""106"", ""66"", ""421"", ""228"", ""307""]",e520cb50da8a2aaea40f775970aa6e99909192bfc11ac3a13e0d7d6422955294,"{""boundary"": 12, ""community_rep"": 5, ""degree_core"": 10, ""random_fill"": 5}","{""degree_2"": 1, ""degree_3_4"": 2, ""degree_5_8"": 3, ""degree_9_plus"": 26}","{""0"": 1, ""1"": 2, ""10"": 2, ""11"": 1, ""12"": 3, ""13"": 2, ""14"": 1, ""2"": 1, ""3"": 5, ""4"": 3, ""5"": 4, ""6"": 2, ""7"": 1, ""8"": 2, ""9"": 2}",186,"{""backend"": ""evaluate_m19_theory_calibrated.candidate_features"", ""delta_mode"": ""none"", ""k_max"": 512, ""k_min"": 64, ""variant"": ""conservative""}",186,0.1962025316455696,0.6666666666666666,0.6666666666666666,0.03763440860215054,1.0,"{""dp_17_64"": 0.05913978494623656, ""dp_257_plus"": 0.3279569892473118, ""dp_5_16"": 0.03763440860215054, ""dp_65_256"": 0.5752688172043011}","{""cn_0"": 1.0}",0.0,228.58602150537635,sasb_candidate_builder,9b1cb2b7978ee474883e9edd6da58b5ea35ccb58bd843215b0820061b83e4a66,186,9b1cb2b7978ee474883e9edd6da58b5ea35ccb58bd843215b0820061b83e4a66,"{""sasb_builder"": 186}",0,0,0,0,{},0.0,"{""common_neighbor_bin_l1"": 0.0, ""degree_product_bin_l1"": 0.0, ""is_boundary_edge_l1"": 0.0, ""is_bridge_edge_l1"": 0.0, ""is_inter_community_edge_l1"": 0.0, ""is_low_common_neighbor_edge_l1"": 0.0, ""mean_l1"": 0.0}",1,32,32,0.0,0
realworld_completed,bio_celegans,SASB-candidate,sasb,SASB-structured,20260513,1044,middle,0.8984547461368654,0.8984547461368654,0.0,21,21,0,0.5155555555555555,0.5160493827160494,233,5,233--5,4,2,2,4,8,0,0.0,1,4,6,32,"[""96"", ""53"", ""51"", ""363"", ""60"", ""62"", ""343"", ""373"", ""52"", ""364"", ""85"", ""350"", ""82"", ""144"", ""145"", ""83"", ""142"", ""143"", ""220"", ""440"", ""118"", ""147"", ""154"", ""398"", ""97"", ""348"", ""376"", ""243"", ""163"", ""410"", ""106"", ""301""]",37e41ea4fbd44def002bb4d52e03455f0828690a25a61169f7692bc9a4e469fd,"{""boundary"": 12, ""community_rep"": 5, ""degree_core"": 10, ""random_fill"": 5}","{""degree_0_1"": 1, ""degree_2"": 2, ""degree_3_4"": 1, ""degree_5_8"": 2, ""degree_9_plus"": 26}","{""0"": 1, ""1"": 2, ""10"": 1, ""11"": 1, ""12"": 2, ""13"": 3, ""14"": 1, ""2"": 1, ""3"": 5, ""4"": 3, ""5"": 4, ""6"": 2, ""7"": 1, ""8"": 4, ""9"": 1}",185,"{""backend"": ""evaluate_m19_theory_calibrated.candidate_features"", ""delta_mode"": ""none"", ""k_max"": 512, ""k_min"": 64, ""variant"": ""conservative""}",185,0.19535374868004224,0.6648648648648648,0.6648648648648648,0.03783783783783784,1.0,"{""dp_17_64"": 0.05945945945945946, ""dp_257_plus"": 0.32972972972972975, ""dp_5_16"": 0.032432432432432434, ""dp_65_256"": 0.5783783783783784}","{""cn_0"": 1.0}",0.0,229.75675675675674,sasb_candidate_builder,aae73100657df1a894893073663551d341eff5438818ef74db8f4ed16ac000fb,185,aae73100657df1a894893073663551d341eff5438818ef74db8f4ed16ac000fb,"{""sasb_builder"": 185}",0,0,0,0,{},0.0,"{""common_neighbor_bin_l1"": 0.0, ""degree_product_bin_l1"": 0.0, ""is_boundary_edge_l1"": 0.0, ""is_bridge_edge_l1"": 0.0, ""is_inter_community_edge_l1"": 0.0, ""is_low_common_neighbor_edge_l1"": 0.0, ""mean_l1"": 0.0}",1,32,32,0.0,0
realworld_completed,bio_celegans,SASB-candidate,sasb,SASB-structured,20260513,1045,middle,0.8984547461368654,0.8984547461368654,0.0,21,21,0,0.5160493827160494,0.5165432098765432,327,9,327--9,4,4,4,4,16,0,0.0,1,4,6,32,"[""96"", ""53"", ""51"", ""363"", ""60"", ""62"", ""343"", ""373"", ""52"", ""364"", ""85"", ""350"", ""82"", ""144"", ""145"", ""83"", ""142"", ""143"", ""220"", ""440"", ""118"", ""147"", ""154"", ""398"", ""97"", ""348"", ""376"", ""119"", ""381"", ""66"", ""207"", ""116""]",6f9ff5db913aeef3403fc7436311b9e5212ec721d41df4d68658d1df2164cfa0,"{""boundary"": 12, ""community_rep"": 5, ""degree_core"": 10, ""random_fill"": 5}","{""degree_2"": 1, ""degree_3_4"": 4, ""degree_5_8"": 1, ""degree_9_plus"": 26}","{""0"": 1, ""1"": 3, ""10"": 1, ""11"": 1, ""12"": 1, ""13"": 2, ""14"": 1, ""2"": 1, ""3"": 4, ""4"": 4, ""5"": 4, ""6"": 2, ""7"": 1, ""8"": 4, ""9"": 2}",185,"{""backend"": ""evaluate_m19_theory_calibrated.candidate_features"", ""delta_mode"": ""none"", ""k_max"": 512, ""k_min"": 64, ""variant"": ""conservative""}",185,0.19556025369978858,0.6594594594594595,0.6594594594594595,0.03783783783783784,1.0,"{""dp_17_64"": 0.05945945945945946, ""dp_257_plus"": 0.32972972972972975, ""dp_5_16"": 0.02702702702702703, ""dp_65_256"": 0.5837837837837838}","{""cn_0"": 1.0}",0.0,230.16756756756757,sasb_candidate_builder,a8299c1b9bb263a8983d2216769c4e7e68648c875daba4300a90d418eb22ef4c,185,a8299c1b9bb263a8983d2216769c4e7e68648c875daba4300a90d418eb22ef4c,"{""sasb_builder"": 185}",0,0,0,0,{},0.0,"{""common_neighbor_bin_l1"": 0.0, ""degree_product_bin_l1"": 0.0, ""is_boundary_edge_l1"": 0.0, ""is_bridge_edge_l1"": 0.0, ""is_inter_community_edge_l1"": 0.0, ""is_low_common_neighbor_edge_l1"": 0.0, ""mean_l1"": 0.0}",1,32,32,0.0,0
realworld_completed,bio_celegans,SASB-candidate,sasb,SASB-structured,20260513,1046,middle,0.8984547461368654,0.8984547461368654,0.0,21,21,0,0.5165432098765432,0.5170370370370371,336,8,336--8,4,4,4,4,16,0,0.0,1,4,6,32,"[""96"", ""53"", ""51"", ""363"", ""60"", ""62"", ""343"", ""373"", ""52"", ""364"", ""85"", ""350"", ""82"", ""144"", ""145"", ""83"", ""142"", ""143"", ""220"", ""440"", ""118"", ""147"", ""154"", ""398"", ""97"", ""348"", ""376"", ""163"", ""356"", ""72"", ""25"", ""37""]",11ff53a3f0e819a15bf45a78f02732b6d423375d33f9ab37297b18bdae3d5a82,"{""boundary"": 12, ""community_rep"": 5, ""degree_core"": 10, ""random_fill"": 5}","{""degree_2"": 1, ""degree_3_4"": 3, ""degree_5_8"": 2, ""degree_9_plus"": 26}","{""0"": 2, ""1"": 3, ""10"": 1, ""11"": 1, ""12"": 1, ""13"": 2, ""14"": 1, ""2"": 1, ""3"": 6, ""4"": 3, ""5"": 5, ""6"": 2, ""7"": 1, ""8"": 2, ""9"": 1}",185,"{""backend"": ""evaluate_m19_theory_calibrated.candidate_features"", ""delta_mode"": ""none"", ""k_max"": 512, ""k_min"": 64, ""variant"": ""conservative""}",185,0.19576719576719576,0.654054054054054,0.654054054054054,0.03783783783783784,1.0,"{""dp_17_64"": 0.05945945945945946, ""dp_257_plus"": 0.32972972972972975, ""dp_5_16"": 0.021621621621621623, ""dp_65_256"": 0.5891891891891892}","{""cn_0"": 1.0}",0.0,230.37297297297297,sasb_candidate_builder,56354e3309222fe2aa6db5baee1b44f35477296d552503cc58718798588cf11f,185,56354e3309222fe2aa6db5baee1b44f35477296d552503cc58718798588cf11f,"{""sasb_builder"": 185}",0,0,0,0,{},0.0,"{""common_neighbor_bin_l1"": 0.0, ""degree_product_bin_l1"": 0.0, ""is_boundary_edge_l1"": 0.0, ""is_bridge_edge_l1"": 0.0, ""is_inter_community_edge_l1"": 0.0, ""is_low_common_neighbor_edge_l1"": 0.0, ""mean_l1"": 0.0}",1,32,32,0.0,0
realworld_completed,bio_celegans,SASB-candidate,sasb,SASB-structured,20260513,1047,middle,0.8984547461368654,0.8984547461368654,0.0,21,21,0,0.5170370370370371,0.5175308641975309,191,62,191--62,3,28,3,28,84,1,0.5,0,6,6,32,"[""96"", ""53"", ""51"", ""363"", ""60"", ""62"", ""343"", ""373"", ""52"", ""364"", ""85"", ""350"", ""82"", ""144"", ""145"", ""83"", ""142"", ""143"", ""220"", ""440"", ""118"", ""147"", ""154"", ""398"", ""97"", ""348"", ""376"", ""224"", ""427"", ""195"", ""43"", ""162""]",99e6817894be5672d504273e4690c1e15da4a70ec6bd6cab0f032e861601c659,"{""boundary"": 12, ""community_rep"": 5, ""degree_core"": 10, ""random_fill"": 5}","{""degree_0_1"": 1, ""degree_3_4"": 5, ""degree_9_plus"": 26}","{""0"": 1, ""1"": 3, ""10"": 1, ""11"": 1, ""12"": 1, ""13"": 2, ""14"": 1, ""2"": 2, ""3"": 5, ""4"": 3, ""5"": 5, ""6"": 3, ""7"": 1, ""8"": 2, ""9"": 1}",185,"{""backend"": ""evaluate_m19_theory_calibrated.candidate_features"", ""delta_mode"": ""none"", ""k_max"": 512, ""k_min"": 64, ""variant"": ""conservative""}",185,0.19597457627118645,0.6486486486486487,0.6486486486486487,0.03783783783783784,1.0,"{""dp_17_64"": 0.05945945945945946, ""dp_257_plus"": 0.32972972972972975, ""dp_5_16"": 0.016216216216216217, ""dp_65_256"": 0.5945945945945946}","{""cn_0"": 1.0}",0.0,230.57837837837837,sasb_candidate_builder,e8382ece80755de2a4ed905e47ba6c7ba4fbfef23775a0d75ae923b0adc5a32a,185,e8382ece80755de2a4ed905e47ba6c7ba4fbfef23775a0d75ae923b0adc5a32a,"{""sasb_builder"": 185}",0,0,0,0,{},0.0,"{""common_neighbor_bin_l1"": 0.0, ""degree_product_bin_l1"": 0.0, ""is_boundary_edge_l1"": 0.0, ""is_bridge_edge_l1"": 0.0, ""is_inter_community_edge_l1"": 0.0, ""is_low_common_neighbor_edge_l1"": 0.0, ""mean_l1"": 0.0}",1,32,32,0.0,0
realworld_completed,bio_celegans,SASB-candidate,sasb,SASB-structured,20260513,1048,middle,0.8984547461368654,0.8984547461368654,0.0,21,21,0,0.5175308641975309,0.5180246913580246,228,363,228--363,6,21,6,21,126,2,0.4,0,3,3,32,"[""96"", ""53"", ""51"", ""363"", ""60"", ""62"", ""343"", ""373"", ""52"", ""364"", ""85"", ""350"", ""82"", ""144"", ""145"", ""83"", ""142"", ""143"", ""220"", ""440"", ""118"", ""147"", ""154"", ""398"", ""97"", ""348"", ""376"", ""282"", ""8"", ""302"", ""423"", ""268""]",f328040fa5b5ed3e05ee69d6294e5e2f9029b8676f9eadafd8083ad98d0906b6,"{""boundary"": 12, ""community_rep"": 5, ""degree_core"": 10, ""random_fill"": 5}","{""degree_0_1"": 1, ""degree_3_4"": 4, ""degree_5_8"": 1, ""degree_9_plus"": 26}","{""0"": 2, ""1"": 2, ""10"": 2, ""11"": 1, ""12"": 1, ""13"": 3, ""14"": 1, ""2"": 1, ""3"": 4, ""4"": 3, ""5"": 4, ""6"": 4, ""7"": 1, ""8"": 2, ""9"": 1}",185,"{""backend"": ""evaluate_m19_theory_calibrated.candidate_features"", ""delta_mode"": ""none"", ""k_max"": 512, ""k_min"": 64, ""variant"": ""conservative""}",185,0.19618239660657477,0.6486486486486487,0.6486486486486487,0.03783783783783784,0.9891891891891892,"{""dp_17_64"": 0.05945945945945946, ""dp_257_plus"": 0.32972972972972975, ""dp_5_16"": 0.016216216216216217, ""dp_65_256"": 0.5945945945945946}","{""cn_0"": 0.9891891891891892, ""cn_2_3"": 0.010810810810810811}",0.021621621621621623,230.92432432432432,sasb_candidate_builder,52a2a67d8b4d5f5570fc5cfccbc44c648d1bde0bd82127094b53c88b92bf621e,185,52a2a67d8b4d5f5570fc5cfccbc44c648d1bde0bd82127094b53c88b92bf621e,"{""sasb_builder"": 185}",0,0,0,0,{},0.0,"{""common_neighbor_bin_l1"": 0.0, ""degree_product_bin_l1"": 0.0, ""is_boundary_edge_l1"": 0.0, ""is_bridge_edge_l1"": 0.0, ""is_inter_community_edge_l1"": 0.0, ""is_low_common_neighbor_edge_l1"": 0.0, ""mean_l1"": 0.0}",1,32,32,3813.0057009422358,0
realworld_completed,bio_celegans,SASB-candidate,sasb,SASB-structured,20260513,1049,middle,0.8984547461368654,0.8984547461368654,0.0,21,21,0,0.5180246913580246,0.5185185185185185,197,62,197--62,3,27,3,27,81,1,0.5,0,6,6,32,"[""96"", ""53"", ""51"", ""363"", ""60"", ""62"", ""343"", ""373"", ""52"", ""364"", ""85"", ""350"", ""82"", ""144"", ""145"", ""83"", ""142"", ""143"", ""220"", ""440"", ""118"", ""147"", ""154"", ""398"", ""97"", ""348"", ""376"", ""103"", ""299"", ""345"", ""134"", ""293""]",b7d0362bd97ce913e47d3186918dd95d2cfccb1cc374f554da763361e90b2d40,"{""boundary"": 12, ""community_rep"": 5, ""degree_core"": 10, ""random_fill"": 5}","{""degree_0_1"": 1, ""degree_2"": 2, ""degree_3_4"": 2, ""degree_5_8"": 1, ""degree_9_plus"": 26}","{""0"": 1, ""1"": 2, ""10"": 3, ""11"": 1, ""12"": 1, ""13"": 2, ""14"": 1, ""2"": 3, ""3"": 4, ""4"": 3, ""5"": 4, ""6"": 2, ""7"": 1, ""8"": 3, ""9"": 1}",185,"{""backend"": ""evaluate_m19_theory_calibrated.candidate_features"", ""delta_mode"": ""none"", ""k_max"": 512, ""k_min"": 64, ""variant"": ""conservative""}",185,0.19639065817409768,0.6486486486486487,0.6486486486486487,0.03783783783783784,1.0,"{""dp_17_64"": 0.05945945945945946, ""dp_257_plus"": 0.32972972972972975, ""dp_5_16"": 0.016216216216216217, ""dp_65_256"": 0.5945945945945946}","{""cn_0"": 1.0}",0.0,228.8108108108108,sasb_candidate_builder,d9b708feced5cdfa359d157039ec25139dc912228bf8e84f9b0add4da8ae8968,185,d9b708feced5cdfa359d157039ec25139dc912228bf8e84f9b0add4da8ae8968,"{""sasb_builder"": 185}",0,0,0,0,{},0.0,"{""common_neighbor_bin_l1"": 0.0, ""degree_product_bin_l1"": 0.0, ""is_boundary_edge_l1"": 0.0, ""is_bridge_edge_l1"": 0.0, ""is_inter_community_edge_l1"": 0.0, ""is_low_common_neighbor_edge_l1"": 0.0, ""mean_l1"": 0.0}",1,32,32,0.0,0
realworld_completed,bio_celegans,SASB-candidate,sasb,SASB-structured,20260513,1050,middle,0.8984547461368654,0.8984547461368654,0.0,21,21,0,0.5185185185185185,0.5190123456790123,108,52,108--52,5,16,5,16,80,1,0.25,0,3,3,32,"[""96"", ""53"", ""51"", ""60"", ""363"", ""62"", ""343"", ""373"", ""52"", ""364"", ""85"", ""350"", ""82"", ""144"", ""145"", ""83"", ""142"", ""143"", ""220"", ""440"", ""118"", ""147"", ""154"", ""398"", ""97"", ""348"", ""376"", ""270"", ""359"", ""384"", ""149"", ""382""]",89cd1ba1b1c157f740e3adaf9762ab1e476990d6798bb5c37a39d79e24809190,"{""boundary"": 12, ""community_rep"": 5, ""degree_core"": 10, ""random_fill"": 5}","{""degree_3_4"": 3, ""degree_5_8"": 3, ""degree_9_plus"": 26}","{""0"": 2, ""1"": 3, ""10"": 2, ""11"": 1, ""12"": 2, ""13"": 2, ""14"": 2, ""2"": 1, ""3"": 4, ""4"": 3, ""5"": 4, ""6"": 3, ""7"": 1, ""8"": 1, ""9"": 1}",185,"{""backend"": ""evaluate_m19_theory_calibrated.candidate_features"", ""delta_mode"": ""none"", ""k_max"": 512, ""k_min"": 64, ""variant"": ""conservative""}",185,0.19659936238044634,0.6378378378378379,0.6378378378378379,0.03783783783783784,1.0,"{""dp_17_64"": 0.05945945945945946, ""dp_257_plus"": 0.32972972972972975, ""dp_5_16"": 0.016216216216216217, ""dp_65_256"": 0.5945945945945946}","{""cn_0"": 1.0}",0.0,228.67027027027027,sasb_candidate_builder,b41967645201dee8a0ef53323cc2b3d465361c1a66f278bd17ae4eee35eb57ab,185,b41967645201dee8a0ef53323cc2b3d465361c1a66f278bd17ae4eee35eb57ab,"{""sasb_builder"": 185}",0,0,0,0,{},0.0,"{""common_neighbor_bin_l1"": 0.0, ""degree_product_bin_l1"": 0.0, ""is_boundary_edge_l1"": 0.0, ""is_bridge_edge_l1"": 0.0, ""is_inter_community_edge_l1"": 0.0, ""is_low_common_neighbor_edge_l1"": 0.0, ""mean_l1"": 0.0}",1,32,32,0.0,0
realworld_completed,bio_celegans,SASB-candidate,sasb,SASB-structured,20260513,1051,middle,0.8984547461368654,0.8984547461368654,0.0,21,21,0,0.5190123456790123,0.5195061728395062,108,109,108--109,4,11,4,11,44,0,0.0,0,13,13,32,"[""96"", ""53"", ""51"", ""60"", ""363"", ""62"", ""343"", ""373"", ""52"", ""364"", ""85"", ""350"", ""82"", ""144"", ""145"", ""83"", ""142"", ""143"", ""220"", ""440"", ""118"", ""147"", ""154"", ""398"", ""97"", ""348"", ""376"", ""123"", ""331"", ""223"", ""6"", ""247""]",4b9a1b0b2cdd7e710aacd6337c713b11f78d93645fee84668d9741361f0852be,"{""boundary"": 12, ""community_rep"": 5, ""degree_core"": 10, ""random_fill"": 5}","{""degree_0_1"": 2, ""degree_2"": 2, ""degree_3_4"": 2, ""degree_9_plus"": 26}","{""0"": 2, ""1"": 2, ""10"": 4, ""11"": 1, ""12"": 3, ""13"": 1, ""14"": 1, ""2"": 1, ""3"": 4, ""4"": 3, ""5"": 4, ""6"": 2, ""7"": 2, ""8"": 1, ""9"": 1}",185,"{""backend"": ""evaluate_m19_theory_calibrated.candidate_features"", ""delta_mode"": ""none"", ""k_max"": 512, ""k_min"": 64, ""variant"": ""conservative""}",185,0.19680851063829788,0.6378378378378379,0.6378378378378379,0.03783783783783784,1.0,"{""dp_17_64"": 0.06486486486486487, ""dp_257_plus"": 0.32972972972972975, ""dp_5_16"": 0.016216216216216217, ""dp_65_256"": 0.5891891891891892}","{""cn_0"": 1.0}",0.0,228.23783783783784,sasb_candidate_builder,3d92edf01db96c7c7186911767558a0fbb6ffb7ac0b1da45a8a5890f6c4177a3,185,3d92edf01db96c7c7186911767558a0fbb6ffb7ac0b1da45a8a5890f6c4177a3,"{""sasb_builder"": 185}",0,0,0,0,{},0.0,"{""common_neighbor_bin_l1"": 0.0, ""degree_product_bin_l1"": 0.0, ""is_boundary_edge_l1"": 0.0, ""is_bridge_edge_l1"": 0.0, ""is_inter_community_edge_l1"": 0.0, ""is_low_common_neighbor_edge_l1"": 0.0, ""mean_l1"": 0.0}",1,32,32,429.0138135589313,0
realworld_completed,bio_celegans,SASB-candidate,sasb,SASB-structured,20260513,1052,middle,0.8984547461368654,0.8984547461368654,0.0,21,21,0,0.5195061728395062,0.52,144,72,144--72,24,5,5,24,120,2,0.5,0,1,1,32,"[""96"", ""53"", ""51"", ""60"", ""363"", ""62"", ""343"", ""373"", ""52"", ""364"", ""85"", ""350"", ""82"", ""144"", ""145"", ""83"", ""142"", ""143"", ""220"", ""440"", ""118"", ""147"", ""154"", ""398"", ""97"", ""348"", ""376"", ""415"", ""159"", ""329"", ""422"", ""61""]",d1adb3eb178a66702b834475113cab1bfbfff9d9acadc8def61311f968c7be51,"{""boundary"": 12, ""community_rep"": 5, ""degree_core"": 10, ""random_fill"": 5}","{""degree_0_1"": 1, ""degree_2"": 1, ""degree_3_4"": 3, ""degree_9_plus"": 27}","{""0"": 3, ""1"": 2, ""10"": 2, ""11"": 1, ""12"": 2, ""13"": 1, ""14"": 1, ""2"": 2, ""3"": 4, ""4"": 3, ""5"": 5, ""6"": 3, ""7"": 1, ""8"": 1, ""9"": 1}",185,"{""backend"": ""evaluate_m19_theory_calibrated.candidate_features"", ""delta_mode"": ""none"", ""k_max"": 512, ""k_min"": 64, ""variant"": ""conservative""}",185,0.19701810436634717,0.6378378378378379,0.6378378378378379,0.03783783783783784,1.0,"{""dp_17_64"": 0.05945945945945946, ""dp_257_plus"": 0.32972972972972975, ""dp_5_16"": 0.016216216216216217, ""dp_65_256"": 0.5945945945945946}","{""cn_0"": 1.0}",0.0,228.86486486486487,sasb_candidate_builder,c83123d9c9f5bb8089c96e27f41cc5688453b79943b90813634eb1cb462075bc,185,c83123d9c9f5bb8089c96e27f41cc5688453b79943b90813634eb1cb462075bc,"{""sasb_builder"": 185}",0,0,0,0,{},0.0,"{""common_neighbor_bin_l1"": 0.0, ""degree_product_bin_l1"": 0.0, ""is_boundary_edge_l1"": 0.0, ""is_bridge_edge_l1"": 0.0, ""is_inter_community_edge_l1"": 0.0, ""is_low_common_neighbor_edge_l1"": 0.0, ""mean_l1"": 0.0}",1,32,32,0.0,0
realworld_completed,bio_celegans,SASB-candidate,sasb,SASB-structured,20260513,1053,middle,0.8984547461368654,0.8984547461368654,0.0,21,21,0,0.52,0.5204938271604939,145,417,145--417,24,5,5,24,120,2,0.5,0,1,1,32,"[""96"", ""53"", ""51"", ""60"", ""363"", ""62"", ""343"", ""373"", ""52"", ""364"", ""85"", ""350"", ""82"", ""145"", ""83"", ""144"", ""142"", ""143"", ""220"", ""440"", ""118"", ""147"", ""154"", ""398"", ""97"", ""348"", ""376"", ""189"", ""181"", ""449"", ""401"", ""442""]",f59c54e2f0ade2e080694454e8bdf530c023d0aac52b09714d2b1cdff9335684,"{""boundary"": 12, ""community_rep"": 5, ""degree_core"": 10, ""random_fill"": 5}","{""degree_0_1"": 1, ""degree_2"": 1, ""degree_3_4"": 2, ""degree_5_8"": 2, ""degree_9_plus"": 26}","{""0"": 3, ""1"": 2, ""10"": 3, ""11"": 1, ""12"": 2, ""13"": 2, ""14"": 1, ""2"": 2, ""3"": 4, ""4"": 3, ""5"": 4, ""6"": 2, ""7"": 1, ""8"": 1, ""9"": 1}",185,"{""backend"": ""evaluate_m19_theory_calibrated.candidate_features"", ""delta_mode"": ""none"", ""k_max"": 512, ""k_min"": 64, ""variant"": ""conservative""}",185,0.19722814498933902,0.6378378378378379,0.6378378378378379,0.03783783783783784,0.9945945945945946,"{""dp_17_64"": 0.05945945945945946, ""dp_257_plus"": 0.32972972972972975, ""dp_5_16"": 0.016216216216216217, ""dp_65_256"": 0.5945945945945946}","{""cn_0"": 0.9945945945945946, ""cn_2_3"": 0.005405405405405406}",0.010810810810810811,228.71891891891892,sasb_candidate_builder,f7d2b0342a3555c63c36a1a798a90157edfe9169f9a5e2810c3ffed584ec5748,185,f7d2b0342a3555c63c36a1a798a90157edfe9169f9a5e2810c3ffed584ec5748,"{""sasb_builder"": 185}",0,0,0,0,{},0.0,"{""common_neighbor_bin_l1"": 0.0, ""degree_product_bin_l1"": 0.0, ""is_boundary_edge_l1"": 0.0, ""is_bridge_edge_l1"": 0.0, ""is_inter_community_edge_l1"": 0.0, ""is_low_common_neighbor_edge_l1"": 0.0, ""mean_l1"": 0.0}",1,32,32,6830.323293895491,0
realworld_completed,bio_celegans,SASB-candidate,sasb,SASB-structured,20260513,1054,middle,0.8984547461368654,0.8984547461368654,0.0,21,21,0,0.5204938271604939,0.5209876543209877,144,417,144--417,23,4,4,23,92,1,0.3333333333333333,0,1,1,32,"[""96"", ""53"", ""51"", ""60"", ""363"", ""62"", ""343"", ""373"", ""52"", ""364"", ""85"", ""350"", ""82"", ""83"", ""144"", ""145"", ""142"", ""143"", ""220"", ""440"", ""118"", ""147"", ""154"", ""398"", ""97"", ""348"", ""376"", ""421"", ""312"", ""63"", ""108"", ""163""]",8455de110c126a876c5988908d374ff289ca4c5237c9aa3ee724f9d230b151ec,"{""boundary"": 12, ""community_rep"": 5, ""degree_core"": 10, ""random_fill"": 5}","{""degree_3_4"": 4, ""degree_5_8"": 2, ""degree_9_plus"": 26}","{""0"": 3, ""1"": 3, ""10"": 2, ""11"": 1, ""12"": 2, ""13"": 1, ""14"": 1, ""2"": 1, ""3"": 6, ""4"": 3, ""5"": 4, ""6"": 2, ""7"": 1, ""8"": 1, ""9"": 1}",184,"{""backend"": ""evaluate_m19_theory_calibrated.candidate_features"", ""delta_mode"": ""none"", ""k_max"": 512, ""k_min"": 64, ""variant"": ""conservative""}",184,0.19637139807897544,0.6413043478260869,0.6413043478260869,0.03804347826086957,1.0,"{""dp_17_64"": 0.059782608695652176, ""dp_257_plus"": 0.33152173913043476, ""dp_5_16"": 0.016304347826086956, ""dp_65_256"": 0.592391304347826}","{""cn_0"": 0.9945652173913043, ""cn_1"": 0.005434782608695652}",0.005434782608695652,228.5163043478261,sasb_candidate_builder,808fdc65d4fd5ec8abbdd61edab8279c4b353c06e1eb03305fbc82f953584cc5,184,808fdc65d4fd5ec8abbdd61edab8279c4b353c06e1eb03305fbc82f953584cc5,"{""sasb_builder"": 184}",0,0,0,0,{},0.0,"{""common_neighbor_bin_l1"": 0.0, ""degree_product_bin_l1"": 0.0, ""is_boundary_edge_l1"": 0.0, ""is_bridge_edge_l1"": 0.0, ""is_inter_community_edge_l1"": 0.0, ""is_low_common_neighbor_edge_l1"": 0.0, ""mean_l1"": 0.0}",1,32,32,15479.469233379225,0
realworld_completed,bio_celegans,SASB-candidate,sasb,SASB-structured,20260513,1055,middle,0.8984547461368654,0.8984547461368654,0.0,21,21,0,0.5209876543209877,0.5214814814814814,145,72,145--72,23,4,4,23,92,1,0.3333333333333333,0,1,1,32,"[""96"", ""53"", ""51"", ""60"", ""363"", ""62"", ""343"", ""373"", ""52"", ""364"", ""85"", ""350"", ""82"", ""83"", ""145"", ""142"", ""143"", ""144"", ""220"", ""440"", ""118"", ""147"", ""154"", ""398"", ""97"", ""348"", ""376"", ""125"", ""23"", ""312"", ""255"", ""441""]",ddfcaa33f5aa43875ef57aaac2bb6babaa82c277218dc3c1faa5a0ccad023d55,"{""boundary"": 12, ""community_rep"": 5, ""degree_core"": 10, ""random_fill"": 5}","{""degree_2"": 2, ""degree_3_4"": 3, ""degree_5_8"": 1, ""degree_9_plus"": 26}","{""0"": 2, ""1"": 4, ""10"": 2, ""11"": 1, ""12"": 3, ""13"": 1, ""14"": 1, ""2"": 1, ""3"": 4, ""4"": 3, ""5"": 5, ""6"": 2, ""7"": 1, ""8"": 1, ""9"": 1}",184,"{""backend"": ""evaluate_m19_theory_calibrated.candidate_features"", ""delta_mode"": ""none"", ""k_max"": 512, ""k_min"": 64, ""variant"": ""conservative""}",184,0.19658119658119658,0.6413043478260869,0.6413043478260869,0.03804347826086957,1.0,"{""dp_17_64"": 0.059782608695652176, ""dp_257_plus"": 0.33152173913043476, ""dp_5_16"": 0.016304347826086956, ""dp_65_256"": 0.592391304347826}","{""cn_0"": 1.0}",0.0,228.4836956521739,sasb_candidate_builder,e90d411e222870c4142eaee83f0ac6613ba433268483461e3e9c0db36417ea7e,184,e90d411e222870c4142eaee83f0ac6613ba433268483461e3e9c0db36417ea7e,"{""sasb_builder"": 184}",0,0,0,0,{},0.0,"{""common_neighbor_bin_l1"": 0.0, ""degree_product_bin_l1"": 0.0, ""is_boundary_edge_l1"": 0.0, ""is_bridge_edge_l1"": 0.0, ""is_inter_community_edge_l1"": 0.0, ""is_low_common_neighbor_edge_l1"": 0.0, ""mean_l1"": 0.0}",1,32,32,0.0,0
realworld_completed,bio_celegans,SASB-candidate,sasb,SASB-structured,20260513,1056,middle,0.8984547461368654,0.8984547461368654,0.0,21,21,0,0.5214814814814814,0.5219753086419753,163,363,163--363,6,20,6,20,120,2,0.4,0,3,3,32,"[""96"", ""53"", ""51"", ""60"", ""363"", ""62"", ""343"", ""373"", ""52"", ""364"", ""85"", ""350"", ""82"", ""83"", ""142"", ""143"", ""144"", ""145"", ""220"", ""440"", ""118"", ""147"", ""154"", ""398"", ""97"", ""348"", ""376"", ""316"", ""194"", ""120"", ""284"", ""43""]",3bb856e87ea67eb6a22894c07c51ef317fef30a4172f324780a2a1be4e6e6c34,"{""boundary"": 12, ""community_rep"": 5, ""degree_core"": 10, ""random_fill"": 5}","{""degree_0_1"": 1, ""degree_3_4"": 5, ""degree_9_plus"": 26}","{""0"": 1, ""1"": 4, ""10"": 3, ""11"": 1, ""12"": 2, ""13"": 2, ""14"": 1, ""2"": 2, ""3"": 4, ""4"": 3, ""5"": 4, ""6"": 2, ""7"": 1, ""8"": 1, ""9"": 1}",184,"{""backend"": ""evaluate_m19_theory_calibrated.candidate_features"", ""delta_mode"": ""none"", ""k_max"": 512, ""k_min"": 64, ""variant"": ""conservative""}",184,0.19679144385026737,0.6413043478260869,0.6413043478260869,0.03804347826086957,0.9945652173913043,"{""dp_17_64"": 0.059782608695652176, ""dp_257_plus"": 0.33152173913043476, ""dp_5_16"": 0.016304347826086956, ""dp_65_256"": 0.592391304347826}","{""cn_0"": 0.9945652173913043, ""cn_2_3"": 0.005434782608695652}",0.010869565217391304,228.6195652173913,sasb_candidate_builder,631562dbb6bedd2c03d0e560fa95ad480ddc65eb0e59d204542e0e962b482e8c,184,631562dbb6bedd2c03d0e560fa95ad480ddc65eb0e59d204542e0e962b482e8c,"{""sasb_builder"": 184}",0,0,0,0,{},0.0,"{""common_neighbor_bin_l1"": 0.0, ""degree_product_bin_l1"": 0.0, ""is_boundary_edge_l1"": 0.0, ""is_bridge_edge_l1"": 0.0, ""is_inter_community_edge_l1"": 0.0, ""is_low_common_neighbor_edge_l1"": 0.0, ""mean_l1"": 0.0}",1,32,32,864.1684864200569,0
realworld_completed,bio_celegans,SASB-candidate,sasb,SASB-structured,20260513,1057,middle,0.8984547461368654,0.8984547461368654,0.0,21,21,0,0.5219753086419753,0.5224691358024691,343,61,343--61,22,9,9,22,198,0,0.0,1,12,3,32,"[""96"", ""53"", ""51"", ""60"", ""363"", ""62"", ""343"", ""373"", ""52"", ""364"", ""85"", ""350"", ""82"", ""83"", ""142"", ""143"", ""144"", ""145"", ""220"", ""440"", ""118"", ""147"", ""154"", ""398"", ""97"", ""348"", ""376"", ""262"", ""134"", ""294"", ""312"", ""1""]",5b4d3a668502f66dd4c9daf6f454b2c93321d7f1cbc9dca4ca5e0ab49570373f,"{""boundary"": 12, ""community_rep"": 5, ""degree_core"": 10, ""random_fill"": 5}","{""degree_0_1"": 1, ""degree_2"": 1, ""degree_3_4"": 3, ""degree_5_8"": 1, ""degree_9_plus"": 26}","{""0"": 1, ""1"": 3, ""10"": 3, ""11"": 1, ""12"": 4, ""13"": 1, ""14"": 1, ""2"": 2, ""3"": 4, ""4"": 3, ""5"": 4, ""6"": 2, ""7"": 1, ""8"": 1, ""9"": 1}",184,"{""backend"": ""evaluate_m19_theory_calibrated.candidate_features"", ""delta_mode"": ""none"", ""k_max"": 512, ""k_min"": 64, ""variant"": ""conservative""}",184,0.19700214132762311,0.6413043478260869,0.6413043478260869,0.03804347826086957,1.0,"{""dp_17_64"": 0.059782608695652176, ""dp_257_plus"": 0.33152173913043476, ""dp_5_16"": 0.016304347826086956, ""dp_65_256"": 0.592391304347826}","{""cn_0"": 1.0}",0.0,227.19565217391303,sasb_candidate_builder,e01971883b412e86b0df97099e94389910b309a48b6d68289f4f66ef9f97d5e9,184,e01971883b412e86b0df97099e94389910b309a48b6d68289f4f66ef9f97d5e9,"{""sasb_builder"": 184}",0,0,0,0,{},0.0,"{""common_neighbor_bin_l1"": 0.0, ""degree_product_bin_l1"": 0.0, ""is_boundary_edge_l1"": 0.0, ""is_bridge_edge_l1"": 0.0, ""is_inter_community_edge_l1"": 0.0, ""is_low_common_neighbor_edge_l1"": 0.0, ""mean_l1"": 0.0}",1,32,32,0.0,0
realworld_completed,bio_celegans,SASB-candidate,sasb,SASB-structured,20260513,1058,middle,0.8984547461368654,0.8984547461368654,0.0,21,21,0,0.5224691358024691,0.522962962962963,343,62,343--62,21,26,21,26,546,0,0.0,1,12,6,32,"[""96"", ""53"", ""51"", ""60"", ""363"", ""62"", ""343"", ""373"", ""52"", ""364"", ""85"", ""350"", ""82"", ""83"", ""142"", ""143"", ""144"", ""145"", ""220"", ""440"", ""118"", ""147"", ""154"", ""398"", ""97"", ""348"", ""376"", ""16"", ""240"", ""59"", ""400"", ""230""]",856fe9a07ebe78e8014704ac5356ac9a41c9f0df26c2fa3456b1266ed850313e,"{""boundary"": 12, ""community_rep"": 5, ""degree_core"": 10, ""random_fill"": 5}","{""degree_0_1"": 1, ""degree_2"": 2, ""degree_3_4"": 2, ""degree_5_8"": 1, ""degree_9_plus"": 26}","{""0"": 3, ""1"": 2, ""10"": 2, ""11"": 2, ""12"": 2, ""13"": 1, ""14"": 1, ""2"": 2, ""3"": 4, ""4"": 3, ""5"": 4, ""6"": 2, ""7"": 1, ""8"": 1, ""9"": 2}",184,"{""backend"": ""evaluate_m19_theory_calibrated.candidate_features"", ""delta_mode"": ""none"", ""k_max"": 512, ""k_min"": 64, ""variant"": ""conservative""}",184,0.19721329046087888,0.6358695652173914,0.6358695652173914,0.03804347826086957,1.0,"{""dp_17_64"": 0.059782608695652176, ""dp_257_plus"": 0.32608695652173914, ""dp_5_16"": 0.016304347826086956, ""dp_65_256"": 0.5978260869565217}","{""cn_0"": 1.0}",0.0,225.7336956521739,sasb_candidate_builder,1468df9b7951843dccc216ce025d828b577e70593550c86245ee999ec3a2b84a,184,1468df9b7951843dccc216ce025d828b577e70593550c86245ee999ec3a2b84a,"{""sasb_builder"": 184}",0,0,0,0,{},0.0,"{""common_neighbor_bin_l1"": 0.0, ""degree_product_bin_l1"": 0.0, ""is_boundary_edge_l1"": 0.0, ""is_bridge_edge_l1"": 0.0, ""is_inter_community_edge_l1"": 0.0, ""is_low_common_neighbor_edge_l1"": 0.0, ""mean_l1"": 0.0}",1,32,32,0.0,0
realworld_completed,bio_celegans,SASB-candidate,sasb,SASB-structured,20260513,1059,middle,0.8984547461368654,0.8984547461368654,0.0,21,21,0,0.522962962962963,0.5234567901234568,53,84,53--84,38,3,3,38,114,2,1.0,0,12,12,32,"[""96"", ""53"", ""51"", ""60"", ""363"", ""62"", ""343"", ""373"", ""52"", ""364"", ""85"", ""350"", ""82"", ""83"", ""142"", ""143"", ""144"", ""145"", ""220"", ""440"", ""118"", ""147"", ""154"", ""398"", ""97"", ""348"", ""376"", ""316"", ""45"", ""185"", ""362"", ""382""]",68b134806cf6c87eb10a17f9701ccf10a22d60f8c9b835f5129596b81ae42e73,"{""boundary"": 12, ""community_rep"": 5, ""degree_core"": 10, ""random_fill"": 5}","{""degree_2"": 1, ""degree_3_4"": 4, ""degree_5_8"": 1, ""degree_9_plus"": 26}","{""0"": 2, ""1"": 3, ""10"": 2, ""11"": 1, ""12"": 3, ""13"": 2, ""14"": 2, ""2"": 1, ""3"": 4, ""4"": 3, ""5"": 4, ""6"": 2, ""7"": 1, ""8"": 1, ""9"": 1}",184,"{""backend"": ""evaluate_m19_theory_calibrated.candidate_features"", ""delta_mode"": ""none"", ""k_max"": 512, ""k_min"": 64, ""variant"": ""conservative""}",184,0.19742489270386265,0.6304347826086957,0.6304347826086957,0.043478260869565216,0.9945652173913043,"{""dp_17_64"": 0.06521739130434782, ""dp_257_plus"": 0.31521739130434784, ""dp_5_16"": 0.016304347826086956, ""dp_65_256"": 0.6032608695652174}","{""cn_0"": 0.9945652173913043, ""cn_2_3"": 0.005434782608695652}",0.010869565217391304,222.58152173913044,sasb_candidate_builder,86c60f26646e0591f41cf047d8178facb3092d913cddde4b08e3613a66fa43db,184,86c60f26646e0591f41cf047d8178facb3092d913cddde4b08e3613a66fa43db,"{""sasb_builder"": 184}",0,0,0,0,{},0.0,"{""common_neighbor_bin_l1"": 0.0, ""degree_product_bin_l1"": 0.0, ""is_boundary_edge_l1"": 0.0, ""is_bridge_edge_l1"": 0.0, ""is_inter_community_edge_l1"": 0.0, ""is_low_common_neighbor_edge_l1"": 0.0, ""mean_l1"": 0.0}",1,32,32,207.52760416666666,0
realworld_completed,bio_celegans,SASB-candidate,sasb,SASB-structured,20260513,1060,middle,0.8984547461368654,0.8984547461368654,0.0,21,21,0,0.5234567901234568,0.5239506172839506,11,417,11--417,3,3,3,3,9,0,0.0,1,1,9,32,"[""96"", ""53"", ""51"", ""60"", ""62"", ""363"", ""343"", ""373"", ""364"", ""52"", ""85"", ""350"", ""82"", ""83"", ""142"", ""143"", ""144"", ""145"", ""220"", ""440"", ""118"", ""147"", ""154"", ""398"", ""97"", ""348"", ""259"", ""376"", ""20"", ""312"", ""40"", ""66""]",7149563747db34073fdfcbd718ca7245ef0a7bed3e2f54ce65029aefca9a9b29,"{""boundary"": 12, ""community_rep"": 6, ""degree_core"": 10, ""random_fill"": 4}","{""degree_3_4"": 4, ""degree_5_8"": 1, ""degree_9_plus"": 27}","{""0"": 1, ""1"": 3, ""10"": 5, ""11"": 1, ""12"": 1, ""13"": 1, ""14"": 2, ""15"": 2, ""2"": 1, ""3"": 1, ""4"": 3, ""5"": 5, ""6"": 2, ""7"": 1, ""8"": 1, ""9"": 2}",184,"{""backend"": ""evaluate_m19_theory_calibrated.candidate_features"", ""delta_mode"": ""none"", ""k_max"": 512, ""k_min"": 64, ""variant"": ""conservative""}",184,0.19763694951664876,0.6195652173913043,0.6195652173913043,0.043478260869565216,0.9945652173913043,"{""dp_17_64"": 0.06521739130434782, ""dp_257_plus"": 0.31521739130434784, ""dp_5_16"": 0.03260869565217391, ""dp_65_256"": 0.5869565217391305}","{""cn_0"": 0.9945652173913043, ""cn_2_3"": 0.005434782608695652}",0.010869565217391304,219.16304347826087,sasb_candidate_builder,ac485910fe7087cec536906309a599eca64406db2340b7f9714d3356b5e9f4d4,184,ac485910fe7087cec536906309a599eca64406db2340b7f9714d3356b5e9f4d4,"{""sasb_builder"": 184}",0,0,0,0,{},0.0,"{""common_neighbor_bin_l1"": 0.0, ""degree_product_bin_l1"": 0.0, ""is_boundary_edge_l1"": 0.0, ""is_bridge_edge_l1"": 0.0, ""is_inter_community_edge_l1"": 0.0, ""is_low_common_neighbor_edge_l1"": 0.0, ""mean_l1"": 0.0}",1,32,32,17136.604371279765,0
realworld_completed,bio_celegans,SASB-candidate,sasb,SASB-structured,20260513,1061,middle,0.8984547461368654,0.8852097130242825,0.013245033112582849,21,22,1,0.5239506172839506,0.5244444444444445,259,383,259--383,3,4,3,4,12,0,0.0,0,10,10,32,"[""96"", ""53"", ""51"", ""60"", ""62"", ""363"", ""343"", ""373"", ""364"", ""52"", ""85"", ""350"", ""82"", ""83"", ""142"", ""143"", ""144"", ""145"", ""220"", ""440"", ""118"", ""147"", ""154"", ""398"", ""97"", ""348"", ""259"", ""376"", ""137"", ""61"", ""126"", ""403""]",91979b4932523b838f0a2d3abe2eb8b4e0a3616a50c91dcf06ec8248daca1395,"{""boundary"": 12, ""community_rep"": 6, ""degree_core"": 10, ""random_fill"": 4}","{""degree_2"": 2, ""degree_3_4"": 3, ""degree_5_8"": 1, ""degree_9_plus"": 26}","{""0"": 1, ""1"": 2, ""10"": 6, ""11"": 1, ""12"": 1, ""13"": 1, ""14"": 1, ""15"": 3, ""2"": 1, ""3"": 1, ""4"": 3, ""5"": 5, ""6"": 2, ""7"": 1, ""8"": 1, ""9"": 2}",184,"{""backend"": ""evaluate_m19_theory_calibrated.candidate_features"", ""delta_mode"": ""none"", ""k_max"": 512, ""k_min"": 64, ""variant"": ""conservative""}",184,0.1978494623655914,0.6141304347826086,0.6141304347826086,0.04891304347826087,0.9945652173913043,"{""dp_17_64"": 0.06521739130434782, ""dp_257_plus"": 0.31521739130434784, ""dp_5_16"": 0.02717391304347826, ""dp_65_256"": 0.592391304347826}","{""cn_0"": 0.9945652173913043, ""cn_2_3"": 0.005434782608695652}",0.010869565217391304,219.66847826086956,sasb_candidate_builder,de3fe902b6e539a2bf9ec80e623e74292b02e95c9b9801872b630e686e360ff4,184,de3fe902b6e539a2bf9ec80e623e74292b02e95c9b9801872b630e686e360ff4,"{""sasb_builder"": 184}",0,0,0,0,{},0.0,"{""common_neighbor_bin_l1"": 0.0, ""degree_product_bin_l1"": 0.0, ""is_boundary_edge_l1"": 0.0, ""is_bridge_edge_l1"": 0.0, ""is_inter_community_edge_l1"": 0.0, ""is_low_common_neighbor_edge_l1"": 0.0, ""mean_l1"": 0.0}",1,32,32,7465.90625,0
realworld_completed,bio_celegans,SASB-candidate,sasb,SASB-structured,20260513,1062,middle,0.8852097130242825,0.8852097130242825,0.0,22,22,0,0.5244444444444445,0.5249382716049382,162,61,162--61,4,8,4,8,32,0,0.0,0,2,2,32,"[""96"", ""53"", ""51"", ""60"", ""62"", ""363"", ""343"", ""373"", ""364"", ""52"", ""85"", ""350"", ""82"", ""83"", ""142"", ""143"", ""144"", ""145"", ""220"", ""440"", ""118"", ""147"", ""154"", ""398"", ""97"", ""348"", ""376"", ""392"", ""7"", ""77"", ""9"", ""50""]",829e9d40bd9bdb2439e29f76be21b0c1f2d7d06bde8abab29e4bf4901c861de9,"{""boundary"": 12, ""community_rep"": 5, ""degree_core"": 10, ""random_fill"": 5}","{""degree_2"": 2, ""degree_3_4"": 3, ""degree_5_8"": 1, ""degree_9_plus"": 26}","{""0"": 3, ""1"": 2, ""10"": 4, ""11"": 1, ""13"": 1, ""14"": 2, ""15"": 2, ""2"": 1, ""3"": 1, ""4"": 3, ""5"": 4, ""6"": 4, ""7"": 1, ""8"": 1, ""9"": 2}",183,"{""backend"": ""evaluate_m19_theory_calibrated.candidate_features"", ""delta_mode"": ""none"", ""k_max"": 512, ""k_min"": 64, ""variant"": ""conservative""}",183,0.19805194805194806,0.6120218579234973,0.6120218579234973,0.04371584699453552,0.994535519125683,"{""dp_17_64"": 0.06557377049180328, ""dp_257_plus"": 0.31693989071038253, ""dp_5_16"": 0.02185792349726776, ""dp_65_256"": 0.5956284153005464}","{""cn_0"": 0.994535519125683, ""cn_2_3"": 0.00546448087431694}",0.01092896174863388,220.40437158469945,sasb_candidate_builder,8a74437db0919649808f4a08233a84bab9fe37bade92c2a156b9dae42772c268,183,8a74437db0919649808f4a08233a84bab9fe37bade92c2a156b9dae42772c268,"{""sasb_builder"": 183}",0,0,0,0,{},0.0,"{""common_neighbor_bin_l1"": 0.0, ""degree_product_bin_l1"": 0.0, ""is_boundary_edge_l1"": 0.0, ""is_bridge_edge_l1"": 0.0, ""is_inter_community_edge_l1"": 0.0, ""is_low_common_neighbor_edge_l1"": 0.0, ""mean_l1"": 0.0}",1,32,32,0.0,0
realworld_completed,bio_celegans,SASB-candidate,sasb,SASB-structured,20260513,1063,middle,0.8852097130242825,0.8852097130242825,0.0,22,22,0,0.5249382716049382,0.5254320987654321,118,32,118--32,14,11,11,14,154,3,0.3,0,3,3,32,"[""96"", ""53"", ""51"", ""60"", ""62"", ""363"", ""343"", ""373"", ""364"", ""52"", ""85"", ""350"", ""82"", ""83"", ""142"", ""143"", ""144"", ""145"", ""220"", ""440"", ""118"", ""147"", ""154"", ""398"", ""97"", ""348"", ""376"", ""159"", ""108"", ""103"", ""271"", ""323""]",43d9c4cbfbdf6b4fe8ce611a5a0300c80aaf89fb8b1616ec1f2978fba4deea1b,"{""boundary"": 12, ""community_rep"": 5, ""degree_core"": 10, ""random_fill"": 5}","{""degree_0_1"": 2, ""degree_3_4"": 3, ""degree_5_8"": 1, ""degree_9_plus"": 26}","{""0"": 1, ""1"": 2, ""10"": 5, ""11"": 1, ""13"": 1, ""14"": 1, ""15"": 2, ""2"": 1, ""3"": 1, ""4"": 4, ""5"": 5, ""6"": 3, ""7"": 2, ""8"": 1, ""9"": 2}",183,"{""backend"": ""evaluate_m19_theory_calibrated.candidate_features"", ""delta_mode"": ""none"", ""k_max"": 512, ""k_min"": 64, ""variant"": ""conservative""}",183,0.19826652221018418,0.6065573770491803,0.6065573770491803,0.04371584699453552,0.994535519125683,"{""dp_17_64"": 0.060109289617486336, ""dp_257_plus"": 0.31693989071038253, ""dp_5_16"": 0.02185792349726776, ""dp_65_256"": 0.6010928961748634}","{""cn_0"": 0.994535519125683, ""cn_2_3"": 0.00546448087431694}",0.01092896174863388,220.94535519125682,sasb_candidate_builder,46f8fda085bbabff47633336466a28b44d93fa5c5843d4a045141976b5644c1a,183,46f8fda085bbabff47633336466a28b44d93fa5c5843d4a045141976b5644c1a,"{""sasb_builder"": 183}",0,0,0,0,{},0.0,"{""common_neighbor_bin_l1"": 0.0, ""degree_product_bin_l1"": 0.0, ""is_boundary_edge_l1"": 0.0, ""is_bridge_edge_l1"": 0.0, ""is_inter_community_edge_l1"": 0.0, ""is_low_common_neighbor_edge_l1"": 0.0, ""mean_l1"": 0.0}",1,32,32,0.0,0
realworld_completed,bio_celegans,SASB-candidate,sasb,SASB-structured,20260513,1064,middle,0.8852097130242825,0.8852097130242825,0.0,22,22,0,0.5254320987654321,0.5259259259259259,118,411,118--411,13,8,8,13,104,1,0.14285714285714285,0,3,3,32,"[""96"", ""53"", ""51"", ""60"", ""62"", ""363"", ""343"", ""373"", ""364"", ""52"", ""85"", ""350"", ""82"", ""83"", ""142"", ""143"", ""144"", ""145"", ""220"", ""440"", ""118"", ""147"", ""154"", ""398"", ""97"", ""348"", ""376"", ""365"", ""49"", ""126"", ""385"", ""91""]",803efa2a86fc088d2dcda840d4a11c16ddc8f980120a6341652ad207407d74a1,"{""boundary"": 12, ""community_rep"": 5, ""degree_core"": 10, ""random_fill"": 5}","{""degree_2"": 1, ""degree_3_4"": 5, ""degree_9_plus"": 26}","{""0"": 2, ""1"": 3, ""10"": 5, ""11"": 1, ""13"": 1, ""14"": 2, ""15"": 2, ""2"": 1, ""3"": 1, ""4"": 3, ""5"": 5, ""6"": 2, ""7"": 1, ""8"": 1, ""9"": 2}",183,"{""backend"": ""evaluate_m19_theory_calibrated.candidate_features"", ""delta_mode"": ""none"", ""k_max"": 512, ""k_min"": 64, ""variant"": ""conservative""}",183,0.1984815618221258,0.6065573770491803,0.6065573770491803,0.04371584699453552,0.994535519125683,"{""dp_17_64"": 0.060109289617486336, ""dp_257_plus"": 0.31693989071038253, ""dp_5_16"": 0.02185792349726776, ""dp_65_256"": 0.6010928961748634}","{""cn_0"": 0.9890710382513661, ""cn_1"": 0.00546448087431694, ""cn_2_3"": 0.00546448087431694}",0.01639344262295082,220.672131147541,sasb_candidate_builder,207446806015823199c4d05d7f5ab1e4c713fb9e14e848591f19799901597f43,183,207446806015823199c4d05d7f5ab1e4c713fb9e14e848591f19799901597f43,"{""sasb_builder"": 183}",0,0,0,0,{},0.0,"{""common_neighbor_bin_l1"": 0.0, ""degree_product_bin_l1"": 0.0, ""is_boundary_edge_l1"": 0.0, ""is_bridge_edge_l1"": 0.0, ""is_inter_community_edge_l1"": 0.0, ""is_low_common_neighbor_edge_l1"": 0.0, ""mean_l1"": 0.0}",1,32,32,1415.790265892807,0
realworld_completed,bio_celegans,SASB-candidate,sasb,SASB-structured,20260513,1065,middle,0.8852097130242825,0.8852097130242825,0.0,22,22,0,0.5259259259259259,0.5264197530864198,284,61,284--61,4,7,4,7,28,0,0.0,1,2,10,32,"[""96"", ""53"", ""51"", ""60"", ""62"", ""363"", ""343"", ""373"", ""364"", ""52"", ""85"", ""350"", ""82"", ""83"", ""142"", ""143"", ""144"", ""145"", ""220"", ""440"", ""147"", ""118"", ""154"", ""398"", ""97"", ""348"", ""376"", ""135"", ""224"", ""13"", ""45"", ""371""]",e052427448e5a1f7e341a7bbf64012cace5dc5e9e21140d1328c5569e761e582,"{""boundary"": 12, ""community_rep"": 5, ""degree_core"": 10, ""random_fill"": 5}","{""degree_3_4"": 5, ""degree_5_8"": 1, ""degree_9_plus"": 26}","{""0"": 1, ""1"": 3, ""10"": 4, ""11"": 1, ""13"": 1, ""14"": 1, ""15"": 3, ""2"": 1, ""3"": 3, ""4"": 3, ""5"": 5, ""6"": 2, ""7"": 1, ""8"": 1, ""9"": 2}",182,"{""backend"": ""evaluate_m19_theory_calibrated.candidate_features"", ""delta_mode"": ""none"", ""k_max"": 512, ""k_min"": 64, ""variant"": ""conservative""}",182,0.1976112920738328,0.6098901098901099,0.6098901098901099,0.04395604395604396,0.9945054945054945,"{""dp_17_64"": 0.06043956043956044, ""dp_257_plus"": 0.3131868131868132, ""dp_5_16"": 0.02197802197802198, ""dp_65_256"": 0.6043956043956044}","{""cn_0"": 0.9945054945054945, ""cn_2_3"": 0.005494505494505495}",0.01098901098901099,220.9120879120879,sasb_candidate_builder,8dbcc52b38d4873d5fc1e992ef5192d0cca977c21a42ba9c7e6f2553c000f97b,182,8dbcc52b38d4873d5fc1e992ef5192d0cca977c21a42ba9c7e6f2553c000f97b,"{""sasb_builder"": 182}",0,0,0,0,{},0.0,"{""common_neighbor_bin_l1"": 0.0, ""degree_product_bin_l1"": 0.0, ""is_boundary_edge_l1"": 0.0, ""is_bridge_edge_l1"": 0.0, ""is_inter_community_edge_l1"": 0.0, ""is_low_common_neighbor_edge_l1"": 0.0, ""mean_l1"": 0.0}",1,32,32,0.0,0
realworld_completed,bio_celegans,SASB-candidate,sasb,SASB-structured,20260513,1066,middle,0.8852097130242825,0.8852097130242825,0.0,22,22,0,0.5264197530864198,0.5269135802469136,343,64,343--64,20,6,6,20,120,0,0.0,1,9,13,32,"[""96"", ""53"", ""51"", ""60"", ""62"", ""363"", ""343"", ""373"", ""364"", ""52"", ""85"", ""350"", ""82"", ""83"", ""142"", ""143"", ""144"", ""145"", ""220"", ""440"", ""147"", ""118"", ""154"", ""398"", ""97"", ""348"", ""376"", ""237"", ""89"", ""146"", ""126"", ""232""]",fe6892014628b8131c9b2b0198dd11333996edd078991682e0b02b8b87bc0392,"{""boundary"": 12, ""community_rep"": 5, ""degree_core"": 10, ""random_fill"": 5}","{""degree_0_1"": 1, ""degree_2"": 2, ""degree_3_4"": 2, ""degree_5_8"": 1, ""degree_9_plus"": 26}","{""0"": 3, ""1"": 3, ""10"": 4, ""11"": 1, ""13"": 1, ""14"": 1, ""15"": 2, ""2"": 1, ""3"": 1, ""4"": 4, ""5"": 5, ""6"": 2, ""7"": 1, ""8"": 1, ""9"": 2}",182,"{""backend"": ""evaluate_m19_theory_calibrated.candidate_features"", ""delta_mode"": ""none"", ""k_max"": 512, ""k_min"": 64, ""variant"": ""conservative""}",182,0.19782608695652174,0.6043956043956044,0.6043956043956044,0.04395604395604396,0.9945054945054945,"{""dp_17_64"": 0.054945054945054944, ""dp_257_plus"": 0.3131868131868132, ""dp_5_16"": 0.02197802197802198, ""dp_65_256"": 0.6098901098901099}","{""cn_0"": 0.9945054945054945, ""cn_2_3"": 0.005494505494505495}",0.01098901098901099,221.06593406593407,sasb_candidate_builder,297c36346bd6f02976653a3ce938e97ad8af31d4b0f258a8ba8422b9fe6e8ac3,182,297c36346bd6f02976653a3ce938e97ad8af31d4b0f258a8ba8422b9fe6e8ac3,"{""sasb_builder"": 182}",0,0,0,0,{},0.0,"{""common_neighbor_bin_l1"": 0.0, ""degree_product_bin_l1"": 0.0, ""is_boundary_edge_l1"": 0.0, ""is_bridge_edge_l1"": 0.0, ""is_inter_community_edge_l1"": 0.0, ""is_low_common_neighbor_edge_l1"": 0.0, ""mean_l1"": 0.0}",1,32,32,0.0,0
realworld_completed,bio_celegans,SASB-candidate,sasb,SASB-structured,20260513,1067,middle,0.8852097130242825,0.8852097130242825,0.0,22,22,0,0.5269135802469136,0.5274074074074074,343,85,343--85,19,12,12,19,228,0,0.0,1,10,14,32,"[""96"", ""53"", ""51"", ""60"", ""62"", ""363"", ""373"", ""343"", ""364"", ""52"", ""85"", ""350"", ""82"", ""83"", ""142"", ""143"", ""144"", ""145"", ""220"", ""440"", ""147"", ""118"", ""154"", ""398"", ""97"", ""348"", ""376"", ""324"", ""317"", ""155"", ""270"", ""396""]",faef81c66431ea0df4ca5241b78eb9dca2bea686eccf733127bf0cfe996f7daa,"{""boundary"": 12, ""community_rep"": 5, ""degree_core"": 10, ""random_fill"": 5}","{""degree_2"": 1, ""degree_3_4"": 5, ""degree_9_plus"": 26}","{""0"": 2, ""1"": 2, ""10"": 4, ""11"": 2, ""13"": 1, ""14"": 1, ""15"": 3, ""2"": 1, ""3"": 1, ""4"": 3, ""5"": 5, ""6"": 3, ""7"": 1, ""8"": 1, ""9"": 2}",182,"{""backend"": ""evaluate_m19_theory_calibrated.candidate_features"", ""delta_mode"": ""none"", ""k_max"": 512, ""k_min"": 64, ""variant"": ""conservative""}",182,0.19804134929270947,0.5989010989010989,0.5989010989010989,0.04395604395604396,0.9945054945054945,"{""dp_17_64"": 0.054945054945054944, ""dp_257_plus"": 0.3131868131868132, ""dp_5_16"": 0.02197802197802198, ""dp_65_256"": 0.6098901098901099}","{""cn_0"": 0.9945054945054945, ""cn_2_3"": 0.005494505494505495}",0.01098901098901099,220.23626373626374,sasb_candidate_builder,b683e5af31c46e5829bbfcc372be7127261bb3b1c3f861562cdde7532bb2b5d7,182,b683e5af31c46e5829bbfcc372be7127261bb3b1c3f861562cdde7532bb2b5d7,"{""sasb_builder"": 182}",0,0,0,0,{},0.0,"{""common_neighbor_bin_l1"": 0.0, ""degree_product_bin_l1"": 0.0, ""is_boundary_edge_l1"": 0.0, ""is_bridge_edge_l1"": 0.0, ""is_inter_community_edge_l1"": 0.0, ""is_low_common_neighbor_edge_l1"": 0.0, ""mean_l1"": 0.0}",1,32,32,0.0,0
realworld_completed,bio_celegans,SASB-candidate,sasb,SASB-structured,20260513,1068,middle,0.8852097130242825,0.8852097130242825,0.0,22,22,0,0.5274074074074074,0.5279012345679013,19,440,19--440,5,15,5,15,75,1,0.25,0,5,5,32,"[""96"", ""53"", ""51"", ""60"", ""62"", ""363"", ""373"", ""343"", ""364"", ""52"", ""350"", ""369"", ""82"", ""83"", ""142"", ""143"", ""144"", ""145"", ""220"", ""440"", ""147"", ""118"", ""85"", ""154"", ""398"", ""97"", ""348"", ""376"", ""88"", ""292"", ""291"", ""202""]",e8ccffbb1140997464f8f7b44abe862c81749d914b08b672b79b126018f3a9cc,"{""boundary"": 12, ""community_rep"": 6, ""degree_core"": 10, ""random_fill"": 4}","{""degree_0_1"": 1, ""degree_2"": 1, ""degree_3_4"": 3, ""degree_9_plus"": 27}","{""0"": 1, ""1"": 2, ""10"": 4, ""11"": 2, ""13"": 1, ""14"": 1, ""15"": 4, ""2"": 1, ""3"": 2, ""4"": 3, ""5"": 4, ""6"": 2, ""7"": 1, ""8"": 1, ""9"": 3}",182,"{""backend"": ""evaluate_m19_theory_calibrated.candidate_features"", ""delta_mode"": ""none"", ""k_max"": 512, ""k_min"": 64, ""variant"": ""conservative""}",182,0.19825708061002179,0.5934065934065934,0.5934065934065934,0.04395604395604396,0.9945054945054945,"{""dp_17_64"": 0.054945054945054944, ""dp_257_plus"": 0.3131868131868132, ""dp_5_16"": 0.02197802197802198, ""dp_65_256"": 0.6098901098901099}","{""cn_0"": 0.989010989010989, ""cn_1"": 0.005494505494505495, ""cn_2_3"": 0.005494505494505495}",0.016483516483516484,218.73626373626374,sasb_candidate_builder,27c6f740c616c939886ee90bae500e6c4b8ab0f2f9b3c39377b82607a8390c86,182,27c6f740c616c939886ee90bae500e6c4b8ab0f2f9b3c39377b82607a8390c86,"{""sasb_builder"": 182}",0,0,0,0,{},0.0,"{""common_neighbor_bin_l1"": 0.0, ""degree_product_bin_l1"": 0.0, ""is_boundary_edge_l1"": 0.0, ""is_bridge_edge_l1"": 0.0, ""is_inter_community_edge_l1"": 0.0, ""is_low_common_neighbor_edge_l1"": 0.0, ""mean_l1"": 0.0}",1,32,32,431.55506890819385,0
realworld_completed,bio_celegans,SASB-candidate,sasb,SASB-structured,20260513,1069,middle,0.8852097130242825,0.8852097130242825,0.0,22,22,0,0.5279012345679013,0.528395061728395,343,94,343--94,18,8,8,18,144,1,0.14285714285714285,1,12,3,32,"[""96"", ""53"", ""51"", ""60"", ""62"", ""363"", ""373"", ""343"", ""364"", ""52"", ""350"", ""369"", ""82"", ""83"", ""142"", ""143"", ""144"", ""145"", ""220"", ""440"", ""147"", ""118"", ""85"", ""154"", ""398"", ""97"", ""348"", ""376"", ""12"", ""228"", ""120"", ""211""]",6bd2e55dce05366a2461cd3ea148569134f3b5edcb72a51cb1103159c2f4c4a0,"{""boundary"": 12, ""community_rep"": 6, ""degree_core"": 10, ""random_fill"": 4}","{""degree_2"": 1, ""degree_3_4"": 3, ""degree_5_8"": 1, ""degree_9_plus"": 27}","{""0"": 2, ""1"": 3, ""10"": 5, ""11"": 2, ""13"": 1, ""14"": 1, ""15"": 2, ""2"": 1, ""3"": 1, ""4"": 4, ""5"": 4, ""6"": 2, ""7"": 1, ""8"": 1, ""9"": 2}",182,"{""backend"": ""evaluate_m19_theory_calibrated.candidate_features"", ""delta_mode"": ""none"", ""k_max"": 512, ""k_min"": 64, ""variant"": ""conservative""}",182,0.1984732824427481,0.5934065934065934,0.5934065934065934,0.04395604395604396,0.9945054945054945,"{""dp_17_64"": 0.06043956043956044, ""dp_257_plus"": 0.3131868131868132, ""dp_5_16"": 0.02197802197802198, ""dp_65_256"": 0.6043956043956044}","{""cn_0"": 0.9945054945054945, ""cn_2_3"": 0.005494505494505495}",0.01098901098901099,218.15934065934067,sasb_candidate_builder,9220c56cc9598d6c40664cfc84ad767631a83301e411ed38ba5f535873beb027,182,9220c56cc9598d6c40664cfc84ad767631a83301e411ed38ba5f535873beb027,"{""sasb_builder"": 182}",0,0,0,0,{},0.0,"{""common_neighbor_bin_l1"": 0.0, ""degree_product_bin_l1"": 0.0, ""is_boundary_edge_l1"": 0.0, ""is_bridge_edge_l1"": 0.0, ""is_inter_community_edge_l1"": 0.0, ""is_low_common_neighbor_edge_l1"": 0.0, ""mean_l1"": 0.0}",1,32,32,0.0,0
realworld_completed,bio_celegans,SASB-candidate,sasb,SASB-structured,20260513,1070,middle,0.8852097130242825,0.8852097130242825,0.0,22,22,0,0.528395061728395,0.5288888888888889,343,95,343--95,17,5,5,17,85,0,0.0,1,11,7,32,"[""96"", ""53"", ""60"", ""51"", ""363"", ""62"", ""373"", ""52"", ""364"", ""350"", ""369"", ""343"", ""82"", ""83"", ""142"", ""143"", ""144"", ""145"", ""220"", ""440"", ""147"", ""118"", ""85"", ""154"", ""398"", ""97"", ""348"", ""376"", ""190"", ""450"", ""163"", ""39""]",483f545a12973133c8e8cd40699b032dd1f7725e205100538dbed55d619bd7a0,"{""boundary"": 12, ""community_rep"": 6, ""degree_core"": 10, ""random_fill"": 4}","{""degree_2"": 2, ""degree_3_4"": 2, ""degree_5_8"": 1, ""degree_9_plus"": 27}","{""0"": 1, ""1"": 2, ""10"": 3, ""11"": 2, ""12"": 1, ""13"": 1, ""14"": 1, ""2"": 1, ""3"": 5, ""4"": 3, ""5"": 5, ""6"": 2, ""7"": 1, ""8"": 3, ""9"": 1}",182,"{""backend"": ""evaluate_m19_theory_calibrated.candidate_features"", ""delta_mode"": ""none"", ""k_max"": 512, ""k_min"": 64, ""variant"": ""conservative""}",182,0.19868995633187772,0.5879120879120879,0.5879120879120879,0.04395604395604396,1.0,"{""dp_17_64"": 0.07142857142857142, ""dp_257_plus"": 0.3131868131868132, ""dp_5_16"": 0.016483516483516484, ""dp_65_256"": 0.5989010989010989}","{""cn_0"": 1.0}",0.0,217.9120879120879,sasb_candidate_builder,60fe633331f13b79cc8d61e70286ddc8fb5f47f0f9cbdfa0e83bf26951ff06ec,182,60fe633331f13b79cc8d61e70286ddc8fb5f47f0f9cbdfa0e83bf26951ff06ec,"{""sasb_builder"": 182}",0,0,0,0,{},0.0,"{""common_neighbor_bin_l1"": 0.0, ""degree_product_bin_l1"": 0.0, ""is_boundary_edge_l1"": 0.0, ""is_bridge_edge_l1"": 0.0, ""is_inter_community_edge_l1"": 0.0, ""is_low_common_neighbor_edge_l1"": 0.0, ""mean_l1"": 0.0}",1,32,32,0.0,0
realworld_completed,bio_celegans,SASB-candidate,sasb,SASB-structured,20260513,1071,middle,0.8852097130242825,0.8852097130242825,0.0,22,22,0,0.5288888888888889,0.5293827160493827,115,364,115--364,7,16,7,16,112,2,0.3333333333333333,0,7,7,32,"[""96"", ""53"", ""60"", ""51"", ""363"", ""62"", ""373"", ""52"", ""364"", ""350"", ""369"", ""85"", ""82"", ""83"", ""142"", ""143"", ""144"", ""145"", ""220"", ""343"", ""440"", ""147"", ""154"", ""398"", ""97"", ""348"", ""376"", ""222"", ""272"", ""153"", ""406"", ""128""]",79771ff7a041992f598194361d69e2df82e3c3a8a6fc749c86643f5cba4180c4,"{""boundary"": 12, ""community_rep"": 5, ""degree_core"": 10, ""random_fill"": 5}","{""degree_2"": 2, ""degree_3_4"": 3, ""degree_5_8"": 1, ""degree_9_plus"": 26}","{""0"": 1, ""1"": 2, ""10"": 4, ""11"": 3, ""12"": 1, ""13"": 1, ""14"": 1, ""2"": 1, ""3"": 4, ""4"": 3, ""5"": 5, ""6"": 2, ""7"": 1, ""8"": 2, ""9"": 1}",182,"{""backend"": ""evaluate_m19_theory_calibrated.candidate_features"", ""delta_mode"": ""none"", ""k_max"": 512, ""k_min"": 64, ""variant"": ""conservative""}",182,0.1989071038251366,0.5824175824175825,0.5824175824175825,0.04395604395604396,0.9945054945054945,"{""dp_17_64"": 0.07142857142857142, ""dp_257_plus"": 0.3131868131868132, ""dp_5_16"": 0.016483516483516484, ""dp_65_256"": 0.5989010989010989}","{""cn_0"": 0.9945054945054945, ""cn_2_3"": 0.005494505494505495}",0.01098901098901099,217.65934065934067,sasb_candidate_builder,b64f50b3dd2aa1d33dbcd1866347790f02209bfe8c392e75231febcf96a64d35,182,b64f50b3dd2aa1d33dbcd1866347790f02209bfe8c392e75231febcf96a64d35,"{""sasb_builder"": 182}",0,0,0,0,{},0.0,"{""common_neighbor_bin_l1"": 0.0, ""degree_product_bin_l1"": 0.0, ""is_boundary_edge_l1"": 0.0, ""is_bridge_edge_l1"": 0.0, ""is_inter_community_edge_l1"": 0.0, ""is_low_common_neighbor_edge_l1"": 0.0, ""mean_l1"": 0.0}",1,32,32,1505.8119574711711,0
realworld_completed,bio_celegans,SASB-candidate,sasb,SASB-structured,20260513,1072,middle,0.8852097130242825,0.8852097130242825,0.0,22,22,0,0.5293827160493827,0.5298765432098765,220,359,220--359,16,7,7,16,112,2,0.3333333333333333,0,6,6,32,"[""96"", ""53"", ""60"", ""51"", ""363"", ""62"", ""373"", ""52"", ""364"", ""350"", ""369"", ""85"", ""82"", ""83"", ""142"", ""143"", ""144"", ""145"", ""220"", ""343"", ""440"", ""147"", ""154"", ""398"", ""97"", ""348"", ""376"", ""374"", ""424"", ""295"", ""327"", ""317""]",d55ec5d9bb80961c79bc6fc5225bfd63de6f65cf5337d71b05db15f6a0c71082,"{""boundary"": 12, ""community_rep"": 5, ""degree_core"": 10, ""random_fill"": 5}","{""degree_2"": 1, ""degree_3_4"": 3, ""degree_5_8"": 2, ""degree_9_plus"": 26}","{""0"": 2, ""1"": 2, ""10"": 2, ""11"": 3, ""12"": 1, ""13"": 1, ""14"": 1, ""2"": 1, ""3"": 4, ""4"": 4, ""5"": 5, ""6"": 2, ""7"": 1, ""8"": 2, ""9"": 1}",182,"{""backend"": ""evaluate_m19_theory_calibrated.candidate_features"", ""delta_mode"": ""none"", ""k_max"": 512, ""k_min"": 64, ""variant"": ""conservative""}",182,0.19912472647702406,0.5824175824175825,0.5824175824175825,0.04395604395604396,0.9945054945054945,"{""dp_17_64"": 0.07142857142857142, ""dp_257_plus"": 0.3131868131868132, ""dp_5_16"": 0.016483516483516484, ""dp_65_256"": 0.5989010989010989}","{""cn_0"": 0.9945054945054945, ""cn_2_3"": 0.005494505494505495}",0.01098901098901099,216.76373626373626,sasb_candidate_builder,5cd030f4900e9dcf472d85c5c6f5f841f3dbfeaa6d4bbc9fd5b8d1e8b3a4f383,182,5cd030f4900e9dcf472d85c5c6f5f841f3dbfeaa6d4bbc9fd5b8d1e8b3a4f383,"{""sasb_builder"": 182}",0,0,0,0,{},0.0,"{""common_neighbor_bin_l1"": 0.0, ""degree_product_bin_l1"": 0.0, ""is_boundary_edge_l1"": 0.0, ""is_bridge_edge_l1"": 0.0, ""is_inter_community_edge_l1"": 0.0, ""is_low_common_neighbor_edge_l1"": 0.0, ""mean_l1"": 0.0}",1,32,32,1193.3025165074098,0
realworld_completed,bio_celegans,SASB-candidate,sasb,SASB-structured,20260513,1073,middle,0.8852097130242825,0.8830022075055187,0.002207505518763808,22,23,1,0.5298765432098765,0.5303703703703704,176,53,176--53,1,37,1,37,37,0,0.0,0,9,9,32,"[""96"", ""53"", ""60"", ""51"", ""363"", ""62"", ""373"", ""52"", ""364"", ""350"", ""369"", ""85"", ""82"", ""83"", ""142"", ""143"", ""144"", ""145"", ""343"", ""220"", ""440"", ""147"", ""154"", ""398"", ""97"", ""348"", ""376"", ""67"", ""357"", ""120"", ""221"", ""365""]",753d32a01326646a438b807cc80132cbf4d74cd477e2f2aef6715a28aa6382d4,"{""boundary"": 12, ""community_rep"": 5, ""degree_core"": 10, ""random_fill"": 5}","{""degree_3_4"": 5, ""degree_5_8"": 1, ""degree_9_plus"": 26}","{""0"": 1, ""1"": 4, ""10"": 2, ""11"": 3, ""12"": 1, ""13"": 2, ""14"": 1, ""2"": 1, ""3"": 3, ""4"": 3, ""5"": 4, ""6"": 3, ""7"": 1, ""8"": 2, ""9"": 1}",182,"{""backend"": ""evaluate_m19_theory_calibrated.candidate_features"", ""delta_mode"": ""none"", ""k_max"": 512, ""k_min"": 64, ""variant"": ""conservative""}",182,0.19934282584884994,0.5824175824175825,0.5824175824175825,0.04945054945054945,1.0,"{""dp_17_64"": 0.07692307692307693, ""dp_257_plus"": 0.3076923076923077, ""dp_5_16"": 0.016483516483516484, ""dp_65_256"": 0.5989010989010989}","{""cn_0"": 1.0}",0.0,215.6978021978022,sasb_candidate_builder,75ba5b581eea5d92e5b964c52d67175e4fec3711be7be98aee0f8ee050f5a6bb,182,75ba5b581eea5d92e5b964c52d67175e4fec3711be7be98aee0f8ee050f5a6bb,"{""sasb_builder"": 182}",0,0,0,0,{},0.0,"{""common_neighbor_bin_l1"": 0.0, ""degree_product_bin_l1"": 0.0, ""is_boundary_edge_l1"": 0.0, ""is_bridge_edge_l1"": 0.0, ""is_inter_community_edge_l1"": 0.0, ""is_low_common_neighbor_edge_l1"": 0.0, ""mean_l1"": 0.0}",1,32,32,0.0,0
realworld_completed,bio_celegans,SASB-candidate,sasb,SASB-structured,20260513,1074,middle,0.8830022075055187,0.8830022075055187,0.0,23,23,0,0.5303703703703704,0.5308641975308642,343,96,343--96,16,65,16,65,1040,1,0.06666666666666667,1,14,0,32,"[""96"", ""53"", ""60"", ""51"", ""363"", ""62"", ""373"", ""52"", ""364"", ""350"", ""369"", ""85"", ""82"", ""83"", ""142"", ""143"", ""144"", ""145"", ""343"", ""220"", ""440"", ""147"", ""154"", ""398"", ""97"", ""348"", ""376"", ""128"", ""174"", ""295"", ""36"", ""223""]",fefcafb772143e887bba15cf50d6ca069acce36b2336b8e0d9dfd319d3c3fc61,"{""boundary"": 12, ""community_rep"": 5, ""degree_core"": 10, ""random_fill"": 5}","{""degree_2"": 3, ""degree_3_4"": 2, ""degree_5_8"": 1, ""degree_9_plus"": 26}","{""0"": 1, ""1"": 2, ""10"": 2, ""11"": 2, ""12"": 1, ""13"": 2, ""14"": 1, ""2"": 1, ""3"": 5, ""4"": 3, ""5"": 5, ""6"": 2, ""7"": 1, ""8"": 2, ""9"": 2}",181,"{""backend"": ""evaluate_m19_theory_calibrated.candidate_features"", ""delta_mode"": ""none"", ""k_max"": 512, ""k_min"": 64, ""variant"": ""conservative""}",181,0.19846491228070176,0.585635359116022,0.585635359116022,0.04419889502762431,1.0,"{""dp_17_64"": 0.0718232044198895, ""dp_257_plus"": 0.2983425414364641, ""dp_5_16"": 0.016574585635359115, ""dp_65_256"": 0.6132596685082873}","{""cn_0"": 1.0}",0.0,215.76243093922653,sasb_candidate_builder,114a44925a9e0714b1b309edd8327eac38edee1fee2e45f75ac7c11f34836dd5,181,114a44925a9e0714b1b309edd8327eac38edee1fee2e45f75ac7c11f34836dd5,"{""sasb_builder"": 181}",0,0,0,0,{},0.0,"{""common_neighbor_bin_l1"": 0.0, ""degree_product_bin_l1"": 0.0, ""is_boundary_edge_l1"": 0.0, ""is_bridge_edge_l1"": 0.0, ""is_inter_community_edge_l1"": 0.0, ""is_low_common_neighbor_edge_l1"": 0.0, ""mean_l1"": 0.0}",1,32,32,0.0,0
realworld_completed,bio_celegans,SASB-candidate,sasb,SASB-structured,20260513,1075,middle,0.8830022075055187,0.8830022075055187,0.0,23,23,0,0.5308641975308642,0.5313580246913581,142,203,142--203,22,5,5,22,110,2,0.5,0,5,5,32,"[""96"", ""53"", ""60"", ""51"", ""363"", ""62"", ""373"", ""52"", ""364"", ""350"", ""369"", ""85"", ""82"", ""83"", ""142"", ""143"", ""144"", ""145"", ""220"", ""343"", ""440"", ""147"", ""154"", ""398"", ""97"", ""348"", ""376"", ""329"", ""303"", ""351"", ""123"", ""242""]",bf10ff711aa0cc41e12ffe97770b494bf07fd37d0cb90668e4da0aa06d756115,"{""boundary"": 12, ""community_rep"": 5, ""degree_core"": 10, ""random_fill"": 5}","{""degree_2"": 3, ""degree_3_4"": 3, ""degree_9_plus"": 26}","{""0"": 1, ""1"": 2, ""10"": 2, ""11"": 2, ""12"": 1, ""13"": 1, ""14"": 1, ""2"": 1, ""3"": 3, ""4"": 3, ""5"": 4, ""6"": 4, ""7"": 1, ""8"": 5, ""9"": 1}",181,"{""backend"": ""evaluate_m19_theory_calibrated.candidate_features"", ""delta_mode"": ""none"", ""k_max"": 512, ""k_min"": 64, ""variant"": ""conservative""}",181,0.1986827661909989,0.580110497237569,0.580110497237569,0.04419889502762431,0.994475138121547,"{""dp_17_64"": 0.08287292817679558, ""dp_257_plus"": 0.20441988950276244, ""dp_5_16"": 0.016574585635359115, ""dp_65_256"": 0.6961325966850829}","{""cn_0"": 0.994475138121547, ""cn_2_3"": 0.0055248618784530384}",0.011049723756906077,208.8950276243094,sasb_candidate_builder,21eb42bc38a3ecddb43f8f026bf9180fe693499140e95252ad3e8714eca98232,181,21eb42bc38a3ecddb43f8f026bf9180fe693499140e95252ad3e8714eca98232,"{""sasb_builder"": 181}",0,0,0,0,{},0.0,"{""common_neighbor_bin_l1"": 0.0, ""degree_product_bin_l1"": 0.0, ""is_boundary_edge_l1"": 0.0, ""is_bridge_edge_l1"": 0.0, ""is_inter_community_edge_l1"": 0.0, ""is_low_common_neighbor_edge_l1"": 0.0, ""mean_l1"": 0.0}",1,32,32,153.75992063492066,0
realworld_completed,bio_celegans,SASB-candidate,sasb,SASB-structured,20260513,1076,middle,0.8830022075055187,0.8830022075055187,0.0,23,23,0,0.5313580246913581,0.5318518518518518,142,358,142--358,21,4,4,21,84,1,0.3333333333333333,0,5,5,32,"[""96"", ""53"", ""60"", ""51"", ""363"", ""62"", ""373"", ""52"", ""364"", ""350"", ""369"", ""85"", ""82"", ""83"", ""143"", ""144"", ""145"", ""142"", ""220"", ""343"", ""440"", ""147"", ""154"", ""398"", ""97"", ""348"", ""376"", ""137"", ""156"", ""449"", ""395"", ""75""]",9931bfbd9258f8661eb2b715deb4ad7b3e89b6864748f7839b1584a0bd13c4ea,"{""boundary"": 12, ""community_rep"": 5, ""degree_core"": 10, ""random_fill"": 5}","{""degree_2"": 2, ""degree_3_4"": 3, ""degree_5_8"": 1, ""degree_9_plus"": 26}","{""0"": 3, ""1"": 2, ""10"": 2, ""11"": 2, ""12"": 1, ""13"": 2, ""14"": 1, ""2"": 2, ""3"": 3, ""4"": 3, ""5"": 4, ""6"": 2, ""7"": 1, ""8"": 3, ""9"": 1}",181,"{""backend"": ""evaluate_m19_theory_calibrated.candidate_features"", ""delta_mode"": ""none"", ""k_max"": 512, ""k_min"": 64, ""variant"": ""conservative""}",181,0.1989010989010989,0.580110497237569,0.580110497237569,0.04419889502762431,1.0,"{""dp_17_64"": 0.08287292817679558, ""dp_257_plus"": 0.20441988950276244, ""dp_5_16"": 0.016574585635359115, ""dp_65_256"": 0.6961325966850829}","{""cn_0"": 0.988950276243094, ""cn_1"": 0.011049723756906077}",0.011049723756906077,208.40883977900552,sasb_candidate_builder,81ba8d0dc25da36d7e73e9f217ccf2c2cccd33431c7c3bd94a8e766e18cf62c2,181,81ba8d0dc25da36d7e73e9f217ccf2c2cccd33431c7c3bd94a8e766e18cf62c2,"{""sasb_builder"": 181}",0,0,0,0,{},0.0,"{""common_neighbor_bin_l1"": 0.0, ""degree_product_bin_l1"": 0.0, ""is_boundary_edge_l1"": 0.0, ""is_bridge_edge_l1"": 0.0, ""is_inter_community_edge_l1"": 0.0, ""is_low_common_neighbor_edge_l1"": 0.0, ""mean_l1"": 0.0}",1,32,32,454.0210441891225,0
realworld_completed,bio_celegans,SASB-candidate,sasb,SASB-structured,20260513,1077,middle,0.8830022075055187,0.8830022075055187,0.0,23,23,0,0.5318518518518518,0.5323456790123456,143,203,143--203,22,4,4,22,88,1,0.3333333333333333,0,5,5,32,"[""96"", ""53"", ""60"", ""51"", ""363"", ""62"", ""373"", ""52"", ""364"", ""350"", ""369"", ""85"", ""82"", ""83"", ""143"", ""144"", ""145"", ""142"", ""220"", ""343"", ""440"", ""147"", ""154"", ""398"", ""97"", ""348"", ""376"", ""277"", ""121"", ""185"", ""377"", ""355""]",878162019d95dd5915a88857fcb26f18c12c11a4299d5822f8e4032663a455d6,"{""boundary"": 12, ""community_rep"": 5, ""degree_core"": 10, ""random_fill"": 5}","{""degree_2"": 2, ""degree_3_4"": 3, ""degree_9_plus"": 27}","{""0"": 2, ""1"": 2, ""10"": 4, ""11"": 2, ""12"": 2, ""13"": 1, ""14"": 1, ""2"": 1, ""3"": 4, ""4"": 3, ""5"": 4, ""6"": 2, ""7"": 1, ""8"": 2, ""9"": 1}",181,"{""backend"": ""evaluate_m19_theory_calibrated.candidate_features"", ""delta_mode"": ""none"", ""k_max"": 512, ""k_min"": 64, ""variant"": ""conservative""}",181,0.19911991199119913,0.580110497237569,0.580110497237569,0.04419889502762431,1.0,"{""dp_17_64"": 0.08839779005524862, ""dp_257_plus"": 0.20441988950276244, ""dp_5_16"": 0.016574585635359115, ""dp_65_256"": 0.6906077348066298}","{""cn_0"": 0.994475138121547, ""cn_1"": 0.0055248618784530384}",0.0055248618784530384,208.65745856353593,sasb_candidate_builder,4080711ea09944509512b712e3ed1a1a6fcd2945a28bc0b00c001372d733858a,181,4080711ea09944509512b712e3ed1a1a6fcd2945a28bc0b00c001372d733858a,"{""sasb_builder"": 181}",0,0,0,0,{},0.0,"{""common_neighbor_bin_l1"": 0.0, ""degree_product_bin_l1"": 0.0, ""is_boundary_edge_l1"": 0.0, ""is_bridge_edge_l1"": 0.0, ""is_inter_community_edge_l1"": 0.0, ""is_low_common_neighbor_edge_l1"": 0.0, ""mean_l1"": 0.0}",1,32,32,224.6078619845067,0
realworld_completed,bio_celegans,SASB-candidate,sasb,SASB-structured,20260513,1078,middle,0.8830022075055187,0.8830022075055187,0.0,23,23,0,0.5323456790123456,0.5328395061728395,143,358,143--358,21,3,3,21,63,0,0.0,0,5,5,32,"[""96"", ""53"", ""60"", ""51"", ""363"", ""62"", ""373"", ""52"", ""364"", ""350"", ""369"", ""85"", ""82"", ""83"", ""144"", ""145"", ""143"", ""142"", ""220"", ""343"", ""440"", ""147"", ""154"", ""398"", ""97"", ""348"", ""376"", ""328"", ""402"", ""39"", ""29"", ""342""]",550f4d8eb83d21d376b3a497fd4a3c9fc68dcfc7d5bb5c85e1f44f28c1992bc8,"{""boundary"": 12, ""community_rep"": 5, ""degree_core"": 10, ""random_fill"": 5}","{""degree_0_1"": 1, ""degree_2"": 1, ""degree_3_4"": 3, ""degree_5_8"": 1, ""degree_9_plus"": 26}","{""0"": 1, ""1"": 2, ""10"": 3, ""11"": 2, ""12"": 1, ""13"": 1, ""14"": 1, ""2"": 2, ""3"": 4, ""4"": 3, ""5"": 4, ""6"": 2, ""7"": 1, ""8"": 4, ""9"": 1}",181,"{""backend"": ""evaluate_m19_theory_calibrated.candidate_features"", ""delta_mode"": ""none"", ""k_max"": 512, ""k_min"": 64, ""variant"": ""conservative""}",181,0.19933920704845814,0.580110497237569,0.580110497237569,0.04419889502762431,1.0,"{""dp_17_64"": 0.09392265193370165, ""dp_257_plus"": 0.20441988950276244, ""dp_5_16"": 0.016574585635359115, ""dp_65_256"": 0.6850828729281768}","{""cn_0"": 1.0}",0.0,208.51933701657458,sasb_candidate_builder,c43e1f824fcb03a2a994b8413c98433324aeeaba50224c7c99e899229ed5263a,181,c43e1f824fcb03a2a994b8413c98433324aeeaba50224c7c99e899229ed5263a,"{""sasb_builder"": 181}",0,0,0,0,{},0.0,"{""common_neighbor_bin_l1"": 0.0, ""degree_product_bin_l1"": 0.0, ""is_boundary_edge_l1"": 0.0, ""is_bridge_edge_l1"": 0.0, ""is_inter_community_edge_l1"": 0.0, ""is_low_common_neighbor_edge_l1"": 0.0, ""mean_l1"": 0.0}",1,32,32,608.1456296336213,0
realworld_completed,bio_celegans,SASB-candidate,sasb,SASB-structured,20260513,1079,middle,0.8830022075055187,0.8830022075055187,0.0,23,23,0,0.5328395061728395,0.5333333333333333,118,49,118--49,12,3,3,12,36,0,0.0,0,3,3,32,"[""96"", ""53"", ""60"", ""51"", ""363"", ""62"", ""373"", ""52"", ""364"", ""350"", ""369"", ""85"", ""82"", ""83"", ""144"", ""145"", ""142"", ""143"", ""220"", ""343"", ""440"", ""147"", ""154"", ""398"", ""97"", ""348"", ""376"", ""234"", ""72"", ""128"", ""87"", ""415""]",881e66cd1e284b9fa4d1fb7f66057965c422068aa5e6da5da196baf94d4162b8,"{""boundary"": 12, ""community_rep"": 5, ""degree_core"": 10, ""random_fill"": 5}","{""degree_2"": 2, ""degree_3_4"": 4, ""degree_9_plus"": 26}","{""0"": 2, ""1"": 4, ""10"": 2, ""11"": 2, ""12"": 1, ""13"": 1, ""14"": 1, ""2"": 1, ""3"": 4, ""4"": 3, ""5"": 5, ""6"": 2, ""7"": 1, ""8"": 2, ""9"": 1}",181,"{""backend"": ""evaluate_m19_theory_calibrated.candidate_features"", ""delta_mode"": ""none"", ""k_max"": 512, ""k_min"": 64, ""variant"": ""conservative""}",181,0.19955898566703417,0.580110497237569,0.580110497237569,0.04419889502762431,1.0,"{""dp_17_64"": 0.09392265193370165, ""dp_257_plus"": 0.20441988950276244, ""dp_5_16"": 0.016574585635359115, ""dp_65_256"": 0.6850828729281768}","{""cn_0"": 1.0}",0.0,208.25414364640883,sasb_candidate_builder,0021e2397f4cd437ebe0a40f588fbe8482fc6efc8056588e7cb4f23f94910482,181,0021e2397f4cd437ebe0a40f588fbe8482fc6efc8056588e7cb4f23f94910482,"{""sasb_builder"": 181}",0,0,0,0,{},0.0,"{""common_neighbor_bin_l1"": 0.0, ""degree_product_bin_l1"": 0.0, ""is_boundary_edge_l1"": 0.0, ""is_bridge_edge_l1"": 0.0, ""is_inter_community_edge_l1"": 0.0, ""is_low_common_neighbor_edge_l1"": 0.0, ""mean_l1"": 0.0}",1,32,32,0.0,0
realworld_completed,bio_celegans,SASB-candidate,sasb,SASB-structured,20260513,1080,middle,0.8830022075055187,0.8830022075055187,0.0,23,23,0,0.5333333333333333,0.5338271604938272,151,51,151--51,3,36,3,36,108,2,1.0,0,11,11,32,"[""96"", ""53"", ""60"", ""51"", ""363"", ""62"", ""373"", ""52"", ""364"", ""350"", ""369"", ""85"", ""82"", ""83"", ""144"", ""145"", ""142"", ""143"", ""220"", ""343"", ""440"", ""147"", ""154"", ""398"", ""97"", ""348"", ""376"", ""102"", ""284"", ""314"", ""114"", ""349""]",6ea5127944815aa4138b4e90e7d7fcce03449a54cee528fd3fca83d165571d85,"{""boundary"": 12, ""community_rep"": 5, ""degree_core"": 10, ""random_fill"": 5}","{""degree_0_1"": 1, ""degree_3_4"": 4, ""degree_5_8"": 1, ""degree_9_plus"": 26}","{""0"": 1, ""1"": 2, ""10"": 1, ""11"": 3, ""12"": 1, ""13"": 1, ""14"": 2, ""2"": 2, ""3"": 3, ""4"": 3, ""5"": 5, ""6"": 3, ""7"": 1, ""8"": 1, ""9"": 3}",181,"{""backend"": ""evaluate_m19_theory_calibrated.candidate_features"", ""delta_mode"": ""none"", ""k_max"": 512, ""k_min"": 64, ""variant"": ""conservative""}",181,0.1997792494481236,0.580110497237569,0.580110497237569,0.04419889502762431,1.0,"{""dp_17_64"": 0.08839779005524862, ""dp_257_plus"": 0.20441988950276244, ""dp_5_16"": 0.016574585635359115, ""dp_65_256"": 0.6906077348066298}","{""cn_0"": 1.0}",0.0,208.65193370165747,sasb_candidate_builder,f953cd9bbf2de0d269c63b15c88da743346a64f4ddda4005953d6ad8c3d04745,181,f953cd9bbf2de0d269c63b15c88da743346a64f4ddda4005953d6ad8c3d04745,"{""sasb_builder"": 181}",0,0,0,0,{},0.0,"{""common_neighbor_bin_l1"": 0.0, ""degree_product_bin_l1"": 0.0, ""is_boundary_edge_l1"": 0.0, ""is_bridge_edge_l1"": 0.0, ""is_inter_community_edge_l1"": 0.0, ""is_low_common_neighbor_edge_l1"": 0.0, ""mean_l1"": 0.0}",1,32,32,0.0,0
realworld_completed,bio_celegans,SASB-candidate,sasb,SASB-structured,20260513,1081,middle,0.8830022075055187,0.8830022075055187,0.0,23,23,0,0.5338271604938272,0.534320987654321,152,51,152--51,3,35,3,35,105,1,0.5,0,10,10,32,"[""96"", ""53"", ""60"", ""51"", ""363"", ""62"", ""373"", ""52"", ""364"", ""350"", ""369"", ""85"", ""82"", ""83"", ""144"", ""145"", ""142"", ""143"", ""220"", ""343"", ""440"", ""147"", ""154"", ""398"", ""97"", ""348"", ""376"", ""346"", ""166"", ""358"", ""132"", ""356""]",3540f51268690a92279ea0a2797531d81304089096e11de6ae46300c92f6ef61,"{""boundary"": 12, ""community_rep"": 5, ""degree_core"": 10, ""random_fill"": 5}","{""degree_2"": 2, ""degree_3_4"": 4, ""degree_9_plus"": 26}","{""0"": 1, ""1"": 3, ""10"": 1, ""11"": 2, ""12"": 1, ""13"": 1, ""14"": 2, ""2"": 1, ""3"": 3, ""4"": 3, ""5"": 5, ""6"": 3, ""7"": 3, ""8"": 1, ""9"": 2}",181,"{""backend"": ""evaluate_m19_theory_calibrated.candidate_features"", ""delta_mode"": ""none"", ""k_max"": 512, ""k_min"": 64, ""variant"": ""conservative""}",181,0.2,0.580110497237569,0.580110497237569,0.04419889502762431,1.0,"{""dp_17_64"": 0.08839779005524862, ""dp_257_plus"": 0.20441988950276244, ""dp_5_16"": 0.016574585635359115, ""dp_65_256"": 0.6906077348066298}","{""cn_0"": 1.0}",0.0,207.5303867403315,sasb_candidate_builder,05307b82b466e911f5a69bd936ca1ce8b8ae5782238e24528173e81f395d1fbf,181,05307b82b466e911f5a69bd936ca1ce8b8ae5782238e24528173e81f395d1fbf,"{""sasb_builder"": 181}",0,0,0,0,{},0.0,"{""common_neighbor_bin_l1"": 0.0, ""degree_product_bin_l1"": 0.0, ""is_boundary_edge_l1"": 0.0, ""is_bridge_edge_l1"": 0.0, ""is_inter_community_edge_l1"": 0.0, ""is_low_common_neighbor_edge_l1"": 0.0, ""mean_l1"": 0.0}",1,32,32,0.0,0
realworld_completed,bio_celegans,SASB-candidate,sasb,SASB-structured,20260513,1082,middle,0.8830022075055187,0.8830022075055187,0.0,23,23,0,0.534320987654321,0.5348148148148149,153,51,153--51,2,34,2,34,68,0,0.0,0,10,10,32,"[""96"", ""53"", ""60"", ""51"", ""363"", ""62"", ""373"", ""52"", ""364"", ""350"", ""369"", ""85"", ""82"", ""83"", ""144"", ""145"", ""142"", ""143"", ""220"", ""343"", ""440"", ""147"", ""154"", ""398"", ""97"", ""348"", ""376"", ""160"", ""267"", ""447"", ""137"", ""451""]",4491209189dc1f9f0230ba44113742a8912d8b131c635315f66fba0bc05c9cfd,"{""boundary"": 12, ""community_rep"": 5, ""degree_core"": 10, ""random_fill"": 5}","{""degree_2"": 2, ""degree_3_4"": 3, ""degree_5_8"": 1, ""degree_9_plus"": 26}","{""0"": 1, ""1"": 2, ""10"": 1, ""11"": 3, ""12"": 1, ""13"": 1, ""14"": 3, ""2"": 2, ""3"": 3, ""4"": 3, ""5"": 4, ""6"": 2, ""7"": 1, ""8"": 1, ""9"": 4}",181,"{""backend"": ""evaluate_m19_theory_calibrated.candidate_features"", ""delta_mode"": ""none"", ""k_max"": 512, ""k_min"": 64, ""variant"": ""conservative""}",181,0.2002212389380531,0.580110497237569,0.580110497237569,0.04419889502762431,1.0,"{""dp_17_64"": 0.08839779005524862, ""dp_257_plus"": 0.20441988950276244, ""dp_5_16"": 0.016574585635359115, ""dp_65_256"": 0.6906077348066298}","{""cn_0"": 1.0}",0.0,207.1049723756906,sasb_candidate_builder,afd40ab30ce281e610df281f365a29983c69ccf93f0a2def30ad7198f21757c1,181,afd40ab30ce281e610df281f365a29983c69ccf93f0a2def30ad7198f21757c1,"{""sasb_builder"": 181}",0,0,0,0,{},0.0,"{""common_neighbor_bin_l1"": 0.0, ""degree_product_bin_l1"": 0.0, ""is_boundary_edge_l1"": 0.0, ""is_bridge_edge_l1"": 0.0, ""is_inter_community_edge_l1"": 0.0, ""is_low_common_neighbor_edge_l1"": 0.0, ""mean_l1"": 0.0}",1,32,32,0.0,0
realworld_completed,bio_celegans,SASB-candidate,sasb,SASB-structured,20260513,1083,middle,0.8830022075055187,0.8807947019867549,0.002207505518763808,23,24,1,0.5348148148148149,0.5353086419753087,227,53,227--53,1,36,1,36,36,0,0.0,0,10,10,32,"[""96"", ""53"", ""60"", ""51"", ""363"", ""62"", ""373"", ""52"", ""364"", ""350"", ""369"", ""85"", ""82"", ""83"", ""144"", ""145"", ""142"", ""143"", ""220"", ""343"", ""440"", ""147"", ""154"", ""398"", ""97"", ""348"", ""376"", ""366"", ""33"", ""227"", ""278"", ""281""]",6407720aa8c50ab552f48b2f397ca5f18ee30a6d5819cb83852162600a5a367c,"{""boundary"": 12, ""community_rep"": 5, ""degree_core"": 10, ""random_fill"": 5}","{""degree_0_1"": 1, ""degree_2"": 1, ""degree_3_4"": 2, ""degree_5_8"": 1, ""degree_9_plus"": 27}","{""0"": 1, ""1"": 3, ""10"": 2, ""11"": 3, ""12"": 1, ""13"": 2, ""14"": 2, ""2"": 1, ""3"": 3, ""4"": 3, ""5"": 4, ""6"": 2, ""7"": 2, ""8"": 1, ""9"": 2}",181,"{""backend"": ""evaluate_m19_theory_calibrated.candidate_features"", ""delta_mode"": ""none"", ""k_max"": 512, ""k_min"": 64, ""variant"": ""conservative""}",181,0.20044296788482835,0.580110497237569,0.580110497237569,0.049723756906077346,1.0,"{""dp_17_64"": 0.09392265193370165, ""dp_257_plus"": 0.20441988950276244, ""dp_5_16"": 0.016574585635359115, ""dp_65_256"": 0.6850828729281768}","{""cn_0"": 1.0}",0.0,206.26519337016575,sasb_candidate_builder,f9bfb05dd10fb5512232accc2998262345170ebba6b536c11cac931301487bad,181,f9bfb05dd10fb5512232accc2998262345170ebba6b536c11cac931301487bad,"{""sasb_builder"": 181}",0,0,0,0,{},0.0,"{""common_neighbor_bin_l1"": 0.0, ""degree_product_bin_l1"": 0.0, ""is_boundary_edge_l1"": 0.0, ""is_bridge_edge_l1"": 0.0, ""is_inter_community_edge_l1"": 0.0, ""is_low_common_neighbor_edge_l1"": 0.0, ""mean_l1"": 0.0}",1,32,32,0.0,0
realworld_completed,bio_celegans,SASB-candidate,sasb,SASB-structured,20260513,1084,middle,0.8807947019867549,0.8807947019867549,0.0,24,24,0,0.5353086419753087,0.5358024691358024,343,98,343--98,15,8,8,15,120,0,0.0,1,13,11,32,"[""96"", ""53"", ""60"", ""51"", ""363"", ""62"", ""373"", ""52"", ""364"", ""350"", ""369"", ""85"", ""82"", ""83"", ""144"", ""145"", ""142"", ""143"", ""220"", ""343"", ""440"", ""147"", ""154"", ""398"", ""97"", ""348"", ""376"", ""158"", ""234"", ""113"", ""355"", ""314""]",66738c3756090d3a728956ce7f0400615c70156884812bd985c2511c1dfbb14d,"{""boundary"": 12, ""community_rep"": 5, ""degree_core"": 10, ""random_fill"": 5}","{""degree_2"": 2, ""degree_3_4"": 3, ""degree_5_8"": 1, ""degree_9_plus"": 26}","{""0"": 1, ""1"": 2, ""10"": 2, ""11"": 3, ""12"": 1, ""13"": 1, ""14"": 2, ""2"": 1, ""3"": 4, ""4"": 3, ""5"": 5, ""6"": 2, ""7"": 2, ""8"": 1, ""9"": 2}",180,"{""backend"": ""evaluate_m19_theory_calibrated.candidate_features"", ""delta_mode"": ""none"", ""k_max"": 512, ""k_min"": 64, ""variant"": ""conservative""}",180,0.19955654101995565,0.5833333333333334,0.5833333333333334,0.044444444444444446,1.0,"{""dp_17_64"": 0.08888888888888889, ""dp_257_plus"": 0.20555555555555555, ""dp_5_16"": 0.016666666666666666, ""dp_65_256"": 0.6888888888888889}","{""cn_0"": 1.0}",0.0,206.28333333333333,sasb_candidate_builder,96412127d67d4f96b65f706ed87b12b617b99534f3f0e797c2ecd23390d3ad32,180,96412127d67d4f96b65f706ed87b12b617b99534f3f0e797c2ecd23390d3ad32,"{""sasb_builder"": 180}",0,0,0,0,{},0.0,"{""common_neighbor_bin_l1"": 0.0, ""degree_product_bin_l1"": 0.0, ""is_boundary_edge_l1"": 0.0, ""is_bridge_edge_l1"": 0.0, ""is_inter_community_edge_l1"": 0.0, ""is_low_common_neighbor_edge_l1"": 0.0, ""mean_l1"": 0.0}",1,32,32,0.0,0
realworld_completed,bio_celegans,SASB-candidate,sasb,SASB-structured,20260513,1085,middle,0.8807947019867549,0.8807947019867549,0.0,24,24,0,0.5358024691358024,0.5362962962962963,344,51,344--51,7,33,7,33,231,0,0.0,1,6,9,32,"[""96"", ""53"", ""60"", ""51"", ""363"", ""62"", ""373"", ""52"", ""364"", ""350"", ""369"", ""85"", ""82"", ""83"", ""144"", ""145"", ""142"", ""143"", ""220"", ""343"", ""440"", ""147"", ""154"", ""398"", ""97"", ""348"", ""376"", ""17"", ""79"", ""126"", ""210"", ""392""]",bad905064923a49b044192d8ecb6381dfc7dddf3f333e2762f624f0bd4cde3d0,"{""boundary"": 12, ""community_rep"": 5, ""degree_core"": 10, ""random_fill"": 5}","{""degree_2"": 2, ""degree_3_4"": 3, ""degree_5_8"": 1, ""degree_9_plus"": 26}","{""0"": 1, ""1"": 2, ""10"": 1, ""11"": 2, ""12"": 2, ""13"": 1, ""14"": 2, ""2"": 1, ""3"": 3, ""4"": 4, ""5"": 6, ""6"": 2, ""7"": 2, ""8"": 1, ""9"": 2}",180,"{""backend"": ""evaluate_m19_theory_calibrated.candidate_features"", ""delta_mode"": ""none"", ""k_max"": 512, ""k_min"": 64, ""variant"": ""conservative""}",180,0.1997780244173141,0.5777777777777777,0.5777777777777777,0.044444444444444446,1.0,"{""dp_17_64"": 0.08888888888888889, ""dp_257_plus"": 0.20555555555555555, ""dp_5_16"": 0.016666666666666666, ""dp_65_256"": 0.6888888888888889}","{""cn_0"": 1.0}",0.0,206.41666666666666,sasb_candidate_builder,471305da26dca1eca4eb2fb51c977d59c3a177e7be1fc313f897983049a1e45b,180,471305da26dca1eca4eb2fb51c977d59c3a177e7be1fc313f897983049a1e45b,"{""sasb_builder"": 180}",0,0,0,0,{},0.0,"{""common_neighbor_bin_l1"": 0.0, ""degree_product_bin_l1"": 0.0, ""is_boundary_edge_l1"": 0.0, ""is_bridge_edge_l1"": 0.0, ""is_inter_community_edge_l1"": 0.0, ""is_low_common_neighbor_edge_l1"": 0.0, ""mean_l1"": 0.0}",1,32,32,0.0,0
realworld_completed,bio_celegans,SASB-candidate,sasb,SASB-structured,20260513,1086,middle,0.8807947019867549,0.8785871964679912,0.002207505518763697,24,25,1,0.5362962962962963,0.5367901234567901,243,53,243--53,1,35,1,35,35,0,0.0,0,10,10,32,"[""96"", ""53"", ""60"", ""363"", ""51"", ""62"", ""373"", ""52"", ""364"", ""350"", ""369"", ""85"", ""82"", ""83"", ""144"", ""145"", ""142"", ""143"", ""220"", ""343"", ""440"", ""147"", ""154"", ""398"", ""97"", ""348"", ""376"", ""89"", ""157"", ""371"", ""167"", ""367""]",fd97719f69c54cf8cde9733abc5505a3ddcba39ef102fca359b40997fde2f1bb,"{""boundary"": 12, ""community_rep"": 5, ""degree_core"": 10, ""random_fill"": 5}","{""degree_0_1"": 1, ""degree_3_4"": 5, ""degree_9_plus"": 26}","{""0"": 1, ""1"": 3, ""10"": 1, ""11"": 3, ""12"": 1, ""13"": 1, ""14"": 2, ""2"": 1, ""3"": 4, ""4"": 4, ""5"": 4, ""6"": 2, ""7"": 1, ""8"": 1, ""9"": 3}",180,"{""backend"": ""evaluate_m19_theory_calibrated.candidate_features"", ""delta_mode"": ""none"", ""k_max"": 512, ""k_min"": 64, ""variant"": ""conservative""}",180,0.2,0.5722222222222222,0.5722222222222222,0.05,1.0,"{""dp_17_64"": 0.10555555555555556, ""dp_257_plus"": 0.2, ""dp_5_16"": 0.016666666666666666, ""dp_65_256"": 0.6777777777777778}","{""cn_0"": 1.0}",0.0,204.01111111111112,sasb_candidate_builder,ae237bc6acf85c815a6c77139b8e7e7f2e7d920f68fd1b898a21034724c9e0e3,180,ae237bc6acf85c815a6c77139b8e7e7f2e7d920f68fd1b898a21034724c9e0e3,"{""sasb_builder"": 180}",0,0,0,0,{},0.0,"{""common_neighbor_bin_l1"": 0.0, ""degree_product_bin_l1"": 0.0, ""is_boundary_edge_l1"": 0.0, ""is_bridge_edge_l1"": 0.0, ""is_inter_community_edge_l1"": 0.0, ""is_low_common_neighbor_edge_l1"": 0.0, ""mean_l1"": 0.0}",1,32,32,0.0,0
realworld_completed,bio_celegans,SASB-candidate,sasb,SASB-structured,20260513,1087,middle,0.8785871964679912,0.8785871964679912,0.0,25,25,0,0.5367901234567901,0.537283950617284,344,53,344--53,6,34,6,34,204,0,0.0,1,6,10,32,"[""96"", ""53"", ""60"", ""363"", ""51"", ""62"", ""373"", ""52"", ""364"", ""350"", ""369"", ""85"", ""82"", ""83"", ""144"", ""145"", ""142"", ""143"", ""220"", ""343"", ""440"", ""147"", ""154"", ""398"", ""97"", ""348"", ""376"", ""417"", ""428"", ""281"", ""139"", ""151""]",9d55fe188e2d7f6206161bfd7cf8be19bd7212bc4ac653d08fd77d88913412f3,"{""boundary"": 12, ""community_rep"": 5, ""degree_core"": 10, ""random_fill"": 5}","{""degree_2"": 3, ""degree_3_4"": 2, ""degree_9_plus"": 27}","{""0"": 1, ""1"": 2, ""10"": 1, ""11"": 4, ""12"": 1, ""13"": 1, ""14"": 2, ""2"": 1, ""3"": 3, ""4"": 4, ""5"": 4, ""6"": 2, ""7"": 2, ""8"": 1, ""9"": 3}",180,"{""backend"": ""evaluate_m19_theory_calibrated.candidate_features"", ""delta_mode"": ""none"", ""k_max"": 512, ""k_min"": 64, ""variant"": ""conservative""}",180,0.20022246941045607,0.5722222222222222,0.5722222222222222,0.044444444444444446,1.0,"{""dp_17_64"": 0.1, ""dp_257_plus"": 0.2, ""dp_5_16"": 0.016666666666666666, ""dp_65_256"": 0.6833333333333333}","{""cn_0"": 1.0}",0.0,203.84444444444443,sasb_candidate_builder,09da946cc8303be993980574e0479a50a7c8c0de93d7bbaf0f9b611e31a24f09,180,09da946cc8303be993980574e0479a50a7c8c0de93d7bbaf0f9b611e31a24f09,"{""sasb_builder"": 180}",0,0,0,0,{},0.0,"{""common_neighbor_bin_l1"": 0.0, ""degree_product_bin_l1"": 0.0, ""is_boundary_edge_l1"": 0.0, ""is_bridge_edge_l1"": 0.0, ""is_inter_community_edge_l1"": 0.0, ""is_low_common_neighbor_edge_l1"": 0.0, ""mean_l1"": 0.0}",1,32,32,0.0,0
realworld_completed,bio_celegans,SASB-candidate,sasb,SASB-structured,20260513,1088,middle,0.8785871964679912,0.8785871964679912,0.0,25,25,0,0.537283950617284,0.5377777777777778,219,62,219--62,4,25,4,25,100,2,0.6666666666666666,0,6,6,32,"[""96"", ""53"", ""60"", ""363"", ""51"", ""62"", ""373"", ""52"", ""364"", ""350"", ""369"", ""85"", ""82"", ""83"", ""144"", ""145"", ""142"", ""143"", ""220"", ""343"", ""440"", ""147"", ""154"", ""398"", ""97"", ""348"", ""376"", ""213"", ""223"", ""417"", ""434"", ""101""]",cb8e3a11dab3cf0ec1d0a93aeefa888bbc9dea62ef8fda7c690e39040e0c99b5,"{""boundary"": 12, ""community_rep"": 5, ""degree_core"": 10, ""random_fill"": 5}","{""degree_2"": 2, ""degree_3_4"": 3, ""degree_5_8"": 1, ""degree_9_plus"": 26}","{""0"": 1, ""1"": 2, ""10"": 2, ""11"": 3, ""12"": 2, ""13"": 1, ""14"": 2, ""2"": 1, ""3"": 3, ""4"": 4, ""5"": 4, ""6"": 2, ""7"": 2, ""8"": 1, ""9"": 2}",180,"{""backend"": ""evaluate_m19_theory_calibrated.candidate_features"", ""delta_mode"": ""none"", ""k_max"": 512, ""k_min"": 64, ""variant"": ""conservative""}",180,0.20044543429844097,0.5666666666666667,0.5666666666666667,0.044444444444444446,1.0,"{""dp_17_64"": 0.1, ""dp_257_plus"": 0.2, ""dp_5_16"": 0.016666666666666666, ""dp_65_256"": 0.6833333333333333}","{""cn_0"": 1.0}",0.0,201.74444444444444,sasb_candidate_builder,f8aa79dc8b8eea17d433e677d40f6fc75c442162a79bd9d2dd61b4c7b6bae48e,180,f8aa79dc8b8eea17d433e677d40f6fc75c442162a79bd9d2dd61b4c7b6bae48e,"{""sasb_builder"": 180}",0,0,0,0,{},0.0,"{""common_neighbor_bin_l1"": 0.0, ""degree_product_bin_l1"": 0.0, ""is_boundary_edge_l1"": 0.0, ""is_bridge_edge_l1"": 0.0, ""is_inter_community_edge_l1"": 0.0, ""is_low_common_neighbor_edge_l1"": 0.0, ""mean_l1"": 0.0}",1,32,32,0.0,0
realworld_completed,bio_celegans,SASB-candidate,sasb,SASB-structured,20260513,1089,middle,0.8785871964679912,0.8785871964679912,0.0,25,25,0,0.5377777777777778,0.5382716049382716,81,82,81--82,4,25,4,25,100,2,0.6666666666666666,0,4,4,32,"[""96"", ""53"", ""60"", ""363"", ""51"", ""62"", ""373"", ""52"", ""364"", ""350"", ""369"", ""85"", ""82"", ""83"", ""144"", ""145"", ""142"", ""143"", ""220"", ""343"", ""440"", ""147"", ""154"", ""398"", ""97"", ""348"", ""376"", ""109"", ""189"", ""325"", ""110"", ""406""]",386ee7e39dcfe845d5215f00f5c0c0178b2644d5618da607bd0be7b228b8ef05,"{""boundary"": 12, ""community_rep"": 5, ""degree_core"": 10, ""random_fill"": 5}","{""degree_3_4"": 4, ""degree_5_8"": 1, ""degree_9_plus"": 27}","{""0"": 1, ""1"": 3, ""10"": 1, ""11"": 3, ""12"": 1, ""13"": 1, ""14"": 2, ""2"": 1, ""3"": 4, ""4"": 3, ""5"": 4, ""6"": 3, ""7"": 1, ""8"": 1, ""9"": 3}",180,"{""backend"": ""evaluate_m19_theory_calibrated.candidate_features"", ""delta_mode"": ""none"", ""k_max"": 512, ""k_min"": 64, ""variant"": ""conservative""}",180,0.20066889632107024,0.5666666666666667,0.5666666666666667,0.044444444444444446,0.9944444444444445,"{""dp_17_64"": 0.1, ""dp_257_plus"": 0.2, ""dp_5_16"": 0.016666666666666666, ""dp_65_256"": 0.6833333333333333}","{""cn_0"": 0.9944444444444445, ""cn_2_3"": 0.005555555555555556}",0.011111111111111112,201.2888888888889,sasb_candidate_builder,6942b7384a96ad7edcbbc37cb8530b08a339ef0dda7482c8d3d63baf7daaff5e,180,6942b7384a96ad7edcbbc37cb8530b08a339ef0dda7482c8d3d63baf7daaff5e,"{""sasb_builder"": 180}",0,0,0,0,{},0.0,"{""common_neighbor_bin_l1"": 0.0, ""degree_product_bin_l1"": 0.0, ""is_boundary_edge_l1"": 0.0, ""is_bridge_edge_l1"": 0.0, ""is_inter_community_edge_l1"": 0.0, ""is_low_common_neighbor_edge_l1"": 0.0, ""mean_l1"": 0.0}",1,32,32,170.04826388888887,0
realworld_completed,bio_celegans,SASB-candidate,sasb,SASB-structured,20260513,1090,middle,0.8785871964679912,0.8785871964679912,0.0,25,25,0,0.5382716049382716,0.5387654320987655,81,83,81--83,3,24,3,24,72,1,0.5,0,4,4,32,"[""96"", ""53"", ""60"", ""363"", ""51"", ""62"", ""373"", ""52"", ""364"", ""350"", ""369"", ""85"", ""82"", ""83"", ""144"", ""145"", ""142"", ""143"", ""220"", ""343"", ""440"", ""147"", ""154"", ""398"", ""97"", ""149"", ""56"", ""376"", ""168"", ""16"", ""416"", ""7""]",2a5c127cb473c2ccd1ba74c4ad564e74ef7ee8822da9a9b0458b734bca0a3a0a,"{""boundary"": 12, ""community_rep"": 6, ""degree_core"": 10, ""random_fill"": 4}","{""degree_0_1"": 1, ""degree_2"": 3, ""degree_3_4"": 1, ""degree_5_8"": 2, ""degree_9_plus"": 25}","{""0"": 1, ""1"": 2, ""10"": 2, ""11"": 1, ""12"": 1, ""13"": 3, ""14"": 1, ""15"": 2, ""2"": 1, ""3"": 3, ""4"": 4, ""5"": 4, ""6"": 3, ""7"": 2, ""8"": 1, ""9"": 1}",180,"{""backend"": ""evaluate_m19_theory_calibrated.candidate_features"", ""delta_mode"": ""none"", ""k_max"": 512, ""k_min"": 64, ""variant"": ""conservative""}",180,0.20089285714285715,0.5833333333333334,0.5833333333333334,0.044444444444444446,1.0,"{""dp_17_64"": 0.1111111111111111, ""dp_257_plus"": 0.2, ""dp_5_16"": 0.016666666666666666, ""dp_65_256"": 0.6722222222222223}","{""cn_0"": 0.9944444444444445, ""cn_1"": 0.005555555555555556}",0.005555555555555556,199.5,sasb_candidate_builder,cab2445c9df721ed81a6c46e55824a67167500ace41dea2024d43c2bfb05ca7d,180,cab2445c9df721ed81a6c46e55824a67167500ace41dea2024d43c2bfb05ca7d,"{""sasb_builder"": 180}",0,0,0,0,{},0.0,"{""common_neighbor_bin_l1"": 0.0, ""degree_product_bin_l1"": 0.0, ""is_boundary_edge_l1"": 0.0, ""is_bridge_edge_l1"": 0.0, ""is_inter_community_edge_l1"": 0.0, ""is_low_common_neighbor_edge_l1"": 0.0, ""mean_l1"": 0.0}",1,32,32,215.72152777777774,0
realworld_completed,bio_celegans,SASB-candidate,sasb,SASB-structured,20260513,1091,middle,0.8785871964679912,0.8785871964679912,0.0,25,25,0,0.5387654320987655,0.5392592592592592,344,96,344--96,5,64,5,64,320,0,0.0,1,6,0,32,"[""96"", ""53"", ""60"", ""363"", ""51"", ""62"", ""373"", ""52"", ""364"", ""350"", ""369"", ""85"", ""82"", ""83"", ""144"", ""145"", ""142"", ""143"", ""220"", ""343"", ""440"", ""147"", ""154"", ""398"", ""97"", ""149"", ""56"", ""376"", ""321"", ""237"", ""437"", ""324""]",d626c24a602ed8af9e7445e3b0d28630a130282431c72db72ffc1174e3a51092,"{""boundary"": 12, ""community_rep"": 6, ""degree_core"": 10, ""random_fill"": 4}","{""degree_3_4"": 4, ""degree_5_8"": 3, ""degree_9_plus"": 25}","{""0"": 1, ""1"": 2, ""10"": 2, ""11"": 1, ""12"": 1, ""13"": 2, ""14"": 1, ""15"": 3, ""2"": 1, ""3"": 3, ""4"": 3, ""5"": 6, ""6"": 2, ""7"": 2, ""8"": 1, ""9"": 1}",180,"{""backend"": ""evaluate_m19_theory_calibrated.candidate_features"", ""delta_mode"": ""none"", ""k_max"": 512, ""k_min"": 64, ""variant"": ""conservative""}",180,0.2011173184357542,0.5833333333333334,0.5833333333333334,0.044444444444444446,1.0,"{""dp_17_64"": 0.1111111111111111, ""dp_257_plus"": 0.2, ""dp_5_16"": 0.016666666666666666, ""dp_65_256"": 0.6722222222222223}","{""cn_0"": 1.0}",0.0,199.76111111111112,sasb_candidate_builder,08c0e082804a4119c920d73380bcd849a12cfa2e5dec6722df5cff010c394fac,180,08c0e082804a4119c920d73380bcd849a12cfa2e5dec6722df5cff010c394fac,"{""sasb_builder"": 180}",0,0,0,0,{},0.0,"{""common_neighbor_bin_l1"": 0.0, ""degree_product_bin_l1"": 0.0, ""is_boundary_edge_l1"": 0.0, ""is_bridge_edge_l1"": 0.0, ""is_inter_community_edge_l1"": 0.0, ""is_low_common_neighbor_edge_l1"": 0.0, ""mean_l1"": 0.0}",1,32,32,0.0,0
realworld_completed,bio_celegans,SASB-candidate,sasb,SASB-structured,20260513,1092,middle,0.8785871964679912,0.8785871964679912,0.0,25,25,0,0.5392592592592592,0.5397530864197531,345,96,345--96,3,63,3,63,189,0,0.0,1,2,0,32,"[""96"", ""53"", ""60"", ""363"", ""51"", ""62"", ""373"", ""52"", ""364"", ""350"", ""369"", ""85"", ""82"", ""83"", ""144"", ""145"", ""142"", ""143"", ""220"", ""343"", ""440"", ""147"", ""154"", ""398"", ""97"", ""149"", ""56"", ""376"", ""325"", ""88"", ""416"", ""228""]",db79bad451057794fdb9bf7e94d5da4c6461e0922c5c1c7d165eb4a7ed7bbd0c,"{""boundary"": 12, ""community_rep"": 6, ""degree_core"": 10, ""random_fill"": 4}","{""degree_0_1"": 1, ""degree_2"": 1, ""degree_3_4"": 1, ""degree_5_8"": 4, ""degree_9_plus"": 25}","{""0"": 1, ""1"": 2, ""10"": 2, ""11"": 1, ""12"": 1, ""13"": 2, ""14"": 1, ""15"": 2, ""2"": 1, ""3"": 4, ""4"": 3, ""5"": 4, ""6"": 3, ""7"": 2, ""8"": 2, ""9"": 1}",179,"{""backend"": ""evaluate_m19_theory_calibrated.candidate_features"", ""delta_mode"": ""none"", ""k_max"": 512, ""k_min"": 64, ""variant"": ""conservative""}",179,0.20022371364653244,0.5810055865921788,0.5810055865921788,0.0446927374301676,1.0,"{""dp_17_64"": 0.11173184357541899, ""dp_257_plus"": 0.19553072625698323, ""dp_5_16"": 0.01675977653631285, ""dp_65_256"": 0.6759776536312849}","{""cn_0"": 1.0}",0.0,197.4245810055866,sasb_candidate_builder,5bdb8ee51655519dcf813e476ff2b987750883d528c28cf58c2593b62985169d,179,5bdb8ee51655519dcf813e476ff2b987750883d528c28cf58c2593b62985169d,"{""sasb_builder"": 179}",0,0,0,0,{},0.0,"{""common_neighbor_bin_l1"": 0.0, ""degree_product_bin_l1"": 0.0, ""is_boundary_edge_l1"": 0.0, ""is_bridge_edge_l1"": 0.0, ""is_inter_community_edge_l1"": 0.0, ""is_low_common_neighbor_edge_l1"": 0.0, ""mean_l1"": 0.0}",1,32,32,0.0,0
realworld_completed,bio_celegans,SASB-candidate,sasb,SASB-structured,20260513,1093,middle,0.8785871964679912,0.8785871964679912,0.0,25,25,0,0.5397530864197531,0.5402469135802469,346,96,346--96,4,62,4,62,248,1,0.3333333333333333,1,6,0,32,"[""96"", ""53"", ""60"", ""363"", ""51"", ""62"", ""373"", ""52"", ""364"", ""350"", ""369"", ""85"", ""82"", ""83"", ""144"", ""145"", ""142"", ""143"", ""220"", ""343"", ""440"", ""147"", ""154"", ""398"", ""97"", ""149"", ""56"", ""376"", ""59"", ""328"", ""329"", ""247""]",e7ec2dc4f9fcc3f3dc5fa574b69b25f6849228cfeb8beaafb9e81f4a0d56af83,"{""boundary"": 12, ""community_rep"": 6, ""degree_core"": 10, ""random_fill"": 4}","{""degree_2"": 2, ""degree_3_4"": 3, ""degree_5_8"": 2, ""degree_9_plus"": 25}","{""0"": 1, ""1"": 2, ""10"": 3, ""11"": 2, ""12"": 1, ""13"": 1, ""14"": 1, ""15"": 3, ""2"": 1, ""3"": 3, ""4"": 3, ""5"": 4, ""6"": 3, ""7"": 2, ""8"": 1, ""9"": 1}",179,"{""backend"": ""evaluate_m19_theory_calibrated.candidate_features"", ""delta_mode"": ""none"", ""k_max"": 512, ""k_min"": 64, ""variant"": ""conservative""}",179,0.20044792833146696,0.5754189944134078,0.5754189944134078,0.0446927374301676,1.0,"{""dp_17_64"": 0.11173184357541899, ""dp_257_plus"": 0.19553072625698323, ""dp_5_16"": 0.01675977653631285, ""dp_65_256"": 0.6759776536312849}","{""cn_0"": 1.0}",0.0,195.6759776536313,sasb_candidate_builder,e3f0f9d2614b6fab24b48876f2013165cd7c9776bfb28d4fdc30b2f275e12d41,179,e3f0f9d2614b6fab24b48876f2013165cd7c9776bfb28d4fdc30b2f275e12d41,"{""sasb_builder"": 179}",0,0,0,0,{},0.0,"{""common_neighbor_bin_l1"": 0.0, ""degree_product_bin_l1"": 0.0, ""is_boundary_edge_l1"": 0.0, ""is_bridge_edge_l1"": 0.0, ""is_inter_community_edge_l1"": 0.0, ""is_low_common_neighbor_edge_l1"": 0.0, ""mean_l1"": 0.0}",1,32,32,0.0,0
realworld_completed,bio_celegans,SASB-candidate,sasb,SASB-structured,20260513,1094,middle,0.8785871964679912,0.8785871964679912,0.0,25,25,0,0.5402469135802469,0.5407407407407407,142,438,142--438,20,5,5,20,100,2,0.5,0,5,5,32,"[""96"", ""53"", ""60"", ""363"", ""51"", ""62"", ""373"", ""52"", ""364"", ""350"", ""369"", ""85"", ""82"", ""83"", ""144"", ""145"", ""142"", ""143"", ""220"", ""343"", ""440"", ""147"", ""154"", ""398"", ""97"", ""149"", ""56"", ""376"", ""49"", ""116"", ""230"", ""193""]",04dc37b4fb35f534daeb7adc62fd398d4db97a438c8296ac80f3e9908b90092b,"{""boundary"": 12, ""community_rep"": 6, ""degree_core"": 10, ""random_fill"": 4}","{""degree_0_1"": 1, ""degree_2"": 2, ""degree_3_4"": 1, ""degree_5_8"": 3, ""degree_9_plus"": 25}","{""0"": 2, ""1"": 2, ""10"": 2, ""11"": 1, ""12"": 1, ""13"": 1, ""14"": 1, ""15"": 3, ""2"": 1, ""3"": 4, ""4"": 3, ""5"": 4, ""6"": 2, ""7"": 2, ""8"": 1, ""9"": 2}",179,"{""backend"": ""evaluate_m19_theory_calibrated.candidate_features"", ""delta_mode"": ""none"", ""k_max"": 512, ""k_min"": 64, ""variant"": ""conservative""}",179,0.2006726457399103,0.5698324022346368,0.5698324022346368,0.0446927374301676,0.994413407821229,"{""dp_17_64"": 0.11173184357541899, ""dp_257_plus"": 0.19553072625698323, ""dp_5_16"": 0.01675977653631285, ""dp_65_256"": 0.6759776536312849}","{""cn_0"": 0.994413407821229, ""cn_2_3"": 0.00558659217877095}",0.0111731843575419,193.22346368715083,sasb_candidate_builder,8210d796507baec40960defe82db632ea7e00de2ee7a40fb1eddcc2ba5985126,179,8210d796507baec40960defe82db632ea7e00de2ee7a40fb1eddcc2ba5985126,"{""sasb_builder"": 179}",0,0,0,0,{},0.0,"{""common_neighbor_bin_l1"": 0.0, ""degree_product_bin_l1"": 0.0, ""is_boundary_edge_l1"": 0.0, ""is_bridge_edge_l1"": 0.0, ""is_inter_community_edge_l1"": 0.0, ""is_low_common_neighbor_edge_l1"": 0.0, ""mean_l1"": 0.0}",1,32,32,671.8362212915581,0
realworld_completed,bio_celegans,SASB-candidate,sasb,SASB-structured,20260513,1095,middle,0.8785871964679912,0.8785871964679912,0.0,25,25,0,0.5407407407407407,0.5412345679012346,142,452,142--452,19,4,4,19,76,1,0.3333333333333333,0,5,5,32,"[""96"", ""53"", ""60"", ""363"", ""51"", ""62"", ""373"", ""52"", ""364"", ""350"", ""369"", ""85"", ""82"", ""83"", ""144"", ""145"", ""143"", ""142"", ""220"", ""343"", ""440"", ""147"", ""154"", ""398"", ""97"", ""149"", ""56"", ""376"", ""50"", ""362"", ""289"", ""224""]",da989cd33740f8e4f640d674b57aaabfe47380b56d2b6cb3464503d744d7057f,"{""boundary"": 12, ""community_rep"": 6, ""degree_core"": 10, ""random_fill"": 4}","{""degree_2"": 1, ""degree_3_4"": 4, ""degree_5_8"": 2, ""degree_9_plus"": 25}","{""0"": 1, ""1"": 2, ""10"": 3, ""11"": 1, ""12"": 1, ""13"": 2, ""14"": 2, ""15"": 2, ""2"": 1, ""3"": 3, ""4"": 3, ""5"": 5, ""6"": 2, ""7"": 2, ""8"": 1, ""9"": 1}",179,"{""backend"": ""evaluate_m19_theory_calibrated.candidate_features"", ""delta_mode"": ""none"", ""k_max"": 512, ""k_min"": 64, ""variant"": ""conservative""}",179,0.20089786756453423,0.5698324022346368,0.5698324022346368,0.0446927374301676,1.0,"{""dp_17_64"": 0.11173184357541899, ""dp_257_plus"": 0.19553072625698323, ""dp_5_16"": 0.01675977653631285, ""dp_65_256"": 0.6759776536312849}","{""cn_0"": 0.9888268156424581, ""cn_1"": 0.0111731843575419}",0.0111731843575419,192.46368715083798,sasb_candidate_builder,fd43603108e59fa22ee9c8c54809e02b36ee648ccffab96f0cf7ed1f4b053a54,179,fd43603108e59fa22ee9c8c54809e02b36ee648ccffab96f0cf7ed1f4b053a54,"{""sasb_builder"": 179}",0,0,0,0,{},0.0,"{""common_neighbor_bin_l1"": 0.0, ""degree_product_bin_l1"": 0.0, ""is_boundary_edge_l1"": 0.0, ""is_bridge_edge_l1"": 0.0, ""is_inter_community_edge_l1"": 0.0, ""is_low_common_neighbor_edge_l1"": 0.0, ""mean_l1"": 0.0}",1,32,32,1723.7616076227928,0
realworld_completed,bio_celegans,SASB-candidate,sasb,SASB-structured,20260513,1096,middle,0.8785871964679912,0.8785871964679912,0.0,25,25,0,0.5412345679012346,0.5417283950617284,143,438,143--438,20,4,4,20,80,1,0.3333333333333333,0,5,5,32,"[""96"", ""53"", ""60"", ""363"", ""51"", ""62"", ""373"", ""52"", ""364"", ""350"", ""369"", ""85"", ""82"", ""83"", ""144"", ""145"", ""143"", ""142"", ""220"", ""343"", ""440"", ""147"", ""154"", ""398"", ""97"", ""149"", ""56"", ""376"", ""118"", ""445"", ""239"", ""27""]",cb4eeaa5614a7de2048347bee7ba859a0bedb96d5dbefa1b2560b056e2cacdb1,"{""boundary"": 12, ""community_rep"": 6, ""degree_core"": 10, ""random_fill"": 4}","{""degree_3_4"": 3, ""degree_5_8"": 3, ""degree_9_plus"": 26}","{""0"": 1, ""1"": 2, ""10"": 2, ""11"": 1, ""12"": 2, ""13"": 2, ""14"": 1, ""15"": 3, ""2"": 1, ""3"": 4, ""4"": 3, ""5"": 4, ""6"": 2, ""7"": 2, ""8"": 1, ""9"": 1}",179,"{""backend"": ""evaluate_m19_theory_calibrated.candidate_features"", ""delta_mode"": ""none"", ""k_max"": 512, ""k_min"": 64, ""variant"": ""conservative""}",179,0.20112359550561798,0.5698324022346368,0.5698324022346368,0.0446927374301676,1.0,"{""dp_17_64"": 0.11173184357541899, ""dp_257_plus"": 0.19553072625698323, ""dp_5_16"": 0.01675977653631285, ""dp_65_256"": 0.6759776536312849}","{""cn_0"": 0.994413407821229, ""cn_1"": 0.00558659217877095}",0.00558659217877095,192.6536312849162,sasb_candidate_builder,70197aae4068f28bad2a982745c4ce82eadf415cfb7c3b480fd632db01b5cfdb,179,70197aae4068f28bad2a982745c4ce82eadf415cfb7c3b480fd632db01b5cfdb,"{""sasb_builder"": 179}",0,0,0,0,{},0.0,"{""common_neighbor_bin_l1"": 0.0, ""degree_product_bin_l1"": 0.0, ""is_boundary_edge_l1"": 0.0, ""is_bridge_edge_l1"": 0.0, ""is_inter_community_edge_l1"": 0.0, ""is_low_common_neighbor_edge_l1"": 0.0, ""mean_l1"": 0.0}",1,32,32,1099.0355271474764,0
realworld_completed,bio_celegans,SASB-candidate,sasb,SASB-structured,20260513,1097,middle,0.8785871964679912,0.8785871964679912,0.0,25,25,0,0.5417283950617284,0.5422222222222223,143,452,143--452,19,3,3,19,57,0,0.0,0,5,5,32,"[""96"", ""53"", ""60"", ""363"", ""51"", ""62"", ""373"", ""52"", ""364"", ""350"", ""369"", ""85"", ""82"", ""83"", ""144"", ""145"", ""143"", ""142"", ""220"", ""343"", ""440"", ""147"", ""154"", ""398"", ""97"", ""149"", ""56"", ""376"", ""127"", ""46"", ""409"", ""420""]",3f05213d9a9664b2b021cc3baaedf972c40867eecaedd0f34de90e05ab6e66f9,"{""boundary"": 12, ""community_rep"": 6, ""degree_core"": 10, ""random_fill"": 4}","{""degree_0_1"": 1, ""degree_3_4"": 3, ""degree_5_8"": 3, ""degree_9_plus"": 25}","{""0"": 1, ""1"": 2, ""10"": 2, ""11"": 1, ""12"": 1, ""13"": 1, ""14"": 1, ""15"": 3, ""2"": 2, ""3"": 3, ""4"": 3, ""5"": 4, ""6"": 2, ""7"": 2, ""8"": 3, ""9"": 1}",179,"{""backend"": ""evaluate_m19_theory_calibrated.candidate_features"", ""delta_mode"": ""none"", ""k_max"": 512, ""k_min"": 64, ""variant"": ""conservative""}",179,0.2013498312710911,0.5698324022346368,0.5698324022346368,0.0446927374301676,1.0,"{""dp_17_64"": 0.12290502793296089, ""dp_257_plus"": 0.19553072625698323, ""dp_5_16"": 0.01675977653631285, ""dp_65_256"": 0.664804469273743}","{""cn_0"": 1.0}",0.0,192.40782122905028,sasb_candidate_builder,8f9aeaccc37365b46f43fcabfe1c916a6ebcfc7b4aaf51543edccffc1eca46a5,179,8f9aeaccc37365b46f43fcabfe1c916a6ebcfc7b4aaf51543edccffc1eca46a5,"{""sasb_builder"": 179}",0,0,0,0,{},0.0,"{""common_neighbor_bin_l1"": 0.0, ""degree_product_bin_l1"": 0.0, ""is_boundary_edge_l1"": 0.0, ""is_bridge_edge_l1"": 0.0, ""is_inter_community_edge_l1"": 0.0, ""is_low_common_neighbor_edge_l1"": 0.0, ""mean_l1"": 0.0}",1,32,32,1857.682528792007,0
realworld_completed,bio_celegans,SASB-candidate,sasb,SASB-structured,20260513,1098,middle,0.8785871964679912,0.8763796909492274,0.002207505518763808,25,26,1,0.5422222222222223,0.542716049382716,251,53,251--53,1,33,1,33,33,0,0.0,0,10,10,32,"[""96"", ""53"", ""60"", ""363"", ""51"", ""62"", ""373"", ""52"", ""364"", ""350"", ""369"", ""85"", ""82"", ""83"", ""144"", ""145"", ""142"", ""143"", ""220"", ""343"", ""440"", ""147"", ""154"", ""398"", ""97"", ""149"", ""56"", ""376"", ""374"", ""305"", ""380"", ""33""]",8c9a6036f3a9a662e7e664f7a8c44a3e345f7e4aa7f5d0a1c98dda7d90b1187f,"{""boundary"": 12, ""community_rep"": 6, ""degree_core"": 10, ""random_fill"": 4}","{""degree_2"": 2, ""degree_3_4"": 3, ""degree_5_8"": 2, ""degree_9_plus"": 25}","{""0"": 1, ""1"": 3, ""10"": 3, ""11"": 1, ""12"": 1, ""13"": 1, ""14"": 1, ""15"": 2, ""2"": 1, ""3"": 3, ""4"": 4, ""5"": 5, ""6"": 2, ""7"": 2, ""8"": 1, ""9"": 1}",179,"{""backend"": ""evaluate_m19_theory_calibrated.candidate_features"", ""delta_mode"": ""none"", ""k_max"": 512, ""k_min"": 64, ""variant"": ""conservative""}",179,0.20157657657657657,0.5698324022346368,0.5698324022346368,0.05027932960893855,1.0,"{""dp_17_64"": 0.12290502793296089, ""dp_257_plus"": 0.19553072625698323, ""dp_5_16"": 0.01675977653631285, ""dp_65_256"": 0.664804469273743}","{""cn_0"": 1.0}",0.0,191.93296089385476,sasb_candidate_builder,530f7dc0d9dcafefcd45189332281f1e51b9dd8ca80cd2fe83262319e5b5a597,179,530f7dc0d9dcafefcd45189332281f1e51b9dd8ca80cd2fe83262319e5b5a597,"{""sasb_builder"": 179}",0,0,0,0,{},0.0,"{""common_neighbor_bin_l1"": 0.0, ""degree_product_bin_l1"": 0.0, ""is_boundary_edge_l1"": 0.0, ""is_bridge_edge_l1"": 0.0, ""is_inter_community_edge_l1"": 0.0, ""is_low_common_neighbor_edge_l1"": 0.0, ""mean_l1"": 0.0}",1,32,32,0.0,0
realworld_completed,bio_celegans,SASB-candidate,sasb,SASB-structured,20260513,1099,middle,0.8763796909492274,0.8763796909492274,0.0,26,26,0,0.542716049382716,0.5432098765432098,147,32,147--32,13,10,10,13,130,3,0.3333333333333333,0,3,3,32,"[""96"", ""53"", ""60"", ""363"", ""51"", ""62"", ""373"", ""52"", ""364"", ""350"", ""369"", ""85"", ""82"", ""83"", ""144"", ""145"", ""142"", ""143"", ""220"", ""343"", ""440"", ""147"", ""154"", ""398"", ""97"", ""149"", ""56"", ""376"", ""71"", ""148"", ""375"", ""32""]",bce63347b99c9170b269cd16c46dde05a38fcd50134c7a91cb706facfecd3d1c,"{""boundary"": 12, ""community_rep"": 6, ""degree_core"": 10, ""random_fill"": 4}","{""degree_2"": 1, ""degree_3_4"": 2, ""degree_5_8"": 3, ""degree_9_plus"": 26}","{""0"": 1, ""1"": 3, ""10"": 2, ""11"": 1, ""12"": 1, ""13"": 1, ""14"": 1, ""15"": 2, ""2"": 2, ""3"": 4, ""4"": 3, ""5"": 4, ""6"": 3, ""7"": 2, ""8"": 1, ""9"": 1}",179,"{""backend"": ""evaluate_m19_theory_calibrated.candidate_features"", ""delta_mode"": ""none"", ""k_max"": 512, ""k_min"": 64, ""variant"": ""conservative""}",179,0.20180383314543404,0.5698324022346368,0.5698324022346368,0.0446927374301676,1.0,"{""dp_17_64"": 0.12849162011173185, ""dp_257_plus"": 0.18994413407821228, ""dp_5_16"": 0.01675977653631285, ""dp_65_256"": 0.664804469273743}","{""cn_0"": 1.0}",0.0,191.58100558659217,sasb_candidate_builder,e993cb6f612c6dca5acd6ee90d5b25dbdb6ca0855d827aead1e7e110b2b75f1b,179,e993cb6f612c6dca5acd6ee90d5b25dbdb6ca0855d827aead1e7e110b2b75f1b,"{""sasb_builder"": 179}",0,0,0,0,{},0.0,"{""common_neighbor_bin_l1"": 0.0, ""degree_product_bin_l1"": 0.0, ""is_boundary_edge_l1"": 0.0, ""is_bridge_edge_l1"": 0.0, ""is_inter_community_edge_l1"": 0.0, ""is_low_common_neighbor_edge_l1"": 0.0, ""mean_l1"": 0.0}",1,32,32,0.0,0
realworld_completed,bio_celegans,SASB-candidate,sasb,SASB-structured,20260513,1100,middle,0.8763796909492274,0.8763796909492274,0.0,26,26,0,0.5432098765432098,0.5437037037037037,438,441,438--441,3,5,3,5,15,1,0.5,1,7,5,32,"[""96"", ""53"", ""60"", ""51"", ""62"", ""363"", ""373"", ""364"", ""350"", ""369"", ""85"", ""359"", ""82"", ""83"", ""144"", ""145"", ""142"", ""143"", ""220"", ""52"", ""343"", ""440"", ""154"", ""398"", ""97"", ""348"", ""376"", ""418"", ""403"", ""77"", ""2"", ""406""]",0e30786d77976b6555680b4b3d8e1f4a42006deb89017762aae8567c0492f2d8,"{""boundary"": 12, ""community_rep"": 5, ""degree_core"": 10, ""random_fill"": 5}","{""degree_2"": 1, ""degree_3_4"": 2, ""degree_5_8"": 4, ""degree_9_plus"": 25}","{""0"": 1, ""1"": 2, ""10"": 1, ""11"": 2, ""12"": 1, ""13"": 2, ""14"": 1, ""2"": 1, ""3"": 3, ""4"": 3, ""5"": 4, ""6"": 3, ""7"": 2, ""8"": 3, ""9"": 3}",179,"{""backend"": ""evaluate_m19_theory_calibrated.candidate_features"", ""delta_mode"": ""none"", ""k_max"": 512, ""k_min"": 64, ""variant"": ""conservative""}",179,0.2020316027088036,0.553072625698324,0.553072625698324,0.0446927374301676,1.0,"{""dp_17_64"": 0.12290502793296089, ""dp_257_plus"": 0.18994413407821228, ""dp_5_16"": 0.0223463687150838, ""dp_65_256"": 0.664804469273743}","{""cn_0"": 0.994413407821229, ""cn_1"": 0.00558659217877095}",0.00558659217877095,191.16201117318437,sasb_candidate_builder,bce1c108b591c68ded5b53ebd053a5c5c29b42ed132463841202a83fbb4c6810,179,bce1c108b591c68ded5b53ebd053a5c5c29b42ed132463841202a83fbb4c6810,"{""sasb_builder"": 179}",0,0,0,0,{},0.0,"{""common_neighbor_bin_l1"": 0.0, ""degree_product_bin_l1"": 0.0, ""is_boundary_edge_l1"": 0.0, ""is_bridge_edge_l1"": 0.0, ""is_inter_community_edge_l1"": 0.0, ""is_low_common_neighbor_edge_l1"": 0.0, ""mean_l1"": 0.0}",1,32,32,31.015625,0
realworld_completed,bio_celegans,SASB-candidate,sasb,SASB-structured,20260513,1101,middle,0.8763796909492274,0.8763796909492274,0.0,26,26,0,0.5437037037037037,0.5441975308641975,245,51,245--51,3,32,3,32,96,2,1.0,0,11,11,32,"[""96"", ""53"", ""60"", ""51"", ""62"", ""363"", ""373"", ""364"", ""350"", ""369"", ""85"", ""359"", ""82"", ""83"", ""144"", ""145"", ""142"", ""143"", ""220"", ""52"", ""343"", ""440"", ""154"", ""398"", ""97"", ""348"", ""376"", ""267"", ""37"", ""394"", ""304"", ""174""]",92ff9c27b661454d7018d13f7a12168f47011a359124ca30d9636e9ea5795b6f,"{""boundary"": 12, ""community_rep"": 5, ""degree_core"": 10, ""random_fill"": 5}","{""degree_2"": 2, ""degree_3_4"": 4, ""degree_5_8"": 1, ""degree_9_plus"": 25}","{""0"": 2, ""1"": 2, ""10"": 1, ""11"": 3, ""12"": 1, ""13"": 1, ""14"": 1, ""2"": 1, ""3"": 3, ""4"": 3, ""5"": 4, ""6"": 3, ""7"": 2, ""8"": 3, ""9"": 2}",179,"{""backend"": ""evaluate_m19_theory_calibrated.candidate_features"", ""delta_mode"": ""none"", ""k_max"": 512, ""k_min"": 64, ""variant"": ""conservative""}",179,0.20225988700564973,0.547486033519553,0.547486033519553,0.0446927374301676,1.0,"{""dp_17_64"": 0.12849162011173185, ""dp_257_plus"": 0.18994413407821228, ""dp_5_16"": 0.01675977653631285, ""dp_65_256"": 0.664804469273743}","{""cn_0"": 1.0}",0.0,191.19553072625698,sasb_candidate_builder,a421437a8060565ff495439a5fc3e8c12ade257bddbd1f4400f02690ee795f9d,179,a421437a8060565ff495439a5fc3e8c12ade257bddbd1f4400f02690ee795f9d,"{""sasb_builder"": 179}",0,0,0,0,{},0.0,"{""common_neighbor_bin_l1"": 0.0, ""degree_product_bin_l1"": 0.0, ""is_boundary_edge_l1"": 0.0, ""is_bridge_edge_l1"": 0.0, ""is_inter_community_edge_l1"": 0.0, ""is_low_common_neighbor_edge_l1"": 0.0, ""mean_l1"": 0.0}",1,32,32,0.0,0
realworld_completed,bio_celegans,SASB-candidate,sasb,SASB-structured,20260513,1102,middle,0.8763796909492274,0.8763796909492274,0.0,26,26,0,0.5441975308641975,0.5446913580246914,247,51,247--51,2,31,2,31,62,0,0.0,0,11,11,32,"[""96"", ""53"", ""60"", ""51"", ""62"", ""363"", ""373"", ""364"", ""350"", ""369"", ""85"", ""359"", ""82"", ""83"", ""144"", ""145"", ""142"", ""143"", ""220"", ""52"", ""343"", ""440"", ""154"", ""398"", ""97"", ""348"", ""376"", ""233"", ""382"", ""401"", ""242"", ""31""]",c184e6873d9ecb9d2e499a02cd29718fab60628b91065df4505f546be68d52a0,"{""boundary"": 12, ""community_rep"": 5, ""degree_core"": 10, ""random_fill"": 5}","{""degree_3_4"": 3, ""degree_5_8"": 4, ""degree_9_plus"": 25}","{""0"": 1, ""1"": 2, ""10"": 1, ""11"": 1, ""12"": 2, ""13"": 1, ""14"": 1, ""2"": 1, ""3"": 3, ""4"": 4, ""5"": 4, ""6"": 4, ""7"": 2, ""8"": 2, ""9"": 3}",178,"{""backend"": ""evaluate_m19_theory_calibrated.candidate_features"", ""delta_mode"": ""none"", ""k_max"": 512, ""k_min"": 64, ""variant"": ""conservative""}",178,0.20135746606334842,0.550561797752809,0.550561797752809,0.0449438202247191,1.0,"{""dp_17_64"": 0.1348314606741573, ""dp_257_plus"": 0.19101123595505617, ""dp_5_16"": 0.016853932584269662, ""dp_65_256"": 0.6573033707865169}","{""cn_0"": 1.0}",0.0,190.47191011235955,sasb_candidate_builder,6711455846569612be0df7cb15e57d362497c0db0325ba0fbb518b9d0bb3a71f,178,6711455846569612be0df7cb15e57d362497c0db0325ba0fbb518b9d0bb3a71f,"{""sasb_builder"": 178}",0,0,0,0,{},0.0,"{""common_neighbor_bin_l1"": 0.0, ""degree_product_bin_l1"": 0.0, ""is_boundary_edge_l1"": 0.0, ""is_bridge_edge_l1"": 0.0, ""is_inter_community_edge_l1"": 0.0, ""is_low_common_neighbor_edge_l1"": 0.0, ""mean_l1"": 0.0}",1,32,32,0.0,0
realworld_completed,bio_celegans,SASB-candidate,sasb,SASB-structured,20260513,1103,middle,0.8763796909492274,0.869757174392936,0.0066225165562914245,26,27,1,0.5446913580246914,0.5451851851851852,248,51,248--51,2,30,2,30,60,0,0.0,0,10,10,32,"[""96"", ""53"", ""60"", ""51"", ""62"", ""363"", ""373"", ""364"", ""350"", ""369"", ""85"", ""359"", ""82"", ""83"", ""144"", ""145"", ""142"", ""143"", ""220"", ""52"", ""343"", ""440"", ""154"", ""398"", ""97"", ""348"", ""376"", ""346"", ""252"", ""11"", ""415"", ""0""]",27da3fda5e1188927f47fb1cddd87786ff392dc0ded63c9f118f00a2c4bd646e,"{""boundary"": 12, ""community_rep"": 5, ""degree_core"": 10, ""random_fill"": 5}","{""degree_2"": 1, ""degree_3_4"": 5, ""degree_5_8"": 1, ""degree_9_plus"": 25}","{""0"": 1, ""1"": 4, ""10"": 1, ""11"": 2, ""12"": 1, ""13"": 1, ""14"": 1, ""2"": 1, ""3"": 2, ""4"": 3, ""5"": 4, ""6"": 4, ""7"": 2, ""8"": 2, ""9"": 3}",178,"{""backend"": ""evaluate_m19_theory_calibrated.candidate_features"", ""delta_mode"": ""none"", ""k_max"": 512, ""k_min"": 64, ""variant"": ""conservative""}",178,0.2015855039637599,0.550561797752809,0.550561797752809,0.05056179775280899,1.0,"{""dp_17_64"": 0.12921348314606743, ""dp_257_plus"": 0.19101123595505617, ""dp_5_16"": 0.016853932584269662, ""dp_65_256"": 0.6629213483146067}","{""cn_0"": 1.0}",0.0,190.43820224719101,sasb_candidate_builder,356ca0033f76fe53a1818ef14c898e10018ed995e840e442a7800d32c6b2699c,178,356ca0033f76fe53a1818ef14c898e10018ed995e840e442a7800d32c6b2699c,"{""sasb_builder"": 178}",0,0,0,0,{},0.0,"{""common_neighbor_bin_l1"": 0.0, ""degree_product_bin_l1"": 0.0, ""is_boundary_edge_l1"": 0.0, ""is_bridge_edge_l1"": 0.0, ""is_inter_community_edge_l1"": 0.0, ""is_low_common_neighbor_edge_l1"": 0.0, ""mean_l1"": 0.0}",1,32,32,0.0,0
realworld_completed,bio_celegans,SASB-candidate,sasb,SASB-structured,20260513,1104,middle,0.869757174392936,0.869757174392936,0.0,27,27,0,0.5451851851851852,0.5456790123456791,294,53,294--53,2,32,2,32,64,1,1.0,0,10,10,32,"[""96"", ""53"", ""60"", ""51"", ""62"", ""363"", ""373"", ""364"", ""350"", ""369"", ""85"", ""359"", ""82"", ""83"", ""144"", ""145"", ""142"", ""143"", ""220"", ""52"", ""343"", ""440"", ""154"", ""398"", ""97"", ""348"", ""376"", ""281"", ""139"", ""23"", ""353"", ""104""]",82a00c9db1e24dc76dbc0844a320b7a21ee8723f8cbf88387a752421058b2e07,"{""boundary"": 12, ""community_rep"": 5, ""degree_core"": 10, ""random_fill"": 5}","{""degree_2"": 2, ""degree_3_4"": 2, ""degree_5_8"": 2, ""degree_9_plus"": 26}","{""0"": 1, ""1"": 2, ""10"": 1, ""11"": 2, ""12"": 1, ""13"": 1, ""14"": 2, ""2"": 1, ""3"": 2, ""4"": 3, ""5"": 4, ""6"": 3, ""7"": 4, ""8"": 2, ""9"": 3}",178,"{""backend"": ""evaluate_m19_theory_calibrated.candidate_features"", ""delta_mode"": ""none"", ""k_max"": 512, ""k_min"": 64, ""variant"": ""conservative""}",178,0.20227272727272727,0.550561797752809,0.550561797752809,0.0449438202247191,1.0,"{""dp_17_64"": 0.12921348314606743, ""dp_257_plus"": 0.19101123595505617, ""dp_5_16"": 0.016853932584269662, ""dp_65_256"": 0.6629213483146067}","{""cn_0"": 1.0}",0.0,189.82584269662922,sasb_candidate_builder,ca15f1f3fa05a5426af7bc48324b67a929ef85d99667aed6bd285fa58e02be05,178,ca15f1f3fa05a5426af7bc48324b67a929ef85d99667aed6bd285fa58e02be05,"{""sasb_builder"": 178}",0,0,0,0,{},0.0,"{""common_neighbor_bin_l1"": 0.0, ""degree_product_bin_l1"": 0.0, ""is_boundary_edge_l1"": 0.0, ""is_bridge_edge_l1"": 0.0, ""is_inter_community_edge_l1"": 0.0, ""is_low_common_neighbor_edge_l1"": 0.0, ""mean_l1"": 0.0}",1,32,32,0.0,0
realworld_completed,bio_celegans,SASB-candidate,sasb,SASB-structured,20260513,1105,middle,0.869757174392936,0.869757174392936,0.0,27,27,0,0.5456790123456791,0.5461728395061728,347,96,347--96,2,61,2,61,122,0,0.0,1,8,0,32,"[""96"", ""53"", ""60"", ""51"", ""62"", ""363"", ""373"", ""364"", ""350"", ""369"", ""85"", ""359"", ""82"", ""83"", ""144"", ""145"", ""142"", ""143"", ""220"", ""52"", ""343"", ""440"", ""154"", ""398"", ""97"", ""348"", ""376"", ""194"", ""340"", ""217"", ""180"", ""9""]",3952e76c64f6b06ac24b2705edff8e507a61a4dc0c50653885e498cf53992e71,"{""boundary"": 12, ""community_rep"": 5, ""degree_core"": 10, ""random_fill"": 5}","{""degree_0_1"": 1, ""degree_2"": 1, ""degree_3_4"": 3, ""degree_5_8"": 2, ""degree_9_plus"": 25}","{""0"": 1, ""1"": 3, ""10"": 1, ""11"": 1, ""12"": 1, ""13"": 1, ""14"": 1, ""2"": 1, ""3"": 3, ""4"": 3, ""5"": 4, ""6"": 4, ""7"": 4, ""8"": 2, ""9"": 2}",178,"{""backend"": ""evaluate_m19_theory_calibrated.candidate_features"", ""delta_mode"": ""none"", ""k_max"": 512, ""k_min"": 64, ""variant"": ""conservative""}",178,0.2025028441410694,0.550561797752809,0.550561797752809,0.0449438202247191,1.0,"{""dp_17_64"": 0.12359550561797752, ""dp_257_plus"": 0.19101123595505617, ""dp_5_16"": 0.016853932584269662, ""dp_65_256"": 0.6685393258426966}","{""cn_0"": 1.0}",0.0,189.1067415730337,sasb_candidate_builder,3baa5eea22f2a967a5e922d2ecedf9f0e29b224297eca12894a7953ace1845d5,178,3baa5eea22f2a967a5e922d2ecedf9f0e29b224297eca12894a7953ace1845d5,"{""sasb_builder"": 178}",0,0,0,0,{},0.0,"{""common_neighbor_bin_l1"": 0.0, ""degree_product_bin_l1"": 0.0, ""is_boundary_edge_l1"": 0.0, ""is_bridge_edge_l1"": 0.0, ""is_inter_community_edge_l1"": 0.0, ""is_low_common_neighbor_edge_l1"": 0.0, ""mean_l1"": 0.0}",1,32,32,0.0,0
realworld_completed,bio_celegans,SASB-candidate,sasb,SASB-structured,20260513,1106,middle,0.869757174392936,0.869757174392936,0.0,27,27,0,0.5461728395061728,0.5466666666666666,348,96,348--96,10,60,10,60,600,4,0.4444444444444444,1,13,12,32,"[""96"", ""53"", ""60"", ""51"", ""62"", ""363"", ""373"", ""364"", ""350"", ""369"", ""85"", ""359"", ""82"", ""83"", ""144"", ""145"", ""142"", ""143"", ""220"", ""52"", ""343"", ""440"", ""154"", ""398"", ""97"", ""348"", ""376"", ""237"", ""405"", ""253"", ""282"", ""426""]",eb86c0a71f08fa0da855e6138b649f0dba894f192a31a2f0c5ec8904bfacf479,"{""boundary"": 12, ""community_rep"": 5, ""degree_core"": 10, ""random_fill"": 5}","{""degree_0_1"": 1, ""degree_2"": 1, ""degree_3_4"": 2, ""degree_5_8"": 3, ""degree_9_plus"": 25}","{""0"": 1, ""1"": 2, ""10"": 1, ""11"": 3, ""12"": 1, ""13"": 1, ""14"": 2, ""2"": 1, ""3"": 2, ""4"": 3, ""5"": 4, ""6"": 3, ""7"": 3, ""8"": 2, ""9"": 3}",178,"{""backend"": ""evaluate_m19_theory_calibrated.candidate_features"", ""delta_mode"": ""none"", ""k_max"": 512, ""k_min"": 64, ""variant"": ""conservative""}",178,0.20273348519362186,0.5449438202247191,0.5449438202247191,0.05056179775280899,1.0,"{""dp_17_64"": 0.12359550561797752, ""dp_257_plus"": 0.19101123595505617, ""dp_5_16"": 0.016853932584269662, ""dp_65_256"": 0.6685393258426966}","{""cn_0"": 1.0}",0.0,187.34831460674158,sasb_candidate_builder,030d0d300e1b16ce253b579552a9a5be590a74290f252c913993793414e8e1de,178,030d0d300e1b16ce253b579552a9a5be590a74290f252c913993793414e8e1de,"{""sasb_builder"": 178}",0,0,0,0,{},0.0,"{""common_neighbor_bin_l1"": 0.0, ""degree_product_bin_l1"": 0.0, ""is_boundary_edge_l1"": 0.0, ""is_bridge_edge_l1"": 0.0, ""is_inter_community_edge_l1"": 0.0, ""is_low_common_neighbor_edge_l1"": 0.0, ""mean_l1"": 0.0}",1,32,32,0.0,0
realworld_completed,bio_celegans,SASB-candidate,sasb,SASB-structured,20260513,1107,middle,0.869757174392936,0.869757174392936,0.0,27,27,0,0.5466666666666666,0.5471604938271605,349,52,349--52,4,15,4,15,60,0,0.0,1,9,3,32,"[""96"", ""53"", ""60"", ""51"", ""62"", ""363"", ""373"", ""364"", ""350"", ""369"", ""85"", ""359"", ""82"", ""83"", ""144"", ""145"", ""142"", ""143"", ""220"", ""52"", ""343"", ""440"", ""154"", ""398"", ""97"", ""348"", ""376"", ""59"", ""300"", ""315"", ""437"", ""451""]",dc3ae6b6a2d889c12f75b7475270a3888cc71e1172caad9d8a5b203e94ba13b4,"{""boundary"": 12, ""community_rep"": 5, ""degree_core"": 10, ""random_fill"": 5}","{""degree_2"": 1, ""degree_3_4"": 4, ""degree_5_8"": 2, ""degree_9_plus"": 25}","{""0"": 1, ""1"": 2, ""10"": 1, ""11"": 1, ""12"": 1, ""13"": 1, ""14"": 1, ""2"": 1, ""3"": 3, ""4"": 4, ""5"": 5, ""6"": 3, ""7"": 3, ""8"": 3, ""9"": 2}",177,"{""backend"": ""evaluate_m19_theory_calibrated.candidate_features"", ""delta_mode"": ""none"", ""k_max"": 512, ""k_min"": 64, ""variant"": ""conservative""}",177,0.20182440136830102,0.5423728813559322,0.5423728813559322,0.05084745762711865,1.0,"{""dp_17_64"": 0.12429378531073447, ""dp_257_plus"": 0.1864406779661017, ""dp_5_16"": 0.01694915254237288, ""dp_65_256"": 0.672316384180791}","{""cn_0"": 1.0}",0.0,183.45197740112994,sasb_candidate_builder,0bac12ad993b852abaf700bb407e4d3c620f5ead382e19d2803512028c072b20,177,0bac12ad993b852abaf700bb407e4d3c620f5ead382e19d2803512028c072b20,"{""sasb_builder"": 177}",0,0,0,0,{},0.0,"{""common_neighbor_bin_l1"": 0.0, ""degree_product_bin_l1"": 0.0, ""is_boundary_edge_l1"": 0.0, ""is_bridge_edge_l1"": 0.0, ""is_inter_community_edge_l1"": 0.0, ""is_low_common_neighbor_edge_l1"": 0.0, ""mean_l1"": 0.0}",1,32,32,0.0,0
realworld_completed,bio_celegans,SASB-candidate,sasb,SASB-structured,20260513,1108,middle,0.869757174392936,0.869757174392936,0.0,27,27,0,0.5471604938271605,0.5476543209876543,208,82,208--82,4,24,4,24,96,2,0.6666666666666666,0,4,4,32,"[""96"", ""53"", ""60"", ""51"", ""62"", ""363"", ""373"", ""364"", ""350"", ""369"", ""85"", ""359"", ""82"", ""83"", ""144"", ""145"", ""142"", ""143"", ""220"", ""343"", ""440"", ""52"", ""154"", ""398"", ""97"", ""348"", ""376"", ""8"", ""271"", ""399"", ""114"", ""153""]",edd46ecb4245bcd929b0c90324c3315abe54235e04e480f8ffe4cac3873d95fe,"{""boundary"": 12, ""community_rep"": 5, ""degree_core"": 10, ""random_fill"": 5}","{""degree_0_1"": 1, ""degree_3_4"": 4, ""degree_5_8"": 2, ""degree_9_plus"": 25}","{""0"": 1, ""1"": 2, ""10"": 1, ""11"": 2, ""12"": 1, ""13"": 1, ""14"": 1, ""2"": 1, ""3"": 2, ""4"": 3, ""5"": 4, ""6"": 5, ""7"": 3, ""8"": 2, ""9"": 3}",177,"{""backend"": ""evaluate_m19_theory_calibrated.candidate_features"", ""delta_mode"": ""none"", ""k_max"": 512, ""k_min"": 64, ""variant"": ""conservative""}",177,0.20205479452054795,0.5423728813559322,0.5423728813559322,0.05084745762711865,1.0,"{""dp_17_64"": 0.11864406779661017, ""dp_257_plus"": 0.1864406779661017, ""dp_5_16"": 0.01694915254237288, ""dp_65_256"": 0.6779661016949152}","{""cn_0"": 1.0}",0.0,182.7909604519774,sasb_candidate_builder,1b256c7a557c8d3d9b473f7873bff3f65cb72708a8c520bc0f736c5698bcf5f6,177,1b256c7a557c8d3d9b473f7873bff3f65cb72708a8c520bc0f736c5698bcf5f6,"{""sasb_builder"": 177}",0,0,0,0,{},0.0,"{""common_neighbor_bin_l1"": 0.0, ""degree_product_bin_l1"": 0.0, ""is_boundary_edge_l1"": 0.0, ""is_bridge_edge_l1"": 0.0, ""is_inter_community_edge_l1"": 0.0, ""is_low_common_neighbor_edge_l1"": 0.0, ""mean_l1"": 0.0}",1,32,32,0.0,0
realworld_completed,bio_celegans,SASB-candidate,sasb,SASB-structured,20260513,1109,middle,0.869757174392936,0.869757174392936,0.0,27,27,0,0.5476543209876543,0.5481481481481482,208,83,208--83,3,23,3,23,69,1,0.5,0,4,4,32,"[""96"", ""53"", ""60"", ""51"", ""62"", ""363"", ""373"", ""364"", ""350"", ""369"", ""85"", ""359"", ""82"", ""83"", ""144"", ""145"", ""142"", ""143"", ""220"", ""343"", ""440"", ""52"", ""154"", ""398"", ""97"", ""348"", ""376"", ""292"", ""15"", ""33"", ""442"", ""146""]",4756f1a8617b4f4de0603ad47fd093744b7ce8785567af2893cc13f4b6b798a8,"{""boundary"": 12, ""community_rep"": 5, ""degree_core"": 10, ""random_fill"": 5}","{""degree_2"": 2, ""degree_3_4"": 3, ""degree_5_8"": 2, ""degree_9_plus"": 25}","{""0"": 1, ""1"": 3, ""10"": 1, ""11"": 1, ""12"": 1, ""13"": 1, ""14"": 1, ""2"": 1, ""3"": 3, ""4"": 4, ""5"": 4, ""6"": 3, ""7"": 3, ""8"": 3, ""9"": 2}",177,"{""backend"": ""evaluate_m19_theory_calibrated.candidate_features"", ""delta_mode"": ""none"", ""k_max"": 512, ""k_min"": 64, ""variant"": ""conservative""}",177,0.2022857142857143,0.5423728813559322,0.5423728813559322,0.05084745762711865,1.0,"{""dp_17_64"": 0.11864406779661017, ""dp_257_plus"": 0.1864406779661017, ""dp_5_16"": 0.01694915254237288, ""dp_65_256"": 0.6779661016949152}","{""cn_0"": 1.0}",0.0,182.23728813559322,sasb_candidate_builder,4fee22f5c3787958481bff8b18ad24dc8f51dcd26137b450ffc2c89f8333b6dc,177,4fee22f5c3787958481bff8b18ad24dc8f51dcd26137b450ffc2c89f8333b6dc,"{""sasb_builder"": 177}",0,0,0,0,{},0.0,"{""common_neighbor_bin_l1"": 0.0, ""degree_product_bin_l1"": 0.0, ""is_boundary_edge_l1"": 0.0, ""is_bridge_edge_l1"": 0.0, ""is_inter_community_edge_l1"": 0.0, ""is_low_common_neighbor_edge_l1"": 0.0, ""mean_l1"": 0.0}",1,32,32,0.0,0
realworld_completed,bio_celegans,SASB-candidate,sasb,SASB-structured,20260513,1110,middle,0.869757174392936,0.869757174392936,0.0,27,27,0,0.5481481481481482,0.548641975308642,111,363,111--363,5,19,5,19,95,2,0.5,0,3,3,32,"[""96"", ""53"", ""60"", ""363"", ""51"", ""62"", ""373"", ""364"", ""52"", ""350"", ""369"", ""85"", ""82"", ""144"", ""145"", ""83"", ""142"", ""143"", ""220"", ""343"", ""440"", ""121"", ""154"", ""398"", ""97"", ""348"", ""376"", ""21"", ""317"", ""20"", ""421"", ""432""]",caae15df627885ed12d116c111d30af993a276ccc1a25b801d74d77c0a937fca,"{""boundary"": 12, ""community_rep"": 5, ""degree_core"": 10, ""random_fill"": 5}","{""degree_2"": 1, ""degree_3_4"": 3, ""degree_5_8"": 2, ""degree_9_plus"": 26}","{""0"": 4, ""1"": 2, ""10"": 1, ""11"": 2, ""12"": 1, ""13"": 1, ""14"": 1, ""2"": 1, ""3"": 3, ""4"": 4, ""5"": 5, ""6"": 2, ""7"": 1, ""8"": 2, ""9"": 2}",177,"{""backend"": ""evaluate_m19_theory_calibrated.candidate_features"", ""delta_mode"": ""none"", ""k_max"": 512, ""k_min"": 64, ""variant"": ""conservative""}",177,0.20251716247139587,0.536723163841808,0.536723163841808,0.05084745762711865,0.9887005649717514,"{""dp_17_64"": 0.11299435028248588, ""dp_257_plus"": 0.1864406779661017, ""dp_5_16"": 0.005649717514124294, ""dp_65_256"": 0.6949152542372882}","{""cn_0"": 0.9887005649717514, ""cn_2_3"": 0.011299435028248588}",0.022598870056497175,183.5819209039548,sasb_candidate_builder,a5071e511f4f0ae0a417c2c157de07d5e873d726377580424297bf1309e24e3e,177,a5071e511f4f0ae0a417c2c157de07d5e873d726377580424297bf1309e24e3e,"{""sasb_builder"": 177}",0,0,0,0,{},0.0,"{""common_neighbor_bin_l1"": 0.0, ""degree_product_bin_l1"": 0.0, ""is_boundary_edge_l1"": 0.0, ""is_bridge_edge_l1"": 0.0, ""is_inter_community_edge_l1"": 0.0, ""is_low_common_neighbor_edge_l1"": 0.0, ""mean_l1"": 0.0}",1,32,32,643.2660494903799,0
realworld_completed,bio_celegans,SASB-candidate,sasb,SASB-structured,20260513,1111,middle,0.869757174392936,0.869757174392936,0.0,27,27,0,0.548641975308642,0.5491358024691358,107,363,107--363,5,18,5,18,90,1,0.25,0,3,3,32,"[""96"", ""53"", ""60"", ""363"", ""51"", ""62"", ""373"", ""364"", ""52"", ""350"", ""369"", ""85"", ""82"", ""144"", ""145"", ""83"", ""142"", ""143"", ""220"", ""343"", ""440"", ""121"", ""154"", ""398"", ""97"", ""348"", ""376"", ""39"", ""10"", ""290"", ""43"", ""31""]",872d165de36a7a2f97a763d2379cb1ded997d0fab0e69436ebdde321d1173288,"{""boundary"": 12, ""community_rep"": 5, ""degree_core"": 10, ""random_fill"": 5}","{""degree_0_1"": 1, ""degree_2"": 1, ""degree_3_4"": 3, ""degree_5_8"": 1, ""degree_9_plus"": 26}","{""0"": 1, ""1"": 3, ""10"": 1, ""11"": 2, ""12"": 1, ""13"": 2, ""14"": 1, ""2"": 1, ""3"": 4, ""4"": 3, ""5"": 4, ""6"": 2, ""7"": 1, ""8"": 3, ""9"": 3}",177,"{""backend"": ""evaluate_m19_theory_calibrated.candidate_features"", ""delta_mode"": ""none"", ""k_max"": 512, ""k_min"": 64, ""variant"": ""conservative""}",177,0.2027491408934708,0.536723163841808,0.536723163841808,0.05084745762711865,1.0,"{""dp_17_64"": 0.11864406779661017, ""dp_257_plus"": 0.1807909604519774, ""dp_5_16"": 0.005649717514124294, ""dp_65_256"": 0.6949152542372882}","{""cn_0"": 0.9887005649717514, ""cn_1"": 0.011299435028248588}",0.011299435028248588,182.2090395480226,sasb_candidate_builder,2f013179c6ecfd4cd510eb8b0d5fd08b35bf3aa4deeadaf400373686acf405dc,177,2f013179c6ecfd4cd510eb8b0d5fd08b35bf3aa4deeadaf400373686acf405dc,"{""sasb_builder"": 177}",0,0,0,0,{},0.0,"{""common_neighbor_bin_l1"": 0.0, ""degree_product_bin_l1"": 0.0, ""is_boundary_edge_l1"": 0.0, ""is_bridge_edge_l1"": 0.0, ""is_inter_community_edge_l1"": 0.0, ""is_low_common_neighbor_edge_l1"": 0.0, ""mean_l1"": 0.0}",1,32,32,504.0975217439832,0
realworld_completed,bio_celegans,SASB-candidate,sasb,SASB-structured,20260513,1112,middle,0.869757174392936,0.869757174392936,0.0,27,27,0,0.5491358024691358,0.5496296296296296,28,40,28--40,7,9,7,9,63,1,0.16666666666666666,0,12,12,32,"[""96"", ""53"", ""60"", ""363"", ""51"", ""62"", ""373"", ""364"", ""52"", ""350"", ""369"", ""85"", ""82"", ""144"", ""145"", ""83"", ""142"", ""143"", ""220"", ""343"", ""440"", ""121"", ""154"", ""398"", ""97"", ""348"", ""376"", ""281"", ""26"", ""216"", ""414"", ""397""]",bb52f9877a64d9f5760a6f27e86ef96833bb5342bf37faad65b7faf1ffa4d3c9,"{""boundary"": 12, ""community_rep"": 5, ""degree_core"": 10, ""random_fill"": 5}","{""degree_0_1"": 1, ""degree_3_4"": 4, ""degree_9_plus"": 27}","{""0"": 1, ""1"": 3, ""10"": 1, ""11"": 2, ""12"": 1, ""13"": 1, ""14"": 2, ""2"": 1, ""3"": 3, ""4"": 3, ""5"": 6, ""6"": 2, ""7"": 1, ""8"": 3, ""9"": 2}",177,"{""backend"": ""evaluate_m19_theory_calibrated.candidate_features"", ""delta_mode"": ""none"", ""k_max"": 512, ""k_min"": 64, ""variant"": ""conservative""}",177,0.2029816513761468,0.536723163841808,0.536723163841808,0.05649717514124294,1.0,"{""dp_17_64"": 0.12994350282485875, ""dp_257_plus"": 0.1807909604519774, ""dp_5_16"": 0.005649717514124294, ""dp_65_256"": 0.6836158192090396}","{""cn_0"": 0.9943502824858758, ""cn_1"": 0.005649717514124294}",0.005649717514124294,180.20338983050848,sasb_candidate_builder,d00fd499b8fb5e0fc98aa411d9e602c14ab121969a6ce7a438660e67457f6b12,177,d00fd499b8fb5e0fc98aa411d9e602c14ab121969a6ce7a438660e67457f6b12,"{""sasb_builder"": 177}",0,0,0,0,{},0.0,"{""common_neighbor_bin_l1"": 0.0, ""degree_product_bin_l1"": 0.0, ""is_boundary_edge_l1"": 0.0, ""is_bridge_edge_l1"": 0.0, ""is_inter_community_edge_l1"": 0.0, ""is_low_common_neighbor_edge_l1"": 0.0, ""mean_l1"": 0.0}",1,32,32,192.74243149942157,0
realworld_completed,bio_celegans,SASB-candidate,sasb,SASB-structured,20260513,1113,middle,0.869757174392936,0.869757174392936,0.0,27,27,0,0.5496296296296296,0.5501234567901234,210,82,210--82,4,23,4,23,92,2,0.6666666666666666,0,4,4,32,"[""96"", ""53"", ""60"", ""363"", ""51"", ""62"", ""373"", ""364"", ""52"", ""350"", ""369"", ""85"", ""82"", ""144"", ""145"", ""83"", ""142"", ""143"", ""220"", ""343"", ""440"", ""121"", ""154"", ""398"", ""97"", ""348"", ""376"", ""425"", ""271"", ""284"", ""306"", ""17""]",689e4494574371ee52349e60cb7687767b1e7e7492b5458c247da81ec5dbc764,"{""boundary"": 12, ""community_rep"": 5, ""degree_core"": 10, ""random_fill"": 5}","{""degree_2"": 2, ""degree_3_4"": 3, ""degree_5_8"": 1, ""degree_9_plus"": 26}","{""0"": 2, ""1"": 2, ""10"": 1, ""11"": 2, ""12"": 1, ""13"": 1, ""14"": 1, ""2"": 2, ""3"": 3, ""4"": 3, ""5"": 5, ""6"": 4, ""7"": 1, ""8"": 2, ""9"": 2}",177,"{""backend"": ""evaluate_m19_theory_calibrated.candidate_features"", ""delta_mode"": ""none"", ""k_max"": 512, ""k_min"": 64, ""variant"": ""conservative""}",177,0.20321469575200918,0.536723163841808,0.536723163841808,0.05649717514124294,1.0,"{""dp_17_64"": 0.12429378531073447, ""dp_257_plus"": 0.1807909604519774, ""dp_5_16"": 0.005649717514124294, ""dp_65_256"": 0.6892655367231638}","{""cn_0"": 1.0}",0.0,180.36723163841808,sasb_candidate_builder,e49d92bf7f8204ee18c6c0685f5cd851f537c569b6bc33a37dcf20834dee73b8,177,e49d92bf7f8204ee18c6c0685f5cd851f537c569b6bc33a37dcf20834dee73b8,"{""sasb_builder"": 177}",0,0,0,0,{},0.0,"{""common_neighbor_bin_l1"": 0.0, ""degree_product_bin_l1"": 0.0, ""is_boundary_edge_l1"": 0.0, ""is_bridge_edge_l1"": 0.0, ""is_inter_community_edge_l1"": 0.0, ""is_low_common_neighbor_edge_l1"": 0.0, ""mean_l1"": 0.0}",1,32,32,0.0,0
realworld_completed,bio_celegans,SASB-candidate,sasb,SASB-structured,20260513,1114,middle,0.869757174392936,0.869757174392936,0.0,27,27,0,0.5501234567901234,0.5506172839506173,200,82,200--82,3,22,3,22,66,1,0.5,0,4,4,32,"[""96"", ""53"", ""60"", ""363"", ""51"", ""62"", ""373"", ""364"", ""52"", ""350"", ""369"", ""85"", ""144"", ""145"", ""82"", ""83"", ""142"", ""143"", ""220"", ""343"", ""440"", ""121"", ""154"", ""398"", ""97"", ""348"", ""376"", ""119"", ""436"", ""200"", ""146"", ""319""]",3517a715e12c7bbcda49c39ed6f2ce53bf5a9b12a9565c47f70955bdf1549f9c,"{""boundary"": 12, ""community_rep"": 5, ""degree_core"": 10, ""random_fill"": 5}","{""degree_2"": 1, ""degree_3_4"": 4, ""degree_5_8"": 1, ""degree_9_plus"": 26}","{""0"": 2, ""1"": 3, ""10"": 1, ""11"": 3, ""12"": 1, ""13"": 1, ""14"": 1, ""2"": 1, ""3"": 3, ""4"": 5, ""5"": 4, ""6"": 2, ""7"": 1, ""8"": 2, ""9"": 2}",177,"{""backend"": ""evaluate_m19_theory_calibrated.candidate_features"", ""delta_mode"": ""none"", ""k_max"": 512, ""k_min"": 64, ""variant"": ""conservative""}",177,0.20344827586206896,0.536723163841808,0.536723163841808,0.05084745762711865,1.0,"{""dp_17_64"": 0.11864406779661017, ""dp_257_plus"": 0.1807909604519774, ""dp_5_16"": 0.005649717514124294, ""dp_65_256"": 0.6949152542372882}","{""cn_0"": 1.0}",0.0,180.1638418079096,sasb_candidate_builder,c499c3db16b46e2502b38d4d8d40a4fdc26129a31bd0e1a1a99a9daf1e6fad48,177,c499c3db16b46e2502b38d4d8d40a4fdc26129a31bd0e1a1a99a9daf1e6fad48,"{""sasb_builder"": 177}",0,0,0,0,{},0.0,"{""common_neighbor_bin_l1"": 0.0, ""degree_product_bin_l1"": 0.0, ""is_boundary_edge_l1"": 0.0, ""is_bridge_edge_l1"": 0.0, ""is_inter_community_edge_l1"": 0.0, ""is_low_common_neighbor_edge_l1"": 0.0, ""mean_l1"": 0.0}",1,32,32,0.0,0
realworld_completed,bio_celegans,SASB-candidate,sasb,SASB-structured,20260513,1115,middle,0.869757174392936,0.869757174392936,0.0,27,27,0,0.5506172839506173,0.5511111111111111,210,83,210--83,3,22,3,22,66,1,0.5,0,4,4,32,"[""96"", ""53"", ""60"", ""363"", ""51"", ""62"", ""373"", ""364"", ""52"", ""350"", ""369"", ""85"", ""144"", ""145"", ""83"", ""82"", ""142"", ""143"", ""220"", ""343"", ""440"", ""121"", ""154"", ""398"", ""97"", ""348"", ""376"", ""238"", ""69"", ""113"", ""451"", ""181""]",b6aa039e48c628c3f05fc00eb5bcf3653dac22d3bf2867d817292df97db06e58,"{""boundary"": 12, ""community_rep"": 5, ""degree_core"": 10, ""random_fill"": 5}","{""degree_0_1"": 1, ""degree_2"": 3, ""degree_3_4"": 2, ""degree_9_plus"": 26}","{""0"": 2, ""1"": 2, ""10"": 2, ""11"": 2, ""12"": 1, ""13"": 1, ""14"": 2, ""2"": 1, ""3"": 3, ""4"": 3, ""5"": 4, ""6"": 2, ""7"": 1, ""8"": 4, ""9"": 2}",177,"{""backend"": ""evaluate_m19_theory_calibrated.candidate_features"", ""delta_mode"": ""none"", ""k_max"": 512, ""k_min"": 64, ""variant"": ""conservative""}",177,0.20368239355581128,0.536723163841808,0.536723163841808,0.05649717514124294,1.0,"{""dp_17_64"": 0.12994350282485875, ""dp_257_plus"": 0.1807909604519774, ""dp_5_16"": 0.005649717514124294, ""dp_65_256"": 0.6836158192090396}","{""cn_0"": 1.0}",0.0,179.71186440677965,sasb_candidate_builder,6b2bf26903acdb76f86e4e2849d33746cf83901466f79790cc7297da450e8c76,177,6b2bf26903acdb76f86e4e2849d33746cf83901466f79790cc7297da450e8c76,"{""sasb_builder"": 177}",0,0,0,0,{},0.0,"{""common_neighbor_bin_l1"": 0.0, ""degree_product_bin_l1"": 0.0, ""is_boundary_edge_l1"": 0.0, ""is_bridge_edge_l1"": 0.0, ""is_inter_community_edge_l1"": 0.0, ""is_low_common_neighbor_edge_l1"": 0.0, ""mean_l1"": 0.0}",1,32,32,0.0,0
realworld_completed,bio_celegans,SASB-candidate,sasb,SASB-structured,20260513,1116,middle,0.869757174392936,0.8631346578366446,0.0066225165562914245,27,28,1,0.5511111111111111,0.551604938271605,200,83,200--83,2,21,2,21,42,0,0.0,0,4,4,32,"[""96"", ""53"", ""60"", ""363"", ""51"", ""62"", ""373"", ""364"", ""52"", ""350"", ""369"", ""85"", ""144"", ""145"", ""82"", ""83"", ""142"", ""143"", ""220"", ""343"", ""440"", ""121"", ""154"", ""398"", ""97"", ""348"", ""376"", ""346"", ""358"", ""328"", ""359"", ""316""]",72df0af7721c86854f2035ed90627757650b33a7a145ec514b0625d362c6eb92,"{""boundary"": 12, ""community_rep"": 5, ""degree_core"": 10, ""random_fill"": 5}","{""degree_2"": 1, ""degree_3_4"": 4, ""degree_5_8"": 1, ""degree_9_plus"": 26}","{""0"": 1, ""1"": 2, ""10"": 1, ""11"": 3, ""12"": 1, ""13"": 1, ""14"": 1, ""2"": 1, ""3"": 3, ""4"": 3, ""5"": 5, ""6"": 4, ""7"": 1, ""8"": 3, ""9"": 2}",177,"{""backend"": ""evaluate_m19_theory_calibrated.candidate_features"", ""delta_mode"": ""none"", ""k_max"": 512, ""k_min"": 64, ""variant"": ""conservative""}",177,0.20391705069124424,0.536723163841808,0.536723163841808,0.062146892655367235,1.0,"{""dp_17_64"": 0.14124293785310735, ""dp_257_plus"": 0.1807909604519774, ""dp_5_16"": 0.005649717514124294, ""dp_65_256"": 0.672316384180791}","{""cn_0"": 1.0}",0.0,179.4180790960452,sasb_candidate_builder,01dc8ecf8efd6312072a35c0818ff24685644667eed78f2d3414a2d72937b8e1,177,01dc8ecf8efd6312072a35c0818ff24685644667eed78f2d3414a2d72937b8e1,"{""sasb_builder"": 177}",0,0,0,0,{},0.0,"{""common_neighbor_bin_l1"": 0.0, ""degree_product_bin_l1"": 0.0, ""is_boundary_edge_l1"": 0.0, ""is_bridge_edge_l1"": 0.0, ""is_inter_community_edge_l1"": 0.0, ""is_low_common_neighbor_edge_l1"": 0.0, ""mean_l1"": 0.0}",1,32,32,0.0,0
realworld_completed,bio_celegans,SASB-candidate,sasb,SASB-structured,20260513,1117,middle,0.8631346578366446,0.8631346578366446,0.0,28,28,0,0.551604938271605,0.5520987654320988,220,62,220--62,15,24,15,24,360,11,0.7857142857142857,0,6,6,32,"[""96"", ""53"", ""60"", ""363"", ""51"", ""62"", ""373"", ""364"", ""52"", ""350"", ""369"", ""85"", ""144"", ""145"", ""82"", ""83"", ""142"", ""143"", ""220"", ""343"", ""440"", ""121"", ""154"", ""398"", ""97"", ""348"", ""376"", ""329"", ""282"", ""160"", ""347"", ""301""]",9ac0f5ce028216024a824a8b6a61f07f8296fc4653d4e7b2883858e337a03444,"{""boundary"": 12, ""community_rep"": 5, ""degree_core"": 10, ""random_fill"": 5}","{""degree_0_1"": 1, ""degree_2"": 2, ""degree_3_4"": 1, ""degree_5_8"": 2, ""degree_9_plus"": 26}","{""0"": 1, ""1"": 2, ""10"": 1, ""11"": 2, ""12"": 1, ""13"": 1, ""14"": 2, ""2"": 2, ""3"": 3, ""4"": 3, ""5"": 4, ""6"": 3, ""7"": 2, ""8"": 3, ""9"": 2}",176,"{""backend"": ""evaluate_m19_theory_calibrated.candidate_features"", ""delta_mode"": ""none"", ""k_max"": 512, ""k_min"": 64, ""variant"": ""conservative""}",176,0.20346820809248556,0.5397727272727273,0.5397727272727273,0.056818181818181816,1.0,"{""dp_17_64"": 0.13068181818181818, ""dp_257_plus"": 0.1875, ""dp_5_16"": 0.005681818181818182, ""dp_65_256"": 0.6761363636363636}","{""cn_0"": 1.0}",0.0,181.7443181818182,sasb_candidate_builder,0a6014da860f0e7fafa3abd28d42976fe1a39958308ea2707b1b8c95f8302192,176,0a6014da860f0e7fafa3abd28d42976fe1a39958308ea2707b1b8c95f8302192,"{""sasb_builder"": 176}",0,0,0,0,{},0.0,"{""common_neighbor_bin_l1"": 0.0, ""degree_product_bin_l1"": 0.0, ""is_boundary_edge_l1"": 0.0, ""is_bridge_edge_l1"": 0.0, ""is_inter_community_edge_l1"": 0.0, ""is_low_common_neighbor_edge_l1"": 0.0, ""mean_l1"": 0.0}",1,32,32,0.0,0
realworld_completed,bio_celegans,SASB-candidate,sasb,SASB-structured,20260513,1118,middle,0.8631346578366446,0.8631346578366446,0.0,28,28,0,0.5520987654320988,0.5525925925925926,220,427,220--427,14,3,3,14,42,0,0.0,0,6,6,32,"[""96"", ""53"", ""60"", ""363"", ""51"", ""62"", ""373"", ""364"", ""52"", ""350"", ""369"", ""85"", ""144"", ""145"", ""82"", ""83"", ""142"", ""143"", ""220"", ""343"", ""440"", ""121"", ""154"", ""398"", ""97"", ""348"", ""376"", ""352"", ""283"", ""281"", ""223"", ""271""]",6c1a24d1dc7e6c0e7be20b332f623ebe563499bc0467dc034dd34921a51279b1,"{""boundary"": 12, ""community_rep"": 5, ""degree_core"": 10, ""random_fill"": 5}","{""degree_2"": 1, ""degree_3_4"": 2, ""degree_5_8"": 2, ""degree_9_plus"": 27}","{""0"": 1, ""1"": 2, ""10"": 1, ""11"": 2, ""12"": 1, ""13"": 2, ""14"": 3, ""2"": 1, ""3"": 3, ""4"": 3, ""5"": 4, ""6"": 3, ""7"": 1, ""8"": 2, ""9"": 3}",176,"{""backend"": ""evaluate_m19_theory_calibrated.candidate_features"", ""delta_mode"": ""none"", ""k_max"": 512, ""k_min"": 64, ""variant"": ""conservative""}",176,0.2037037037037037,0.5397727272727273,0.5397727272727273,0.05113636363636364,1.0,"{""dp_17_64"": 0.13636363636363635, ""dp_257_plus"": 0.18181818181818182, ""dp_5_16"": 0.005681818181818182, ""dp_65_256"": 0.6761363636363636}","{""cn_0"": 1.0}",0.0,179.42045454545453,sasb_candidate_builder,0d9708d233a2b4705023c3b6ad1ce04d013d1a5a756be553e6e67ea049ea4ee4,176,0d9708d233a2b4705023c3b6ad1ce04d013d1a5a756be553e6e67ea049ea4ee4,"{""sasb_builder"": 176}",0,0,0,0,{},0.0,"{""common_neighbor_bin_l1"": 0.0, ""degree_product_bin_l1"": 0.0, ""is_boundary_edge_l1"": 0.0, ""is_bridge_edge_l1"": 0.0, ""is_inter_community_edge_l1"": 0.0, ""is_low_common_neighbor_edge_l1"": 0.0, ""mean_l1"": 0.0}",1,32,32,1098.947221206909,0
realworld_completed,bio_celegans,SASB-candidate,sasb,SASB-structured,20260513,1119,middle,0.8631346578366446,0.8631346578366446,0.0,28,28,0,0.5525925925925926,0.5530864197530864,129,62,129--62,3,23,3,23,69,1,0.5,0,6,6,32,"[""96"", ""53"", ""60"", ""363"", ""51"", ""62"", ""373"", ""364"", ""52"", ""350"", ""369"", ""85"", ""144"", ""145"", ""82"", ""83"", ""142"", ""143"", ""343"", ""440"", ""220"", ""121"", ""154"", ""398"", ""97"", ""348"", ""376"", ""283"", ""197"", ""56"", ""401"", ""68""]",07c5685275a4d817fbb857c5858a1415986238fb2817b039d6938431bab68fc9,"{""boundary"": 12, ""community_rep"": 5, ""degree_core"": 10, ""random_fill"": 5}","{""degree_2"": 1, ""degree_3_4"": 2, ""degree_5_8"": 3, ""degree_9_plus"": 26}","{""0"": 1, ""1"": 2, ""10"": 1, ""11"": 2, ""12"": 1, ""13"": 1, ""14"": 3, ""2"": 1, ""3"": 3, ""4"": 3, ""5"": 4, ""6"": 3, ""7"": 1, ""8"": 2, ""9"": 4}",176,"{""backend"": ""evaluate_m19_theory_calibrated.candidate_features"", ""delta_mode"": ""none"", ""k_max"": 512, ""k_min"": 64, ""variant"": ""conservative""}",176,0.20393974507531865,0.5397727272727273,0.5397727272727273,0.05113636363636364,1.0,"{""dp_17_64"": 0.13068181818181818, ""dp_257_plus"": 0.18181818181818182, ""dp_5_16"": 0.005681818181818182, ""dp_65_256"": 0.6818181818181818}","{""cn_0"": 1.0}",0.0,179.53977272727272,sasb_candidate_builder,8d01e6d5e9a20d3c555b9143191f92690465587d1f24b63beac0a0c903d03a12,176,8d01e6d5e9a20d3c555b9143191f92690465587d1f24b63beac0a0c903d03a12,"{""sasb_builder"": 176}",0,0,0,0,{},0.0,"{""common_neighbor_bin_l1"": 0.0, ""degree_product_bin_l1"": 0.0, ""is_boundary_edge_l1"": 0.0, ""is_bridge_edge_l1"": 0.0, ""is_inter_community_edge_l1"": 0.0, ""is_low_common_neighbor_edge_l1"": 0.0, ""mean_l1"": 0.0}",1,32,32,0.0,0
realworld_completed,bio_celegans,SASB-candidate,sasb,SASB-structured,20260513,1120,middle,0.8631346578366446,0.8631346578366446,0.0,28,28,0,0.5530864197530864,0.5535802469135802,370,450,370--450,3,2,2,3,6,0,0.0,1,13,9,32,"[""96"", ""53"", ""60"", ""363"", ""51"", ""62"", ""373"", ""364"", ""52"", ""350"", ""369"", ""85"", ""144"", ""145"", ""82"", ""83"", ""142"", ""143"", ""343"", ""440"", ""220"", ""121"", ""154"", ""398"", ""97"", ""348"", ""56"", ""376"", ""163"", ""193"", ""9"", ""148""]",1d76d90adcafca4a00f47071e21c40b20232aafba0fb87ed0c1aaf45b0d86f0f,"{""boundary"": 12, ""community_rep"": 6, ""degree_core"": 10, ""random_fill"": 4}","{""degree_2"": 1, ""degree_3_4"": 2, ""degree_5_8"": 3, ""degree_9_plus"": 26}","{""0"": 1, ""1"": 3, ""10"": 1, ""11"": 1, ""12"": 1, ""13"": 2, ""14"": 1, ""15"": 1, ""2"": 1, ""3"": 4, ""4"": 3, ""5"": 4, ""6"": 3, ""7"": 2, ""8"": 2, ""9"": 2}",176,"{""backend"": ""evaluate_m19_theory_calibrated.candidate_features"", ""delta_mode"": ""none"", ""k_max"": 512, ""k_min"": 64, ""variant"": ""conservative""}",176,0.20417633410672853,0.5511363636363636,0.5511363636363636,0.05113636363636364,1.0,"{""dp_17_64"": 0.13068181818181818, ""dp_257_plus"": 0.18181818181818182, ""dp_5_16"": 0.011363636363636364, ""dp_65_256"": 0.6761363636363636}","{""cn_0"": 1.0}",0.0,178.4715909090909,sasb_candidate_builder,943b105e73d711f04a46ee2436ac79e4fe3fc1651e0ac711c96d6c180b866554,176,943b105e73d711f04a46ee2436ac79e4fe3fc1651e0ac711c96d6c180b866554,"{""sasb_builder"": 176}",0,0,0,0,{},0.0,"{""common_neighbor_bin_l1"": 0.0, ""degree_product_bin_l1"": 0.0, ""is_boundary_edge_l1"": 0.0, ""is_bridge_edge_l1"": 0.0, ""is_inter_community_edge_l1"": 0.0, ""is_low_common_neighbor_edge_l1"": 0.0, ""mean_l1"": 0.0}",1,32,32,182.1846955128205,0
realworld_completed,bio_celegans,SASB-candidate,sasb,SASB-structured,20260513,1121,middle,0.8631346578366446,0.8631346578366446,0.0,28,28,0,0.5535802469135802,0.554074074074074,220,8,220--8,13,3,3,13,39,0,0.0,0,6,6,32,"[""96"", ""53"", ""60"", ""363"", ""51"", ""62"", ""373"", ""364"", ""52"", ""350"", ""369"", ""85"", ""144"", ""145"", ""82"", ""83"", ""142"", ""143"", ""343"", ""440"", ""220"", ""121"", ""154"", ""398"", ""97"", ""348"", ""56"", ""376"", ""68"", ""418"", ""370"", ""78""]",4e3f9051b76e66cf30758b1bb299da521138316893cf902eccc970a1084123b9,"{""boundary"": 12, ""community_rep"": 6, ""degree_core"": 10, ""random_fill"": 4}","{""degree_2"": 1, ""degree_3_4"": 2, ""degree_5_8"": 3, ""degree_9_plus"": 26}","{""0"": 2, ""1"": 2, ""10"": 1, ""11"": 1, ""12"": 1, ""13"": 3, ""14"": 1, ""15"": 2, ""2"": 1, ""3"": 3, ""4"": 3, ""5"": 4, ""6"": 2, ""7"": 2, ""8"": 2, ""9"": 2}",176,"{""backend"": ""evaluate_m19_theory_calibrated.candidate_features"", ""delta_mode"": ""none"", ""k_max"": 512, ""k_min"": 64, ""variant"": ""conservative""}",176,0.20441347270615565,0.5454545454545454,0.5454545454545454,0.056818181818181816,1.0,"{""dp_17_64"": 0.1534090909090909, ""dp_257_plus"": 0.18181818181818182, ""dp_5_16"": 0.005681818181818182, ""dp_65_256"": 0.6590909090909091}","{""cn_0"": 1.0}",0.0,177.98295454545453,sasb_candidate_builder,1feb8df32f506a0ae83c459ba6152ccafda326b92a5b89f4b87b47cb371b7c19,176,1feb8df32f506a0ae83c459ba6152ccafda326b92a5b89f4b87b47cb371b7c19,"{""sasb_builder"": 176}",0,0,0,0,{},0.0,"{""common_neighbor_bin_l1"": 0.0, ""degree_product_bin_l1"": 0.0, ""is_boundary_edge_l1"": 0.0, ""is_bridge_edge_l1"": 0.0, ""is_inter_community_edge_l1"": 0.0, ""is_low_common_neighbor_edge_l1"": 0.0, ""mean_l1"": 0.0}",1,32,32,0.0,0
realworld_completed,bio_celegans,SASB-candidate,sasb,SASB-structured,20260513,1122,middle,0.8631346578366446,0.8631346578366446,0.0,28,28,0,0.554074074074074,0.5545679012345679,325,62,325--62,5,22,5,22,110,2,0.5,0,6,6,32,"[""96"", ""53"", ""60"", ""363"", ""51"", ""62"", ""373"", ""364"", ""52"", ""350"", ""369"", ""85"", ""144"", ""145"", ""82"", ""83"", ""142"", ""143"", ""343"", ""440"", ""121"", ""147"", ""154"", ""398"", ""97"", ""348"", ""56"", ""376"", ""241"", ""407"", ""272"", ""138""]",fa15d28f12dd91b86edf1af42dad9cb9adc3552e8a6a0c15f201b07b9b768a55,"{""boundary"": 12, ""community_rep"": 6, ""degree_core"": 10, ""random_fill"": 4}","{""degree_2"": 1, ""degree_3_4"": 4, ""degree_5_8"": 1, ""degree_9_plus"": 26}","{""0"": 1, ""1"": 2, ""10"": 1, ""11"": 1, ""12"": 1, ""13"": 3, ""14"": 1, ""15"": 1, ""2"": 1, ""3"": 6, ""4"": 3, ""5"": 5, ""6"": 1, ""7"": 2, ""8"": 2, ""9"": 1}",176,"{""backend"": ""evaluate_m19_theory_calibrated.candidate_features"", ""delta_mode"": ""none"", ""k_max"": 512, ""k_min"": 64, ""variant"": ""conservative""}",176,0.20465116279069767,0.5454545454545454,0.5454545454545454,0.056818181818181816,1.0,"{""dp_17_64"": 0.1534090909090909, ""dp_257_plus"": 0.18181818181818182, ""dp_5_16"": 0.005681818181818182, ""dp_65_256"": 0.6590909090909091}","{""cn_0"": 1.0}",0.0,178.26136363636363,sasb_candidate_builder,68d3777431fd2e3720dd3f9b342e67e1e6e55591a1e248488c2e5a624607e462,176,68d3777431fd2e3720dd3f9b342e67e1e6e55591a1e248488c2e5a624607e462,"{""sasb_builder"": 176}",0,0,0,0,{},0.0,"{""common_neighbor_bin_l1"": 0.0, ""degree_product_bin_l1"": 0.0, ""is_boundary_edge_l1"": 0.0, ""is_bridge_edge_l1"": 0.0, ""is_inter_community_edge_l1"": 0.0, ""is_low_common_neighbor_edge_l1"": 0.0, ""mean_l1"": 0.0}",1,32,32,0.0,0
realworld_completed,bio_celegans,SASB-candidate,sasb,SASB-structured,20260513,1123,middle,0.8631346578366446,0.8631346578366446,0.0,28,28,0,0.5545679012345679,0.5550617283950617,235,62,235--62,3,21,3,21,63,0,0.0,0,6,6,32,"[""96"", ""53"", ""60"", ""363"", ""51"", ""62"", ""373"", ""364"", ""52"", ""350"", ""369"", ""85"", ""144"", ""145"", ""82"", ""83"", ""142"", ""143"", ""343"", ""440"", ""121"", ""147"", ""154"", ""398"", ""97"", ""348"", ""56"", ""376"", ""321"", ""415"", ""152"", ""443""]",f18b5d3ed06201058226992895922879de9fe5eb8177cd8aecdbd566fd1ddfbc,"{""boundary"": 12, ""community_rep"": 6, ""degree_core"": 10, ""random_fill"": 4}","{""degree_2"": 2, ""degree_3_4"": 3, ""degree_5_8"": 1, ""degree_9_plus"": 26}","{""0"": 1, ""1"": 2, ""10"": 1, ""11"": 1, ""12"": 1, ""13"": 3, ""14"": 1, ""15"": 1, ""2"": 1, ""3"": 4, ""4"": 3, ""5"": 5, ""6"": 1, ""7"": 2, ""8"": 2, ""9"": 3}",175,"{""backend"": ""evaluate_m19_theory_calibrated.candidate_features"", ""delta_mode"": ""none"", ""k_max"": 512, ""k_min"": 64, ""variant"": ""conservative""}",175,0.20372526193247964,0.5485714285714286,0.5485714285714286,0.05714285714285714,1.0,"{""dp_17_64"": 0.17142857142857143, ""dp_257_plus"": 0.18285714285714286, ""dp_5_16"": 0.005714285714285714, ""dp_65_256"": 0.64}","{""cn_0"": 1.0}",0.0,177.82285714285715,sasb_candidate_builder,80259e9d3135e3d5f82b9d30d98ba358d6e2b2cf46029ee9cf2054c3c0011386,175,80259e9d3135e3d5f82b9d30d98ba358d6e2b2cf46029ee9cf2054c3c0011386,"{""sasb_builder"": 175}",0,0,0,0,{},0.0,"{""common_neighbor_bin_l1"": 0.0, ""degree_product_bin_l1"": 0.0, ""is_boundary_edge_l1"": 0.0, ""is_bridge_edge_l1"": 0.0, ""is_inter_community_edge_l1"": 0.0, ""is_low_common_neighbor_edge_l1"": 0.0, ""mean_l1"": 0.0}",1,32,32,0.0,0
realworld_completed,bio_celegans,SASB-candidate,sasb,SASB-structured,20260513,1124,middle,0.8631346578366446,0.8631346578366446,0.0,28,28,0,0.5550617283950617,0.5555555555555556,344,62,344--62,4,20,4,20,80,1,0.3333333333333333,0,6,6,32,"[""96"", ""53"", ""60"", ""363"", ""51"", ""62"", ""373"", ""364"", ""52"", ""350"", ""369"", ""85"", ""144"", ""145"", ""82"", ""83"", ""142"", ""143"", ""343"", ""440"", ""121"", ""147"", ""154"", ""398"", ""97"", ""348"", ""56"", ""376"", ""48"", ""21"", ""201"", ""180""]",ecb31da968af87b437db0d49b25dacfd4ef6bc2585eed43f6036b1b88a42f17a,"{""boundary"": 12, ""community_rep"": 6, ""degree_core"": 10, ""random_fill"": 4}","{""degree_2"": 1, ""degree_3_4"": 4, ""degree_5_8"": 1, ""degree_9_plus"": 26}","{""0"": 1, ""1"": 3, ""10"": 1, ""11"": 1, ""12"": 1, ""13"": 2, ""14"": 1, ""15"": 1, ""2"": 1, ""3"": 5, ""4"": 4, ""5"": 5, ""6"": 1, ""7"": 2, ""8"": 2, ""9"": 1}",175,"{""backend"": ""evaluate_m19_theory_calibrated.candidate_features"", ""delta_mode"": ""none"", ""k_max"": 512, ""k_min"": 64, ""variant"": ""conservative""}",175,0.20396270396270397,0.5485714285714286,0.5485714285714286,0.05714285714285714,1.0,"{""dp_17_64"": 0.1657142857142857, ""dp_257_plus"": 0.18285714285714286, ""dp_5_16"": 0.005714285714285714, ""dp_65_256"": 0.6457142857142857}","{""cn_0"": 1.0}",0.0,177.6457142857143,sasb_candidate_builder,82f272e0d2269fc3199ddab6954128cfc07db9b5d9ecc8307f9f3abf99704857,175,82f272e0d2269fc3199ddab6954128cfc07db9b5d9ecc8307f9f3abf99704857,"{""sasb_builder"": 175}",0,0,0,0,{},0.0,"{""common_neighbor_bin_l1"": 0.0, ""degree_product_bin_l1"": 0.0, ""is_boundary_edge_l1"": 0.0, ""is_bridge_edge_l1"": 0.0, ""is_inter_community_edge_l1"": 0.0, ""is_low_common_neighbor_edge_l1"": 0.0, ""mean_l1"": 0.0}",1,32,32,0.0,0
realworld_completed,bio_celegans,SASB-candidate,sasb,SASB-structured,20260513,1125,middle,0.8631346578366446,0.8631346578366446,0.0,28,28,0,0.5555555555555556,0.5560493827160494,242,62,242--62,3,19,3,19,57,0,0.0,0,6,6,32,"[""96"", ""53"", ""60"", ""363"", ""51"", ""62"", ""373"", ""364"", ""52"", ""350"", ""369"", ""85"", ""144"", ""145"", ""82"", ""83"", ""142"", ""143"", ""343"", ""440"", ""121"", ""147"", ""154"", ""398"", ""97"", ""348"", ""56"", ""376"", ""175"", ""131"", ""190"", ""139""]",3059dc86975a3f4500d9111c57697f7f05bd92f6f56044fcb5d62e7b5b87ecf3,"{""boundary"": 12, ""community_rep"": 6, ""degree_core"": 10, ""random_fill"": 4}","{""degree_2"": 2, ""degree_3_4"": 3, ""degree_5_8"": 1, ""degree_9_plus"": 26}","{""0"": 1, ""1"": 2, ""10"": 1, ""11"": 1, ""12"": 1, ""13"": 2, ""14"": 1, ""15"": 1, ""2"": 2, ""3"": 4, ""4"": 3, ""5"": 5, ""6"": 1, ""7"": 2, ""8"": 3, ""9"": 2}",175,"{""backend"": ""evaluate_m19_theory_calibrated.candidate_features"", ""delta_mode"": ""none"", ""k_max"": 512, ""k_min"": 64, ""variant"": ""conservative""}",175,0.20420070011668612,0.5485714285714286,0.5485714285714286,0.05714285714285714,1.0,"{""dp_17_64"": 0.17142857142857143, ""dp_257_plus"": 0.18285714285714286, ""dp_5_16"": 0.005714285714285714, ""dp_65_256"": 0.64}","{""cn_0"": 1.0}",0.0,177.03428571428572,sasb_candidate_builder,d86ccd8b13fc11655d0a287a7a8022d5e574df0d85415d7083983f6f8a4a47f3,175,d86ccd8b13fc11655d0a287a7a8022d5e574df0d85415d7083983f6f8a4a47f3,"{""sasb_builder"": 175}",0,0,0,0,{},0.0,"{""common_neighbor_bin_l1"": 0.0, ""degree_product_bin_l1"": 0.0, ""is_boundary_edge_l1"": 0.0, ""is_bridge_edge_l1"": 0.0, ""is_inter_community_edge_l1"": 0.0, ""is_low_common_neighbor_edge_l1"": 0.0, ""mean_l1"": 0.0}",1,32,32,0.0,0
realworld_completed,bio_celegans,SASB-candidate,sasb,SASB-structured,20260513,1126,middle,0.8631346578366446,0.8631346578366446,0.0,28,28,0,0.5560493827160494,0.5565432098765432,220,9,220--9,12,3,3,12,36,0,0.0,0,6,6,32,"[""96"", ""53"", ""60"", ""363"", ""51"", ""62"", ""373"", ""364"", ""52"", ""350"", ""369"", ""85"", ""144"", ""145"", ""82"", ""83"", ""142"", ""143"", ""343"", ""440"", ""121"", ""147"", ""154"", ""398"", ""97"", ""348"", ""56"", ""376"", ""35"", ""104"", ""13"", ""126""]",0f4a2430782bea8103755dca978e260becae17215774907f59266892c8467a9b,"{""boundary"": 12, ""community_rep"": 6, ""degree_core"": 10, ""random_fill"": 4}","{""degree_2"": 2, ""degree_3_4"": 3, ""degree_5_8"": 1, ""degree_9_plus"": 26}","{""0"": 2, ""1"": 2, ""10"": 1, ""11"": 2, ""12"": 1, ""13"": 2, ""14"": 1, ""15"": 1, ""2"": 1, ""3"": 4, ""4"": 3, ""5"": 5, ""6"": 1, ""7"": 2, ""8"": 3, ""9"": 1}",175,"{""backend"": ""evaluate_m19_theory_calibrated.candidate_features"", ""delta_mode"": ""none"", ""k_max"": 512, ""k_min"": 64, ""variant"": ""conservative""}",175,0.2044392523364486,0.5485714285714286,0.5485714285714286,0.05714285714285714,1.0,"{""dp_17_64"": 0.17142857142857143, ""dp_257_plus"": 0.18285714285714286, ""dp_5_16"": 0.005714285714285714, ""dp_65_256"": 0.64}","{""cn_0"": 1.0}",0.0,176.43428571428572,sasb_candidate_builder,11d9cbfb0afdb4e75deaca566fc9f35db471ff742669d3817aaceaa7538a90c8,175,11d9cbfb0afdb4e75deaca566fc9f35db471ff742669d3817aaceaa7538a90c8,"{""sasb_builder"": 175}",0,0,0,0,{},0.0,"{""common_neighbor_bin_l1"": 0.0, ""degree_product_bin_l1"": 0.0, ""is_boundary_edge_l1"": 0.0, ""is_bridge_edge_l1"": 0.0, ""is_inter_community_edge_l1"": 0.0, ""is_low_common_neighbor_edge_l1"": 0.0, ""mean_l1"": 0.0}",1,32,32,0.0,0
realworld_completed,bio_celegans,SASB-candidate,sasb,SASB-structured,20260513,1127,middle,0.8631346578366446,0.8631346578366446,0.0,28,28,0,0.5565432098765432,0.557037037037037,349,53,349--53,3,31,3,31,93,0,0.0,1,6,9,32,"[""96"", ""53"", ""60"", ""363"", ""51"", ""62"", ""373"", ""364"", ""52"", ""350"", ""369"", ""85"", ""144"", ""145"", ""82"", ""83"", ""142"", ""143"", ""343"", ""440"", ""121"", ""147"", ""154"", ""398"", ""97"", ""348"", ""56"", ""376"", ""45"", ""129"", ""313"", ""236""]",e3ddbc5bbe56dc7427a23ca78108e67a7e5f2fe4484d7272e376d3df3922b8d2,"{""boundary"": 12, ""community_rep"": 6, ""degree_core"": 10, ""random_fill"": 4}","{""degree_2"": 1, ""degree_3_4"": 3, ""degree_5_8"": 2, ""degree_9_plus"": 26}","{""0"": 1, ""1"": 3, ""10"": 1, ""11"": 1, ""12"": 1, ""13"": 2, ""14"": 1, ""15"": 1, ""2"": 1, ""3"": 5, ""4"": 3, ""5"": 5, ""6"": 2, ""7"": 2, ""8"": 2, ""9"": 1}",175,"{""backend"": ""evaluate_m19_theory_calibrated.candidate_features"", ""delta_mode"": ""none"", ""k_max"": 512, ""k_min"": 64, ""variant"": ""conservative""}",175,0.2046783625730994,0.5485714285714286,0.5485714285714286,0.05714285714285714,1.0,"{""dp_17_64"": 0.17142857142857143, ""dp_257_plus"": 0.18285714285714286, ""dp_5_16"": 0.005714285714285714, ""dp_65_256"": 0.64}","{""cn_0"": 1.0}",0.0,176.4857142857143,sasb_candidate_builder,dcbda4630752644b9670f0f7b84b28b511e0e79ad7ba9c2c9702f5c77f046d9e,175,dcbda4630752644b9670f0f7b84b28b511e0e79ad7ba9c2c9702f5c77f046d9e,"{""sasb_builder"": 175}",0,0,0,0,{},0.0,"{""common_neighbor_bin_l1"": 0.0, ""degree_product_bin_l1"": 0.0, ""is_boundary_edge_l1"": 0.0, ""is_bridge_edge_l1"": 0.0, ""is_inter_community_edge_l1"": 0.0, ""is_low_common_neighbor_edge_l1"": 0.0, ""mean_l1"": 0.0}",1,32,32,0.0,0
realworld_completed,bio_celegans,SASB-candidate,sasb,SASB-structured,20260513,1128,middle,0.8631346578366446,0.8631346578366446,0.0,28,28,0,0.557037037037037,0.5575308641975308,264,82,264--82,3,21,3,21,63,1,0.5,0,4,4,32,"[""96"", ""53"", ""60"", ""363"", ""51"", ""62"", ""373"", ""364"", ""52"", ""350"", ""369"", ""85"", ""144"", ""145"", ""82"", ""83"", ""142"", ""143"", ""343"", ""440"", ""121"", ""147"", ""154"", ""398"", ""97"", ""348"", ""56"", ""376"", ""99"", ""117"", ""128"", ""344""]",8bafebd65168f4e0b2658e2e554eebddebfb8489b634a427cd64b25741cfe25f,"{""boundary"": 12, ""community_rep"": 6, ""degree_core"": 10, ""random_fill"": 4}","{""degree_2"": 2, ""degree_3_4"": 3, ""degree_5_8"": 1, ""degree_9_plus"": 26}","{""0"": 1, ""1"": 2, ""10"": 1, ""11"": 1, ""12"": 1, ""13"": 2, ""14"": 1, ""15"": 1, ""2"": 1, ""3"": 4, ""4"": 3, ""5"": 5, ""6"": 2, ""7"": 2, ""8"": 4, ""9"": 1}",175,"{""backend"": ""evaluate_m19_theory_calibrated.candidate_features"", ""delta_mode"": ""none"", ""k_max"": 512, ""k_min"": 64, ""variant"": ""conservative""}",175,0.20491803278688525,0.5428571428571428,0.5428571428571428,0.05714285714285714,1.0,"{""dp_17_64"": 0.17714285714285713, ""dp_257_plus"": 0.18285714285714286, ""dp_5_16"": 0.005714285714285714, ""dp_65_256"": 0.6342857142857142}","{""cn_0"": 1.0}",0.0,175.0,sasb_candidate_builder,906e48057b139c88422a5a6a50824f791884f1b521229a5a9d3af7350df58ff6,175,906e48057b139c88422a5a6a50824f791884f1b521229a5a9d3af7350df58ff6,"{""sasb_builder"": 175}",0,0,0,0,{},0.0,"{""common_neighbor_bin_l1"": 0.0, ""degree_product_bin_l1"": 0.0, ""is_boundary_edge_l1"": 0.0, ""is_bridge_edge_l1"": 0.0, ""is_inter_community_edge_l1"": 0.0, ""is_low_common_neighbor_edge_l1"": 0.0, ""mean_l1"": 0.0}",1,32,32,0.0,0
realworld_completed,bio_celegans,SASB-candidate,sasb,SASB-structured,20260513,1129,middle,0.8631346578366446,0.8631346578366446,0.0,28,28,0,0.5575308641975308,0.5580246913580247,264,83,264--83,2,20,2,20,40,0,0.0,0,4,4,32,"[""96"", ""53"", ""60"", ""363"", ""51"", ""62"", ""373"", ""364"", ""52"", ""350"", ""369"", ""85"", ""144"", ""145"", ""82"", ""83"", ""142"", ""143"", ""343"", ""440"", ""121"", ""147"", ""154"", ""398"", ""97"", ""348"", ""56"", ""376"", ""10"", ""425"", ""410"", ""44""]",a51c25290c8a8308946864548726d09dfc137867ce7bc330b1233a39f8bb01a9,"{""boundary"": 12, ""community_rep"": 6, ""degree_core"": 10, ""random_fill"": 4}","{""degree_3_4"": 4, ""degree_5_8"": 2, ""degree_9_plus"": 26}","{""0"": 1, ""1"": 3, ""10"": 1, ""11"": 1, ""12"": 1, ""13"": 2, ""14"": 1, ""15"": 2, ""2"": 1, ""3"": 4, ""4"": 3, ""5"": 4, ""6"": 2, ""7"": 2, ""8"": 3, ""9"": 1}",175,"{""backend"": ""evaluate_m19_theory_calibrated.candidate_features"", ""delta_mode"": ""none"", ""k_max"": 512, ""k_min"": 64, ""variant"": ""conservative""}",175,0.205158264947245,0.5428571428571428,0.5428571428571428,0.05714285714285714,1.0,"{""dp_17_64"": 0.17714285714285713, ""dp_257_plus"": 0.18285714285714286, ""dp_5_16"": 0.005714285714285714, ""dp_65_256"": 0.6342857142857142}","{""cn_0"": 1.0}",0.0,174.62857142857143,sasb_candidate_builder,dd8fb5d8e7f3b2f619c73eed7f38877abe8293dd1832324caed9a4374fcbf756,175,dd8fb5d8e7f3b2f619c73eed7f38877abe8293dd1832324caed9a4374fcbf756,"{""sasb_builder"": 175}",0,0,0,0,{},0.0,"{""common_neighbor_bin_l1"": 0.0, ""degree_product_bin_l1"": 0.0, ""is_boundary_edge_l1"": 0.0, ""is_bridge_edge_l1"": 0.0, ""is_inter_community_edge_l1"": 0.0, ""is_low_common_neighbor_edge_l1"": 0.0, ""mean_l1"": 0.0}",1,32,32,0.0,0
realworld_completed,bio_celegans,SASB-candidate,sasb,SASB-structured,20260513,1130,middle,0.8631346578366446,0.8609271523178808,0.002207505518763808,28,29,1,0.5580246913580247,0.5585185185185185,332,53,332--53,1,30,1,30,30,0,0.0,0,11,11,32,"[""96"", ""53"", ""60"", ""363"", ""51"", ""62"", ""373"", ""364"", ""52"", ""350"", ""369"", ""85"", ""144"", ""145"", ""82"", ""83"", ""142"", ""143"", ""343"", ""440"", ""121"", ""147"", ""154"", ""398"", ""97"", ""348"", ""56"", ""376"", ""58"", ""379"", ""336"", ""61""]",7f9ffbb4c493aff7eb10a6f369a51599aa235e987dfe1b7feee3579eda515d6c,"{""boundary"": 12, ""community_rep"": 6, ""degree_core"": 10, ""random_fill"": 4}","{""degree_3_4"": 4, ""degree_5_8"": 2, ""degree_9_plus"": 26}","{""0"": 1, ""1"": 2, ""10"": 1, ""11"": 2, ""12"": 3, ""13"": 1, ""14"": 2, ""15"": 1, ""2"": 1, ""3"": 4, ""4"": 4, ""5"": 4, ""6"": 1, ""7"": 2, ""8"": 2, ""9"": 1}",175,"{""backend"": ""evaluate_m19_theory_calibrated.candidate_features"", ""delta_mode"": ""none"", ""k_max"": 512, ""k_min"": 64, ""variant"": ""conservative""}",175,0.20539906103286384,0.5428571428571428,0.5428571428571428,0.06285714285714286,1.0,"{""dp_17_64"": 0.17714285714285713, ""dp_257_plus"": 0.18285714285714286, ""dp_5_16"": 0.005714285714285714, ""dp_65_256"": 0.6342857142857142}","{""cn_0"": 1.0}",0.0,174.42857142857142,sasb_candidate_builder,ea5bdb0e7f8a1fbe513b932f2f7d07f52ca048347f345635ae472931a4a25c53,175,ea5bdb0e7f8a1fbe513b932f2f7d07f52ca048347f345635ae472931a4a25c53,"{""sasb_builder"": 175}",0,0,0,0,{},0.0,"{""common_neighbor_bin_l1"": 0.0, ""degree_product_bin_l1"": 0.0, ""is_boundary_edge_l1"": 0.0, ""is_bridge_edge_l1"": 0.0, ""is_inter_community_edge_l1"": 0.0, ""is_low_common_neighbor_edge_l1"": 0.0, ""mean_l1"": 0.0}",1,32,32,0.0,0
realworld_completed,bio_celegans,SASB-candidate,sasb,SASB-structured,20260513,1131,middle,0.8609271523178808,0.8609271523178808,0.0,29,29,0,0.5585185185185185,0.5590123456790124,104,364,104--364,4,15,4,15,60,1,0.3333333333333333,0,7,7,32,"[""96"", ""53"", ""60"", ""363"", ""51"", ""62"", ""373"", ""364"", ""52"", ""350"", ""369"", ""85"", ""144"", ""145"", ""82"", ""83"", ""142"", ""143"", ""343"", ""440"", ""121"", ""147"", ""154"", ""398"", ""97"", ""348"", ""56"", ""376"", ""203"", ""78"", ""235"", ""28""]",38e5a151e39a3bae2a9bf9d07c3ab04b7ad6fc9d418b395f7dfbeb36572f435f,"{""boundary"": 12, ""community_rep"": 6, ""degree_core"": 10, ""random_fill"": 4}","{""degree_2"": 1, ""degree_3_4"": 2, ""degree_5_8"": 3, ""degree_9_plus"": 26}","{""0"": 1, ""1"": 2, ""10"": 2, ""11"": 2, ""12"": 1, ""13"": 1, ""14"": 2, ""15"": 1, ""2"": 1, ""3"": 5, ""4"": 3, ""5"": 5, ""6"": 1, ""7"": 2, ""8"": 2, ""9"": 1}",175,"{""backend"": ""evaluate_m19_theory_calibrated.candidate_features"", ""delta_mode"": ""none"", ""k_max"": 512, ""k_min"": 64, ""variant"": ""conservative""}",175,0.2056404230317274,0.5428571428571428,0.5428571428571428,0.05714285714285714,1.0,"{""dp_17_64"": 0.17714285714285713, ""dp_257_plus"": 0.18285714285714286, ""dp_5_16"": 0.005714285714285714, ""dp_65_256"": 0.6342857142857142}","{""cn_0"": 0.9942857142857143, ""cn_1"": 0.005714285714285714}",0.005714285714285714,173.72571428571428,sasb_candidate_builder,9fa86960760e8d05382e6196292fa4420eb9162fff835f5638523c0237cb947b,175,9fa86960760e8d05382e6196292fa4420eb9162fff835f5638523c0237cb947b,"{""sasb_builder"": 175}",0,0,0,0,{},0.0,"{""common_neighbor_bin_l1"": 0.0, ""degree_product_bin_l1"": 0.0, ""is_boundary_edge_l1"": 0.0, ""is_bridge_edge_l1"": 0.0, ""is_inter_community_edge_l1"": 0.0, ""is_low_common_neighbor_edge_l1"": 0.0, ""mean_l1"": 0.0}",1,32,32,868.4676508387446,0
realworld_completed,bio_celegans,SASB-candidate,sasb,SASB-structured,20260513,1132,middle,0.8609271523178808,0.8609271523178808,0.0,29,29,0,0.5590123456790124,0.5595061728395062,349,62,349--62,2,18,2,18,36,0,0.0,0,7,7,32,"[""96"", ""53"", ""60"", ""363"", ""51"", ""62"", ""373"", ""364"", ""52"", ""350"", ""369"", ""85"", ""144"", ""145"", ""82"", ""83"", ""142"", ""143"", ""343"", ""440"", ""121"", ""147"", ""154"", ""398"", ""97"", ""348"", ""56"", ""376"", ""401"", ""407"", ""368"", ""26""]",a51a75c6b8a4773ed746a10193d2963fb8cdec11224ba769dbda7c4dfca2fb1b,"{""boundary"": 12, ""community_rep"": 6, ""degree_core"": 10, ""random_fill"": 4}","{""degree_3_4"": 4, ""degree_5_8"": 2, ""degree_9_plus"": 26}","{""0"": 1, ""1"": 3, ""10"": 1, ""11"": 4, ""12"": 1, ""13"": 1, ""14"": 2, ""15"": 1, ""2"": 1, ""3"": 4, ""4"": 3, ""5"": 5, ""6"": 1, ""7"": 2, ""8"": 1, ""9"": 1}",174,"{""backend"": ""evaluate_m19_theory_calibrated.candidate_features"", ""delta_mode"": ""none"", ""k_max"": 512, ""k_min"": 64, ""variant"": ""conservative""}",174,0.20470588235294118,0.5459770114942529,0.5459770114942529,0.05747126436781609,1.0,"{""dp_17_64"": 0.1724137931034483, ""dp_257_plus"": 0.1839080459770115, ""dp_5_16"": 0.005747126436781609, ""dp_65_256"": 0.6379310344827587}","{""cn_0"": 1.0}",0.0,173.5632183908046,sasb_candidate_builder,ca8f7f20e8a75fc046d6b6a6d80a8ec336e752dfed7db830ed7e81a5d349b4ba,174,ca8f7f20e8a75fc046d6b6a6d80a8ec336e752dfed7db830ed7e81a5d349b4ba,"{""sasb_builder"": 174}",0,0,0,0,{},0.0,"{""common_neighbor_bin_l1"": 0.0, ""degree_product_bin_l1"": 0.0, ""is_boundary_edge_l1"": 0.0, ""is_bridge_edge_l1"": 0.0, ""is_inter_community_edge_l1"": 0.0, ""is_low_common_neighbor_edge_l1"": 0.0, ""mean_l1"": 0.0}",1,32,32,0.0,0
realworld_completed,bio_celegans,SASB-candidate,sasb,SASB-structured,20260513,1133,middle,0.8609271523178808,0.8609271523178808,0.0,29,29,0,0.5595061728395062,0.56,121,236,121--236,12,5,5,12,60,1,0.25,0,3,3,32,"[""96"", ""53"", ""60"", ""363"", ""51"", ""62"", ""373"", ""364"", ""52"", ""350"", ""369"", ""85"", ""144"", ""145"", ""82"", ""83"", ""142"", ""143"", ""343"", ""440"", ""121"", ""147"", ""154"", ""398"", ""97"", ""348"", ""56"", ""376"", ""452"", ""41"", ""392"", ""370""]",2269eba5211640be71ac3eff51eccf68b39c70765082c313c8498c4fdc72dc4e,"{""boundary"": 12, ""community_rep"": 6, ""degree_core"": 10, ""random_fill"": 4}","{""degree_2"": 2, ""degree_3_4"": 2, ""degree_5_8"": 2, ""degree_9_plus"": 26}","{""0"": 2, ""1"": 2, ""10"": 1, ""11"": 3, ""12"": 1, ""13"": 1, ""14"": 2, ""15"": 1, ""2"": 1, ""3"": 5, ""4"": 3, ""5"": 4, ""6"": 1, ""7"": 3, ""8"": 1, ""9"": 1}",174,"{""backend"": ""evaluate_m19_theory_calibrated.candidate_features"", ""delta_mode"": ""none"", ""k_max"": 512, ""k_min"": 64, ""variant"": ""conservative""}",174,0.2049469964664311,0.5459770114942529,0.5459770114942529,0.06321839080459771,1.0,"{""dp_17_64"": 0.1781609195402299, ""dp_257_plus"": 0.1839080459770115, ""dp_5_16"": 0.005747126436781609, ""dp_65_256"": 0.632183908045977}","{""cn_0"": 0.9942528735632183, ""cn_1"": 0.005747126436781609}",0.005747126436781609,172.9022988505747,sasb_candidate_builder,b262aaa5539a818383ffecc3dd77773009a5e5db41f69d06bb953776cbaa1605,174,b262aaa5539a818383ffecc3dd77773009a5e5db41f69d06bb953776cbaa1605,"{""sasb_builder"": 174}",0,0,0,0,{},0.0,"{""common_neighbor_bin_l1"": 0.0, ""degree_product_bin_l1"": 0.0, ""is_boundary_edge_l1"": 0.0, ""is_bridge_edge_l1"": 0.0, ""is_inter_community_edge_l1"": 0.0, ""is_low_common_neighbor_edge_l1"": 0.0, ""mean_l1"": 0.0}",1,32,32,319.03796831232495,0
realworld_completed,bio_celegans,SASB-candidate,sasb,SASB-structured,20260513,1134,middle,0.8609271523178808,0.8609271523178808,0.0,29,29,0,0.56,0.5604938271604938,121,147,121--147,11,12,11,12,132,3,0.3,0,3,3,32,"[""96"", ""53"", ""60"", ""363"", ""51"", ""62"", ""373"", ""364"", ""52"", ""350"", ""369"", ""85"", ""144"", ""145"", ""82"", ""83"", ""142"", ""143"", ""343"", ""440"", ""147"", ""154"", ""398"", ""97"", ""348"", ""56"", ""376"", ""419"", ""288"", ""222"", ""325"", ""113""]",4c53e44946a098ffdf3583f54f7b33c854d4ed6db4008e0ca37fe086f6ce6c5d,"{""boundary"": 12, ""community_rep"": 5, ""degree_core"": 10, ""random_fill"": 5}","{""degree_3_4"": 4, ""degree_5_8"": 3, ""degree_9_plus"": 25}","{""0"": 2, ""1"": 2, ""10"": 1, ""11"": 2, ""12"": 1, ""13"": 1, ""14"": 3, ""15"": 1, ""2"": 1, ""3"": 4, ""4"": 3, ""5"": 4, ""6"": 1, ""7"": 2, ""8"": 2, ""9"": 2}",174,"{""backend"": ""evaluate_m19_theory_calibrated.candidate_features"", ""delta_mode"": ""none"", ""k_max"": 512, ""k_min"": 64, ""variant"": ""conservative""}",174,0.20518867924528303,0.5459770114942529,0.5459770114942529,0.06321839080459771,0.9942528735632183,"{""dp_17_64"": 0.1724137931034483, ""dp_257_plus"": 0.1839080459770115, ""dp_5_16"": 0.005747126436781609, ""dp_65_256"": 0.6379310344827587}","{""cn_0"": 0.9942528735632183, ""cn_2_3"": 0.005747126436781609}",0.017241379310344827,173.22988505747125,sasb_candidate_builder,4f6476b6c2565e2d0de3741f9652822bf5aa034fefd2f6d0b4c65f31d3be3d1b,174,4f6476b6c2565e2d0de3741f9652822bf5aa034fefd2f6d0b4c65f31d3be3d1b,"{""sasb_builder"": 174}",0,0,0,0,{},0.0,"{""common_neighbor_bin_l1"": 0.0, ""degree_product_bin_l1"": 0.0, ""is_boundary_edge_l1"": 0.0, ""is_bridge_edge_l1"": 0.0, ""is_inter_community_edge_l1"": 0.0, ""is_low_common_neighbor_edge_l1"": 0.0, ""mean_l1"": 0.0}",1,32,32,5184.243004528365,0
realworld_completed,bio_celegans,SASB-candidate,sasb,SASB-structured,20260513,1135,middle,0.8609271523178808,0.8609271523178808,0.0,29,29,0,0.5604938271604938,0.5609876543209876,147,236,147--236,11,4,4,11,44,0,0.0,0,14,14,32,"[""96"", ""53"", ""60"", ""363"", ""51"", ""62"", ""373"", ""364"", ""52"", ""350"", ""369"", ""85"", ""144"", ""145"", ""82"", ""83"", ""142"", ""143"", ""343"", ""440"", ""154"", ""398"", ""97"", ""348"", ""56"", ""376"", ""159"", ""386"", ""436"", ""0"", ""320"", ""1""]",de8eb4127aad03c3e4fa51a35647d1b0f4153d57b80aae519950afce305a7e27,"{""boundary"": 12, ""community_rep"": 4, ""degree_core"": 10, ""random_fill"": 6}","{""degree_0_1"": 2, ""degree_3_4"": 5, ""degree_5_8"": 1, ""degree_9_plus"": 24}","{""0"": 3, ""1"": 3, ""10"": 1, ""11"": 2, ""12"": 1, ""13"": 1, ""14"": 2, ""15"": 1, ""2"": 2, ""3"": 2, ""4"": 3, ""5"": 5, ""6"": 1, ""7"": 2, ""8"": 2, ""9"": 1}",174,"{""backend"": ""evaluate_m19_theory_calibrated.candidate_features"", ""delta_mode"": ""none"", ""k_max"": 512, ""k_min"": 64, ""variant"": ""conservative""}",174,0.20543093270365997,0.5459770114942529,0.5459770114942529,0.06321839080459771,1.0,"{""dp_17_64"": 0.1781609195402299, ""dp_257_plus"": 0.1839080459770115, ""dp_5_16"": 0.005747126436781609, ""dp_65_256"": 0.632183908045977}","{""cn_0"": 1.0}",0.0,172.63793103448276,sasb_candidate_builder,fb2ff072340476f596d9b13fe4a0517696b8f9a9156722ee0a8f0a8735616fcc,174,fb2ff072340476f596d9b13fe4a0517696b8f9a9156722ee0a8f0a8735616fcc,"{""sasb_builder"": 174}",0,0,0,0,{},0.0,"{""common_neighbor_bin_l1"": 0.0, ""degree_product_bin_l1"": 0.0, ""is_boundary_edge_l1"": 0.0, ""is_bridge_edge_l1"": 0.0, ""is_inter_community_edge_l1"": 0.0, ""is_low_common_neighbor_edge_l1"": 0.0, ""mean_l1"": 0.0}",1,32,32,279.69825487013,0
realworld_completed,bio_celegans,SASB-candidate,sasb,SASB-structured,20260513,1136,middle,0.8609271523178808,0.8609271523178808,0.0,29,29,0,0.5609876543209876,0.5614814814814815,108,147,108--147,3,10,3,10,30,0,0.0,0,13,13,32,"[""96"", ""53"", ""60"", ""363"", ""51"", ""62"", ""373"", ""364"", ""52"", ""350"", ""369"", ""85"", ""144"", ""145"", ""82"", ""83"", ""142"", ""143"", ""343"", ""440"", ""154"", ""398"", ""97"", ""348"", ""56"", ""376"", ""75"", ""399"", ""419"", ""370"", ""45"", ""34""]",e34c277f07c46abdde6038254a1bdfebe07f46e651511d7c981514b66af4cb86,"{""boundary"": 12, ""community_rep"": 4, ""degree_core"": 10, ""random_fill"": 6}","{""degree_2"": 2, ""degree_3_4"": 3, ""degree_5_8"": 3, ""degree_9_plus"": 24}","{""0"": 2, ""1"": 4, ""10"": 2, ""11"": 3, ""12"": 1, ""13"": 1, ""14"": 2, ""15"": 1, ""2"": 1, ""3"": 3, ""4"": 3, ""5"": 4, ""6"": 1, ""7"": 2, ""8"": 1, ""9"": 1}",174,"{""backend"": ""evaluate_m19_theory_calibrated.candidate_features"", ""delta_mode"": ""none"", ""k_max"": 512, ""k_min"": 64, ""variant"": ""conservative""}",174,0.20567375886524822,0.5459770114942529,0.5459770114942529,0.06321839080459771,1.0,"{""dp_17_64"": 0.1781609195402299, ""dp_257_plus"": 0.1839080459770115, ""dp_5_16"": 0.005747126436781609, ""dp_65_256"": 0.632183908045977}","{""cn_0"": 1.0}",0.0,172.72988505747125,sasb_candidate_builder,e772f504203cd4a41446749db5d2bd4b089e7effadbd82850c092f774c9258d3,174,e772f504203cd4a41446749db5d2bd4b089e7effadbd82850c092f774c9258d3,"{""sasb_builder"": 174}",0,0,0,0,{},0.0,"{""common_neighbor_bin_l1"": 0.0, ""degree_product_bin_l1"": 0.0, ""is_boundary_edge_l1"": 0.0, ""is_bridge_edge_l1"": 0.0, ""is_inter_community_edge_l1"": 0.0, ""is_low_common_neighbor_edge_l1"": 0.0, ""mean_l1"": 0.0}",1,32,32,188.2272879883356,0
realworld_completed,bio_celegans,SASB-candidate,sasb,SASB-structured,20260513,1137,middle,0.8609271523178808,0.8609271523178808,0.0,29,29,0,0.5614814814814815,0.5619753086419753,315,369,315--369,6,10,6,10,60,1,0.2,0,9,9,32,"[""96"", ""53"", ""60"", ""363"", ""51"", ""62"", ""373"", ""364"", ""52"", ""350"", ""369"", ""85"", ""144"", ""145"", ""82"", ""83"", ""142"", ""143"", ""343"", ""440"", ""154"", ""398"", ""97"", ""348"", ""56"", ""376"", ""270"", ""448"", ""292"", ""10"", ""374"", ""360""]",9c51ee3b3285a00ac859d18cf984871c4260d29cc733be25874cd26e2277a0e2,"{""boundary"": 12, ""community_rep"": 4, ""degree_core"": 10, ""random_fill"": 6}","{""degree_0_1"": 1, ""degree_3_4"": 6, ""degree_5_8"": 1, ""degree_9_plus"": 24}","{""0"": 1, ""1"": 2, ""10"": 2, ""11"": 2, ""12"": 1, ""13"": 2, ""14"": 3, ""15"": 1, ""2"": 1, ""3"": 2, ""4"": 4, ""5"": 5, ""6"": 1, ""7"": 3, ""8"": 1, ""9"": 1}",174,"{""backend"": ""evaluate_m19_theory_calibrated.candidate_features"", ""delta_mode"": ""none"", ""k_max"": 512, ""k_min"": 64, ""variant"": ""conservative""}",174,0.20591715976331362,0.5459770114942529,0.5459770114942529,0.06321839080459771,1.0,"{""dp_17_64"": 0.1781609195402299, ""dp_257_plus"": 0.1839080459770115, ""dp_5_16"": 0.005747126436781609, ""dp_65_256"": 0.632183908045977}","{""cn_0"": 0.9942528735632183, ""cn_1"": 0.005747126436781609}",0.005747126436781609,172.9022988505747,sasb_candidate_builder,fe7cad41dd44a67e28f8a78257409f44deebdfaf90bbf6105b615a1240103e33,174,fe7cad41dd44a67e28f8a78257409f44deebdfaf90bbf6105b615a1240103e33,"{""sasb_builder"": 174}",0,0,0,0,{},0.0,"{""common_neighbor_bin_l1"": 0.0, ""degree_product_bin_l1"": 0.0, ""is_boundary_edge_l1"": 0.0, ""is_bridge_edge_l1"": 0.0, ""is_inter_community_edge_l1"": 0.0, ""is_low_common_neighbor_edge_l1"": 0.0, ""mean_l1"": 0.0}",1,32,32,1144.266316955377,0
realworld_completed,bio_celegans,SASB-candidate,sasb,SASB-structured,20260513,1138,middle,0.8609271523178808,0.8609271523178808,0.0,29,29,0,0.5619753086419753,0.5624691358024692,316,369,316--369,4,9,4,9,36,0,0.0,0,14,14,32,"[""96"", ""53"", ""60"", ""363"", ""51"", ""62"", ""373"", ""364"", ""52"", ""350"", ""369"", ""85"", ""144"", ""145"", ""82"", ""83"", ""142"", ""143"", ""343"", ""440"", ""154"", ""398"", ""97"", ""348"", ""56"", ""376"", ""362"", ""451"", ""206"", ""277"", ""342"", ""230""]",d098157d83d39bce8efdae250c06b394a3471e1c8221e3f1bdd77b23e056b937,"{""boundary"": 12, ""community_rep"": 4, ""degree_core"": 10, ""random_fill"": 6}","{""degree_0_1"": 2, ""degree_2"": 2, ""degree_3_4"": 2, ""degree_5_8"": 2, ""degree_9_plus"": 24}","{""0"": 1, ""1"": 2, ""10"": 1, ""11"": 4, ""12"": 2, ""13"": 2, ""14"": 2, ""15"": 1, ""2"": 2, ""3"": 2, ""4"": 3, ""5"": 4, ""6"": 1, ""7"": 3, ""8"": 1, ""9"": 1}",174,"{""backend"": ""evaluate_m19_theory_calibrated.candidate_features"", ""delta_mode"": ""none"", ""k_max"": 512, ""k_min"": 64, ""variant"": ""conservative""}",174,0.20616113744075829,0.5459770114942529,0.5459770114942529,0.06321839080459771,1.0,"{""dp_17_64"": 0.1781609195402299, ""dp_257_plus"": 0.1839080459770115, ""dp_5_16"": 0.005747126436781609, ""dp_65_256"": 0.632183908045977}","{""cn_0"": 1.0}",0.0,172.0632183908046,sasb_candidate_builder,0166bb894da6253fe5c95e51af8b54a4ba9c758267d27d84502a167387db51ba,174,0166bb894da6253fe5c95e51af8b54a4ba9c758267d27d84502a167387db51ba,"{""sasb_builder"": 174}",0,0,0,0,{},0.0,"{""common_neighbor_bin_l1"": 0.0, ""degree_product_bin_l1"": 0.0, ""is_boundary_edge_l1"": 0.0, ""is_bridge_edge_l1"": 0.0, ""is_inter_community_edge_l1"": 0.0, ""is_low_common_neighbor_edge_l1"": 0.0, ""mean_l1"": 0.0}",1,32,32,1085.3282155543461,0
realworld_completed,bio_celegans,SASB-candidate,sasb,SASB-structured,20260513,1139,middle,0.8609271523178808,0.8609271523178808,0.0,29,29,0,0.5624691358024692,0.562962962962963,144,67,144--67,22,4,4,22,88,2,0.6666666666666666,0,1,1,32,"[""96"", ""53"", ""60"", ""363"", ""51"", ""62"", ""373"", ""364"", ""52"", ""350"", ""369"", ""85"", ""144"", ""145"", ""82"", ""83"", ""142"", ""143"", ""343"", ""440"", ""154"", ""398"", ""97"", ""348"", ""56"", ""376"", ""119"", ""42"", ""451"", ""161"", ""186"", ""20""]",7ecbcb74116900a03d798e9c640daea5ec69976941b5c79ea54475aecb99e57e,"{""boundary"": 12, ""community_rep"": 4, ""degree_core"": 10, ""random_fill"": 6}","{""degree_2"": 2, ""degree_3_4"": 4, ""degree_5_8"": 3, ""degree_9_plus"": 23}","{""0"": 2, ""1"": 3, ""10"": 1, ""11"": 2, ""12"": 1, ""13"": 1, ""14"": 2, ""15"": 1, ""2"": 2, ""3"": 2, ""4"": 3, ""5"": 5, ""6"": 1, ""7"": 4, ""8"": 1, ""9"": 1}",174,"{""backend"": ""evaluate_m19_theory_calibrated.candidate_features"", ""delta_mode"": ""none"", ""k_max"": 512, ""k_min"": 64, ""variant"": ""conservative""}",174,0.20640569395017794,0.5459770114942529,0.5459770114942529,0.06321839080459771,1.0,"{""dp_17_64"": 0.1724137931034483, ""dp_257_plus"": 0.1724137931034483, ""dp_5_16"": 0.005747126436781609, ""dp_65_256"": 0.6494252873563219}","{""cn_0"": 1.0}",0.0,171.66091954022988,sasb_candidate_builder,1c34919e8f46aebdf366d25f95536ec5bb165e0da7a4571281a0edceb8b9e42c,174,1c34919e8f46aebdf366d25f95536ec5bb165e0da7a4571281a0edceb8b9e42c,"{""sasb_builder"": 174}",0,0,0,0,{},0.0,"{""common_neighbor_bin_l1"": 0.0, ""degree_product_bin_l1"": 0.0, ""is_boundary_edge_l1"": 0.0, ""is_bridge_edge_l1"": 0.0, ""is_inter_community_edge_l1"": 0.0, ""is_low_common_neighbor_edge_l1"": 0.0, ""mean_l1"": 0.0}",1,32,32,0.0,0
realworld_completed,bio_celegans,SASB-candidate,sasb,SASB-structured,20260513,1140,middle,0.8609271523178808,0.8609271523178808,0.0,29,29,0,0.562962962962963,0.5634567901234568,132,145,132--145,4,22,4,22,88,2,0.6666666666666666,0,1,1,32,"[""96"", ""53"", ""60"", ""363"", ""51"", ""62"", ""373"", ""364"", ""350"", ""369"", ""52"", ""85"", ""145"", ""144"", ""82"", ""83"", ""142"", ""143"", ""343"", ""440"", ""154"", ""398"", ""97"", ""348"", ""376"", ""55"", ""321"", ""417"", ""147"", ""63"", ""207"", ""284""]",aca9155687d42bd82fab95fa82c51e297ce0fc5eb8be8e4ffd838cb350d12a97,"{""boundary"": 12, ""community_rep"": 3, ""degree_core"": 10, ""random_fill"": 7}","{""degree_2"": 1, ""degree_3_4"": 6, ""degree_5_8"": 1, ""degree_9_plus"": 24}","{""0"": 2, ""1"": 2, ""10"": 1, ""11"": 1, ""12"": 3, ""13"": 2, ""14"": 3, ""2"": 2, ""3"": 2, ""4"": 4, ""5"": 1, ""6"": 5, ""7"": 1, ""8"": 2, ""9"": 1}",174,"{""backend"": ""evaluate_m19_theory_calibrated.candidate_features"", ""delta_mode"": ""none"", ""k_max"": 512, ""k_min"": 64, ""variant"": ""conservative""}",174,0.20665083135391923,0.5344827586206896,0.5344827586206896,0.06321839080459771,0.9942528735632183,"{""dp_17_64"": 0.16666666666666666, ""dp_257_plus"": 0.1724137931034483, ""dp_5_16"": 0.005747126436781609, ""dp_65_256"": 0.6551724137931034}","{""cn_0"": 0.9942528735632183, ""cn_2_3"": 0.005747126436781609}",0.011494252873563218,172.0287356321839,sasb_candidate_builder,47a1e4a35c1b1e17a0f782c73c417c5469bb4fc3f119b6769797b48d77b2dd0a,174,47a1e4a35c1b1e17a0f782c73c417c5469bb4fc3f119b6769797b48d77b2dd0a,"{""sasb_builder"": 174}",0,0,0,0,{},0.0,"{""common_neighbor_bin_l1"": 0.0, ""degree_product_bin_l1"": 0.0, ""is_boundary_edge_l1"": 0.0, ""is_bridge_edge_l1"": 0.0, ""is_inter_community_edge_l1"": 0.0, ""is_low_common_neighbor_edge_l1"": 0.0, ""mean_l1"": 0.0}",1,32,32,1133.4375,0
realworld_completed,bio_celegans,SASB-candidate,sasb,SASB-structured,20260513,1141,middle,0.8609271523178808,0.8609271523178808,0.0,29,29,0,0.5634567901234568,0.5639506172839506,132,144,132--144,3,21,3,21,63,1,0.5,0,1,1,32,"[""96"", ""53"", ""60"", ""363"", ""51"", ""62"", ""373"", ""364"", ""350"", ""369"", ""52"", ""85"", ""144"", ""145"", ""82"", ""83"", ""142"", ""143"", ""343"", ""440"", ""154"", ""398"", ""97"", ""348"", ""376"", ""219"", ""109"", ""123"", ""358"", ""191"", ""241"", ""224""]",824172ce5fee67dcb9c6a7499a17d42f0a7775060696298186a6d976b3896b33,"{""boundary"": 12, ""community_rep"": 3, ""degree_core"": 10, ""random_fill"": 7}","{""degree_2"": 2, ""degree_3_4"": 5, ""degree_5_8"": 1, ""degree_9_plus"": 24}","{""0"": 1, ""1"": 2, ""10"": 1, ""11"": 1, ""12"": 2, ""13"": 2, ""14"": 4, ""2"": 1, ""3"": 1, ""4"": 3, ""5"": 1, ""6"": 6, ""7"": 3, ""8"": 3, ""9"": 1}",174,"{""backend"": ""evaluate_m19_theory_calibrated.candidate_features"", ""delta_mode"": ""none"", ""k_max"": 512, ""k_min"": 64, ""variant"": ""conservative""}",174,0.20689655172413793,0.5344827586206896,0.5344827586206896,0.06321839080459771,1.0,"{""dp_17_64"": 0.1781609195402299, ""dp_257_plus"": 0.1724137931034483, ""dp_5_16"": 0.005747126436781609, ""dp_65_256"": 0.6436781609195402}","{""cn_0"": 0.9942528735632183, ""cn_1"": 0.005747126436781609}",0.005747126436781609,171.867816091954,sasb_candidate_builder,88bc690b4f9013abf5415c3f9c33fc5132511cd594eb192b44f4cb6ab64e1983,174,88bc690b4f9013abf5415c3f9c33fc5132511cd594eb192b44f4cb6ab64e1983,"{""sasb_builder"": 174}",0,0,0,0,{},0.0,"{""common_neighbor_bin_l1"": 0.0, ""degree_product_bin_l1"": 0.0, ""is_boundary_edge_l1"": 0.0, ""is_bridge_edge_l1"": 0.0, ""is_inter_community_edge_l1"": 0.0, ""is_low_common_neighbor_edge_l1"": 0.0, ""mean_l1"": 0.0}",1,32,32,786.09375,0
realworld_completed,bio_celegans,SASB-candidate,sasb,SASB-structured,20260513,1142,middle,0.8609271523178808,0.8609271523178808,0.0,29,29,0,0.5639506172839506,0.5644444444444444,144,45,144--45,20,3,3,20,60,1,0.5,0,1,1,32,"[""96"", ""53"", ""60"", ""363"", ""51"", ""62"", ""373"", ""364"", ""350"", ""369"", ""52"", ""85"", ""145"", ""144"", ""82"", ""83"", ""142"", ""143"", ""343"", ""440"", ""154"", ""398"", ""97"", ""348"", ""376"", ""110"", ""448"", ""392"", ""109"", ""113"", ""31"", ""324""]",a23ab8713b301dd22a090c017dd96bf3469ae1d11ee72404a288a26a6b3b1e19,"{""boundary"": 12, ""community_rep"": 3, ""degree_core"": 10, ""random_fill"": 7}","{""degree_3_4"": 6, ""degree_5_8"": 2, ""degree_9_plus"": 24}","{""0"": 2, ""1"": 3, ""10"": 1, ""11"": 1, ""12"": 2, ""13"": 2, ""14"": 4, ""2"": 1, ""3"": 1, ""4"": 4, ""5"": 1, ""6"": 4, ""7"": 1, ""8"": 3, ""9"": 2}",173,"{""backend"": ""evaluate_m19_theory_calibrated.candidate_features"", ""delta_mode"": ""none"", ""k_max"": 512, ""k_min"": 64, ""variant"": ""conservative""}",173,0.20595238095238094,0.5375722543352601,0.5375722543352601,0.06358381502890173,1.0,"{""dp_17_64"": 0.17341040462427745, ""dp_257_plus"": 0.17341040462427745, ""dp_5_16"": 0.005780346820809248, ""dp_65_256"": 0.6473988439306358}","{""cn_0"": 1.0}",0.0,172.47976878612718,sasb_candidate_builder,058c3ff409e782ce50bcfd7e98c5ab8645a6f546b37616b494b91ef06db2be04,173,058c3ff409e782ce50bcfd7e98c5ab8645a6f546b37616b494b91ef06db2be04,"{""sasb_builder"": 173}",0,0,0,0,{},0.0,"{""common_neighbor_bin_l1"": 0.0, ""degree_product_bin_l1"": 0.0, ""is_boundary_edge_l1"": 0.0, ""is_bridge_edge_l1"": 0.0, ""is_inter_community_edge_l1"": 0.0, ""is_low_common_neighbor_edge_l1"": 0.0, ""mean_l1"": 0.0}",1,32,32,0.0,0
realworld_completed,bio_celegans,SASB-candidate,sasb,SASB-structured,20260513,1143,middle,0.8609271523178808,0.8609271523178808,0.0,29,29,0,0.5644444444444444,0.5649382716049383,145,67,145--67,21,3,3,21,63,1,0.5,0,1,1,32,"[""96"", ""53"", ""60"", ""363"", ""51"", ""62"", ""373"", ""364"", ""350"", ""369"", ""52"", ""85"", ""145"", ""82"", ""144"", ""83"", ""142"", ""143"", ""343"", ""440"", ""154"", ""398"", ""97"", ""348"", ""376"", ""91"", ""360"", ""57"", ""1"", ""121"", ""261"", ""15""]",1659fb8af9f36bea0ccdb53ee28b5db6dc73f057e5aeb3efa3b36cb0729f46ec,"{""boundary"": 12, ""community_rep"": 3, ""degree_core"": 10, ""random_fill"": 7}","{""degree_0_1"": 2, ""degree_2"": 1, ""degree_3_4"": 4, ""degree_5_8"": 1, ""degree_9_plus"": 24}","{""0"": 1, ""1"": 3, ""10"": 2, ""11"": 1, ""12"": 2, ""13"": 2, ""14"": 4, ""2"": 2, ""3"": 2, ""4"": 3, ""5"": 1, ""6"": 4, ""7"": 1, ""8"": 2, ""9"": 2}",173,"{""backend"": ""evaluate_m19_theory_calibrated.candidate_features"", ""delta_mode"": ""none"", ""k_max"": 512, ""k_min"": 64, ""variant"": ""conservative""}",173,0.2061978545887962,0.5375722543352601,0.5375722543352601,0.06358381502890173,1.0,"{""dp_17_64"": 0.17341040462427745, ""dp_257_plus"": 0.17341040462427745, ""dp_5_16"": 0.005780346820809248, ""dp_65_256"": 0.6473988439306358}","{""cn_0"": 1.0}",0.0,172.46820809248555,sasb_candidate_builder,ba407bfd4dba57e2a0cc5f16c876c036d54c7bb839384a06346716251f16d8d3,173,ba407bfd4dba57e2a0cc5f16c876c036d54c7bb839384a06346716251f16d8d3,"{""sasb_builder"": 173}",0,0,0,0,{},0.0,"{""common_neighbor_bin_l1"": 0.0, ""degree_product_bin_l1"": 0.0, ""is_boundary_edge_l1"": 0.0, ""is_bridge_edge_l1"": 0.0, ""is_inter_community_edge_l1"": 0.0, ""is_low_common_neighbor_edge_l1"": 0.0, ""mean_l1"": 0.0}",1,32,32,0.0,0
realworld_completed,bio_celegans,SASB-candidate,sasb,SASB-structured,20260513,1144,middle,0.8609271523178808,0.8101545253863135,0.050772626931567255,29,30,1,0.5649382716049383,0.5654320987654321,145,45,145--45,20,2,2,20,40,0,0.0,0,13,13,32,"[""96"", ""53"", ""60"", ""363"", ""51"", ""62"", ""373"", ""364"", ""350"", ""369"", ""52"", ""85"", ""145"", ""82"", ""144"", ""83"", ""142"", ""143"", ""343"", ""440"", ""154"", ""398"", ""97"", ""348"", ""376"", ""126"", ""72"", ""7"", ""99"", ""202"", ""69"", ""445""]",0dcc7f794403f0c0e675f92a180923c050ea65e0c2839b08a6a9dc61d98fdba4,"{""boundary"": 12, ""community_rep"": 3, ""degree_core"": 10, ""random_fill"": 7}","{""degree_2"": 4, ""degree_3_4"": 3, ""degree_5_8"": 2, ""degree_9_plus"": 23}","{""0"": 1, ""1"": 3, ""10"": 1, ""11"": 1, ""12"": 2, ""13"": 2, ""14"": 3, ""2"": 1, ""3"": 2, ""4"": 3, ""5"": 1, ""6"": 5, ""7"": 2, ""8"": 4, ""9"": 1}",173,"{""backend"": ""evaluate_m19_theory_calibrated.candidate_features"", ""delta_mode"": ""none"", ""k_max"": 512, ""k_min"": 64, ""variant"": ""conservative""}",173,0.2064439140811456,0.5375722543352601,0.5375722543352601,0.06936416184971098,1.0,"{""dp_17_64"": 0.17341040462427745, ""dp_257_plus"": 0.17341040462427745, ""dp_5_16"": 0.005780346820809248, ""dp_65_256"": 0.6473988439306358}","{""cn_0"": 1.0}",0.0,172.33526011560693,sasb_candidate_builder,870b2df3b486e0598901ecac98a958d76f80db8644823b035e5a90f99b9b70d2,173,870b2df3b486e0598901ecac98a958d76f80db8644823b035e5a90f99b9b70d2,"{""sasb_builder"": 173}",0,0,0,0,{},0.0,"{""common_neighbor_bin_l1"": 0.0, ""degree_product_bin_l1"": 0.0, ""is_boundary_edge_l1"": 0.0, ""is_bridge_edge_l1"": 0.0, ""is_inter_community_edge_l1"": 0.0, ""is_low_common_neighbor_edge_l1"": 0.0, ""mean_l1"": 0.0}",1,32,32,0.0,0
realworld_completed,bio_celegans,SASB-candidate,sasb,SASB-structured,20260513,1145,middle,0.8101545253863135,0.8079470198675497,0.002207505518763808,30,31,1,0.5654320987654321,0.5659259259259259,349,96,349--96,1,59,1,59,59,0,0.0,0,11,11,32,"[""96"", ""53"", ""60"", ""363"", ""51"", ""62"", ""373"", ""364"", ""52"", ""350"", ""369"", ""85"", ""82"", ""83"", ""142"", ""143"", ""343"", ""440"", ""154"", ""398"", ""118"", ""220"", ""97"", ""348"", ""376"", ""287"", ""232"", ""450"", ""159"", ""438"", ""249"", ""95""]",8e434b7b5b45e4484cff27e89fd0cd381b038e6fc934c306dec8198a6fae2715,"{""boundary"": 12, ""community_rep"": 3, ""degree_core"": 10, ""random_fill"": 7}","{""degree_0_1"": 4, ""degree_2"": 1, ""degree_3_4"": 3, ""degree_5_8"": 1, ""degree_9_plus"": 23}","{""0"": 2, ""1"": 1, ""10"": 4, ""11"": 3, ""12"": 1, ""13"": 2, ""2"": 1, ""3"": 2, ""4"": 3, ""5"": 5, ""6"": 1, ""7"": 3, ""8"": 2, ""9"": 2}",166,"{""backend"": ""evaluate_m19_theory_calibrated.candidate_features"", ""delta_mode"": ""none"", ""k_max"": 512, ""k_min"": 64, ""variant"": ""conservative""}",166,0.21065989847715735,0.5481927710843374,0.5481927710843374,0.060240963855421686,1.0,"{""dp_17_64"": 0.1566265060240964, ""dp_257_plus"": 0.18072289156626506, ""dp_65_256"": 0.6626506024096386}","{""cn_0"": 1.0}",0.0,177.34939759036143,sasb_candidate_builder,a7503b2ef7bf6411543dd6c65888e18fb178bb04649f3445b6b527ad88d8a3d8,166,a7503b2ef7bf6411543dd6c65888e18fb178bb04649f3445b6b527ad88d8a3d8,"{""sasb_builder"": 166}",0,0,0,0,{},0.0,"{""common_neighbor_bin_l1"": 0.0, ""degree_product_bin_l1"": 0.0, ""is_boundary_edge_l1"": 0.0, ""is_bridge_edge_l1"": 0.0, ""is_inter_community_edge_l1"": 0.0, ""is_low_common_neighbor_edge_l1"": 0.0, ""mean_l1"": 0.0}",1,32,32,0.0,0
realworld_completed,bio_celegans,SASB-candidate,sasb,SASB-structured,20260513,1146,middle,0.8079470198675497,0.8079470198675497,0.0,31,31,0,0.5659259259259259,0.5664197530864198,350,52,350--52,10,14,10,14,140,0,0.0,1,3,2,32,"[""96"", ""53"", ""60"", ""363"", ""51"", ""62"", ""373"", ""364"", ""52"", ""350"", ""369"", ""85"", ""82"", ""83"", ""142"", ""143"", ""343"", ""440"", ""154"", ""398"", ""118"", ""220"", ""97"", ""348"", ""376"", ""189"", ""341"", ""27"", ""139"", ""448"", ""160"", ""381""]",65a0fb9c1b6054335dd6314988e39e778260a6d3ab921364bea3ae9380f91b14,"{""boundary"": 12, ""community_rep"": 3, ""degree_core"": 10, ""random_fill"": 7}","{""degree_2"": 1, ""degree_3_4"": 6, ""degree_5_8"": 2, ""degree_9_plus"": 23}","{""0"": 1, ""1"": 2, ""10"": 3, ""11"": 1, ""12"": 1, ""13"": 2, ""2"": 1, ""3"": 1, ""4"": 4, ""5"": 5, ""6"": 1, ""7"": 6, ""8"": 2, ""9"": 2}",166,"{""backend"": ""evaluate_m19_theory_calibrated.candidate_features"", ""delta_mode"": ""none"", ""k_max"": 512, ""k_min"": 64, ""variant"": ""conservative""}",166,0.21092757306226176,0.5481927710843374,0.5481927710843374,0.05421686746987952,1.0,"{""dp_17_64"": 0.1566265060240964, ""dp_257_plus"": 0.18072289156626506, ""dp_65_256"": 0.6626506024096386}","{""cn_0"": 1.0}",0.0,175.59036144578315,sasb_candidate_builder,a08c252f93aebb8090754ff3ca774bee01f343436dfecb1f049d5fdff737b150,166,a08c252f93aebb8090754ff3ca774bee01f343436dfecb1f049d5fdff737b150,"{""sasb_builder"": 166}",0,0,0,0,{},0.0,"{""common_neighbor_bin_l1"": 0.0, ""degree_product_bin_l1"": 0.0, ""is_boundary_edge_l1"": 0.0, ""is_bridge_edge_l1"": 0.0, ""is_inter_community_edge_l1"": 0.0, ""is_low_common_neighbor_edge_l1"": 0.0, ""mean_l1"": 0.0}",1,32,32,0.0,0
realworld_completed,bio_celegans,SASB-candidate,sasb,SASB-structured,20260513,1147,middle,0.8079470198675497,0.8079470198675497,0.0,31,31,0,0.5664197530864198,0.5669135802469136,350,53,350--53,9,29,9,29,261,0,0.0,1,4,11,32,"[""96"", ""53"", ""60"", ""363"", ""51"", ""62"", ""373"", ""364"", ""369"", ""52"", ""85"", ""350"", ""82"", ""83"", ""142"", ""143"", ""343"", ""440"", ""154"", ""398"", ""118"", ""220"", ""97"", ""348"", ""376"", ""32"", ""127"", ""242"", ""315"", ""230"", ""1"", ""371""]",51d8c091e998e1a6d9cacf313c25c2261046cb07faad73c4dcbe06e94939dbbe,"{""boundary"": 12, ""community_rep"": 3, ""degree_core"": 10, ""random_fill"": 7}","{""degree_0_1"": 3, ""degree_2"": 1, ""degree_3_4"": 2, ""degree_5_8"": 2, ""degree_9_plus"": 24}","{""0"": 1, ""1"": 2, ""10"": 4, ""11"": 1, ""12"": 1, ""13"": 2, ""2"": 1, ""3"": 2, ""4"": 3, ""5"": 4, ""6"": 1, ""7"": 4, ""8"": 3, ""9"": 3}",166,"{""backend"": ""evaluate_m19_theory_calibrated.candidate_features"", ""delta_mode"": ""none"", ""k_max"": 512, ""k_min"": 64, ""variant"": ""conservative""}",166,0.21119592875318066,0.5421686746987951,0.5421686746987951,0.05421686746987952,1.0,"{""dp_17_64"": 0.1566265060240964, ""dp_257_plus"": 0.18072289156626506, ""dp_65_256"": 0.6626506024096386}","{""cn_0"": 1.0}",0.0,174.35542168674698,sasb_candidate_builder,6cd59f6d6b81c78f763f95ae4c390d5ba6ec089b6161ab4f1fc2661e872f02ac,166,6cd59f6d6b81c78f763f95ae4c390d5ba6ec089b6161ab4f1fc2661e872f02ac,"{""sasb_builder"": 166}",0,0,0,0,{},0.0,"{""common_neighbor_bin_l1"": 0.0, ""degree_product_bin_l1"": 0.0, ""is_boundary_edge_l1"": 0.0, ""is_bridge_edge_l1"": 0.0, ""is_inter_community_edge_l1"": 0.0, ""is_low_common_neighbor_edge_l1"": 0.0, ""mean_l1"": 0.0}",1,32,32,0.0,0
realworld_completed,bio_celegans,SASB-candidate,sasb,SASB-structured,20260513,1148,middle,0.8079470198675497,0.8079470198675497,0.0,31,31,0,0.5669135802469136,0.5674074074074074,350,60,350--60,8,21,8,21,168,1,0.14285714285714285,1,4,7,32,"[""96"", ""53"", ""60"", ""363"", ""51"", ""62"", ""373"", ""364"", ""369"", ""52"", ""85"", ""353"", ""82"", ""83"", ""142"", ""143"", ""343"", ""440"", ""154"", ""398"", ""118"", ""220"", ""97"", ""348"", ""376"", ""397"", ""430"", ""99"", ""435"", ""304"", ""357"", ""300""]",91f75ef26c65224c22e10b3a72d0006a70ecdcb1255f2a2ddc376e44d6b2e88f,"{""boundary"": 12, ""community_rep"": 3, ""degree_core"": 10, ""random_fill"": 7}","{""degree_3_4"": 6, ""degree_5_8"": 4, ""degree_9_plus"": 22}","{""0"": 1, ""1"": 1, ""10"": 3, ""11"": 5, ""12"": 1, ""13"": 2, ""2"": 1, ""3"": 1, ""4"": 3, ""5"": 5, ""6"": 1, ""7"": 3, ""8"": 3, ""9"": 2}",166,"{""backend"": ""evaluate_m19_theory_calibrated.candidate_features"", ""delta_mode"": ""none"", ""k_max"": 512, ""k_min"": 64, ""variant"": ""conservative""}",166,0.21146496815286625,0.536144578313253,0.536144578313253,0.05421686746987952,1.0,"{""dp_17_64"": 0.1566265060240964, ""dp_257_plus"": 0.1746987951807229, ""dp_65_256"": 0.6686746987951807}","{""cn_0"": 1.0}",0.0,172.09036144578315,sasb_candidate_builder,886a04b078f47471fa53ca2fa051caf2c66345f186f776d4401b9c097772f91c,166,886a04b078f47471fa53ca2fa051caf2c66345f186f776d4401b9c097772f91c,"{""sasb_builder"": 166}",0,0,0,0,{},0.0,"{""common_neighbor_bin_l1"": 0.0, ""degree_product_bin_l1"": 0.0, ""is_boundary_edge_l1"": 0.0, ""is_bridge_edge_l1"": 0.0, ""is_inter_community_edge_l1"": 0.0, ""is_low_common_neighbor_edge_l1"": 0.0, ""mean_l1"": 0.0}",1,32,32,0.0,0
realworld_completed,bio_celegans,SASB-candidate,sasb,SASB-structured,20260513,1149,middle,0.8079470198675497,0.8079470198675497,0.0,31,31,0,0.5674074074074074,0.5679012345679012,350,62,350--62,7,17,7,17,119,2,0.3333333333333333,0,3,3,32,"[""96"", ""53"", ""363"", ""51"", ""60"", ""62"", ""373"", ""364"", ""369"", ""52"", ""85"", ""353"", ""82"", ""83"", ""142"", ""143"", ""343"", ""440"", ""154"", ""398"", ""118"", ""220"", ""97"", ""348"", ""376"", ""401"", ""69"", ""395"", ""156"", ""107"", ""431"", ""212""]",10d5bcf5a9f7d3dbebafee9f8a4c9028be4471e19a0a149de3282aa06b37d170,"{""boundary"": 12, ""community_rep"": 3, ""degree_core"": 10, ""random_fill"": 7}","{""degree_2"": 2, ""degree_3_4"": 5, ""degree_5_8"": 3, ""degree_9_plus"": 22}","{""0"": 1, ""1"": 2, ""10"": 4, ""11"": 2, ""12"": 1, ""13"": 3, ""2"": 2, ""3"": 1, ""4"": 2, ""5"": 5, ""6"": 1, ""7"": 3, ""8"": 3, ""9"": 2}",166,"{""backend"": ""evaluate_m19_theory_calibrated.candidate_features"", ""delta_mode"": ""none"", ""k_max"": 512, ""k_min"": 64, ""variant"": ""conservative""}",166,0.21173469387755103,0.5301204819277109,0.5301204819277109,0.05421686746987952,1.0,"{""dp_17_64"": 0.16265060240963855, ""dp_257_plus"": 0.1746987951807229, ""dp_65_256"": 0.6626506024096386}","{""cn_0"": 1.0}",0.0,170.63253012048193,sasb_candidate_builder,727064877c0c7d45227fa161ec5e8bd940ecbfdbc22261a66f5982b6492132e5,166,727064877c0c7d45227fa161ec5e8bd940ecbfdbc22261a66f5982b6492132e5,"{""sasb_builder"": 166}",0,0,0,0,{},0.0,"{""common_neighbor_bin_l1"": 0.0, ""degree_product_bin_l1"": 0.0, ""is_boundary_edge_l1"": 0.0, ""is_bridge_edge_l1"": 0.0, ""is_inter_community_edge_l1"": 0.0, ""is_low_common_neighbor_edge_l1"": 0.0, ""mean_l1"": 0.0}",1,32,32,0.0,0
realworld_completed,bio_celegans,SASB-candidate,sasb,SASB-structured,20260513,1150,middle,0.8079470198675497,0.8079470198675497,0.0,31,31,0,0.5679012345679012,0.568395061728395,246,51,246--51,2,29,2,29,58,1,1.0,0,10,10,32,"[""96"", ""53"", ""363"", ""51"", ""60"", ""373"", ""62"", ""364"", ""369"", ""52"", ""85"", ""353"", ""82"", ""83"", ""142"", ""143"", ""343"", ""440"", ""154"", ""398"", ""118"", ""220"", ""97"", ""348"", ""376"", ""226"", ""223"", ""124"", ""408"", ""361"", ""381"", ""237""]",6d6b98db0a09ef146ab66e1abfa658910190b92d04c34e9f21ceece35ff7dc4e,"{""boundary"": 12, ""community_rep"": 3, ""degree_core"": 10, ""random_fill"": 7}","{""degree_2"": 1, ""degree_3_4"": 4, ""degree_5_8"": 5, ""degree_9_plus"": 22}","{""0"": 1, ""1"": 1, ""10"": 5, ""11"": 3, ""12"": 2, ""13"": 3, ""2"": 2, ""3"": 1, ""4"": 2, ""5"": 4, ""6"": 1, ""7"": 3, ""8"": 2, ""9"": 2}",166,"{""backend"": ""evaluate_m19_theory_calibrated.candidate_features"", ""delta_mode"": ""none"", ""k_max"": 512, ""k_min"": 64, ""variant"": ""conservative""}",166,0.2120051085568327,0.5240963855421686,0.5240963855421686,0.05421686746987952,1.0,"{""dp_17_64"": 0.19879518072289157, ""dp_257_plus"": 0.1746987951807229, ""dp_65_256"": 0.6265060240963856}","{""cn_0"": 1.0}",0.0,169.44578313253012,sasb_candidate_builder,ee96d454b60ae56a8fdc094065841759644727630622cf9031e22bec3506b2cc,166,ee96d454b60ae56a8fdc094065841759644727630622cf9031e22bec3506b2cc,"{""sasb_builder"": 166}",0,0,0,0,{},0.0,"{""common_neighbor_bin_l1"": 0.0, ""degree_product_bin_l1"": 0.0, ""is_boundary_edge_l1"": 0.0, ""is_bridge_edge_l1"": 0.0, ""is_inter_community_edge_l1"": 0.0, ""is_low_common_neighbor_edge_l1"": 0.0, ""mean_l1"": 0.0}",1,32,32,0.0,0
realworld_completed,bio_celegans,SASB-candidate,sasb,SASB-structured,20260513,1151,middle,0.8079470198675497,0.8079470198675497,0.0,31,31,0,0.568395061728395,0.5688888888888889,290,51,290--51,3,28,3,28,84,1,0.5,0,10,10,32,"[""96"", ""53"", ""363"", ""51"", ""60"", ""373"", ""62"", ""364"", ""369"", ""52"", ""85"", ""353"", ""82"", ""83"", ""142"", ""143"", ""343"", ""440"", ""154"", ""398"", ""118"", ""220"", ""97"", ""348"", ""376"", ""442"", ""419"", ""299"", ""221"", ""270"", ""45"", ""139""]",bfd3f660b948babfec5d61b5043aeaeb016c38c92737fc8a610af703c9172b53,"{""boundary"": 12, ""community_rep"": 3, ""degree_core"": 10, ""random_fill"": 7}","{""degree_0_1"": 1, ""degree_2"": 2, ""degree_3_4"": 2, ""degree_5_8"": 5, ""degree_9_plus"": 22}","{""0"": 1, ""1"": 2, ""10"": 4, ""11"": 3, ""12"": 1, ""13"": 2, ""2"": 1, ""3"": 1, ""4"": 2, ""5"": 4, ""6"": 1, ""7"": 3, ""8"": 2, ""9"": 5}",166,"{""backend"": ""evaluate_m19_theory_calibrated.candidate_features"", ""delta_mode"": ""none"", ""k_max"": 512, ""k_min"": 64, ""variant"": ""conservative""}",166,0.21227621483375958,0.5240963855421686,0.5240963855421686,0.05421686746987952,1.0,"{""dp_17_64"": 0.1927710843373494, ""dp_257_plus"": 0.1746987951807229, ""dp_65_256"": 0.6325301204819277}","{""cn_0"": 1.0}",0.0,169.10843373493975,sasb_candidate_builder,d28783523d03974a30596fc85c771d0fbb662c3c0a30f163df457bda1b598898,166,d28783523d03974a30596fc85c771d0fbb662c3c0a30f163df457bda1b598898,"{""sasb_builder"": 166}",0,0,0,0,{},0.0,"{""common_neighbor_bin_l1"": 0.0, ""degree_product_bin_l1"": 0.0, ""is_boundary_edge_l1"": 0.0, ""is_bridge_edge_l1"": 0.0, ""is_inter_community_edge_l1"": 0.0, ""is_low_common_neighbor_edge_l1"": 0.0, ""mean_l1"": 0.0}",1,32,32,0.0,0
realworld_completed,bio_celegans,SASB-candidate,sasb,SASB-structured,20260513,1152,middle,0.8079470198675497,0.8013245033112583,0.0066225165562914245,31,32,1,0.5688888888888889,0.5693827160493827,279,51,279--51,2,27,2,27,54,0,0.0,0,4,4,32,"[""96"", ""53"", ""363"", ""51"", ""60"", ""373"", ""62"", ""364"", ""369"", ""52"", ""85"", ""353"", ""82"", ""83"", ""142"", ""143"", ""343"", ""440"", ""154"", ""398"", ""118"", ""220"", ""97"", ""348"", ""376"", ""124"", ""196"", ""452"", ""445"", ""209"", ""380"", ""392""]",dd20c1bb3cc534f26c3dacaecf47aebed5ec61fc883df5e9e7d9d2d693b1fce2,"{""boundary"": 12, ""community_rep"": 3, ""degree_core"": 10, ""random_fill"": 7}","{""degree_2"": 2, ""degree_3_4"": 5, ""degree_5_8"": 3, ""degree_9_plus"": 22}","{""0"": 2, ""1"": 1, ""10"": 3, ""11"": 3, ""12"": 1, ""13"": 3, ""2"": 2, ""3"": 1, ""4"": 3, ""5"": 4, ""6"": 1, ""7"": 3, ""8"": 3, ""9"": 2}",165,"{""backend"": ""evaluate_m19_theory_calibrated.candidate_features"", ""delta_mode"": ""none"", ""k_max"": 512, ""k_min"": 64, ""variant"": ""conservative""}",165,0.2112676056338028,0.5272727272727272,0.5272727272727272,0.06060606060606061,1.0,"{""dp_17_64"": 0.2, ""dp_257_plus"": 0.17575757575757575, ""dp_65_256"": 0.6242424242424243}","{""cn_0"": 1.0}",0.0,168.6,sasb_candidate_builder,c54a6650ceaf9167072fb0316ae060ce272d21a5d32a6ee5121b4fda508c5362,165,c54a6650ceaf9167072fb0316ae060ce272d21a5d32a6ee5121b4fda508c5362,"{""sasb_builder"": 165}",0,0,0,0,{},0.0,"{""common_neighbor_bin_l1"": 0.0, ""degree_product_bin_l1"": 0.0, ""is_boundary_edge_l1"": 0.0, ""is_bridge_edge_l1"": 0.0, ""is_inter_community_edge_l1"": 0.0, ""is_low_common_neighbor_edge_l1"": 0.0, ""mean_l1"": 0.0}",1,32,32,0.0,0
realworld_completed,bio_celegans,SASB-candidate,sasb,SASB-structured,20260513,1153,middle,0.8013245033112583,0.8013245033112583,0.0,32,32,0,0.5693827160493827,0.5698765432098766,350,82,350--82,6,20,6,20,120,3,0.6,0,4,4,32,"[""96"", ""53"", ""363"", ""51"", ""60"", ""373"", ""62"", ""364"", ""369"", ""52"", ""85"", ""353"", ""82"", ""83"", ""142"", ""143"", ""343"", ""440"", ""154"", ""398"", ""118"", ""220"", ""97"", ""348"", ""376"", ""216"", ""295"", ""452"", ""152"", ""58"", ""390"", ""10""]",447d2492e7d0304a7b7e4fbc6cb2c473a3fffaa6e7eed6845382fd1979d51581,"{""boundary"": 12, ""community_rep"": 3, ""degree_core"": 10, ""random_fill"": 7}","{""degree_0_1"": 1, ""degree_2"": 3, ""degree_3_4"": 3, ""degree_5_8"": 3, ""degree_9_plus"": 22}","{""0"": 1, ""1"": 1, ""10"": 4, ""11"": 3, ""12"": 2, ""13"": 4, ""2"": 1, ""3"": 1, ""4"": 2, ""5"": 4, ""6"": 1, ""7"": 4, ""8"": 2, ""9"": 2}",165,"{""backend"": ""evaluate_m19_theory_calibrated.candidate_features"", ""delta_mode"": ""none"", ""k_max"": 512, ""k_min"": 64, ""variant"": ""conservative""}",165,0.2120822622107969,0.5272727272727272,0.5272727272727272,0.05454545454545454,1.0,"{""dp_17_64"": 0.19393939393939394, ""dp_257_plus"": 0.17575757575757575, ""dp_65_256"": 0.6303030303030303}","{""cn_0"": 1.0}",0.0,168.3030303030303,sasb_candidate_builder,3fbb9fdfa554a4dfbe4dd314d43a520fa6b38aad9dd242af155ed1f64fc3c96f,165,3fbb9fdfa554a4dfbe4dd314d43a520fa6b38aad9dd242af155ed1f64fc3c96f,"{""sasb_builder"": 165}",0,0,0,0,{},0.0,"{""common_neighbor_bin_l1"": 0.0, ""degree_product_bin_l1"": 0.0, ""is_boundary_edge_l1"": 0.0, ""is_bridge_edge_l1"": 0.0, ""is_inter_community_edge_l1"": 0.0, ""is_low_common_neighbor_edge_l1"": 0.0, ""mean_l1"": 0.0}",1,32,32,0.0,0
realworld_completed,bio_celegans,SASB-candidate,sasb,SASB-structured,20260513,1154,middle,0.8013245033112583,0.8013245033112583,0.0,32,32,0,0.5698765432098766,0.5703703703703704,211,82,211--82,3,19,3,19,57,1,0.5,0,3,3,32,"[""96"", ""53"", ""363"", ""51"", ""60"", ""373"", ""62"", ""364"", ""369"", ""52"", ""85"", ""353"", ""82"", ""83"", ""142"", ""143"", ""343"", ""440"", ""154"", ""398"", ""118"", ""220"", ""97"", ""348"", ""376"", ""386"", ""15"", ""161"", ""45"", ""177"", ""20"", ""450""]",b39dfd9ad2665d18579d7f56b9688e083189134a1c6ac9a8bf0a5b2f6e5f4800,"{""boundary"": 12, ""community_rep"": 3, ""degree_core"": 10, ""random_fill"": 7}","{""degree_0_1"": 2, ""degree_2"": 2, ""degree_3_4"": 3, ""degree_5_8"": 3, ""degree_9_plus"": 22}","{""0"": 1, ""1"": 2, ""10"": 4, ""11"": 5, ""12"": 1, ""13"": 2, ""2"": 1, ""3"": 1, ""4"": 2, ""5"": 5, ""6"": 1, ""7"": 3, ""8"": 2, ""9"": 2}",165,"{""backend"": ""evaluate_m19_theory_calibrated.candidate_features"", ""delta_mode"": ""none"", ""k_max"": 512, ""k_min"": 64, ""variant"": ""conservative""}",165,0.21235521235521235,0.5272727272727272,0.5272727272727272,0.05454545454545454,1.0,"{""dp_17_64"": 0.2, ""dp_257_plus"": 0.17575757575757575, ""dp_65_256"": 0.6242424242424243}","{""cn_0"": 1.0}",0.0,167.61212121212122,sasb_candidate_builder,42ecbf37bf8a2b354742de7820c64d481e46b2ada5a6464f53c52777d73cd42f,165,42ecbf37bf8a2b354742de7820c64d481e46b2ada5a6464f53c52777d73cd42f,"{""sasb_builder"": 165}",0,0,0,0,{},0.0,"{""common_neighbor_bin_l1"": 0.0, ""degree_product_bin_l1"": 0.0, ""is_boundary_edge_l1"": 0.0, ""is_bridge_edge_l1"": 0.0, ""is_inter_community_edge_l1"": 0.0, ""is_low_common_neighbor_edge_l1"": 0.0, ""mean_l1"": 0.0}",1,32,32,0.0,0
realworld_completed,bio_celegans,SASB-candidate,sasb,SASB-structured,20260513,1155,middle,0.8013245033112583,0.8013245033112583,0.0,32,32,0,0.5703703703703704,0.5708641975308641,314,373,314--373,6,9,6,9,54,1,0.2,1,5,3,32,"[""96"", ""53"", ""60"", ""363"", ""51"", ""373"", ""62"", ""364"", ""369"", ""52"", ""85"", ""359"", ""83"", ""142"", ""143"", ""82"", ""343"", ""440"", ""154"", ""398"", ""118"", ""220"", ""97"", ""348"", ""376"", ""382"", ""286"", ""138"", ""408"", ""233"", ""226"", ""113""]",e3f56ba5a39bd5c370dacb520bcfa4d25e6e52383062abce7f4980c2982c6712,"{""boundary"": 12, ""community_rep"": 3, ""degree_core"": 10, ""random_fill"": 7}","{""degree_2"": 1, ""degree_3_4"": 4, ""degree_5_8"": 5, ""degree_9_plus"": 22}","{""0"": 1, ""1"": 1, ""10"": 5, ""11"": 2, ""12"": 1, ""13"": 2, ""2"": 2, ""3"": 4, ""4"": 1, ""5"": 5, ""6"": 2, ""7"": 2, ""8"": 3, ""9"": 1}",165,"{""backend"": ""evaluate_m19_theory_calibrated.candidate_features"", ""delta_mode"": ""none"", ""k_max"": 512, ""k_min"": 64, ""variant"": ""conservative""}",165,0.21262886597938144,0.5393939393939394,0.5393939393939394,0.05454545454545454,1.0,"{""dp_17_64"": 0.20606060606060606, ""dp_257_plus"": 0.17575757575757575, ""dp_5_16"": 0.006060606060606061, ""dp_65_256"": 0.6121212121212121}","{""cn_0"": 0.9818181818181818, ""cn_1"": 0.01818181818181818}",0.01818181818181818,166.35151515151514,sasb_candidate_builder,f18f5e61a0f663ec55b654694cf96a6d1b214643abf7687329868b50f1eac755,165,f18f5e61a0f663ec55b654694cf96a6d1b214643abf7687329868b50f1eac755,"{""sasb_builder"": 165}",0,0,0,0,{},0.0,"{""common_neighbor_bin_l1"": 0.0, ""degree_product_bin_l1"": 0.0, ""is_boundary_edge_l1"": 0.0, ""is_bridge_edge_l1"": 0.0, ""is_inter_community_edge_l1"": 0.0, ""is_low_common_neighbor_edge_l1"": 0.0, ""mean_l1"": 0.0}",1,32,32,2318.111468699321,0
realworld_completed,bio_celegans,SASB-candidate,sasb,SASB-structured,20260513,1156,middle,0.8013245033112583,0.8013245033112583,0.0,32,32,0,0.5708641975308641,0.571358024691358,321,373,321--373,4,8,4,8,32,0,0.0,1,5,3,32,"[""96"", ""53"", ""60"", ""363"", ""51"", ""373"", ""62"", ""364"", ""369"", ""52"", ""85"", ""359"", ""83"", ""142"", ""143"", ""82"", ""343"", ""440"", ""154"", ""398"", ""118"", ""220"", ""97"", ""348"", ""376"", ""190"", ""374"", ""223"", ""350"", ""131"", ""124"", ""15""]",f6d6233d52a77ed4d21e62c3f5de47c2540687f2209118caf7aa18d820c6aedb,"{""boundary"": 12, ""community_rep"": 3, ""degree_core"": 10, ""random_fill"": 7}","{""degree_2"": 3, ""degree_3_4"": 4, ""degree_5_8"": 4, ""degree_9_plus"": 21}","{""0"": 2, ""1"": 1, ""10"": 4, ""11"": 2, ""12"": 1, ""13"": 2, ""2"": 1, ""3"": 4, ""4"": 2, ""5"": 5, ""6"": 2, ""7"": 2, ""8"": 3, ""9"": 1}",165,"{""backend"": ""evaluate_m19_theory_calibrated.candidate_features"", ""delta_mode"": ""none"", ""k_max"": 512, ""k_min"": 64, ""variant"": ""conservative""}",165,0.2129032258064516,0.5333333333333333,0.5333333333333333,0.05454545454545454,1.0,"{""dp_17_64"": 0.2, ""dp_257_plus"": 0.17575757575757575, ""dp_5_16"": 0.006060606060606061, ""dp_65_256"": 0.6181818181818182}","{""cn_0"": 0.9939393939393939, ""cn_1"": 0.006060606060606061}",0.006060606060606061,165.77575757575758,sasb_candidate_builder,bb952923b6643cd28d0f21ac725e0fd93bd1607ca616592bc41382bb1f7120b3,165,bb952923b6643cd28d0f21ac725e0fd93bd1607ca616592bc41382bb1f7120b3,"{""sasb_builder"": 165}",0,0,0,0,{},0.0,"{""common_neighbor_bin_l1"": 0.0, ""degree_product_bin_l1"": 0.0, ""is_boundary_edge_l1"": 0.0, ""is_bridge_edge_l1"": 0.0, ""is_inter_community_edge_l1"": 0.0, ""is_low_common_neighbor_edge_l1"": 0.0, ""mean_l1"": 0.0}",1,32,32,3849.322547357721,0
realworld_completed,bio_celegans,SASB-candidate,sasb,SASB-structured,20260513,1157,middle,0.8013245033112583,0.8013245033112583,0.0,32,32,0,0.571358024691358,0.5718518518518518,373,374,373--374,7,4,4,7,28,1,0.3333333333333333,1,4,5,32,"[""96"", ""53"", ""60"", ""363"", ""51"", ""62"", ""373"", ""364"", ""369"", ""52"", ""85"", ""359"", ""83"", ""142"", ""143"", ""82"", ""343"", ""440"", ""154"", ""398"", ""118"", ""220"", ""97"", ""348"", ""376"", ""55"", ""90"", ""254"", ""395"", ""104"", ""184"", ""328""]",4dd9ee0a768ba80cb8ba04ee3ae5c965b65c256a511448e7f3996459e0cb4476,"{""boundary"": 12, ""community_rep"": 3, ""degree_core"": 10, ""random_fill"": 7}","{""degree_2"": 3, ""degree_3_4"": 5, ""degree_5_8"": 3, ""degree_9_plus"": 21}","{""0"": 1, ""1"": 1, ""10"": 3, ""11"": 3, ""12"": 1, ""13"": 2, ""2"": 2, ""3"": 3, ""4"": 1, ""5"": 3, ""6"": 2, ""7"": 5, ""8"": 4, ""9"": 1}",164,"{""backend"": ""evaluate_m19_theory_calibrated.candidate_features"", ""delta_mode"": ""none"", ""k_max"": 512, ""k_min"": 64, ""variant"": ""conservative""}",164,0.21188630490956073,0.5304878048780488,0.5304878048780488,0.054878048780487805,1.0,"{""dp_17_64"": 0.1951219512195122, ""dp_257_plus"": 0.17682926829268292, ""dp_5_16"": 0.006097560975609756, ""dp_65_256"": 0.6219512195121951}","{""cn_0"": 0.9939024390243902, ""cn_1"": 0.006097560975609756}",0.006097560975609756,165.78048780487805,sasb_candidate_builder,f584c38d06d4ce3223eccb87466579f3717d4397dbdd1a9f652c33cce2a56789,164,f584c38d06d4ce3223eccb87466579f3717d4397dbdd1a9f652c33cce2a56789,"{""sasb_builder"": 164}",0,0,0,0,{},0.0,"{""common_neighbor_bin_l1"": 0.0, ""degree_product_bin_l1"": 0.0, ""is_boundary_edge_l1"": 0.0, ""is_bridge_edge_l1"": 0.0, ""is_inter_community_edge_l1"": 0.0, ""is_low_common_neighbor_edge_l1"": 0.0, ""mean_l1"": 0.0}",1,32,32,589.3402408710714,0
realworld_completed,bio_celegans,SASB-candidate,sasb,SASB-structured,20260513,1158,middle,0.8013245033112583,0.8013245033112583,0.0,32,32,0,0.5718518518518518,0.5723456790123457,350,83,350--83,5,19,5,19,95,2,0.5,0,3,3,32,"[""96"", ""53"", ""60"", ""363"", ""51"", ""62"", ""364"", ""369"", ""373"", ""52"", ""85"", ""359"", ""83"", ""142"", ""143"", ""82"", ""343"", ""440"", ""154"", ""398"", ""118"", ""220"", ""97"", ""348"", ""376"", ""327"", ""101"", ""21"", ""382"", ""406"", ""319"", ""78""]",4dcd90404688803f317aeb5fc9965ed7b9c5d62ea2b578533448760d436e6aaa,"{""boundary"": 12, ""community_rep"": 3, ""degree_core"": 10, ""random_fill"": 7}","{""degree_3_4"": 5, ""degree_5_8"": 6, ""degree_9_plus"": 21}","{""0"": 1, ""1"": 1, ""10"": 3, ""11"": 3, ""12"": 1, ""13"": 3, ""2"": 2, ""3"": 5, ""4"": 2, ""5"": 3, ""6"": 2, ""7"": 2, ""8"": 3, ""9"": 1}",164,"{""backend"": ""evaluate_m19_theory_calibrated.candidate_features"", ""delta_mode"": ""none"", ""k_max"": 512, ""k_min"": 64, ""variant"": ""conservative""}",164,0.21216041397153945,0.524390243902439,0.524390243902439,0.054878048780487805,1.0,"{""dp_17_64"": 0.18902439024390244, ""dp_257_plus"": 0.17682926829268292, ""dp_5_16"": 0.006097560975609756, ""dp_65_256"": 0.6280487804878049}","{""cn_0"": 1.0}",0.0,165.0487804878049,sasb_candidate_builder,093e52abfa28a622922dc1815c57faf63fc914c8b1be1a4f83d0b655052fc967,164,093e52abfa28a622922dc1815c57faf63fc914c8b1be1a4f83d0b655052fc967,"{""sasb_builder"": 164}",0,0,0,0,{},0.0,"{""common_neighbor_bin_l1"": 0.0, ""degree_product_bin_l1"": 0.0, ""is_boundary_edge_l1"": 0.0, ""is_bridge_edge_l1"": 0.0, ""is_inter_community_edge_l1"": 0.0, ""is_low_common_neighbor_edge_l1"": 0.0, ""mean_l1"": 0.0}",1,32,32,0.0,0
realworld_completed,bio_celegans,SASB-candidate,sasb,SASB-structured,20260513,1159,middle,0.8013245033112583,0.8013245033112583,0.0,32,32,0,0.5723456790123457,0.5728395061728395,211,83,211--83,2,18,2,18,36,0,0.0,0,4,4,32,"[""96"", ""53"", ""60"", ""363"", ""51"", ""62"", ""364"", ""369"", ""373"", ""52"", ""85"", ""359"", ""142"", ""143"", ""82"", ""83"", ""343"", ""440"", ""154"", ""398"", ""118"", ""220"", ""97"", ""348"", ""376"", ""126"", ""221"", ""340"", ""239"", ""337"", ""19"", ""95""]",100fedc7cb4d1daeda969c41a8267e6ee7a40de7ad6847982617d5489b99a324,"{""boundary"": 12, ""community_rep"": 3, ""degree_core"": 10, ""random_fill"": 7}","{""degree_0_1"": 1, ""degree_2"": 1, ""degree_3_4"": 5, ""degree_5_8"": 4, ""degree_9_plus"": 21}","{""0"": 2, ""1"": 1, ""10"": 3, ""11"": 2, ""12"": 2, ""13"": 3, ""2"": 1, ""3"": 4, ""4"": 1, ""5"": 5, ""6"": 1, ""7"": 2, ""8"": 3, ""9"": 2}",164,"{""backend"": ""evaluate_m19_theory_calibrated.candidate_features"", ""delta_mode"": ""none"", ""k_max"": 512, ""k_min"": 64, ""variant"": ""conservative""}",164,0.21243523316062177,0.524390243902439,0.524390243902439,0.054878048780487805,1.0,"{""dp_17_64"": 0.1951219512195122, ""dp_257_plus"": 0.17682926829268292, ""dp_5_16"": 0.006097560975609756, ""dp_65_256"": 0.6219512195121951}","{""cn_0"": 1.0}",0.0,164.6158536585366,sasb_candidate_builder,d236be5ba706838090f9de0ad932449805a750e6114ba0d5189aa16d76b5bcdd,164,d236be5ba706838090f9de0ad932449805a750e6114ba0d5189aa16d76b5bcdd,"{""sasb_builder"": 164}",0,0,0,0,{},0.0,"{""common_neighbor_bin_l1"": 0.0, ""degree_product_bin_l1"": 0.0, ""is_boundary_edge_l1"": 0.0, ""is_bridge_edge_l1"": 0.0, ""is_inter_community_edge_l1"": 0.0, ""is_low_common_neighbor_edge_l1"": 0.0, ""mean_l1"": 0.0}",1,32,32,0.0,0
realworld_completed,bio_celegans,SASB-candidate,sasb,SASB-structured,20260513,1160,middle,0.8013245033112583,0.8013245033112583,0.0,32,32,0,0.5728395061728395,0.5733333333333334,352,51,352--51,3,26,3,26,78,0,0.0,0,10,10,32,"[""96"", ""53"", ""60"", ""363"", ""51"", ""62"", ""364"", ""369"", ""373"", ""52"", ""85"", ""359"", ""142"", ""143"", ""82"", ""83"", ""343"", ""440"", ""154"", ""398"", ""118"", ""220"", ""97"", ""348"", ""376"", ""190"", ""29"", ""203"", ""106"", ""242"", ""66"", ""160""]",1feee2612dd040f6baf6d0bad0f2fbe9277f78f3e79399c4ddcac5a61a6adcd0,"{""boundary"": 12, ""community_rep"": 3, ""degree_core"": 10, ""random_fill"": 7}","{""degree_2"": 2, ""degree_3_4"": 3, ""degree_5_8"": 6, ""degree_9_plus"": 21}","{""0"": 2, ""1"": 2, ""10"": 4, ""11"": 2, ""12"": 1, ""13"": 2, ""2"": 1, ""3"": 3, ""4"": 2, ""5"": 5, ""6"": 1, ""7"": 2, ""8"": 4, ""9"": 1}",164,"{""backend"": ""evaluate_m19_theory_calibrated.candidate_features"", ""delta_mode"": ""none"", ""k_max"": 512, ""k_min"": 64, ""variant"": ""conservative""}",164,0.2127107652399481,0.524390243902439,0.524390243902439,0.054878048780487805,1.0,"{""dp_17_64"": 0.1951219512195122, ""dp_257_plus"": 0.17682926829268292, ""dp_5_16"": 0.006097560975609756, ""dp_65_256"": 0.6219512195121951}","{""cn_0"": 1.0}",0.0,164.6890243902439,sasb_candidate_builder,88bc973fab2a65f782a60233d5793d0eed692d7dcd4aa2e2ce83cb749bb458fd,164,88bc973fab2a65f782a60233d5793d0eed692d7dcd4aa2e2ce83cb749bb458fd,"{""sasb_builder"": 164}",0,0,0,0,{},0.0,"{""common_neighbor_bin_l1"": 0.0, ""degree_product_bin_l1"": 0.0, ""is_boundary_edge_l1"": 0.0, ""is_bridge_edge_l1"": 0.0, ""is_inter_community_edge_l1"": 0.0, ""is_low_common_neighbor_edge_l1"": 0.0, ""mean_l1"": 0.0}",1,32,32,0.0,0
realworld_completed,bio_celegans,SASB-candidate,sasb,SASB-structured,20260513,1161,middle,0.8013245033112583,0.8013245033112583,0.0,32,32,0,0.5733333333333334,0.5738271604938272,37,98,37--98,4,7,4,7,28,0,0.0,0,9,9,32,"[""96"", ""53"", ""60"", ""363"", ""51"", ""62"", ""364"", ""369"", ""373"", ""52"", ""85"", ""359"", ""142"", ""143"", ""82"", ""83"", ""343"", ""440"", ""154"", ""398"", ""118"", ""220"", ""97"", ""348"", ""376"", ""167"", ""122"", ""399"", ""388"", ""139"", ""236"", ""149""]",f713866a61e3b88462a14467ee178ac6091abdf53ae2b5392d4e2c1881e4859c,"{""boundary"": 12, ""community_rep"": 3, ""degree_core"": 10, ""random_fill"": 7}","{""degree_0_1"": 1, ""degree_2"": 1, ""degree_3_4"": 4, ""degree_5_8"": 5, ""degree_9_plus"": 21}","{""0"": 4, ""1"": 1, ""10"": 5, ""11"": 2, ""12"": 1, ""13"": 3, ""2"": 1, ""3"": 3, ""4"": 1, ""5"": 3, ""6"": 1, ""7"": 3, ""8"": 3, ""9"": 1}",164,"{""backend"": ""evaluate_m19_theory_calibrated.candidate_features"", ""delta_mode"": ""none"", ""k_max"": 512, ""k_min"": 64, ""variant"": ""conservative""}",164,0.21298701298701297,0.524390243902439,0.524390243902439,0.054878048780487805,1.0,"{""dp_17_64"": 0.2073170731707317, ""dp_257_plus"": 0.17682926829268292, ""dp_5_16"": 0.006097560975609756, ""dp_65_256"": 0.6097560975609756}","{""cn_0"": 1.0}",0.0,163.21341463414635,sasb_candidate_builder,9a877ad19027970b8fe8a92042aefb8c1dc5374f8a9f5ee2a748d6f74d0bbe21,164,9a877ad19027970b8fe8a92042aefb8c1dc5374f8a9f5ee2a748d6f74d0bbe21,"{""sasb_builder"": 164}",0,0,0,0,{},0.0,"{""common_neighbor_bin_l1"": 0.0, ""degree_product_bin_l1"": 0.0, ""is_boundary_edge_l1"": 0.0, ""is_bridge_edge_l1"": 0.0, ""is_inter_community_edge_l1"": 0.0, ""is_low_common_neighbor_edge_l1"": 0.0, ""mean_l1"": 0.0}",1,32,32,220.60395698613755,0
realworld_completed,bio_celegans,SASB-candidate,sasb,SASB-structured,20260513,1162,middle,0.8013245033112583,0.8013245033112583,0.0,32,32,0,0.5738271604938272,0.5743209876543209,139,364,139--364,2,14,2,14,28,0,0.0,0,8,8,32,"[""96"", ""53"", ""60"", ""363"", ""51"", ""62"", ""364"", ""369"", ""373"", ""52"", ""85"", ""359"", ""142"", ""143"", ""82"", ""83"", ""343"", ""440"", ""154"", ""398"", ""118"", ""220"", ""97"", ""348"", ""376"", ""307"", ""418"", ""366"", ""186"", ""102"", ""377"", ""357""]",689b584b9d88c8afdfe83cdabfc9279984d733ce6a8a32c9ca3ed89d24389458,"{""boundary"": 12, ""community_rep"": 3, ""degree_core"": 10, ""random_fill"": 7}","{""degree_0_1"": 1, ""degree_3_4"": 5, ""degree_5_8"": 5, ""degree_9_plus"": 21}","{""0"": 2, ""1"": 1, ""10"": 3, ""11"": 2, ""12"": 1, ""13"": 2, ""2"": 3, ""3"": 3, ""4"": 1, ""5"": 3, ""6"": 1, ""7"": 3, ""8"": 5, ""9"": 2}",164,"{""backend"": ""evaluate_m19_theory_calibrated.candidate_features"", ""delta_mode"": ""none"", ""k_max"": 512, ""k_min"": 64, ""variant"": ""conservative""}",164,0.21326397919375814,0.524390243902439,0.524390243902439,0.054878048780487805,1.0,"{""dp_17_64"": 0.2073170731707317, ""dp_257_plus"": 0.17682926829268292, ""dp_5_16"": 0.006097560975609756, ""dp_65_256"": 0.6097560975609756}","{""cn_0"": 1.0}",0.0,163.21341463414635,sasb_candidate_builder,b53b946f9ed797ef88fa6d890820446512ed8fa0af11f6d7661963e8b4247d38,164,b53b946f9ed797ef88fa6d890820446512ed8fa0af11f6d7661963e8b4247d38,"{""sasb_builder"": 164}",0,0,0,0,{},0.0,"{""common_neighbor_bin_l1"": 0.0, ""degree_product_bin_l1"": 0.0, ""is_boundary_edge_l1"": 0.0, ""is_bridge_edge_l1"": 0.0, ""is_inter_community_edge_l1"": 0.0, ""is_low_common_neighbor_edge_l1"": 0.0, ""mean_l1"": 0.0}",1,32,32,656.6138590894109,0
realworld_completed,bio_celegans,SASB-candidate,sasb,SASB-structured,20260513,1163,middle,0.8013245033112583,0.8013245033112583,0.0,32,32,0,0.5743209876543209,0.5748148148148148,352,53,352--53,2,28,2,28,56,0,0.0,0,11,11,32,"[""96"", ""53"", ""60"", ""363"", ""51"", ""62"", ""364"", ""369"", ""373"", ""52"", ""85"", ""359"", ""142"", ""143"", ""82"", ""83"", ""343"", ""440"", ""154"", ""398"", ""118"", ""220"", ""97"", ""348"", ""376"", ""309"", ""20"", ""350"", ""443"", ""434"", ""46"", ""136""]",5a6274507b0cfb08dc7eeb640f108908c7bfff9b227b8d12cacb5841caba152c,"{""boundary"": 12, ""community_rep"": 3, ""degree_core"": 10, ""random_fill"": 7}","{""degree_0_1"": 1, ""degree_2"": 1, ""degree_3_4"": 5, ""degree_5_8"": 4, ""degree_9_plus"": 21}","{""0"": 2, ""1"": 2, ""10"": 3, ""11"": 3, ""12"": 1, ""13"": 2, ""2"": 1, ""3"": 4, ""4"": 1, ""5"": 4, ""6"": 2, ""7"": 3, ""8"": 3, ""9"": 1}",164,"{""backend"": ""evaluate_m19_theory_calibrated.candidate_features"", ""delta_mode"": ""none"", ""k_max"": 512, ""k_min"": 64, ""variant"": ""conservative""}",164,0.21354166666666666,0.524390243902439,0.524390243902439,0.054878048780487805,1.0,"{""dp_17_64"": 0.20121951219512196, ""dp_257_plus"": 0.17682926829268292, ""dp_5_16"": 0.006097560975609756, ""dp_65_256"": 0.6158536585365854}","{""cn_0"": 1.0}",0.0,163.0487804878049,sasb_candidate_builder,9daeb53c48524f08834cc025cdaa5ab2654a5d78d7ad45a106e5d316123eeb89,164,9daeb53c48524f08834cc025cdaa5ab2654a5d78d7ad45a106e5d316123eeb89,"{""sasb_builder"": 164}",0,0,0,0,{},0.0,"{""common_neighbor_bin_l1"": 0.0, ""degree_product_bin_l1"": 0.0, ""is_boundary_edge_l1"": 0.0, ""is_bridge_edge_l1"": 0.0, ""is_inter_community_edge_l1"": 0.0, ""is_low_common_neighbor_edge_l1"": 0.0, ""mean_l1"": 0.0}",1,32,32,0.0,0
realworld_completed,bio_celegans,SASB-candidate,sasb,SASB-structured,20260513,1164,middle,0.8013245033112583,0.8013245033112583,0.0,32,32,0,0.5748148148148148,0.5753086419753086,142,25,142--25,18,3,3,18,54,1,0.5,0,4,4,32,"[""96"", ""53"", ""60"", ""363"", ""51"", ""62"", ""364"", ""369"", ""373"", ""52"", ""85"", ""359"", ""142"", ""143"", ""82"", ""83"", ""343"", ""440"", ""154"", ""398"", ""118"", ""220"", ""97"", ""348"", ""376"", ""436"", ""182"", ""400"", ""422"", ""358"", ""382"", ""55""]",23cf1358dc5e8372a7c909830254ac6d1ca9d116e3722172738dabfed57da677,"{""boundary"": 12, ""community_rep"": 3, ""degree_core"": 10, ""random_fill"": 7}","{""degree_2"": 1, ""degree_3_4"": 5, ""degree_5_8"": 5, ""degree_9_plus"": 21}","{""0"": 4, ""1"": 1, ""10"": 4, ""11"": 2, ""12"": 1, ""13"": 2, ""2"": 3, ""3"": 3, ""4"": 1, ""5"": 4, ""6"": 1, ""7"": 2, ""8"": 3, ""9"": 1}",164,"{""backend"": ""evaluate_m19_theory_calibrated.candidate_features"", ""delta_mode"": ""none"", ""k_max"": 512, ""k_min"": 64, ""variant"": ""conservative""}",164,0.2138200782268579,0.524390243902439,0.524390243902439,0.06097560975609756,1.0,"{""dp_17_64"": 0.2073170731707317, ""dp_257_plus"": 0.17682926829268292, ""dp_5_16"": 0.006097560975609756, ""dp_65_256"": 0.6097560975609756}","{""cn_0"": 1.0}",0.0,161.85365853658536,sasb_candidate_builder,d9bebed3e3c7396891e4362d6b7a40d03ce15e69cd9f16e8950edbd303fe6365,164,d9bebed3e3c7396891e4362d6b7a40d03ce15e69cd9f16e8950edbd303fe6365,"{""sasb_builder"": 164}",0,0,0,0,{},0.0,"{""common_neighbor_bin_l1"": 0.0, ""degree_product_bin_l1"": 0.0, ""is_boundary_edge_l1"": 0.0, ""is_bridge_edge_l1"": 0.0, ""is_inter_community_edge_l1"": 0.0, ""is_low_common_neighbor_edge_l1"": 0.0, ""mean_l1"": 0.0}",1,32,32,0.0,0
realworld_completed,bio_celegans,SASB-candidate,sasb,SASB-structured,20260513,1165,middle,0.8013245033112583,0.8013245033112583,0.0,32,32,0,0.5753086419753086,0.5758024691358025,143,155,143--155,18,3,3,18,54,1,0.5,0,4,4,32,"[""96"", ""53"", ""363"", ""60"", ""51"", ""364"", ""369"", ""373"", ""62"", ""52"", ""85"", ""359"", ""143"", ""82"", ""142"", ""83"", ""343"", ""440"", ""154"", ""398"", ""118"", ""220"", ""97"", ""348"", ""376"", ""415"", ""127"", ""254"", ""350"", ""443"", ""203"", ""93""]",65a61d48ccd534a88f5ced498b1ebe82b0daed18738506fc3691f722b034e7ed,"{""boundary"": 12, ""community_rep"": 3, ""degree_core"": 10, ""random_fill"": 7}","{""degree_0_1"": 1, ""degree_2"": 2, ""degree_3_4"": 4, ""degree_5_8"": 4, ""degree_9_plus"": 21}","{""0"": 1, ""1"": 1, ""10"": 4, ""11"": 1, ""12"": 2, ""13"": 2, ""2"": 1, ""3"": 3, ""4"": 4, ""5"": 4, ""6"": 1, ""7"": 1, ""8"": 3, ""9"": 4}",164,"{""backend"": ""evaluate_m19_theory_calibrated.candidate_features"", ""delta_mode"": ""none"", ""k_max"": 512, ""k_min"": 64, ""variant"": ""conservative""}",164,0.21409921671018275,0.5182926829268293,0.5182926829268293,0.06097560975609756,1.0,"{""dp_17_64"": 0.21341463414634146, ""dp_257_plus"": 0.17682926829268292, ""dp_65_256"": 0.6097560975609756}","{""cn_0"": 0.9939024390243902, ""cn_1"": 0.006097560975609756}",0.006097560975609756,162.03658536585365,sasb_candidate_builder,f2fea41b82cd11785a7a8acec933e25feff3ae22efb5dbcd09cdf884ba4de9a0,164,f2fea41b82cd11785a7a8acec933e25feff3ae22efb5dbcd09cdf884ba4de9a0,"{""sasb_builder"": 164}",0,0,0,0,{},0.0,"{""common_neighbor_bin_l1"": 0.0, ""degree_product_bin_l1"": 0.0, ""is_boundary_edge_l1"": 0.0, ""is_bridge_edge_l1"": 0.0, ""is_inter_community_edge_l1"": 0.0, ""is_low_common_neighbor_edge_l1"": 0.0, ""mean_l1"": 0.0}",1,32,32,364.7451923076923,0
realworld_completed,bio_celegans,SASB-candidate,sasb,SASB-structured,20260513,1166,middle,0.8013245033112583,0.7969094922737306,0.004415011037527616,32,33,1,0.5758024691358025,0.5762962962962963,142,155,142--155,17,2,2,17,34,0,0.0,0,4,4,32,"[""96"", ""53"", ""363"", ""60"", ""51"", ""364"", ""369"", ""373"", ""62"", ""52"", ""85"", ""359"", ""82"", ""142"", ""143"", ""83"", ""343"", ""440"", ""154"", ""398"", ""118"", ""220"", ""97"", ""348"", ""376"", ""350"", ""162"", ""228"", ""327"", ""367"", ""79"", ""65""]",77028ca47dcebbe5f06e9d7a62fdb2e062dcee92007df53b0debd15df0b19082,"{""boundary"": 12, ""community_rep"": 3, ""degree_core"": 10, ""random_fill"": 7}","{""degree_3_4"": 6, ""degree_5_8"": 5, ""degree_9_plus"": 21}","{""0"": 1, ""1"": 2, ""10"": 3, ""11"": 1, ""12"": 1, ""13"": 2, ""2"": 2, ""3"": 4, ""4"": 3, ""5"": 4, ""6"": 2, ""7"": 1, ""8"": 2, ""9"": 4}",164,"{""backend"": ""evaluate_m19_theory_calibrated.candidate_features"", ""delta_mode"": ""none"", ""k_max"": 512, ""k_min"": 64, ""variant"": ""conservative""}",164,0.21437908496732025,0.5182926829268293,0.5182926829268293,0.06707317073170732,1.0,"{""dp_17_64"": 0.21341463414634146, ""dp_257_plus"": 0.17682926829268292, ""dp_65_256"": 0.6097560975609756}","{""cn_0"": 1.0}",0.0,161.90243902439025,sasb_candidate_builder,f66d897cc94eb95a3d22b2d3c9a58332fdd894f23915f84a97f34815d4c0abfa,164,f66d897cc94eb95a3d22b2d3c9a58332fdd894f23915f84a97f34815d4c0abfa,"{""sasb_builder"": 164}",0,0,0,0,{},0.0,"{""common_neighbor_bin_l1"": 0.0, ""degree_product_bin_l1"": 0.0, ""is_boundary_edge_l1"": 0.0, ""is_bridge_edge_l1"": 0.0, ""is_inter_community_edge_l1"": 0.0, ""is_low_common_neighbor_edge_l1"": 0.0, ""mean_l1"": 0.0}",1,32,32,726.0,0
realworld_completed,bio_celegans,SASB-candidate,sasb,SASB-structured,20260513,1167,middle,0.7969094922737306,0.7969094922737306,0.0,33,33,0,0.5762962962962963,0.5767901234567901,143,25,143--25,17,2,2,17,34,0,0.0,0,4,4,32,"[""96"", ""53"", ""363"", ""60"", ""51"", ""364"", ""369"", ""373"", ""62"", ""52"", ""85"", ""359"", ""82"", ""143"", ""83"", ""142"", ""343"", ""440"", ""154"", ""398"", ""118"", ""220"", ""97"", ""348"", ""376"", ""329"", ""184"", ""24"", ""357"", ""69"", ""441"", ""139""]",a3e0761e9fbb57b1d8c543606a1466b55c59349150882685e1d397cfdec14fb9,"{""boundary"": 12, ""community_rep"": 3, ""degree_core"": 10, ""random_fill"": 7}","{""degree_0_1"": 1, ""degree_2"": 4, ""degree_3_4"": 3, ""degree_5_8"": 3, ""degree_9_plus"": 21}","{""0"": 1, ""1"": 1, ""10"": 2, ""11"": 1, ""12"": 1, ""13"": 2, ""2"": 1, ""3"": 3, ""4"": 4, ""5"": 5, ""6"": 1, ""7"": 1, ""8"": 5, ""9"": 4}",163,"{""backend"": ""evaluate_m19_theory_calibrated.candidate_features"", ""delta_mode"": ""none"", ""k_max"": 512, ""k_min"": 64, ""variant"": ""conservative""}",163,0.21363040629095675,0.5214723926380368,0.5214723926380368,0.06134969325153374,1.0,"{""dp_17_64"": 0.2085889570552147, ""dp_257_plus"": 0.17791411042944785, ""dp_65_256"": 0.6134969325153374}","{""cn_0"": 1.0}",0.0,162.68711656441718,sasb_candidate_builder,0c9dab1dc3cc819efd39d12eb80bb70fe9f8d0900f118b5f6be198966805ba0c,163,0c9dab1dc3cc819efd39d12eb80bb70fe9f8d0900f118b5f6be198966805ba0c,"{""sasb_builder"": 163}",0,0,0,0,{},0.0,"{""common_neighbor_bin_l1"": 0.0, ""degree_product_bin_l1"": 0.0, ""is_boundary_edge_l1"": 0.0, ""is_bridge_edge_l1"": 0.0, ""is_inter_community_edge_l1"": 0.0, ""is_low_common_neighbor_edge_l1"": 0.0, ""mean_l1"": 0.0}",1,32,32,0.0,0
realworld_completed,bio_celegans,SASB-candidate,sasb,SASB-structured,20260513,1168,middle,0.7969094922737306,0.7969094922737306,0.0,33,33,0,0.5767901234567901,0.577283950617284,52,93,52--93,13,8,8,13,104,3,0.42857142857142855,0,13,13,32,"[""96"", ""53"", ""363"", ""60"", ""51"", ""364"", ""369"", ""373"", ""62"", ""52"", ""85"", ""359"", ""82"", ""83"", ""142"", ""143"", ""343"", ""440"", ""154"", ""398"", ""118"", ""220"", ""97"", ""348"", ""376"", ""136"", ""47"", ""284"", ""238"", ""356"", ""135"", ""423""]",36047a4d81209b65d61f53219cf4df8caa4ebce3418162dcd0447554d4d04506,"{""boundary"": 12, ""community_rep"": 3, ""degree_core"": 10, ""random_fill"": 7}","{""degree_0_1"": 1, ""degree_2"": 3, ""degree_3_4"": 3, ""degree_5_8"": 4, ""degree_9_plus"": 21}","{""0"": 1, ""1"": 2, ""10"": 3, ""11"": 2, ""12"": 2, ""13"": 2, ""2"": 1, ""3"": 3, ""4"": 3, ""5"": 3, ""6"": 3, ""7"": 1, ""8"": 3, ""9"": 3}",163,"{""backend"": ""evaluate_m19_theory_calibrated.candidate_features"", ""delta_mode"": ""none"", ""k_max"": 512, ""k_min"": 64, ""variant"": ""conservative""}",163,0.21391076115485563,0.5214723926380368,0.5214723926380368,0.06134969325153374,0.9938650306748467,"{""dp_17_64"": 0.20245398773006135, ""dp_257_plus"": 0.17791411042944785, ""dp_65_256"": 0.6196319018404908}","{""cn_0"": 0.9938650306748467, ""cn_2_3"": 0.006134969325153374}",0.018404907975460124,163.11656441717793,sasb_candidate_builder,951b4ddd055a1ef167b61e0a93a6b8310d0c7680a177592b52a9b467e6322f39,163,951b4ddd055a1ef167b61e0a93a6b8310d0c7680a177592b52a9b467e6322f39,"{""sasb_builder"": 163}",0,0,0,0,{},0.0,"{""common_neighbor_bin_l1"": 0.0, ""degree_product_bin_l1"": 0.0, ""is_boundary_edge_l1"": 0.0, ""is_bridge_edge_l1"": 0.0, ""is_inter_community_edge_l1"": 0.0, ""is_low_common_neighbor_edge_l1"": 0.0, ""mean_l1"": 0.0}",1,32,32,198.80047122261797,0
realworld_completed,bio_celegans,SASB-candidate,sasb,SASB-structured,20260513,1169,middle,0.7969094922737306,0.7969094922737306,0.0,33,33,0,0.577283950617284,0.5777777777777777,163,52,163--52,5,12,5,12,60,1,0.25,0,8,8,32,"[""96"", ""53"", ""363"", ""60"", ""51"", ""364"", ""369"", ""373"", ""62"", ""52"", ""85"", ""359"", ""82"", ""83"", ""142"", ""143"", ""343"", ""440"", ""154"", ""398"", ""118"", ""220"", ""97"", ""348"", ""376"", ""71"", ""29"", ""225"", ""187"", ""293"", ""156"", ""407""]",3eb0c5756558fdfc0d0f2542e47fb9dc2a7161c6aace4949258930148221df57,"{""boundary"": 12, ""community_rep"": 3, ""degree_core"": 10, ""random_fill"": 7}","{""degree_2"": 1, ""degree_3_4"": 6, ""degree_5_8"": 4, ""degree_9_plus"": 21}","{""0"": 2, ""1"": 3, ""10"": 3, ""11"": 1, ""12"": 1, ""13"": 2, ""2"": 1, ""3"": 3, ""4"": 4, ""5"": 3, ""6"": 1, ""7"": 2, ""8"": 2, ""9"": 4}",163,"{""backend"": ""evaluate_m19_theory_calibrated.candidate_features"", ""delta_mode"": ""none"", ""k_max"": 512, ""k_min"": 64, ""variant"": ""conservative""}",163,0.21419185282522996,0.5214723926380368,0.5214723926380368,0.06134969325153374,1.0,"{""dp_17_64"": 0.2085889570552147, ""dp_257_plus"": 0.17791411042944785, ""dp_65_256"": 0.6134969325153374}","{""cn_0"": 1.0}",0.0,162.57668711656441,sasb_candidate_builder,20029cb6532eb61472bfb545e021d9f2f9f234d0b42ae09f14de38c053d66399,163,20029cb6532eb61472bfb545e021d9f2f9f234d0b42ae09f14de38c053d66399,"{""sasb_builder"": 163}",0,0,0,0,{},0.0,"{""common_neighbor_bin_l1"": 0.0, ""degree_product_bin_l1"": 0.0, ""is_boundary_edge_l1"": 0.0, ""is_bridge_edge_l1"": 0.0, ""is_inter_community_edge_l1"": 0.0, ""is_low_common_neighbor_edge_l1"": 0.0, ""mean_l1"": 0.0}",1,32,32,0.0,0
realworld_completed,bio_celegans,SASB-candidate,sasb,SASB-structured,20260513,1170,middle,0.7969094922737306,0.7969094922737306,0.0,33,33,0,0.5777777777777777,0.5782716049382716,36,363,36--363,3,17,3,17,51,1,0.5,0,2,2,32,"[""96"", ""53"", ""363"", ""60"", ""51"", ""364"", ""369"", ""373"", ""62"", ""52"", ""85"", ""359"", ""82"", ""83"", ""142"", ""143"", ""343"", ""440"", ""154"", ""398"", ""118"", ""220"", ""97"", ""348"", ""376"", ""72"", ""284"", ""27"", ""319"", ""306"", ""406"", ""88""]",4d3eaefd683001907654d0a76722c92b8a5e831375d48facd2304c712f7c848a,"{""boundary"": 12, ""community_rep"": 3, ""degree_core"": 10, ""random_fill"": 7}","{""degree_0_1"": 1, ""degree_2"": 1, ""degree_3_4"": 5, ""degree_5_8"": 4, ""degree_9_plus"": 21}","{""0"": 1, ""1"": 2, ""10"": 3, ""11"": 1, ""12"": 3, ""13"": 3, ""2"": 1, ""3"": 3, ""4"": 3, ""5"": 3, ""6"": 2, ""7"": 1, ""8"": 3, ""9"": 3}",163,"{""backend"": ""evaluate_m19_theory_calibrated.candidate_features"", ""delta_mode"": ""none"", ""k_max"": 512, ""k_min"": 64, ""variant"": ""conservative""}",163,0.21447368421052632,0.5214723926380368,0.5214723926380368,0.06134969325153374,1.0,"{""dp_17_64"": 0.2085889570552147, ""dp_257_plus"": 0.17791411042944785, ""dp_65_256"": 0.6134969325153374}","{""cn_0"": 0.9938650306748467, ""cn_1"": 0.006134969325153374}",0.006134969325153374,162.35582822085888,sasb_candidate_builder,ea60a5e777d7fe736f1633461f4f2df1810a678fcd68b82d331f30c69d6049a6,163,ea60a5e777d7fe736f1633461f4f2df1810a678fcd68b82d331f30c69d6049a6,"{""sasb_builder"": 163}",0,0,0,0,{},0.0,"{""common_neighbor_bin_l1"": 0.0, ""degree_product_bin_l1"": 0.0, ""is_boundary_edge_l1"": 0.0, ""is_bridge_edge_l1"": 0.0, ""is_inter_community_edge_l1"": 0.0, ""is_low_common_neighbor_edge_l1"": 0.0, ""mean_l1"": 0.0}",1,32,32,609.1652818381019,0
realworld_completed,bio_celegans,SASB-candidate,sasb,SASB-structured,20260513,1171,middle,0.7969094922737306,0.7969094922737306,0.0,33,33,0,0.5782716049382716,0.5787654320987654,252,51,252--51,3,25,3,25,75,2,1.0,0,9,9,32,"[""96"", ""53"", ""363"", ""60"", ""51"", ""364"", ""369"", ""373"", ""62"", ""52"", ""85"", ""359"", ""82"", ""83"", ""142"", ""143"", ""343"", ""440"", ""154"", ""398"", ""118"", ""220"", ""97"", ""348"", ""376"", ""152"", ""136"", ""94"", ""315"", ""374"", ""219"", ""153""]",6f14fb47d1730a2d397901a47e0ebcf499053e6c5fbaabb2921967901315afee,"{""boundary"": 12, ""community_rep"": 3, ""degree_core"": 10, ""random_fill"": 7}","{""degree_0_1"": 2, ""degree_2"": 1, ""degree_3_4"": 3, ""degree_5_8"": 5, ""degree_9_plus"": 21}","{""0"": 1, ""1"": 1, ""10"": 4, ""11"": 1, ""12"": 1, ""13"": 3, ""2"": 1, ""3"": 3, ""4"": 4, ""5"": 4, ""6"": 1, ""7"": 1, ""8"": 3, ""9"": 4}",163,"{""backend"": ""evaluate_m19_theory_calibrated.candidate_features"", ""delta_mode"": ""none"", ""k_max"": 512, ""k_min"": 64, ""variant"": ""conservative""}",163,0.2147562582345191,0.5214723926380368,0.5214723926380368,0.06134969325153374,1.0,"{""dp_17_64"": 0.2085889570552147, ""dp_257_plus"": 0.17177914110429449, ""dp_65_256"": 0.6196319018404908}","{""cn_0"": 1.0}",0.0,161.38036809815952,sasb_candidate_builder,93b3e9a57c81c6c0d8e5b01347c6864eed9e032b3b38446e6269224a791dcf00,163,93b3e9a57c81c6c0d8e5b01347c6864eed9e032b3b38446e6269224a791dcf00,"{""sasb_builder"": 163}",0,0,0,0,{},0.0,"{""common_neighbor_bin_l1"": 0.0, ""degree_product_bin_l1"": 0.0, ""is_boundary_edge_l1"": 0.0, ""is_bridge_edge_l1"": 0.0, ""is_inter_community_edge_l1"": 0.0, ""is_low_common_neighbor_edge_l1"": 0.0, ""mean_l1"": 0.0}",1,32,32,0.0,0
realworld_completed,bio_celegans,SASB-candidate,sasb,SASB-structured,20260513,1172,middle,0.7969094922737306,0.7969094922737306,0.0,33,33,0,0.5787654320987654,0.5792592592592593,253,51,253--51,2,24,2,24,48,0,0.0,0,9,9,32,"[""96"", ""53"", ""363"", ""60"", ""51"", ""364"", ""369"", ""373"", ""62"", ""52"", ""85"", ""359"", ""82"", ""83"", ""142"", ""143"", ""343"", ""440"", ""154"", ""398"", ""118"", ""220"", ""97"", ""348"", ""376"", ""407"", ""106"", ""78"", ""402"", ""202"", ""195"", ""79""]",82154153bfe1783ca8ba3474f1c48b891e1d8224952061159f528b3d423007f1,"{""boundary"": 12, ""community_rep"": 3, ""degree_core"": 10, ""random_fill"": 7}","{""degree_2"": 2, ""degree_3_4"": 4, ""degree_5_8"": 5, ""degree_9_plus"": 21}","{""0"": 1, ""1"": 1, ""10"": 5, ""11"": 1, ""12"": 2, ""13"": 2, ""2"": 2, ""3"": 3, ""4"": 3, ""5"": 3, ""6"": 2, ""7"": 1, ""8"": 2, ""9"": 4}",163,"{""backend"": ""evaluate_m19_theory_calibrated.candidate_features"", ""delta_mode"": ""none"", ""k_max"": 512, ""k_min"": 64, ""variant"": ""conservative""}",163,0.21503957783641162,0.5214723926380368,0.5214723926380368,0.06134969325153374,1.0,"{""dp_17_64"": 0.2147239263803681, ""dp_257_plus"": 0.17177914110429449, ""dp_65_256"": 0.6134969325153374}","{""cn_0"": 1.0}",0.0,160.49693251533742,sasb_candidate_builder,3012cb93936afc80edea32fe31e15f687933d1916e782f2c4441e1c71e1508dd,163,3012cb93936afc80edea32fe31e15f687933d1916e782f2c4441e1c71e1508dd,"{""sasb_builder"": 163}",0,0,0,0,{},0.0,"{""common_neighbor_bin_l1"": 0.0, ""degree_product_bin_l1"": 0.0, ""is_boundary_edge_l1"": 0.0, ""is_bridge_edge_l1"": 0.0, ""is_inter_community_edge_l1"": 0.0, ""is_low_common_neighbor_edge_l1"": 0.0, ""mean_l1"": 0.0}",1,32,32,0.0,0
realworld_completed,bio_celegans,SASB-candidate,sasb,SASB-structured,20260513,1173,middle,0.7969094922737306,0.7902869757174393,0.0066225165562913135,33,34,1,0.5792592592592593,0.5797530864197531,254,51,254--51,2,23,2,23,46,0,0.0,0,11,11,32,"[""96"", ""53"", ""363"", ""60"", ""51"", ""364"", ""369"", ""373"", ""62"", ""52"", ""85"", ""359"", ""82"", ""83"", ""142"", ""143"", ""343"", ""440"", ""154"", ""398"", ""118"", ""220"", ""97"", ""348"", ""376"", ""353"", ""360"", ""419"", ""32"", ""59"", ""387"", ""292""]",5158c7bdb66dd21ed9dbf99a751d4f979e987e75e3d97f9852591b0721986a90,"{""boundary"": 12, ""community_rep"": 3, ""degree_core"": 10, ""random_fill"": 7}","{""degree_0_1"": 1, ""degree_3_4"": 4, ""degree_5_8"": 5, ""degree_9_plus"": 22}","{""0"": 1, ""1"": 1, ""10"": 4, ""11"": 1, ""12"": 2, ""13"": 2, ""2"": 1, ""3"": 3, ""4"": 3, ""5"": 3, ""6"": 1, ""7"": 2, ""8"": 3, ""9"": 5}",163,"{""backend"": ""evaluate_m19_theory_calibrated.candidate_features"", ""delta_mode"": ""none"", ""k_max"": 512, ""k_min"": 64, ""variant"": ""conservative""}",163,0.21532364597093792,0.5214723926380368,0.5214723926380368,0.06748466257668712,1.0,"{""dp_17_64"": 0.2147239263803681, ""dp_257_plus"": 0.17177914110429449, ""dp_65_256"": 0.6134969325153374}","{""cn_0"": 1.0}",0.0,159.91411042944785,sasb_candidate_builder,5b48734a6fcb6408fb9626705dae62e7eb2b48298d0c58089cffbd2c54a1ed0f,163,5b48734a6fcb6408fb9626705dae62e7eb2b48298d0c58089cffbd2c54a1ed0f,"{""sasb_builder"": 163}",0,0,0,0,{},0.0,"{""common_neighbor_bin_l1"": 0.0, ""degree_product_bin_l1"": 0.0, ""is_boundary_edge_l1"": 0.0, ""is_bridge_edge_l1"": 0.0, ""is_inter_community_edge_l1"": 0.0, ""is_low_common_neighbor_edge_l1"": 0.0, ""mean_l1"": 0.0}",1,32,32,0.0,0
realworld_completed,bio_celegans,SASB-candidate,sasb,SASB-structured,20260513,1174,middle,0.7902869757174393,0.7880794701986755,0.002207505518763808,34,35,1,0.5797530864197531,0.5802469135802469,352,96,352--96,1,58,1,58,58,0,0.0,0,0,0,32,"[""96"", ""53"", ""363"", ""60"", ""51"", ""364"", ""369"", ""373"", ""62"", ""52"", ""85"", ""359"", ""82"", ""83"", ""142"", ""143"", ""343"", ""440"", ""154"", ""398"", ""118"", ""220"", ""97"", ""348"", ""376"", ""257"", ""186"", ""409"", ""20"", ""10"", ""411"", ""294""]",09cc722bffc2b2ced9fbf837459fa8000c498773c05084cdadcee520ee54f69d,"{""boundary"": 12, ""community_rep"": 3, ""degree_core"": 10, ""random_fill"": 7}","{""degree_0_1"": 1, ""degree_2"": 1, ""degree_3_4"": 4, ""degree_5_8"": 5, ""degree_9_plus"": 21}","{""0"": 1, ""1"": 2, ""10"": 3, ""11"": 1, ""12"": 1, ""13"": 2, ""2"": 2, ""3"": 3, ""4"": 4, ""5"": 3, ""6"": 1, ""7"": 1, ""8"": 4, ""9"": 4}",162,"{""backend"": ""evaluate_m19_theory_calibrated.candidate_features"", ""delta_mode"": ""none"", ""k_max"": 512, ""k_min"": 64, ""variant"": ""conservative""}",162,0.21485411140583555,0.5246913580246914,0.5246913580246914,0.06172839506172839,1.0,"{""dp_17_64"": 0.20987654320987653, ""dp_257_plus"": 0.1728395061728395, ""dp_65_256"": 0.6172839506172839}","{""cn_0"": 1.0}",0.0,159.96913580246914,sasb_candidate_builder,028801887b197f67107955b17bb3e11ea45a081d6c97c547ada019a0e61ae5ac,162,028801887b197f67107955b17bb3e11ea45a081d6c97c547ada019a0e61ae5ac,"{""sasb_builder"": 162}",0,0,0,0,{},0.0,"{""common_neighbor_bin_l1"": 0.0, ""degree_product_bin_l1"": 0.0, ""is_boundary_edge_l1"": 0.0, ""is_bridge_edge_l1"": 0.0, ""is_inter_community_edge_l1"": 0.0, ""is_low_common_neighbor_edge_l1"": 0.0, ""mean_l1"": 0.0}",1,32,32,0.0,0
realworld_completed,bio_celegans,SASB-candidate,sasb,SASB-structured,20260513,1175,middle,0.7880794701986755,0.7880794701986755,0.0,35,35,0,0.5802469135802469,0.5807407407407408,28,408,28--408,6,5,5,6,30,1,0.25,1,2,10,32,"[""96"", ""53"", ""60"", ""51"", ""363"", ""364"", ""369"", ""373"", ""62"", ""85"", ""359"", ""419"", ""82"", ""83"", ""142"", ""143"", ""343"", ""440"", ""154"", ""398"", ""118"", ""220"", ""52"", ""97"", ""348"", ""376"", ""6"", ""174"", ""13"", ""192"", ""389"", ""129""]",bee975ee0822257a4fe99bd4ede2816a095d60d5b3f64b9ee745c8a93f61de06,"{""boundary"": 12, ""community_rep"": 4, ""degree_core"": 10, ""random_fill"": 6}","{""degree_0_1"": 1, ""degree_2"": 2, ""degree_3_4"": 3, ""degree_5_8"": 5, ""degree_9_plus"": 21}","{""0"": 4, ""1"": 1, ""10"": 1, ""11"": 1, ""12"": 1, ""13"": 2, ""14"": 1, ""15"": 1, ""2"": 3, ""3"": 3, ""4"": 3, ""5"": 2, ""6"": 2, ""7"": 4, ""8"": 1, ""9"": 2}",162,"{""backend"": ""evaluate_m19_theory_calibrated.candidate_features"", ""delta_mode"": ""none"", ""k_max"": 512, ""k_min"": 64, ""variant"": ""conservative""}",162,0.2151394422310757,0.5802469135802469,0.5802469135802469,0.05555555555555555,1.0,"{""dp_17_64"": 0.2222222222222222, ""dp_257_plus"": 0.1728395061728395, ""dp_5_16"": 0.006172839506172839, ""dp_65_256"": 0.5987654320987654}","{""cn_0"": 0.9814814814814815, ""cn_1"": 0.018518518518518517}",0.018518518518518517,156.45679012345678,sasb_candidate_builder,29b91692e14870f4ce96d88828299b1c84454165ffced5cd6e67481ec308906e,162,29b91692e14870f4ce96d88828299b1c84454165ffced5cd6e67481ec308906e,"{""sasb_builder"": 162}",0,0,0,0,{},0.0,"{""common_neighbor_bin_l1"": 0.0, ""degree_product_bin_l1"": 0.0, ""is_boundary_edge_l1"": 0.0, ""is_bridge_edge_l1"": 0.0, ""is_inter_community_edge_l1"": 0.0, ""is_low_common_neighbor_edge_l1"": 0.0, ""mean_l1"": 0.0}",1,32,32,179.0694222337844,0
realworld_completed,bio_celegans,SASB-candidate,sasb,SASB-structured,20260513,1176,middle,0.7880794701986755,0.7880794701986755,0.0,35,35,0,0.5807407407407408,0.5812345679012346,28,295,28--295,5,6,5,6,30,0,0.0,1,2,10,32,"[""96"", ""53"", ""60"", ""51"", ""363"", ""364"", ""369"", ""373"", ""62"", ""85"", ""359"", ""419"", ""82"", ""83"", ""142"", ""143"", ""343"", ""440"", ""154"", ""398"", ""118"", ""220"", ""52"", ""97"", ""348"", ""376"", ""158"", ""71"", ""168"", ""37"", ""30"", ""310""]",424dd7f7bfa06d4e1b19d7fdcc18dac328b1476e2ff69d9e88c3134e1cfe096a,"{""boundary"": 12, ""community_rep"": 4, ""degree_core"": 10, ""random_fill"": 6}","{""degree_0_1"": 1, ""degree_2"": 2, ""degree_3_4"": 4, ""degree_5_8"": 4, ""degree_9_plus"": 21}","{""0"": 1, ""1"": 3, ""10"": 1, ""11"": 1, ""12"": 1, ""13"": 1, ""14"": 1, ""15"": 2, ""2"": 4, ""3"": 4, ""4"": 3, ""5"": 1, ""6"": 3, ""7"": 3, ""8"": 1, ""9"": 2}",162,"{""backend"": ""evaluate_m19_theory_calibrated.candidate_features"", ""delta_mode"": ""none"", ""k_max"": 512, ""k_min"": 64, ""variant"": ""conservative""}",162,0.2154255319148936,0.5740740740740741,0.5740740740740741,0.05555555555555555,1.0,"{""dp_17_64"": 0.2222222222222222, ""dp_257_plus"": 0.1728395061728395, ""dp_5_16"": 0.006172839506172839, ""dp_65_256"": 0.5987654320987654}","{""cn_0"": 0.9938271604938271, ""cn_1"": 0.006172839506172839}",0.006172839506172839,156.12962962962962,sasb_candidate_builder,4291b0eea169584ac770137e7436409108a984afc46f2370d8f0e3b17604ecb1,162,4291b0eea169584ac770137e7436409108a984afc46f2370d8f0e3b17604ecb1,"{""sasb_builder"": 162}",0,0,0,0,{},0.0,"{""common_neighbor_bin_l1"": 0.0, ""degree_product_bin_l1"": 0.0, ""is_boundary_edge_l1"": 0.0, ""is_bridge_edge_l1"": 0.0, ""is_inter_community_edge_l1"": 0.0, ""is_low_common_neighbor_edge_l1"": 0.0, ""mean_l1"": 0.0}",1,32,32,280.4852791739511,0
realworld_completed,bio_celegans,SASB-candidate,sasb,SASB-structured,20260513,1177,middle,0.7880794701986755,0.7880794701986755,0.0,35,35,0,0.5812345679012346,0.5817283950617284,93,98,93--98,7,6,6,7,42,1,0.2,1,2,10,32,"[""96"", ""53"", ""60"", ""51"", ""363"", ""364"", ""369"", ""373"", ""62"", ""85"", ""359"", ""419"", ""82"", ""83"", ""142"", ""143"", ""343"", ""440"", ""154"", ""398"", ""118"", ""220"", ""52"", ""97"", ""348"", ""376"", ""235"", ""308"", ""56"", ""151"", ""360"", ""387""]",703e8b95c294b59ec9483d821c0933f9ec92b8e138ffee2e83297136f5a3fcef,"{""boundary"": 12, ""community_rep"": 4, ""degree_core"": 10, ""random_fill"": 6}","{""degree_0_1"": 2, ""degree_2"": 2, ""degree_3_4"": 2, ""degree_5_8"": 5, ""degree_9_plus"": 21}","{""0"": 2, ""1"": 2, ""10"": 1, ""11"": 1, ""12"": 2, ""13"": 1, ""14"": 1, ""15"": 1, ""2"": 4, ""3"": 3, ""4"": 3, ""5"": 1, ""6"": 2, ""7"": 4, ""8"": 1, ""9"": 3}",162,"{""backend"": ""evaluate_m19_theory_calibrated.candidate_features"", ""delta_mode"": ""none"", ""k_max"": 512, ""k_min"": 64, ""variant"": ""conservative""}",162,0.21571238348868177,0.5679012345679012,0.5679012345679012,0.05555555555555555,1.0,"{""dp_17_64"": 0.21604938271604937, ""dp_257_plus"": 0.1728395061728395, ""dp_5_16"": 0.006172839506172839, ""dp_65_256"": 0.6049382716049383}","{""cn_0"": 0.9938271604938271, ""cn_1"": 0.006172839506172839}",0.006172839506172839,156.73456790123456,sasb_candidate_builder,f3569d97513f5b1c67df641d502cb21f91dcc6047842d43c4ca0bb05d54f4262,162,f3569d97513f5b1c67df641d502cb21f91dcc6047842d43c4ca0bb05d54f4262,"{""sasb_builder"": 162}",0,0,0,0,{},0.0,"{""common_neighbor_bin_l1"": 0.0, ""degree_product_bin_l1"": 0.0, ""is_boundary_edge_l1"": 0.0, ""is_bridge_edge_l1"": 0.0, ""is_inter_community_edge_l1"": 0.0, ""is_low_common_neighbor_edge_l1"": 0.0, ""mean_l1"": 0.0}",1,32,32,146.85859718104962,0
realworld_completed,bio_celegans,SASB-candidate,sasb,SASB-structured,20260513,1178,middle,0.7880794701986755,0.7880794701986755,0.0,35,35,0,0.5817283950617284,0.5822222222222222,163,98,163--98,4,5,4,5,20,0,0.0,1,2,10,32,"[""96"", ""53"", ""60"", ""51"", ""363"", ""364"", ""369"", ""373"", ""62"", ""85"", ""359"", ""419"", ""82"", ""83"", ""142"", ""143"", ""343"", ""440"", ""154"", ""398"", ""118"", ""220"", ""52"", ""97"", ""348"", ""376"", ""393"", ""345"", ""121"", ""261"", ""294"", ""448""]",d6c34c4583873ec5335b39a0789325d6af4b1b3b50d01ffc4bf6040c135958dc,"{""boundary"": 12, ""community_rep"": 4, ""degree_core"": 10, ""random_fill"": 6}","{""degree_0_1"": 2, ""degree_2"": 1, ""degree_3_4"": 3, ""degree_5_8"": 4, ""degree_9_plus"": 22}","{""0"": 1, ""1"": 2, ""10"": 1, ""11"": 1, ""12"": 2, ""13"": 1, ""14"": 2, ""15"": 1, ""2"": 4, ""3"": 3, ""4"": 3, ""5"": 1, ""6"": 2, ""7"": 4, ""8"": 1, ""9"": 3}",161,"{""backend"": ""evaluate_m19_theory_calibrated.candidate_features"", ""delta_mode"": ""none"", ""k_max"": 512, ""k_min"": 64, ""variant"": ""conservative""}",161,0.21466666666666667,0.5652173913043478,0.5652173913043478,0.055900621118012424,1.0,"{""dp_17_64"": 0.2111801242236025, ""dp_257_plus"": 0.17391304347826086, ""dp_5_16"": 0.006211180124223602, ""dp_65_256"": 0.6086956521739131}","{""cn_0"": 1.0}",0.0,157.31055900621118,sasb_candidate_builder,0dff38d9e2976b644d9b120d4323f64764bd4c9e2a497351fbf4736ae1804042,161,0dff38d9e2976b644d9b120d4323f64764bd4c9e2a497351fbf4736ae1804042,"{""sasb_builder"": 161}",0,0,0,0,{},0.0,"{""common_neighbor_bin_l1"": 0.0, ""degree_product_bin_l1"": 0.0, ""is_boundary_edge_l1"": 0.0, ""is_bridge_edge_l1"": 0.0, ""is_inter_community_edge_l1"": 0.0, ""is_low_common_neighbor_edge_l1"": 0.0, ""mean_l1"": 0.0}",1,32,32,0.0,0
realworld_completed,bio_celegans,SASB-candidate,sasb,SASB-structured,20260513,1179,middle,0.7880794701986755,0.7880794701986755,0.0,35,35,0,0.5822222222222222,0.582716049382716,234,93,234--93,2,6,2,6,12,0,0.0,1,10,2,32,"[""96"", ""53"", ""60"", ""51"", ""363"", ""364"", ""369"", ""373"", ""62"", ""85"", ""359"", ""419"", ""82"", ""83"", ""142"", ""143"", ""343"", ""440"", ""154"", ""398"", ""118"", ""220"", ""52"", ""97"", ""348"", ""376"", ""379"", ""6"", ""267"", ""318"", ""230"", ""281""]",5480edc0b3a538b6498b71b33ed7e22c3dd2816fd9f92debb4bb98a84555d28c,"{""boundary"": 12, ""community_rep"": 4, ""degree_core"": 10, ""random_fill"": 6}","{""degree_0_1"": 2, ""degree_3_4"": 4, ""degree_5_8"": 4, ""degree_9_plus"": 22}","{""0"": 2, ""1"": 1, ""10"": 1, ""11"": 1, ""12"": 2, ""13"": 2, ""14"": 1, ""15"": 1, ""2"": 3, ""3"": 3, ""4"": 3, ""5"": 1, ""6"": 4, ""7"": 4, ""8"": 1, ""9"": 2}",161,"{""backend"": ""evaluate_m19_theory_calibrated.candidate_features"", ""delta_mode"": ""none"", ""k_max"": 512, ""k_min"": 64, ""variant"": ""conservative""}",161,0.21495327102803738,0.5590062111801242,0.5590062111801242,0.055900621118012424,1.0,"{""dp_17_64"": 0.20496894409937888, ""dp_257_plus"": 0.17391304347826086, ""dp_5_16"": 0.006211180124223602, ""dp_65_256"": 0.6149068322981367}","{""cn_0"": 1.0}",0.0,157.7826086956522,sasb_candidate_builder,299d7652a38e42c7bc33ae4074515b2ef1e78439351b6a90d2993821521f8d00,161,299d7652a38e42c7bc33ae4074515b2ef1e78439351b6a90d2993821521f8d00,"{""sasb_builder"": 161}",0,0,0,0,{},0.0,"{""common_neighbor_bin_l1"": 0.0, ""degree_product_bin_l1"": 0.0, ""is_boundary_edge_l1"": 0.0, ""is_bridge_edge_l1"": 0.0, ""is_inter_community_edge_l1"": 0.0, ""is_low_common_neighbor_edge_l1"": 0.0, ""mean_l1"": 0.0}",1,32,32,0.0,0
realworld_completed,bio_celegans,SASB-candidate,sasb,SASB-structured,20260513,1180,middle,0.7880794701986755,0.7880794701986755,0.0,35,35,0,0.582716049382716,0.5832098765432099,353,51,353--51,8,22,8,22,176,0,0.0,1,9,11,32,"[""96"", ""53"", ""60"", ""51"", ""363"", ""364"", ""369"", ""373"", ""62"", ""85"", ""359"", ""419"", ""82"", ""83"", ""142"", ""143"", ""343"", ""440"", ""154"", ""398"", ""118"", ""220"", ""52"", ""97"", ""348"", ""376"", ""107"", ""151"", ""31"", ""423"", ""309"", ""356""]",d4fd75ce3beca7c09b706b6cfc8a3e5b600425853dd7d963a77175e0d7ec3a8d,"{""boundary"": 12, ""community_rep"": 4, ""degree_core"": 10, ""random_fill"": 6}","{""degree_2"": 2, ""degree_3_4"": 4, ""degree_5_8"": 5, ""degree_9_plus"": 21}","{""0"": 1, ""1"": 2, ""10"": 3, ""11"": 1, ""12"": 1, ""13"": 2, ""14"": 1, ""15"": 1, ""2"": 4, ""3"": 3, ""4"": 3, ""5"": 1, ""6"": 2, ""7"": 3, ""8"": 1, ""9"": 3}",161,"{""backend"": ""evaluate_m19_theory_calibrated.candidate_features"", ""delta_mode"": ""none"", ""k_max"": 512, ""k_min"": 64, ""variant"": ""conservative""}",161,0.21524064171122995,0.5527950310559007,0.5527950310559007,0.055900621118012424,1.0,"{""dp_17_64"": 0.2111801242236025, ""dp_257_plus"": 0.17391304347826086, ""dp_65_256"": 0.6149068322981367}","{""cn_0"": 1.0}",0.0,158.0062111801242,sasb_candidate_builder,15c2c0cf3d4164b496827f1c05f069aff0874921a4618d93835813755c4e6eb6,161,15c2c0cf3d4164b496827f1c05f069aff0874921a4618d93835813755c4e6eb6,"{""sasb_builder"": 161}",0,0,0,0,{},0.0,"{""common_neighbor_bin_l1"": 0.0, ""degree_product_bin_l1"": 0.0, ""is_boundary_edge_l1"": 0.0, ""is_bridge_edge_l1"": 0.0, ""is_inter_community_edge_l1"": 0.0, ""is_low_common_neighbor_edge_l1"": 0.0, ""mean_l1"": 0.0}",1,32,32,0.0,0
realworld_completed,bio_celegans,SASB-candidate,sasb,SASB-structured,20260513,1181,middle,0.7880794701986755,0.7880794701986755,0.0,35,35,0,0.5832098765432099,0.5837037037037037,353,53,353--53,7,27,7,27,189,0,0.0,1,9,11,32,"[""96"", ""53"", ""60"", ""51"", ""363"", ""364"", ""369"", ""373"", ""62"", ""85"", ""359"", ""419"", ""82"", ""83"", ""142"", ""143"", ""343"", ""440"", ""154"", ""398"", ""118"", ""220"", ""52"", ""97"", ""348"", ""376"", ""310"", ""102"", ""424"", ""406"", ""366"", ""72""]",3caade205222f04734cdd5c28b46b893cbdc0a0f19305ab149b0bdf6c9895eb9,"{""boundary"": 12, ""community_rep"": 4, ""degree_core"": 10, ""random_fill"": 6}","{""degree_0_1"": 1, ""degree_3_4"": 4, ""degree_5_8"": 6, ""degree_9_plus"": 21}","{""0"": 2, ""1"": 2, ""10"": 1, ""11"": 1, ""12"": 1, ""13"": 1, ""14"": 2, ""15"": 1, ""2"": 3, ""3"": 3, ""4"": 3, ""5"": 1, ""6"": 3, ""7"": 4, ""8"": 1, ""9"": 3}",161,"{""backend"": ""evaluate_m19_theory_calibrated.candidate_features"", ""delta_mode"": ""none"", ""k_max"": 512, ""k_min"": 64, ""variant"": ""conservative""}",161,0.21552878179384202,0.5527950310559007,0.5527950310559007,0.055900621118012424,1.0,"{""dp_17_64"": 0.2484472049689441, ""dp_257_plus"": 0.17391304347826086, ""dp_65_256"": 0.577639751552795}","{""cn_0"": 1.0}",0.0,156.36024844720498,sasb_candidate_builder,4f80bc2dacadd833503ccc15557e99b8d9f7d393b40a830ec66ed47dd7c50e27,161,4f80bc2dacadd833503ccc15557e99b8d9f7d393b40a830ec66ed47dd7c50e27,"{""sasb_builder"": 161}",0,0,0,0,{},0.0,"{""common_neighbor_bin_l1"": 0.0, ""degree_product_bin_l1"": 0.0, ""is_boundary_edge_l1"": 0.0, ""is_bridge_edge_l1"": 0.0, ""is_inter_community_edge_l1"": 0.0, ""is_low_common_neighbor_edge_l1"": 0.0, ""mean_l1"": 0.0}",1,32,32,0.0,0
realworld_completed,bio_celegans,SASB-candidate,sasb,SASB-structured,20260513,1182,middle,0.7880794701986755,0.7880794701986755,0.0,35,35,0,0.5837037037037037,0.5841975308641976,353,64,353--64,6,5,5,6,30,0,0.0,1,0,4,32,"[""96"", ""53"", ""60"", ""51"", ""363"", ""364"", ""369"", ""373"", ""62"", ""85"", ""359"", ""419"", ""82"", ""83"", ""142"", ""143"", ""343"", ""440"", ""154"", ""398"", ""118"", ""220"", ""52"", ""97"", ""348"", ""376"", ""149"", ""427"", ""114"", ""177"", ""411"", ""282""]",9b7157b36d95a2e8e3839d299292d83a72a5862cbf8eba89bbad37089f20361c,"{""boundary"": 12, ""community_rep"": 4, ""degree_core"": 10, ""random_fill"": 6}","{""degree_2"": 2, ""degree_3_4"": 2, ""degree_5_8"": 7, ""degree_9_plus"": 21}","{""0"": 2, ""1"": 1, ""10"": 1, ""11"": 1, ""12"": 1, ""13"": 2, ""14"": 1, ""15"": 1, ""2"": 4, ""3"": 3, ""4"": 3, ""5"": 1, ""6"": 2, ""7"": 4, ""8"": 3, ""9"": 2}",161,"{""backend"": ""evaluate_m19_theory_calibrated.candidate_features"", ""delta_mode"": ""none"", ""k_max"": 512, ""k_min"": 64, ""variant"": ""conservative""}",161,0.2158176943699732,0.5527950310559007,0.5527950310559007,0.055900621118012424,1.0,"{""dp_17_64"": 0.2546583850931677, ""dp_257_plus"": 0.17391304347826086, ""dp_65_256"": 0.5714285714285714}","{""cn_0"": 1.0}",0.0,154.3167701863354,sasb_candidate_builder,9e0c7d1022fe9f502e96cf995d85cb92e9bae2dc2fc68ce64f4d564c25d81fea,161,9e0c7d1022fe9f502e96cf995d85cb92e9bae2dc2fc68ce64f4d564c25d81fea,"{""sasb_builder"": 161}",0,0,0,0,{},0.0,"{""common_neighbor_bin_l1"": 0.0, ""degree_product_bin_l1"": 0.0, ""is_boundary_edge_l1"": 0.0, ""is_bridge_edge_l1"": 0.0, ""is_inter_community_edge_l1"": 0.0, ""is_low_common_neighbor_edge_l1"": 0.0, ""mean_l1"": 0.0}",1,32,32,0.0,0
realworld_completed,bio_celegans,SASB-candidate,sasb,SASB-structured,20260513,1183,middle,0.7880794701986755,0.7880794701986755,0.0,35,35,0,0.5841975308641976,0.5846913580246914,214,82,214--82,4,18,4,18,72,2,0.6666666666666666,0,4,4,32,"[""96"", ""53"", ""60"", ""51"", ""363"", ""364"", ""369"", ""373"", ""62"", ""85"", ""359"", ""419"", ""82"", ""83"", ""142"", ""143"", ""343"", ""440"", ""154"", ""398"", ""118"", ""220"", ""52"", ""97"", ""348"", ""376"", ""301"", ""186"", ""230"", ""270"", ""308"", ""207""]",8d8d29b68a0022d6f35c2a92ea237264000619b7d252a33448a10c7e6c9f5597,"{""boundary"": 12, ""community_rep"": 4, ""degree_core"": 10, ""random_fill"": 6}","{""degree_0_1"": 2, ""degree_2"": 1, ""degree_3_4"": 4, ""degree_5_8"": 4, ""degree_9_plus"": 21}","{""0"": 1, ""1"": 2, ""10"": 1, ""11"": 1, ""12"": 2, ""13"": 1, ""14"": 1, ""15"": 1, ""2"": 3, ""3"": 4, ""4"": 3, ""5"": 1, ""6"": 3, ""7"": 3, ""8"": 3, ""9"": 2}",161,"{""backend"": ""evaluate_m19_theory_calibrated.candidate_features"", ""delta_mode"": ""none"", ""k_max"": 512, ""k_min"": 64, ""variant"": ""conservative""}",161,0.21610738255033557,0.546583850931677,0.546583850931677,0.062111801242236024,1.0,"{""dp_17_64"": 0.2484472049689441, ""dp_257_plus"": 0.17391304347826086, ""dp_65_256"": 0.577639751552795}","{""cn_0"": 1.0}",0.0,154.22360248447205,sasb_candidate_builder,56779e22ce30dfda94272fcf3c876159c0e9a4bd71dadc9919308d7a02e76cca,161,56779e22ce30dfda94272fcf3c876159c0e9a4bd71dadc9919308d7a02e76cca,"{""sasb_builder"": 161}",0,0,0,0,{},0.0,"{""common_neighbor_bin_l1"": 0.0, ""degree_product_bin_l1"": 0.0, ""is_boundary_edge_l1"": 0.0, ""is_bridge_edge_l1"": 0.0, ""is_inter_community_edge_l1"": 0.0, ""is_low_common_neighbor_edge_l1"": 0.0, ""mean_l1"": 0.0}",1,32,32,0.0,0
realworld_completed,bio_celegans,SASB-candidate,sasb,SASB-structured,20260513,1184,middle,0.7880794701986755,0.7880794701986755,0.0,35,35,0,0.5846913580246914,0.5851851851851851,214,83,214--83,3,17,3,17,51,1,0.5,0,3,3,32,"[""96"", ""53"", ""60"", ""51"", ""363"", ""364"", ""369"", ""373"", ""62"", ""85"", ""359"", ""419"", ""82"", ""83"", ""142"", ""143"", ""343"", ""440"", ""154"", ""398"", ""118"", ""220"", ""52"", ""97"", ""348"", ""376"", ""418"", ""292"", ""2"", ""165"", ""49"", ""365""]",2cc0f1d1b6f36653d5c32406ef4b46b7a64a0d5620d2397c887d7328a42e938a,"{""boundary"": 12, ""community_rep"": 4, ""degree_core"": 10, ""random_fill"": 6}","{""degree_2"": 1, ""degree_3_4"": 4, ""degree_5_8"": 6, ""degree_9_plus"": 21}","{""0"": 2, ""1"": 1, ""10"": 1, ""11"": 1, ""12"": 1, ""13"": 1, ""14"": 1, ""15"": 2, ""2"": 5, ""3"": 3, ""4"": 3, ""5"": 1, ""6"": 3, ""7"": 3, ""8"": 2, ""9"": 2}",161,"{""backend"": ""evaluate_m19_theory_calibrated.candidate_features"", ""delta_mode"": ""none"", ""k_max"": 512, ""k_min"": 64, ""variant"": ""conservative""}",161,0.2163978494623656,0.546583850931677,0.546583850931677,0.062111801242236024,1.0,"{""dp_17_64"": 0.2484472049689441, ""dp_257_plus"": 0.17391304347826086, ""dp_65_256"": 0.577639751552795}","{""cn_0"": 1.0}",0.0,154.04347826086956,sasb_candidate_builder,981af45c5281c1b55c4c260f2c7c52e2f8badb78c5f83fd2dec6c748dc5a62d9,161,981af45c5281c1b55c4c260f2c7c52e2f8badb78c5f83fd2dec6c748dc5a62d9,"{""sasb_builder"": 161}",0,0,0,0,{},0.0,"{""common_neighbor_bin_l1"": 0.0, ""degree_product_bin_l1"": 0.0, ""is_boundary_edge_l1"": 0.0, ""is_bridge_edge_l1"": 0.0, ""is_inter_community_edge_l1"": 0.0, ""is_low_common_neighbor_edge_l1"": 0.0, ""mean_l1"": 0.0}",1,32,32,0.0,0
realworld_completed,bio_celegans,SASB-candidate,sasb,SASB-structured,20260513,1185,middle,0.7880794701986755,0.7880794701986755,0.0,35,35,0,0.5851851851851851,0.585679012345679,167,363,167--363,3,16,3,16,48,1,0.5,1,2,11,32,"[""96"", ""60"", ""53"", ""363"", ""51"", ""62"", ""364"", ""369"", ""373"", ""85"", ""359"", ""419"", ""82"", ""142"", ""143"", ""83"", ""343"", ""440"", ""154"", ""398"", ""118"", ""220"", ""52"", ""97"", ""348"", ""376"", ""153"", ""418"", ""41"", ""401"", ""447"", ""201""]",387918c290725e61b538bcafbc4b90f3c09cfaf8e72c421ad57f68df712a9c37,"{""boundary"": 12, ""community_rep"": 4, ""degree_core"": 10, ""random_fill"": 6}","{""degree_0_1"": 1, ""degree_2"": 1, ""degree_3_4"": 2, ""degree_5_8"": 7, ""degree_9_plus"": 21}","{""0"": 2, ""1"": 1, ""10"": 1, ""11"": 6, ""12"": 1, ""13"": 1, ""14"": 2, ""15"": 1, ""2"": 3, ""3"": 1, ""4"": 3, ""5"": 4, ""6"": 3, ""7"": 1, ""8"": 1, ""9"": 1}",161,"{""backend"": ""evaluate_m19_theory_calibrated.candidate_features"", ""delta_mode"": ""none"", ""k_max"": 512, ""k_min"": 64, ""variant"": ""conservative""}",161,0.21668909825033647,0.5279503105590062,0.5279503105590062,0.062111801242236024,1.0,"{""dp_17_64"": 0.2484472049689441, ""dp_257_plus"": 0.17391304347826086, ""dp_65_256"": 0.577639751552795}","{""cn_0"": 0.9937888198757764, ""cn_1"": 0.006211180124223602}",0.006211180124223602,154.24223602484471,sasb_candidate_builder,1f963d683c2f827718fd38f21af871418bd3e537a9e1cdd105b6e3e2b4b9fa03,161,1f963d683c2f827718fd38f21af871418bd3e537a9e1cdd105b6e3e2b4b9fa03,"{""sasb_builder"": 161}",0,0,0,0,{},0.0,"{""common_neighbor_bin_l1"": 0.0, ""degree_product_bin_l1"": 0.0, ""is_boundary_edge_l1"": 0.0, ""is_bridge_edge_l1"": 0.0, ""is_inter_community_edge_l1"": 0.0, ""is_low_common_neighbor_edge_l1"": 0.0, ""mean_l1"": 0.0}",1,32,32,706.6592930071512,0
realworld_completed,bio_celegans,SASB-candidate,sasb,SASB-structured,20260513,1186,middle,0.7880794701986755,0.7880794701986755,0.0,35,35,0,0.585679012345679,0.5861728395061728,115,381,115--381,6,4,4,6,24,0,0.0,0,7,7,32,"[""96"", ""60"", ""53"", ""363"", ""51"", ""62"", ""364"", ""369"", ""373"", ""85"", ""359"", ""419"", ""82"", ""142"", ""143"", ""83"", ""343"", ""440"", ""154"", ""398"", ""118"", ""220"", ""52"", ""97"", ""348"", ""376"", ""208"", ""238"", ""189"", ""203"", ""64"", ""196""]",2a334964fa8599cee0dfd27a985220b21df597a47c728d631ddc7ffd473cc86c,"{""boundary"": 12, ""community_rep"": 4, ""degree_core"": 10, ""random_fill"": 6}","{""degree_2"": 2, ""degree_3_4"": 5, ""degree_5_8"": 4, ""degree_9_plus"": 21}","{""0"": 1, ""1"": 1, ""10"": 1, ""11"": 3, ""12"": 2, ""13"": 2, ""14"": 2, ""15"": 1, ""2"": 2, ""3"": 2, ""4"": 4, ""5"": 4, ""6"": 4, ""7"": 1, ""8"": 1, ""9"": 1}",161,"{""backend"": ""evaluate_m19_theory_calibrated.candidate_features"", ""delta_mode"": ""none"", ""k_max"": 512, ""k_min"": 64, ""variant"": ""conservative""}",161,0.2169811320754717,0.5217391304347826,0.5217391304347826,0.062111801242236024,1.0,"{""dp_17_64"": 0.2484472049689441, ""dp_257_plus"": 0.16770186335403728, ""dp_65_256"": 0.5838509316770186}","{""cn_0"": 0.9937888198757764, ""cn_1"": 0.006211180124223602}",0.006211180124223602,153.0062111801242,sasb_candidate_builder,bec65b46b4b2740c35c400afbc33a49c042cf2a5e0876db4aeac6bbafa6078f2,161,bec65b46b4b2740c35c400afbc33a49c042cf2a5e0876db4aeac6bbafa6078f2,"{""sasb_builder"": 161}",0,0,0,0,{},0.0,"{""common_neighbor_bin_l1"": 0.0, ""degree_product_bin_l1"": 0.0, ""is_boundary_edge_l1"": 0.0, ""is_bridge_edge_l1"": 0.0, ""is_inter_community_edge_l1"": 0.0, ""is_low_common_neighbor_edge_l1"": 0.0, ""mean_l1"": 0.0}",1,32,32,910.2078999125872,0
realworld_completed,bio_celegans,SASB-candidate,sasb,SASB-structured,20260513,1187,middle,0.7880794701986755,0.7880794701986755,0.0,35,35,0,0.5861728395061728,0.5866666666666667,149,430,149--430,8,6,6,8,48,1,0.2,0,0,0,32,"[""96"", ""60"", ""53"", ""363"", ""51"", ""62"", ""364"", ""369"", ""373"", ""85"", ""359"", ""419"", ""82"", ""142"", ""143"", ""83"", ""343"", ""440"", ""154"", ""398"", ""118"", ""220"", ""52"", ""97"", ""348"", ""376"", ""240"", ""140"", ""330"", ""408"", ""299"", ""417""]",6ac3023b2f2e695ada932968a8c1738f6733751bb7d09a7eb9788d6830a0e1b7,"{""boundary"": 12, ""community_rep"": 4, ""degree_core"": 10, ""random_fill"": 6}","{""degree_2"": 3, ""degree_3_4"": 4, ""degree_5_8"": 4, ""degree_9_plus"": 21}","{""0"": 1, ""1"": 2, ""10"": 2, ""11"": 4, ""12"": 2, ""13"": 2, ""14"": 2, ""15"": 1, ""2"": 3, ""3"": 1, ""4"": 3, ""5"": 3, ""6"": 3, ""7"": 1, ""8"": 1, ""9"": 1}",160,"{""backend"": ""evaluate_m19_theory_calibrated.candidate_features"", ""delta_mode"": ""none"", ""k_max"": 512, ""k_min"": 64, ""variant"": ""conservative""}",160,0.21592442645074225,0.525,0.525,0.0625,1.0,"{""dp_17_64"": 0.24375, ""dp_257_plus"": 0.16875, ""dp_65_256"": 0.5875}","{""cn_0"": 0.99375, ""cn_1"": 0.00625}",0.00625,153.45625,sasb_candidate_builder,4abd6181e08475dd760e8f6eb0fe54c6c13146a4756ad33e0b5847230a6ada05,160,4abd6181e08475dd760e8f6eb0fe54c6c13146a4756ad33e0b5847230a6ada05,"{""sasb_builder"": 160}",0,0,0,0,{},0.0,"{""common_neighbor_bin_l1"": 0.0, ""degree_product_bin_l1"": 0.0, ""is_boundary_edge_l1"": 0.0, ""is_bridge_edge_l1"": 0.0, ""is_inter_community_edge_l1"": 0.0, ""is_low_common_neighbor_edge_l1"": 0.0, ""mean_l1"": 0.0}",1,32,32,163.32597064393937,0
realworld_completed,bio_celegans,SASB-candidate,sasb,SASB-structured,20260513,1188,middle,0.7880794701986755,0.7880794701986755,0.0,35,35,0,0.5866666666666667,0.5871604938271605,364,439,364--439,13,7,7,13,91,3,0.5,0,9,9,32,"[""96"", ""60"", ""53"", ""363"", ""51"", ""62"", ""364"", ""369"", ""373"", ""85"", ""359"", ""419"", ""82"", ""142"", ""143"", ""83"", ""343"", ""440"", ""154"", ""398"", ""118"", ""220"", ""52"", ""97"", ""348"", ""376"", ""165"", ""405"", ""402"", ""216"", ""284"", ""395""]",188cdeeffd9dde4200c476a70821dc365a8bc4258b725c74446328f9f7c492e2,"{""boundary"": 12, ""community_rep"": 4, ""degree_core"": 10, ""random_fill"": 6}","{""degree_0_1"": 1, ""degree_2"": 1, ""degree_3_4"": 5, ""degree_5_8"": 4, ""degree_9_plus"": 21}","{""0"": 1, ""1"": 2, ""10"": 1, ""11"": 4, ""12"": 1, ""13"": 1, ""14"": 2, ""15"": 1, ""2"": 3, ""3"": 1, ""4"": 3, ""5"": 3, ""6"": 4, ""7"": 3, ""8"": 1, ""9"": 1}",160,"{""backend"": ""evaluate_m19_theory_calibrated.candidate_features"", ""delta_mode"": ""none"", ""k_max"": 512, ""k_min"": 64, ""variant"": ""conservative""}",160,0.21621621621621623,0.525,0.525,0.0625,0.99375,"{""dp_17_64"": 0.2375, ""dp_257_plus"": 0.16875, ""dp_65_256"": 0.59375}","{""cn_0"": 0.99375, ""cn_2_3"": 0.00625}",0.01875,153.36875,sasb_candidate_builder,3fe4344ee6fd72036decbf7bb3d8d15632c8f215bd1ef29500c36e84621a1715,160,3fe4344ee6fd72036decbf7bb3d8d15632c8f215bd1ef29500c36e84621a1715,"{""sasb_builder"": 160}",0,0,0,0,{},0.0,"{""common_neighbor_bin_l1"": 0.0, ""degree_product_bin_l1"": 0.0, ""is_boundary_edge_l1"": 0.0, ""is_bridge_edge_l1"": 0.0, ""is_inter_community_edge_l1"": 0.0, ""is_low_common_neighbor_edge_l1"": 0.0, ""mean_l1"": 0.0}",1,32,32,1678.2010416666667,0
realworld_completed,bio_celegans,SASB-candidate,sasb,SASB-structured,20260513,1189,middle,0.7880794701986755,0.7880794701986755,0.0,35,35,0,0.5871604938271605,0.5876543209876544,301,364,301--364,2,12,2,12,24,0,0.0,1,8,7,32,"[""96"", ""60"", ""53"", ""363"", ""51"", ""62"", ""364"", ""369"", ""373"", ""85"", ""359"", ""419"", ""82"", ""142"", ""143"", ""83"", ""343"", ""440"", ""154"", ""398"", ""118"", ""220"", ""52"", ""97"", ""348"", ""376"", ""39"", ""140"", ""356"", ""288"", ""61"", ""141""]",a08e2684ac85fe24edc7f8b06280e4c483994ee9189038093f0134091196a2ae,"{""boundary"": 12, ""community_rep"": 4, ""degree_core"": 10, ""random_fill"": 6}","{""degree_2"": 3, ""degree_3_4"": 3, ""degree_5_8"": 5, ""degree_9_plus"": 21}","{""0"": 2, ""1"": 1, ""10"": 1, ""11"": 4, ""12"": 2, ""13"": 1, ""14"": 2, ""15"": 1, ""2"": 2, ""3"": 1, ""4"": 3, ""5"": 3, ""6"": 3, ""7"": 2, ""8"": 2, ""9"": 2}",160,"{""backend"": ""evaluate_m19_theory_calibrated.candidate_features"", ""delta_mode"": ""none"", ""k_max"": 512, ""k_min"": 64, ""variant"": ""conservative""}",160,0.2165087956698241,0.525,0.525,0.0625,1.0,"{""dp_17_64"": 0.24375, ""dp_257_plus"": 0.15625, ""dp_65_256"": 0.6}","{""cn_0"": 1.0}",0.0,151.66875,sasb_candidate_builder,b9bd010ace35a34ea06d979da679991fc6497ed0e55dc75fc19de8b32d161497,160,b9bd010ace35a34ea06d979da679991fc6497ed0e55dc75fc19de8b32d161497,"{""sasb_builder"": 160}",0,0,0,0,{},0.0,"{""common_neighbor_bin_l1"": 0.0, ""degree_product_bin_l1"": 0.0, ""is_boundary_edge_l1"": 0.0, ""is_bridge_edge_l1"": 0.0, ""is_inter_community_edge_l1"": 0.0, ""is_low_common_neighbor_edge_l1"": 0.0, ""mean_l1"": 0.0}",1,32,32,360.3224186073117,0
realworld_completed,bio_celegans,SASB-candidate,sasb,SASB-structured,20260513,1190,middle,0.7880794701986755,0.7880794701986755,0.0,35,35,0,0.5876543209876544,0.5881481481481482,337,82,337--82,4,17,4,17,68,1,0.3333333333333333,0,3,3,32,"[""96"", ""60"", ""53"", ""363"", ""51"", ""62"", ""364"", ""369"", ""373"", ""85"", ""359"", ""419"", ""82"", ""142"", ""143"", ""83"", ""343"", ""440"", ""154"", ""398"", ""118"", ""220"", ""52"", ""97"", ""348"", ""376"", ""127"", ""193"", ""325"", ""209"", ""46"", ""370""]",8352758ce01910edf19f70c286c559b7d5ced8b8e9b615dc14ab4cdd8fc58f0c,"{""boundary"": 12, ""community_rep"": 4, ""degree_core"": 10, ""random_fill"": 6}","{""degree_0_1"": 1, ""degree_2"": 1, ""degree_3_4"": 4, ""degree_5_8"": 5, ""degree_9_plus"": 21}","{""0"": 2, ""1"": 1, ""10"": 1, ""11"": 4, ""12"": 1, ""13"": 1, ""14"": 2, ""15"": 1, ""2"": 2, ""3"": 1, ""4"": 4, ""5"": 3, ""6"": 4, ""7"": 2, ""8"": 2, ""9"": 1}",160,"{""backend"": ""evaluate_m19_theory_calibrated.candidate_features"", ""delta_mode"": ""none"", ""k_max"": 512, ""k_min"": 64, ""variant"": ""conservative""}",160,0.21680216802168023,0.525,0.525,0.0625,1.0,"{""dp_17_64"": 0.2375, ""dp_257_plus"": 0.15625, ""dp_65_256"": 0.60625}","{""cn_0"": 1.0}",0.0,151.14375,sasb_candidate_builder,5d1c35536a142556dcd87b0ffc4bbf1d380b1ebc5b3ef0db2e18d24468e18c87,160,5d1c35536a142556dcd87b0ffc4bbf1d380b1ebc5b3ef0db2e18d24468e18c87,"{""sasb_builder"": 160}",0,0,0,0,{},0.0,"{""common_neighbor_bin_l1"": 0.0, ""degree_product_bin_l1"": 0.0, ""is_boundary_edge_l1"": 0.0, ""is_bridge_edge_l1"": 0.0, ""is_inter_community_edge_l1"": 0.0, ""is_low_common_neighbor_edge_l1"": 0.0, ""mean_l1"": 0.0}",1,32,32,0.0,0
realworld_completed,bio_celegans,SASB-candidate,sasb,SASB-structured,20260513,1191,middle,0.7880794701986755,0.7880794701986755,0.0,35,35,0,0.5881481481481482,0.5886419753086419,147,228,147--228,9,5,5,9,45,1,0.25,0,2,2,32,"[""96"", ""60"", ""53"", ""363"", ""51"", ""62"", ""364"", ""369"", ""373"", ""85"", ""359"", ""419"", ""142"", ""143"", ""82"", ""83"", ""343"", ""440"", ""154"", ""398"", ""118"", ""220"", ""52"", ""97"", ""348"", ""376"", ""153"", ""6"", ""277"", ""181"", ""23"", ""309""]",9ac880a1c62c4463b7d72603d01cfa69d86fc3f9c8b380d5e04dda3257290f86,"{""boundary"": 12, ""community_rep"": 4, ""degree_core"": 10, ""random_fill"": 6}","{""degree_0_1"": 3, ""degree_2"": 2, ""degree_3_4"": 2, ""degree_5_8"": 4, ""degree_9_plus"": 21}","{""0"": 4, ""1"": 2, ""10"": 2, ""11"": 4, ""12"": 1, ""13"": 1, ""14"": 2, ""15"": 1, ""2"": 2, ""3"": 1, ""4"": 3, ""5"": 3, ""6"": 3, ""7"": 1, ""8"": 1, ""9"": 1}",160,"{""backend"": ""evaluate_m19_theory_calibrated.candidate_features"", ""delta_mode"": ""none"", ""k_max"": 512, ""k_min"": 64, ""variant"": ""conservative""}",160,0.21709633649932158,0.525,0.525,0.06875,1.0,"{""dp_17_64"": 0.25, ""dp_257_plus"": 0.15625, ""dp_65_256"": 0.59375}","{""cn_0"": 0.99375, ""cn_1"": 0.00625}",0.00625,150.5875,sasb_candidate_builder,8cc34adf2dd479c613ee5ea158b85cf566d781c2c4071459a52cbedaae2c36b8,160,8cc34adf2dd479c613ee5ea158b85cf566d781c2c4071459a52cbedaae2c36b8,"{""sasb_builder"": 160}",0,0,0,0,{},0.0,"{""common_neighbor_bin_l1"": 0.0, ""degree_product_bin_l1"": 0.0, ""is_boundary_edge_l1"": 0.0, ""is_bridge_edge_l1"": 0.0, ""is_inter_community_edge_l1"": 0.0, ""is_low_common_neighbor_edge_l1"": 0.0, ""mean_l1"": 0.0}",1,32,32,539.4295956478999,0
realworld_completed,bio_celegans,SASB-candidate,sasb,SASB-structured,20260513,1192,middle,0.7880794701986755,0.7880794701986755,0.0,35,35,0,0.5886419753086419,0.5891358024691358,147,241,147--241,8,4,4,8,32,0,0.0,0,2,2,32,"[""96"", ""60"", ""53"", ""363"", ""51"", ""62"", ""364"", ""369"", ""373"", ""85"", ""359"", ""419"", ""142"", ""143"", ""82"", ""83"", ""343"", ""440"", ""154"", ""398"", ""118"", ""220"", ""52"", ""97"", ""348"", ""376"", ""400"", ""413"", ""287"", ""192"", ""186"", ""2""]",fbe620c583ab52b4a079aa7712f6bfd31bfe97fcb44ea24e4d6ad64cd32eecf4,"{""boundary"": 12, ""community_rep"": 4, ""degree_core"": 10, ""random_fill"": 6}","{""degree_0_1"": 1, ""degree_3_4"": 3, ""degree_5_8"": 7, ""degree_9_plus"": 21}","{""0"": 3, ""1"": 1, ""10"": 1, ""11"": 4, ""12"": 1, ""13"": 1, ""14"": 3, ""15"": 1, ""2"": 2, ""3"": 1, ""4"": 3, ""5"": 4, ""6"": 3, ""7"": 2, ""8"": 1, ""9"": 1}",160,"{""backend"": ""evaluate_m19_theory_calibrated.candidate_features"", ""delta_mode"": ""none"", ""k_max"": 512, ""k_min"": 64, ""variant"": ""conservative""}",160,0.21739130434782608,0.525,0.525,0.06875,1.0,"{""dp_17_64"": 0.25, ""dp_257_plus"": 0.15625, ""dp_65_256"": 0.59375}","{""cn_0"": 1.0}",0.0,150.50625,sasb_candidate_builder,c3f19ac51d06963ccffd0eae89d7a0dd58ff22ce35452ac1f7324ff41a79e236,160,c3f19ac51d06963ccffd0eae89d7a0dd58ff22ce35452ac1f7324ff41a79e236,"{""sasb_builder"": 160}",0,0,0,0,{},0.0,"{""common_neighbor_bin_l1"": 0.0, ""degree_product_bin_l1"": 0.0, ""is_boundary_edge_l1"": 0.0, ""is_bridge_edge_l1"": 0.0, ""is_inter_community_edge_l1"": 0.0, ""is_low_common_neighbor_edge_l1"": 0.0, ""mean_l1"": 0.0}",1,32,32,480.3372414044289,0
realworld_completed,bio_celegans,SASB-candidate,sasb,SASB-structured,20260513,1193,middle,0.7880794701986755,0.7880794701986755,0.0,35,35,0,0.5891358024691358,0.5896296296296296,220,7,220--7,11,2,2,11,22,0,0.0,0,14,14,32,"[""96"", ""60"", ""53"", ""363"", ""51"", ""62"", ""364"", ""369"", ""373"", ""85"", ""359"", ""419"", ""142"", ""143"", ""82"", ""83"", ""343"", ""440"", ""154"", ""398"", ""118"", ""220"", ""52"", ""97"", ""348"", ""376"", ""278"", ""366"", ""37"", ""394"", ""397"", ""184""]",1b65128c30f891cfc4607e47f193d05d37de23df27fead2caeb26bd39b3c27ea,"{""boundary"": 12, ""community_rep"": 4, ""degree_core"": 10, ""random_fill"": 6}","{""degree_2"": 3, ""degree_3_4"": 3, ""degree_5_8"": 5, ""degree_9_plus"": 21}","{""0"": 1, ""1"": 1, ""10"": 1, ""11"": 3, ""12"": 2, ""13"": 1, ""14"": 2, ""15"": 2, ""2"": 3, ""3"": 2, ""4"": 3, ""5"": 4, ""6"": 4, ""7"": 1, ""8"": 1, ""9"": 1}",160,"{""backend"": ""evaluate_m19_theory_calibrated.candidate_features"", ""delta_mode"": ""none"", ""k_max"": 512, ""k_min"": 64, ""variant"": ""conservative""}",160,0.21768707482993196,0.525,0.525,0.06875,1.0,"{""dp_17_64"": 0.25, ""dp_257_plus"": 0.15625, ""dp_65_256"": 0.59375}","{""cn_0"": 1.0}",0.0,150.44375,sasb_candidate_builder,82a103a2363873d87cd7e2ae53dd053c917ffcfff5777b81d660ca986739823d,160,82a103a2363873d87cd7e2ae53dd053c917ffcfff5777b81d660ca986739823d,"{""sasb_builder"": 160}",0,0,0,0,{},0.0,"{""common_neighbor_bin_l1"": 0.0, ""degree_product_bin_l1"": 0.0, ""is_boundary_edge_l1"": 0.0, ""is_bridge_edge_l1"": 0.0, ""is_inter_community_edge_l1"": 0.0, ""is_low_common_neighbor_edge_l1"": 0.0, ""mean_l1"": 0.0}",1,32,32,0.0,0
realworld_completed,bio_celegans,SASB-candidate,sasb,SASB-structured,20260513,1194,middle,0.7880794701986755,0.7880794701986755,0.0,35,35,0,0.5896296296296296,0.5901234567901235,118,29,118--29,11,6,6,11,66,2,0.4,0,2,2,32,"[""96"", ""60"", ""53"", ""363"", ""51"", ""62"", ""364"", ""369"", ""373"", ""85"", ""359"", ""419"", ""142"", ""143"", ""82"", ""83"", ""343"", ""440"", ""154"", ""398"", ""118"", ""281"", ""52"", ""97"", ""348"", ""376"", ""409"", ""50"", ""414"", ""422"", ""212"", ""282""]",af3a48e3dd9276b942ba54a14669278402def833d4073530f75ef65fa820cfd6,"{""boundary"": 12, ""community_rep"": 4, ""degree_core"": 10, ""random_fill"": 6}","{""degree_2"": 1, ""degree_3_4"": 4, ""degree_5_8"": 6, ""degree_9_plus"": 21}","{""0"": 3, ""1"": 2, ""10"": 1, ""11"": 3, ""12"": 1, ""13"": 1, ""14"": 2, ""15"": 1, ""2"": 2, ""3"": 1, ""4"": 3, ""5"": 5, ""6"": 2, ""7"": 1, ""8"": 3, ""9"": 1}",160,"{""backend"": ""evaluate_m19_theory_calibrated.candidate_features"", ""delta_mode"": ""none"", ""k_max"": 512, ""k_min"": 64, ""variant"": ""conservative""}",160,0.21798365122615804,0.525,0.525,0.06875,1.0,"{""dp_17_64"": 0.2375, ""dp_257_plus"": 0.15625, ""dp_65_256"": 0.60625}","{""cn_0"": 1.0}",0.0,151.06875,sasb_candidate_builder,6db91ab1ac4045149e8d04a484c88fd622f0615dbeb4696b4fb2417336ee0ac4,160,6db91ab1ac4045149e8d04a484c88fd622f0615dbeb4696b4fb2417336ee0ac4,"{""sasb_builder"": 160}",0,0,0,0,{},0.0,"{""common_neighbor_bin_l1"": 0.0, ""degree_product_bin_l1"": 0.0, ""is_boundary_edge_l1"": 0.0, ""is_bridge_edge_l1"": 0.0, ""is_inter_community_edge_l1"": 0.0, ""is_low_common_neighbor_edge_l1"": 0.0, ""mean_l1"": 0.0}",1,32,32,0.0,0
realworld_completed,bio_celegans,SASB-candidate,sasb,SASB-structured,20260513,1195,middle,0.7880794701986755,0.7880794701986755,0.0,35,35,0,0.5901234567901235,0.5906172839506173,118,419,118--419,10,6,6,10,60,1,0.2,0,2,2,32,"[""96"", ""53"", ""60"", ""363"", ""51"", ""62"", ""364"", ""369"", ""373"", ""85"", ""359"", ""419"", ""142"", ""143"", ""82"", ""83"", ""343"", ""440"", ""154"", ""398"", ""281"", ""52"", ""121"", ""97"", ""193"", ""348"", ""376"", ""216"", ""387"", ""424"", ""257"", ""375""]",5019946df7704f3491d53a259d6a6c3ed8e66ca4f7db3bd8c67eedb918f131c9,"{""boundary"": 12, ""community_rep"": 5, ""degree_core"": 10, ""random_fill"": 5}","{""degree_0_1"": 1, ""degree_2"": 1, ""degree_3_4"": 2, ""degree_5_8"": 7, ""degree_9_plus"": 21}","{""0"": 2, ""1"": 1, ""10"": 1, ""11"": 2, ""12"": 1, ""13"": 3, ""14"": 3, ""15"": 3, ""16"": 1, ""2"": 2, ""3"": 3, ""4"": 3, ""5"": 1, ""6"": 2, ""7"": 2, ""8"": 1, ""9"": 1}",160,"{""backend"": ""evaluate_m19_theory_calibrated.candidate_features"", ""delta_mode"": ""none"", ""k_max"": 512, ""k_min"": 64, ""variant"": ""conservative""}",160,0.21828103683492497,0.54375,0.54375,0.06875,1.0,"{""dp_17_64"": 0.25, ""dp_257_plus"": 0.15625, ""dp_65_256"": 0.59375}","{""cn_0"": 0.99375, ""cn_1"": 0.00625}",0.00625,150.79375,sasb_candidate_builder,74b85d822ddc7bbe29a138c707b6375e2ef5dce4c47790c4e43071306b667003,160,74b85d822ddc7bbe29a138c707b6375e2ef5dce4c47790c4e43071306b667003,"{""sasb_builder"": 160}",0,0,0,0,{},0.0,"{""common_neighbor_bin_l1"": 0.0, ""degree_product_bin_l1"": 0.0, ""is_boundary_edge_l1"": 0.0, ""is_bridge_edge_l1"": 0.0, ""is_inter_community_edge_l1"": 0.0, ""is_low_common_neighbor_edge_l1"": 0.0, ""mean_l1"": 0.0}",1,32,32,1718.111341516715,0
realworld_completed,bio_celegans,SASB-candidate,sasb,SASB-structured,20260513,1196,middle,0.7880794701986755,0.7880794701986755,0.0,35,35,0,0.5906172839506173,0.5911111111111111,121,419,121--419,10,5,5,10,50,1,0.25,1,2,9,32,"[""96"", ""53"", ""60"", ""363"", ""51"", ""62"", ""364"", ""369"", ""373"", ""85"", ""359"", ""419"", ""142"", ""143"", ""82"", ""83"", ""343"", ""440"", ""154"", ""398"", ""281"", ""52"", ""121"", ""97"", ""193"", ""348"", ""376"", ""287"", ""401"", ""130"", ""220"", ""221""]",fc425518ff9d74b9ae143305697d755b9e5b2f5b9658f627ad582625a1ca0524,"{""boundary"": 12, ""community_rep"": 5, ""degree_core"": 10, ""random_fill"": 5}","{""degree_0_1"": 1, ""degree_2"": 1, ""degree_3_4"": 1, ""degree_5_8"": 7, ""degree_9_plus"": 22}","{""0"": 1, ""1"": 1, ""10"": 1, ""11"": 2, ""12"": 1, ""13"": 5, ""14"": 3, ""15"": 3, ""16"": 1, ""2"": 2, ""3"": 3, ""4"": 3, ""5"": 1, ""6"": 1, ""7"": 2, ""8"": 1, ""9"": 1}",160,"{""backend"": ""evaluate_m19_theory_calibrated.candidate_features"", ""delta_mode"": ""none"", ""k_max"": 512, ""k_min"": 64, ""variant"": ""conservative""}",160,0.2185792349726776,0.54375,0.54375,0.06875,1.0,"{""dp_17_64"": 0.25, ""dp_257_plus"": 0.15625, ""dp_65_256"": 0.59375}","{""cn_0"": 0.99375, ""cn_1"": 0.00625}",0.00625,150.08125,sasb_candidate_builder,56732f6a87796903e1f71b1380a2fbb617f9f236ff6c22443ef94ee9faa7d6ba,160,56732f6a87796903e1f71b1380a2fbb617f9f236ff6c22443ef94ee9faa7d6ba,"{""sasb_builder"": 160}",0,0,0,0,{},0.0,"{""common_neighbor_bin_l1"": 0.0, ""degree_product_bin_l1"": 0.0, ""is_boundary_edge_l1"": 0.0, ""is_bridge_edge_l1"": 0.0, ""is_inter_community_edge_l1"": 0.0, ""is_low_common_neighbor_edge_l1"": 0.0, ""mean_l1"": 0.0}",1,32,32,4229.598021505059,0
realworld_completed,bio_celegans,SASB-candidate,sasb,SASB-structured,20260513,1197,middle,0.7880794701986755,0.7880794701986755,0.0,35,35,0,0.5911111111111111,0.591604938271605,121,29,121--29,9,5,5,9,45,0,0.0,0,2,2,32,"[""96"", ""53"", ""60"", ""363"", ""51"", ""62"", ""364"", ""369"", ""373"", ""85"", ""359"", ""419"", ""142"", ""143"", ""82"", ""83"", ""343"", ""440"", ""154"", ""398"", ""281"", ""52"", ""32"", ""97"", ""193"", ""348"", ""376"", ""102"", ""421"", ""67"", ""158"", ""122""]",4e907e3c495b1a6b5b7d3e370faa2606a56d70f2eb216663631177891bfcefb3,"{""boundary"": 12, ""community_rep"": 5, ""degree_core"": 10, ""random_fill"": 5}","{""degree_0_1"": 2, ""degree_2"": 2, ""degree_3_4"": 2, ""degree_5_8"": 5, ""degree_9_plus"": 21}","{""0"": 4, ""1"": 1, ""10"": 1, ""11"": 1, ""12"": 1, ""13"": 3, ""14"": 2, ""15"": 3, ""16"": 1, ""2"": 2, ""3"": 3, ""4"": 3, ""5"": 2, ""6"": 1, ""7"": 2, ""8"": 1, ""9"": 1}",159,"{""backend"": ""evaluate_m19_theory_calibrated.candidate_features"", ""delta_mode"": ""none"", ""k_max"": 512, ""k_min"": 64, ""variant"": ""conservative""}",159,0.21751025991792067,0.5471698113207547,0.5471698113207547,0.06918238993710692,1.0,"{""dp_17_64"": 0.24528301886792453, ""dp_257_plus"": 0.1509433962264151, ""dp_65_256"": 0.6037735849056604}","{""cn_0"": 1.0}",0.0,150.0251572327044,sasb_candidate_builder,e51009b3c4c7517bad1304dfd2c5899e7bac48c44f79021543782ef64a165c4d,159,e51009b3c4c7517bad1304dfd2c5899e7bac48c44f79021543782ef64a165c4d,"{""sasb_builder"": 159}",0,0,0,0,{},0.0,"{""common_neighbor_bin_l1"": 0.0, ""degree_product_bin_l1"": 0.0, ""is_boundary_edge_l1"": 0.0, ""is_bridge_edge_l1"": 0.0, ""is_inter_community_edge_l1"": 0.0, ""is_low_common_neighbor_edge_l1"": 0.0, ""mean_l1"": 0.0}",1,32,32,0.0,0
realworld_completed,bio_celegans,SASB-candidate,sasb,SASB-structured,20260513,1198,middle,0.7880794701986755,0.7880794701986755,0.0,35,35,0,0.591604938271605,0.5920987654320987,79,85,79--85,6,11,6,11,66,2,0.4,0,8,8,32,"[""96"", ""53"", ""60"", ""363"", ""51"", ""62"", ""364"", ""369"", ""373"", ""85"", ""359"", ""419"", ""142"", ""143"", ""82"", ""83"", ""343"", ""440"", ""154"", ""398"", ""281"", ""52"", ""32"", ""97"", ""193"", ""348"", ""376"", ""226"", ""165"", ""393"", ""28"", ""75""]",1d397e392c0e1384247625e08bb2f41cb277086d2aaf2002a1d86e4cc70796a8,"{""boundary"": 12, ""community_rep"": 5, ""degree_core"": 10, ""random_fill"": 5}","{""degree_0_1"": 1, ""degree_3_4"": 4, ""degree_5_8"": 6, ""degree_9_plus"": 21}","{""0"": 1, ""1"": 1, ""10"": 1, ""11"": 1, ""12"": 2, ""13"": 3, ""14"": 2, ""15"": 2, ""16"": 1, ""2"": 4, ""3"": 3, ""4"": 3, ""5"": 2, ""6"": 1, ""7"": 2, ""8"": 2, ""9"": 1}",159,"{""backend"": ""evaluate_m19_theory_calibrated.candidate_features"", ""delta_mode"": ""none"", ""k_max"": 512, ""k_min"": 64, ""variant"": ""conservative""}",159,0.21780821917808219,0.5471698113207547,0.5471698113207547,0.06918238993710692,0.9937106918238994,"{""dp_17_64"": 0.2389937106918239, ""dp_257_plus"": 0.1509433962264151, ""dp_65_256"": 0.610062893081761}","{""cn_0"": 0.9937106918238994, ""cn_2_3"": 0.006289308176100629}",0.012578616352201259,150.1572327044025,sasb_candidate_builder,1e8fe071737d2482142fe0a01049f14fb45d206718fc359f83ae0c363ee7cdec,159,1e8fe071737d2482142fe0a01049f14fb45d206718fc359f83ae0c363ee7cdec,"{""sasb_builder"": 159}",0,0,0,0,{},0.0,"{""common_neighbor_bin_l1"": 0.0, ""degree_product_bin_l1"": 0.0, ""is_boundary_edge_l1"": 0.0, ""is_bridge_edge_l1"": 0.0, ""is_inter_community_edge_l1"": 0.0, ""is_low_common_neighbor_edge_l1"": 0.0, ""mean_l1"": 0.0}",1,32,32,7941.390625,0
realworld_completed,bio_celegans,SASB-candidate,sasb,SASB-structured,20260513,1199,middle,0.7880794701986755,0.7880794701986755,0.0,35,35,0,0.5920987654320987,0.5925925925925926,142,19,142--19,16,4,4,16,64,2,0.6666666666666666,0,4,4,32,"[""96"", ""53"", ""60"", ""363"", ""51"", ""62"", ""364"", ""369"", ""373"", ""85"", ""359"", ""419"", ""142"", ""143"", ""82"", ""83"", ""343"", ""440"", ""154"", ""398"", ""281"", ""52"", ""32"", ""97"", ""193"", ""348"", ""376"", ""49"", ""55"", ""107"", ""71"", ""134""]",f616a201b9563559f94c77569d2280b92c952064e4914cff93ca1a71014eda63,"{""boundary"": 12, ""community_rep"": 5, ""degree_core"": 10, ""random_fill"": 5}","{""degree_2"": 1, ""degree_3_4"": 5, ""degree_5_8"": 5, ""degree_9_plus"": 21}","{""0"": 1, ""1"": 2, ""10"": 1, ""11"": 2, ""12"": 2, ""13"": 3, ""14"": 2, ""15"": 2, ""16"": 2, ""2"": 3, ""3"": 3, ""4"": 3, ""5"": 1, ""6"": 1, ""7"": 2, ""8"": 1, ""9"": 1}",159,"{""backend"": ""evaluate_m19_theory_calibrated.candidate_features"", ""delta_mode"": ""none"", ""k_max"": 512, ""k_min"": 64, ""variant"": ""conservative""}",159,0.21810699588477367,0.5471698113207547,0.5471698113207547,0.06918238993710692,1.0,"{""dp_17_64"": 0.2578616352201258, ""dp_257_plus"": 0.1509433962264151, ""dp_65_256"": 0.5911949685534591}","{""cn_0"": 1.0}",0.0,149.9748427672956,sasb_candidate_builder,f05b8eec67fd3a845b5826bb97650b0265c37964851c959bf0058663db233e85,159,f05b8eec67fd3a845b5826bb97650b0265c37964851c959bf0058663db233e85,"{""sasb_builder"": 159}",0,0,0,0,{},0.0,"{""common_neighbor_bin_l1"": 0.0, ""degree_product_bin_l1"": 0.0, ""is_boundary_edge_l1"": 0.0, ""is_bridge_edge_l1"": 0.0, ""is_inter_community_edge_l1"": 0.0, ""is_low_common_neighbor_edge_l1"": 0.0, ""mean_l1"": 0.0}",1,32,32,0.0,0
realworld_completed,bio_celegans,SASB-candidate,sasb,SASB-structured,20260513,1200,middle,0.7880794701986755,0.7880794701986755,0.0,35,35,0,0.5925925925925926,0.5930864197530864,142,20,142--20,15,3,3,15,45,1,0.5,0,4,4,32,"[""96"", ""53"", ""60"", ""363"", ""51"", ""62"", ""364"", ""369"", ""373"", ""85"", ""359"", ""419"", ""143"", ""82"", ""83"", ""142"", ""343"", ""440"", ""154"", ""398"", ""281"", ""52"", ""32"", ""97"", ""193"", ""348"", ""376"", ""228"", ""406"", ""49"", ""313"", ""234""]",b3e4779e93606ceb2e427a572e59be2acdb658514d7a81ba6565cbc5e7a2a261,"{""boundary"": 12, ""community_rep"": 5, ""degree_core"": 10, ""random_fill"": 5}","{""degree_0_1"": 1, ""degree_2"": 1, ""degree_3_4"": 5, ""degree_5_8"": 4, ""degree_9_plus"": 21}","{""0"": 1, ""1"": 1, ""10"": 1, ""11"": 1, ""12"": 2, ""13"": 4, ""14"": 2, ""15"": 2, ""16"": 1, ""2"": 4, ""3"": 3, ""4"": 4, ""5"": 1, ""6"": 1, ""7"": 2, ""8"": 1, ""9"": 1}",159,"{""backend"": ""evaluate_m19_theory_calibrated.candidate_features"", ""delta_mode"": ""none"", ""k_max"": 512, ""k_min"": 64, ""variant"": ""conservative""}",159,0.2184065934065934,0.5471698113207547,0.5471698113207547,0.06918238993710692,1.0,"{""dp_17_64"": 0.2578616352201258, ""dp_257_plus"": 0.1509433962264151, ""dp_65_256"": 0.5911949685534591}","{""cn_0"": 1.0}",0.0,149.874213836478,sasb_candidate_builder,9d5207425fdf14725db16d142d83228a9ab5fcc0608631bae6c7dabf55b2cd76,159,9d5207425fdf14725db16d142d83228a9ab5fcc0608631bae6c7dabf55b2cd76,"{""sasb_builder"": 159}",0,0,0,0,{},0.0,"{""common_neighbor_bin_l1"": 0.0, ""degree_product_bin_l1"": 0.0, ""is_boundary_edge_l1"": 0.0, ""is_bridge_edge_l1"": 0.0, ""is_inter_community_edge_l1"": 0.0, ""is_low_common_neighbor_edge_l1"": 0.0, ""mean_l1"": 0.0}",1,32,32,0.0,0
realworld_completed,bio_celegans,SASB-candidate,sasb,SASB-structured,20260513,1201,middle,0.7880794701986755,0.7880794701986755,0.0,35,35,0,0.5930864197530864,0.5935802469135802,143,19,143--19,16,3,3,16,48,1,0.5,0,4,4,32,"[""96"", ""53"", ""60"", ""363"", ""51"", ""62"", ""364"", ""369"", ""373"", ""85"", ""359"", ""419"", ""143"", ""82"", ""83"", ""142"", ""343"", ""440"", ""154"", ""398"", ""281"", ""52"", ""32"", ""97"", ""193"", ""348"", ""376"", ""422"", ""189"", ""330"", ""225"", ""147""]",36dfd366d98fb1b090985511fc8ff7d538401d2d0aa4b824c3869d1803cd0046,"{""boundary"": 12, ""community_rep"": 5, ""degree_core"": 10, ""random_fill"": 5}","{""degree_3_4"": 6, ""degree_5_8"": 5, ""degree_9_plus"": 21}","{""0"": 2, ""1"": 1, ""10"": 1, ""11"": 2, ""12"": 1, ""13"": 3, ""14"": 2, ""15"": 2, ""16"": 2, ""2"": 4, ""3"": 3, ""4"": 3, ""5"": 1, ""6"": 1, ""7"": 2, ""8"": 1, ""9"": 1}",159,"{""backend"": ""evaluate_m19_theory_calibrated.candidate_features"", ""delta_mode"": ""none"", ""k_max"": 512, ""k_min"": 64, ""variant"": ""conservative""}",159,0.218707015130674,0.5471698113207547,0.5471698113207547,0.06918238993710692,1.0,"{""dp_17_64"": 0.2578616352201258, ""dp_257_plus"": 0.1509433962264151, ""dp_65_256"": 0.5911949685534591}","{""cn_0"": 1.0}",0.0,149.874213836478,sasb_candidate_builder,cad95337d9f22605f528f3395bf671c887b53fec0e87f6958d5726ffaf5d4ff8,159,cad95337d9f22605f528f3395bf671c887b53fec0e87f6958d5726ffaf5d4ff8,"{""sasb_builder"": 159}",0,0,0,0,{},0.0,"{""common_neighbor_bin_l1"": 0.0, ""degree_product_bin_l1"": 0.0, ""is_boundary_edge_l1"": 0.0, ""is_bridge_edge_l1"": 0.0, ""is_inter_community_edge_l1"": 0.0, ""is_low_common_neighbor_edge_l1"": 0.0, ""mean_l1"": 0.0}",1,32,32,0.0,0
realworld_completed,bio_celegans,SASB-candidate,sasb,SASB-structured,20260513,1202,middle,0.7880794701986755,0.7880794701986755,0.0,35,35,0,0.5935802469135802,0.5940740740740741,143,20,143--20,15,2,2,15,30,0,0.0,0,4,4,32,"[""96"", ""53"", ""60"", ""363"", ""51"", ""62"", ""364"", ""369"", ""373"", ""85"", ""359"", ""419"", ""82"", ""83"", ""143"", ""142"", ""343"", ""440"", ""154"", ""398"", ""281"", ""52"", ""32"", ""97"", ""193"", ""348"", ""376"", ""2"", ""388"", ""404"", ""50"", ""37""]",82584b6a6080842d670c0057b0c547c8d57459bf2f0bc0ca62ce4f27e4fcfd9e,"{""boundary"": 12, ""community_rep"": 5, ""degree_core"": 10, ""random_fill"": 5}","{""degree_2"": 1, ""degree_3_4"": 4, ""degree_5_8"": 6, ""degree_9_plus"": 21}","{""0"": 2, ""1"": 1, ""10"": 1, ""11"": 2, ""12"": 1, ""13"": 3, ""14"": 4, ""15"": 2, ""16"": 1, ""2"": 3, ""3"": 3, ""4"": 3, ""5"": 1, ""6"": 1, ""7"": 2, ""8"": 1, ""9"": 1}",159,"{""backend"": ""evaluate_m19_theory_calibrated.candidate_features"", ""delta_mode"": ""none"", ""k_max"": 512, ""k_min"": 64, ""variant"": ""conservative""}",159,0.2190082644628099,0.5471698113207547,0.5471698113207547,0.06918238993710692,1.0,"{""dp_17_64"": 0.2578616352201258, ""dp_257_plus"": 0.1509433962264151, ""dp_65_256"": 0.5911949685534591}","{""cn_0"": 1.0}",0.0,149.76100628930817,sasb_candidate_builder,dc28f25dfddc5dc2da336d9d3464802d5af1336df15ed784a35ab04d5846fa37,159,dc28f25dfddc5dc2da336d9d3464802d5af1336df15ed784a35ab04d5846fa37,"{""sasb_builder"": 159}",0,0,0,0,{},0.0,"{""common_neighbor_bin_l1"": 0.0, ""degree_product_bin_l1"": 0.0, ""is_boundary_edge_l1"": 0.0, ""is_bridge_edge_l1"": 0.0, ""is_inter_community_edge_l1"": 0.0, ""is_low_common_neighbor_edge_l1"": 0.0, ""mean_l1"": 0.0}",1,32,32,0.0,0
realworld_completed,bio_celegans,SASB-candidate,sasb,SASB-structured,20260513,1203,middle,0.7880794701986755,0.7726269315673289,0.015452538631346657,35,36,1,0.5940740740740741,0.5945679012345679,337,83,337--83,3,16,3,16,48,0,0.0,1,3,8,32,"[""96"", ""53"", ""60"", ""363"", ""51"", ""62"", ""364"", ""369"", ""373"", ""85"", ""359"", ""419"", ""82"", ""83"", ""142"", ""143"", ""343"", ""440"", ""154"", ""398"", ""281"", ""52"", ""32"", ""97"", ""193"", ""348"", ""376"", ""175"", ""329"", ""451"", ""397"", ""64""]",c72ad03adf44303d339653f296b956b460825925f397cbdb55cfdc73a0e1b009,"{""boundary"": 12, ""community_rep"": 5, ""degree_core"": 10, ""random_fill"": 5}","{""degree_2"": 2, ""degree_3_4"": 5, ""degree_5_8"": 4, ""degree_9_plus"": 21}","{""0"": 1, ""1"": 2, ""10"": 1, ""11"": 2, ""12"": 1, ""13"": 3, ""14"": 2, ""15"": 3, ""16"": 1, ""2"": 2, ""3"": 3, ""4"": 4, ""5"": 2, ""6"": 1, ""7"": 2, ""8"": 1, ""9"": 1}",159,"{""backend"": ""evaluate_m19_theory_calibrated.candidate_features"", ""delta_mode"": ""none"", ""k_max"": 512, ""k_min"": 64, ""variant"": ""conservative""}",159,0.2193103448275862,0.5471698113207547,0.5471698113207547,0.06918238993710692,1.0,"{""dp_17_64"": 0.2578616352201258, ""dp_257_plus"": 0.1509433962264151, ""dp_65_256"": 0.5911949685534591}","{""cn_0"": 1.0}",0.0,149.9748427672956,sasb_candidate_builder,8f2bf7fe5e949e4dfc409fb2a076e444260f44b6e0f25fd577943eb390bfc413,159,8f2bf7fe5e949e4dfc409fb2a076e444260f44b6e0f25fd577943eb390bfc413,"{""sasb_builder"": 159}",0,0,0,0,{},0.0,"{""common_neighbor_bin_l1"": 0.0, ""degree_product_bin_l1"": 0.0, ""is_boundary_edge_l1"": 0.0, ""is_bridge_edge_l1"": 0.0, ""is_inter_community_edge_l1"": 0.0, ""is_low_common_neighbor_edge_l1"": 0.0, ""mean_l1"": 0.0}",1,32,32,0.0,0
realworld_completed,bio_celegans,SASB-candidate,sasb,SASB-structured,20260513,1204,middle,0.7726269315673289,0.7726269315673289,0.0,36,36,0,0.5945679012345679,0.5950617283950618,353,96,353--96,5,57,5,57,285,1,0.25,0,13,13,32,"[""96"", ""53"", ""60"", ""363"", ""51"", ""62"", ""364"", ""369"", ""373"", ""85"", ""359"", ""419"", ""82"", ""83"", ""142"", ""143"", ""343"", ""440"", ""154"", ""398"", ""281"", ""52"", ""32"", ""97"", ""193"", ""348"", ""376"", ""395"", ""10"", ""306"", ""249"", ""217""]",b7f5e168f25a7e3d858fbf407bf218a787d81a2fc7e90cfea177b716a9678bba,"{""boundary"": 12, ""community_rep"": 5, ""degree_core"": 10, ""random_fill"": 5}","{""degree_2"": 2, ""degree_3_4"": 4, ""degree_5_8"": 5, ""degree_9_plus"": 21}","{""0"": 2, ""1"": 1, ""10"": 1, ""11"": 2, ""12"": 1, ""13"": 3, ""14"": 2, ""15"": 3, ""16"": 2, ""2"": 2, ""3"": 3, ""4"": 3, ""5"": 2, ""6"": 1, ""7"": 2, ""8"": 1, ""9"": 1}",157,"{""backend"": ""evaluate_m19_theory_calibrated.candidate_features"", ""delta_mode"": ""none"", ""k_max"": 512, ""k_min"": 64, ""variant"": ""conservative""}",157,0.21866295264623956,0.554140127388535,0.554140127388535,0.06369426751592357,1.0,"{""dp_17_64"": 0.2484076433121019, ""dp_257_plus"": 0.15286624203821655, ""dp_65_256"": 0.5987261146496815}","{""cn_0"": 1.0}",0.0,151.0955414012739,sasb_candidate_builder,17b35a9ffb76e8bef996fa9581c0bce2b8f49dfb97aff47ed6fd6c28698904a8,157,17b35a9ffb76e8bef996fa9581c0bce2b8f49dfb97aff47ed6fd6c28698904a8,"{""sasb_builder"": 157}",0,0,0,0,{},0.0,"{""common_neighbor_bin_l1"": 0.0, ""degree_product_bin_l1"": 0.0, ""is_boundary_edge_l1"": 0.0, ""is_bridge_edge_l1"": 0.0, ""is_inter_community_edge_l1"": 0.0, ""is_low_common_neighbor_edge_l1"": 0.0, ""mean_l1"": 0.0}",1,32,32,0.0,0
realworld_completed,bio_celegans,SASB-candidate,sasb,SASB-structured,20260513,1205,middle,0.7726269315673289,0.7726269315673289,0.0,36,36,0,0.5950617283950618,0.5955555555555555,79,92,79--92,5,8,5,8,40,1,0.25,1,7,4,32,"[""96"", ""53"", ""60"", ""363"", ""51"", ""364"", ""62"", ""369"", ""359"", ""373"", ""440"", ""85"", ""82"", ""83"", ""142"", ""143"", ""343"", ""154"", ""398"", ""281"", ""52"", ""109"", ""32"", ""97"", ""348"", ""376"", ""392"", ""88"", ""185"", ""189"", ""284"", ""23""]",7aef2c76b59a9ba3f5e8a66da6eadf3fc6dafb32459f0cfb015da3db8b8d1119,"{""boundary"": 12, ""community_rep"": 5, ""degree_core"": 10, ""random_fill"": 5}","{""degree_0_1"": 1, ""degree_2"": 2, ""degree_3_4"": 4, ""degree_5_8"": 3, ""degree_9_plus"": 22}","{""0"": 1, ""1"": 2, ""10"": 1, ""11"": 3, ""12"": 2, ""13"": 1, ""14"": 2, ""15"": 1, ""16"": 1, ""2"": 1, ""3"": 3, ""4"": 2, ""5"": 1, ""6"": 5, ""7"": 1, ""8"": 2, ""9"": 3}",157,"{""backend"": ""evaluate_m19_theory_calibrated.candidate_features"", ""delta_mode"": ""none"", ""k_max"": 512, ""k_min"": 64, ""variant"": ""conservative""}",157,0.21896792189679218,0.5222929936305732,0.5222929936305732,0.06369426751592357,1.0,"{""dp_17_64"": 0.2484076433121019, ""dp_257_plus"": 0.1464968152866242, ""dp_5_16"": 0.012738853503184714, ""dp_65_256"": 0.5923566878980892}","{""cn_0"": 0.9872611464968153, ""cn_1"": 0.012738853503184714}",0.012738853503184714,147.22292993630575,sasb_candidate_builder,79363da93d063fdf81e1b2d497f4319b18f499e58ae4198b8a3e8efdb1085314,157,79363da93d063fdf81e1b2d497f4319b18f499e58ae4198b8a3e8efdb1085314,"{""sasb_builder"": 157}",0,0,0,0,{},0.0,"{""common_neighbor_bin_l1"": 0.0, ""degree_product_bin_l1"": 0.0, ""is_boundary_edge_l1"": 0.0, ""is_bridge_edge_l1"": 0.0, ""is_inter_community_edge_l1"": 0.0, ""is_low_common_neighbor_edge_l1"": 0.0, ""mean_l1"": 0.0}",1,32,32,3970.3125,0
realworld_completed,bio_celegans,SASB-candidate,sasb,SASB-structured,20260513,1206,middle,0.7726269315673289,0.7461368653421634,0.026490066225165476,36,37,1,0.5955555555555555,0.5960493827160493,68,79,68--79,4,4,4,4,16,0,0.0,1,5,16,32,"[""96"", ""53"", ""60"", ""363"", ""51"", ""364"", ""62"", ""369"", ""359"", ""373"", ""440"", ""85"", ""82"", ""83"", ""142"", ""143"", ""343"", ""154"", ""398"", ""281"", ""52"", ""109"", ""32"", ""97"", ""348"", ""376"", ""392"", ""90"", ""226"", ""77"", ""186"", ""379""]",f38dc57cfd57c300cb2824b620fbc4ae84331f6130f8998a82b2d4769d54bb30,"{""boundary"": 12, ""community_rep"": 5, ""degree_core"": 10, ""random_fill"": 5}","{""degree_3_4"": 5, ""degree_5_8"": 5, ""degree_9_plus"": 22}","{""0"": 1, ""1"": 1, ""10"": 1, ""11"": 1, ""12"": 3, ""13"": 1, ""14"": 2, ""15"": 1, ""16"": 2, ""2"": 1, ""3"": 3, ""4"": 2, ""5"": 1, ""6"": 5, ""7"": 2, ""8"": 2, ""9"": 3}",157,"{""backend"": ""evaluate_m19_theory_calibrated.candidate_features"", ""delta_mode"": ""none"", ""k_max"": 512, ""k_min"": 64, ""variant"": ""conservative""}",157,0.21927374301675978,0.5159235668789809,0.5159235668789809,0.07006369426751592,1.0,"{""dp_17_64"": 0.2356687898089172, ""dp_257_plus"": 0.1464968152866242, ""dp_5_16"": 0.01910828025477707, ""dp_65_256"": 0.5987261146496815}","{""cn_0"": 1.0}",0.0,147.51592356687897,sasb_candidate_builder,51cd61c4ee132c4c63ab4fb8570e985f0429ebc6e40444bc6a8d61ef15493afb,157,51cd61c4ee132c4c63ab4fb8570e985f0429ebc6e40444bc6a8d61ef15493afb,"{""sasb_builder"": 157}",0,0,0,0,{},0.0,"{""common_neighbor_bin_l1"": 0.0, ""degree_product_bin_l1"": 0.0, ""is_boundary_edge_l1"": 0.0, ""is_bridge_edge_l1"": 0.0, ""is_inter_community_edge_l1"": 0.0, ""is_low_common_neighbor_edge_l1"": 0.0, ""mean_l1"": 0.0}",1,32,32,11331.25,0
realworld_completed,bio_celegans,SASB-candidate,sasb,SASB-structured,20260513,1207,middle,0.7461368653421634,0.7461368653421634,0.0,37,37,0,0.5960493827160493,0.5965432098765432,29,419,29--419,4,4,4,4,16,0,0.0,1,2,8,32,"[""96"", ""53"", ""60"", ""363"", ""51"", ""364"", ""62"", ""369"", ""359"", ""373"", ""440"", ""85"", ""82"", ""83"", ""142"", ""143"", ""343"", ""154"", ""398"", ""52"", ""109"", ""220"", ""32"", ""97"", ""348"", ""376"", ""392"", ""94"", ""30"", ""196"", ""192"", ""16""]",9828d200ef264bb84f9bfbb8bb5807250ce6689a9ffee81acf436b656d96a576,"{""boundary"": 12, ""community_rep"": 5, ""degree_core"": 10, ""random_fill"": 5}","{""degree_2"": 2, ""degree_3_4"": 3, ""degree_5_8"": 5, ""degree_9_plus"": 22}","{""0"": 1, ""1"": 1, ""10"": 1, ""11"": 2, ""12"": 3, ""13"": 2, ""14"": 3, ""15"": 1, ""16"": 1, ""2"": 1, ""3"": 3, ""4"": 3, ""5"": 1, ""6"": 5, ""8"": 1, ""9"": 3}",153,"{""backend"": ""evaluate_m19_theory_calibrated.candidate_features"", ""delta_mode"": ""none"", ""k_max"": 512, ""k_min"": 64, ""variant"": ""conservative""}",153,0.2230320699708455,0.5228758169934641,0.5228758169934641,0.06535947712418301,1.0,"{""dp_17_64"": 0.22875816993464052, ""dp_257_plus"": 0.1503267973856209, ""dp_5_16"": 0.013071895424836602, ""dp_65_256"": 0.6078431372549019}","{""cn_0"": 1.0}",0.0,149.87581699346404,sasb_candidate_builder,7c892c72ff1c2d3e9fd8d3ea9f7d881bdf0720c62bcddb10016653a3dcec73ec,153,7c892c72ff1c2d3e9fd8d3ea9f7d881bdf0720c62bcddb10016653a3dcec73ec,"{""sasb_builder"": 153}",0,0,0,0,{},0.0,"{""common_neighbor_bin_l1"": 0.0, ""degree_product_bin_l1"": 0.0, ""is_boundary_edge_l1"": 0.0, ""is_bridge_edge_l1"": 0.0, ""is_inter_community_edge_l1"": 0.0, ""is_low_common_neighbor_edge_l1"": 0.0, ""mean_l1"": 0.0}",1,32,32,2408.103830181217,0
realworld_completed,bio_celegans,SASB-candidate,sasb,SASB-structured,20260513,1208,middle,0.7461368653421634,0.7461368653421634,0.0,37,37,0,0.5965432098765432,0.597037037037037,329,357,329--357,2,4,2,4,8,0,0.0,0,4,4,32,"[""96"", ""53"", ""60"", ""363"", ""51"", ""364"", ""62"", ""369"", ""359"", ""373"", ""440"", ""85"", ""82"", ""83"", ""142"", ""143"", ""343"", ""154"", ""398"", ""52"", ""109"", ""220"", ""32"", ""97"", ""348"", ""376"", ""392"", ""31"", ""429"", ""30"", ""400"", ""162""]",81682e69e52e281b93d2d31b7b9adcb771e43f697df95e88c02fae5127ae9b9c,"{""boundary"": 12, ""community_rep"": 5, ""degree_core"": 10, ""random_fill"": 5}","{""degree_2"": 1, ""degree_3_4"": 4, ""degree_5_8"": 5, ""degree_9_plus"": 22}","{""0"": 1, ""1"": 2, ""10"": 1, ""11"": 2, ""12"": 2, ""13"": 1, ""14"": 3, ""15"": 1, ""16"": 1, ""2"": 2, ""3"": 3, ""4"": 2, ""5"": 1, ""6"": 6, ""8"": 1, ""9"": 3}",153,"{""backend"": ""evaluate_m19_theory_calibrated.candidate_features"", ""delta_mode"": ""none"", ""k_max"": 512, ""k_min"": 64, ""variant"": ""conservative""}",153,0.22335766423357664,0.5163398692810458,0.5163398692810458,0.06535947712418301,1.0,"{""dp_17_64"": 0.24183006535947713, ""dp_257_plus"": 0.1503267973856209, ""dp_5_16"": 0.006535947712418301, ""dp_65_256"": 0.6013071895424836}","{""cn_0"": 1.0}",0.0,149.50980392156862,sasb_candidate_builder,c8b8bd593b9d1269143b9551538db0b76487186b46613891fd9936348b566c79,153,c8b8bd593b9d1269143b9551538db0b76487186b46613891fd9936348b566c79,"{""sasb_builder"": 153}",0,0,0,0,{},0.0,"{""common_neighbor_bin_l1"": 0.0, ""degree_product_bin_l1"": 0.0, ""is_boundary_edge_l1"": 0.0, ""is_bridge_edge_l1"": 0.0, ""is_inter_community_edge_l1"": 0.0, ""is_low_common_neighbor_edge_l1"": 0.0, ""mean_l1"": 0.0}",1,32,32,579.2567539973656,0
realworld_completed,bio_celegans,SASB-candidate,sasb,SASB-structured,20260513,1209,middle,0.7461368653421634,0.7439293598233996,0.002207505518763808,37,38,1,0.597037037037037,0.5975308641975309,354,96,354--96,1,56,1,56,56,0,0.0,0,0,0,32,"[""96"", ""53"", ""60"", ""363"", ""51"", ""364"", ""62"", ""369"", ""359"", ""373"", ""440"", ""85"", ""82"", ""83"", ""142"", ""143"", ""343"", ""154"", ""398"", ""52"", ""109"", ""220"", ""32"", ""97"", ""348"", ""376"", ""392"", ""17"", ""291"", ""427"", ""323"", ""15""]",2a108740a61f2b72dff1402885097b05ee6cc45e8bfec1be9e9689c8496a3a72,"{""boundary"": 12, ""community_rep"": 5, ""degree_core"": 10, ""random_fill"": 5}","{""degree_2"": 3, ""degree_3_4"": 4, ""degree_5_8"": 3, ""degree_9_plus"": 22}","{""0"": 1, ""1"": 1, ""10"": 1, ""11"": 1, ""12"": 2, ""13"": 1, ""14"": 2, ""15"": 1, ""16"": 1, ""2"": 2, ""3"": 4, ""4"": 2, ""5"": 2, ""6"": 7, ""8"": 1, ""9"": 3}",153,"{""backend"": ""evaluate_m19_theory_calibrated.candidate_features"", ""delta_mode"": ""none"", ""k_max"": 512, ""k_min"": 64, ""variant"": ""conservative""}",153,0.2236842105263158,0.5098039215686274,0.5098039215686274,0.06535947712418301,1.0,"{""dp_17_64"": 0.24183006535947713, ""dp_257_plus"": 0.1503267973856209, ""dp_65_256"": 0.6078431372549019}","{""cn_0"": 1.0}",0.0,149.65359477124184,sasb_candidate_builder,244db0140814458dd3d7eb88220890104c2db7196acb08a77a967e19413d4d40,153,244db0140814458dd3d7eb88220890104c2db7196acb08a77a967e19413d4d40,"{""sasb_builder"": 153}",0,0,0,0,{},0.0,"{""common_neighbor_bin_l1"": 0.0, ""degree_product_bin_l1"": 0.0, ""is_boundary_edge_l1"": 0.0, ""is_bridge_edge_l1"": 0.0, ""is_inter_community_edge_l1"": 0.0, ""is_low_common_neighbor_edge_l1"": 0.0, ""mean_l1"": 0.0}",1,32,32,0.0,0
realworld_completed,bio_celegans,SASB-candidate,sasb,SASB-structured,20260513,1210,middle,0.7439293598233996,0.7439293598233996,0.0,38,38,0,0.5975308641975309,0.5980246913580247,355,52,355--52,3,11,3,11,33,0,0.0,0,12,12,32,"[""96"", ""53"", ""60"", ""363"", ""51"", ""364"", ""62"", ""369"", ""359"", ""373"", ""440"", ""85"", ""82"", ""83"", ""142"", ""143"", ""343"", ""154"", ""398"", ""52"", ""109"", ""220"", ""32"", ""97"", ""348"", ""376"", ""392"", ""241"", ""380"", ""444"", ""429"", ""39""]",11318d8549f15ccc2ccbde03f8885959a3153149684289777a553718fc5793bc,"{""boundary"": 12, ""community_rep"": 5, ""degree_core"": 10, ""random_fill"": 5}","{""degree_2"": 2, ""degree_3_4"": 5, ""degree_5_8"": 3, ""degree_9_plus"": 22}","{""0"": 1, ""1"": 1, ""10"": 1, ""11"": 1, ""12"": 3, ""13"": 1, ""14"": 2, ""15"": 1, ""16"": 1, ""2"": 2, ""3"": 3, ""4"": 2, ""5"": 1, ""6"": 6, ""8"": 2, ""9"": 4}",153,"{""backend"": ""evaluate_m19_theory_calibrated.candidate_features"", ""delta_mode"": ""none"", ""k_max"": 512, ""k_min"": 64, ""variant"": ""conservative""}",153,0.2240117130307467,0.5098039215686274,0.5098039215686274,0.058823529411764705,1.0,"{""dp_17_64"": 0.24183006535947713, ""dp_257_plus"": 0.1503267973856209, ""dp_65_256"": 0.6078431372549019}","{""cn_0"": 1.0}",0.0,147.92156862745097,sasb_candidate_builder,2e7e8b35f139162b693c5264e6f875965db50595b94dc04796810853ec10962a,153,2e7e8b35f139162b693c5264e6f875965db50595b94dc04796810853ec10962a,"{""sasb_builder"": 153}",0,0,0,0,{},0.0,"{""common_neighbor_bin_l1"": 0.0, ""degree_product_bin_l1"": 0.0, ""is_boundary_edge_l1"": 0.0, ""is_bridge_edge_l1"": 0.0, ""is_inter_community_edge_l1"": 0.0, ""is_low_common_neighbor_edge_l1"": 0.0, ""mean_l1"": 0.0}",1,32,32,0.0,0
realworld_completed,bio_celegans,SASB-candidate,sasb,SASB-structured,20260513,1211,middle,0.7439293598233996,0.7439293598233996,0.0,38,38,0,0.5980246913580247,0.5985185185185186,355,53,355--53,2,26,2,26,52,0,0.0,0,9,9,32,"[""96"", ""53"", ""60"", ""363"", ""51"", ""364"", ""62"", ""369"", ""359"", ""373"", ""440"", ""85"", ""82"", ""83"", ""142"", ""143"", ""343"", ""154"", ""398"", ""109"", ""220"", ""52"", ""32"", ""97"", ""348"", ""376"", ""392"", ""8"", ""217"", ""387"", ""64"", ""385""]",cc37f5f4377c8ef07d625c2c590d73f782601a9b188609b4d7370e38ecc7aa4b,"{""boundary"": 12, ""community_rep"": 5, ""degree_core"": 10, ""random_fill"": 5}","{""degree_2"": 1, ""degree_3_4"": 5, ""degree_5_8"": 4, ""degree_9_plus"": 22}","{""0"": 1, ""1"": 1, ""10"": 1, ""11"": 3, ""12"": 2, ""13"": 1, ""14"": 2, ""15"": 1, ""16"": 2, ""2"": 1, ""3"": 3, ""4"": 2, ""5"": 1, ""6"": 6, ""8"": 2, ""9"": 3}",152,"{""backend"": ""evaluate_m19_theory_calibrated.candidate_features"", ""delta_mode"": ""none"", ""k_max"": 512, ""k_min"": 64, ""variant"": ""conservative""}",152,0.22287390029325513,0.5131578947368421,0.5131578947368421,0.05921052631578947,1.0,"{""dp_17_64"": 0.24342105263157895, ""dp_257_plus"": 0.1513157894736842, ""dp_65_256"": 0.6052631578947368}","{""cn_0"": 1.0}",0.0,148.0,sasb_candidate_builder,8758277e093a8c775b0c6697098d8f8c18604964b0eac4a8ae7953ca7293030f,152,8758277e093a8c775b0c6697098d8f8c18604964b0eac4a8ae7953ca7293030f,"{""sasb_builder"": 152}",0,0,0,0,{},0.0,"{""common_neighbor_bin_l1"": 0.0, ""degree_product_bin_l1"": 0.0, ""is_boundary_edge_l1"": 0.0, ""is_bridge_edge_l1"": 0.0, ""is_inter_community_edge_l1"": 0.0, ""is_low_common_neighbor_edge_l1"": 0.0, ""mean_l1"": 0.0}",1,32,32,0.0,0
realworld_completed,bio_celegans,SASB-candidate,sasb,SASB-structured,20260513,1212,middle,0.7439293598233996,0.7417218543046358,0.002207505518763808,38,39,1,0.5985185185185186,0.5990123456790123,355,96,355--96,1,55,1,55,55,0,0.0,0,0,0,32,"[""96"", ""53"", ""60"", ""363"", ""51"", ""364"", ""62"", ""369"", ""359"", ""373"", ""440"", ""85"", ""82"", ""83"", ""142"", ""143"", ""343"", ""154"", ""398"", ""109"", ""220"", ""52"", ""32"", ""97"", ""348"", ""376"", ""392"", ""328"", ""362"", ""203"", ""431"", ""23""]",c96362f8022ad7da26bfa56cd3abc2e95008cc3d04fa82cf667000853befab71,"{""boundary"": 12, ""community_rep"": 5, ""degree_core"": 10, ""random_fill"": 5}","{""degree_2"": 1, ""degree_3_4"": 6, ""degree_5_8"": 3, ""degree_9_plus"": 22}","{""0"": 1, ""1"": 1, ""10"": 1, ""11"": 2, ""12"": 2, ""13"": 1, ""14"": 2, ""15"": 1, ""16"": 1, ""2"": 1, ""3"": 4, ""4"": 3, ""5"": 1, ""6"": 5, ""8"": 2, ""9"": 4}",152,"{""backend"": ""evaluate_m19_theory_calibrated.candidate_features"", ""delta_mode"": ""none"", ""k_max"": 512, ""k_min"": 64, ""variant"": ""conservative""}",152,0.22320117474302498,0.506578947368421,0.506578947368421,0.06578947368421052,1.0,"{""dp_17_64"": 0.25, ""dp_257_plus"": 0.1513157894736842, ""dp_65_256"": 0.5986842105263158}","{""cn_0"": 1.0}",0.0,146.8421052631579,sasb_candidate_builder,33384047bc3965a8cde3b97f6a812a13ac9255b37257965b5c3404c5c02277f7,152,33384047bc3965a8cde3b97f6a812a13ac9255b37257965b5c3404c5c02277f7,"{""sasb_builder"": 152}",0,0,0,0,{},0.0,"{""common_neighbor_bin_l1"": 0.0, ""degree_product_bin_l1"": 0.0, ""is_boundary_edge_l1"": 0.0, ""is_bridge_edge_l1"": 0.0, ""is_inter_community_edge_l1"": 0.0, ""is_low_common_neighbor_edge_l1"": 0.0, ""mean_l1"": 0.0}",1,32,32,0.0,0
realworld_completed,bio_celegans,SASB-candidate,sasb,SASB-structured,20260513,1213,middle,0.7417218543046358,0.7417218543046358,0.0,39,39,0,0.5990123456790123,0.5995061728395061,356,96,356--96,2,54,2,54,108,0,0.0,1,5,0,32,"[""96"", ""53"", ""60"", ""363"", ""51"", ""364"", ""62"", ""369"", ""359"", ""373"", ""440"", ""85"", ""82"", ""83"", ""142"", ""143"", ""343"", ""154"", ""398"", ""109"", ""220"", ""52"", ""32"", ""97"", ""348"", ""376"", ""392"", ""238"", ""434"", ""289"", ""406"", ""429""]",dd65cf93e1bb52c387d0e72525dc0b828b47bafb23f7525bec013140ad8b5168,"{""boundary"": 12, ""community_rep"": 5, ""degree_core"": 10, ""random_fill"": 5}","{""degree_2"": 1, ""degree_3_4"": 5, ""degree_5_8"": 4, ""degree_9_plus"": 22}","{""0"": 1, ""1"": 1, ""10"": 2, ""11"": 2, ""12"": 2, ""13"": 1, ""14"": 2, ""15"": 1, ""16"": 2, ""2"": 1, ""3"": 3, ""4"": 2, ""5"": 1, ""6"": 6, ""8"": 1, ""9"": 4}",152,"{""backend"": ""evaluate_m19_theory_calibrated.candidate_features"", ""delta_mode"": ""none"", ""k_max"": 512, ""k_min"": 64, ""variant"": ""conservative""}",152,0.2235294117647059,0.5,0.5,0.05921052631578947,1.0,"{""dp_17_64"": 0.25, ""dp_257_plus"": 0.1513157894736842, ""dp_65_256"": 0.5986842105263158}","{""cn_0"": 1.0}",0.0,145.22368421052633,sasb_candidate_builder,69998b8717acb45ea9071099aa4fafe516a6ccd7558f7e9ca7dc42000fd92e7e,152,69998b8717acb45ea9071099aa4fafe516a6ccd7558f7e9ca7dc42000fd92e7e,"{""sasb_builder"": 152}",0,0,0,0,{},0.0,"{""common_neighbor_bin_l1"": 0.0, ""degree_product_bin_l1"": 0.0, ""is_boundary_edge_l1"": 0.0, ""is_bridge_edge_l1"": 0.0, ""is_inter_community_edge_l1"": 0.0, ""is_low_common_neighbor_edge_l1"": 0.0, ""mean_l1"": 0.0}",1,32,32,0.0,0
realworld_completed,bio_celegans,SASB-candidate,sasb,SASB-structured,20260513,1214,middle,0.7417218543046358,0.7417218543046358,0.0,39,39,0,0.5995061728395061,0.6,357,62,357--62,3,16,3,16,48,1,0.5,0,8,8,32,"[""96"", ""53"", ""60"", ""363"", ""51"", ""364"", ""62"", ""369"", ""359"", ""373"", ""440"", ""85"", ""82"", ""83"", ""142"", ""143"", ""343"", ""154"", ""398"", ""109"", ""220"", ""52"", ""32"", ""97"", ""348"", ""376"", ""392"", ""121"", ""234"", ""443"", ""401"", ""318""]",0d7adf2531d4eb011f8b092e27c580354d32ebf8cbcaac3c72e2e12fb303fb0b,"{""boundary"": 12, ""community_rep"": 5, ""degree_core"": 10, ""random_fill"": 5}","{""degree_0_1"": 1, ""degree_2"": 1, ""degree_3_4"": 3, ""degree_5_8"": 5, ""degree_9_plus"": 22}","{""0"": 1, ""1"": 1, ""10"": 1, ""11"": 2, ""12"": 3, ""13"": 1, ""14"": 3, ""15"": 1, ""16"": 1, ""2"": 2, ""3"": 3, ""4"": 2, ""5"": 1, ""6"": 5, ""8"": 1, ""9"": 4}",152,"{""backend"": ""evaluate_m19_theory_calibrated.candidate_features"", ""delta_mode"": ""none"", ""k_max"": 512, ""k_min"": 64, ""variant"": ""conservative""}",152,0.22385861561119294,0.4934210526315789,0.4934210526315789,0.05921052631578947,1.0,"{""dp_17_64"": 0.2565789473684211, ""dp_257_plus"": 0.1513157894736842, ""dp_65_256"": 0.5921052631578947}","{""cn_0"": 1.0}",0.0,143.39473684210526,sasb_candidate_builder,1d3dddc396bc1adc84a84027ce3a8ea64d8194ec7a307b7af3c74490b4581939,152,1d3dddc396bc1adc84a84027ce3a8ea64d8194ec7a307b7af3c74490b4581939,"{""sasb_builder"": 152}",0,0,0,0,{},0.0,"{""common_neighbor_bin_l1"": 0.0, ""degree_product_bin_l1"": 0.0, ""is_boundary_edge_l1"": 0.0, ""is_bridge_edge_l1"": 0.0, ""is_inter_community_edge_l1"": 0.0, ""is_low_common_neighbor_edge_l1"": 0.0, ""mean_l1"": 0.0}",1,32,32,0.0,0
realworld_completed,bio_celegans,SASB-candidate,sasb,SASB-structured,20260513,1215,middle,0.7417218543046358,0.7417218543046358,0.0,39,39,0,0.6,0.6004938271604938,134,410,134--410,8,5,5,8,40,1,0.25,1,11,4,32,"[""96"", ""53"", ""363"", ""60"", ""51"", ""62"", ""364"", ""369"", ""359"", ""373"", ""410"", ""440"", ""82"", ""83"", ""142"", ""143"", ""343"", ""154"", ""398"", ""109"", ""220"", ""52"", ""85"", ""32"", ""134"", ""97"", ""348"", ""376"", ""257"", ""20"", ""99"", ""301""]",27004365ccd0e99d1ace001492d9f33159e00f8e9647dbd28a612172ed9bea52,"{""boundary"": 12, ""community_rep"": 6, ""degree_core"": 10, ""random_fill"": 4}","{""degree_0_1"": 2, ""degree_2"": 1, ""degree_3_4"": 2, ""degree_5_8"": 5, ""degree_9_plus"": 22}","{""0"": 1, ""1"": 1, ""10"": 3, ""11"": 2, ""12"": 1, ""13"": 2, ""16"": 1, ""17"": 1, ""2"": 1, ""3"": 2, ""4"": 3, ""5"": 2, ""6"": 4, ""7"": 2, ""8"": 5, ""9"": 1}",152,"{""backend"": ""evaluate_m19_theory_calibrated.candidate_features"", ""delta_mode"": ""none"", ""k_max"": 512, ""k_min"": 64, ""variant"": ""conservative""}",152,0.22418879056047197,0.5197368421052632,0.5197368421052632,0.06578947368421052,1.0,"{""dp_17_64"": 0.24342105263157895, ""dp_257_plus"": 0.1513157894736842, ""dp_5_16"": 0.02631578947368421, ""dp_65_256"": 0.5789473684210527}","{""cn_0"": 0.9868421052631579, ""cn_1"": 0.013157894736842105}",0.013157894736842105,140.98026315789474,sasb_candidate_builder,cdc62fa18efb12104892fd34cb16a81aba05f47fb6a27433432d463765091495,152,cdc62fa18efb12104892fd34cb16a81aba05f47fb6a27433432d463765091495,"{""sasb_builder"": 152}",0,0,0,0,{},0.0,"{""common_neighbor_bin_l1"": 0.0, ""degree_product_bin_l1"": 0.0, ""is_boundary_edge_l1"": 0.0, ""is_bridge_edge_l1"": 0.0, ""is_inter_community_edge_l1"": 0.0, ""is_low_common_neighbor_edge_l1"": 0.0, ""mean_l1"": 0.0}",1,32,32,5292.0,0
realworld_completed,bio_celegans,SASB-candidate,sasb,SASB-structured,20260513,1216,middle,0.7417218543046358,0.7417218543046358,0.0,39,39,0,0.6004938271604938,0.6009876543209877,137,410,137--410,3,4,3,4,12,0,0.0,1,11,4,32,"[""96"", ""53"", ""363"", ""60"", ""51"", ""62"", ""364"", ""369"", ""359"", ""373"", ""440"", ""85"", ""82"", ""83"", ""142"", ""143"", ""343"", ""154"", ""398"", ""109"", ""220"", ""52"", ""32"", ""134"", ""97"", ""348"", ""376"", ""392"", ""139"", ""315"", ""102"", ""177""]",aea1ef7a216d81b47a5f77c7602a198264ed6dc3570814f879b51d0d039a1840,"{""boundary"": 12, ""community_rep"": 6, ""degree_core"": 10, ""random_fill"": 4}","{""degree_0_1"": 2, ""degree_2"": 1, ""degree_3_4"": 2, ""degree_5_8"": 5, ""degree_9_plus"": 22}","{""0"": 1, ""1"": 1, ""10"": 3, ""11"": 3, ""12"": 1, ""13"": 2, ""14"": 1, ""16"": 1, ""17"": 1, ""2"": 1, ""3"": 2, ""4"": 2, ""5"": 3, ""6"": 1, ""7"": 3, ""8"": 5, ""9"": 1}",152,"{""backend"": ""evaluate_m19_theory_calibrated.candidate_features"", ""delta_mode"": ""none"", ""k_max"": 512, ""k_min"": 64, ""variant"": ""conservative""}",152,0.22451994091580502,0.5131578947368421,0.5131578947368421,0.06578947368421052,1.0,"{""dp_17_64"": 0.23684210526315788, ""dp_257_plus"": 0.14473684210526316, ""dp_5_16"": 0.02631578947368421, ""dp_65_256"": 0.5921052631578947}","{""cn_0"": 1.0}",0.0,140.80921052631578,sasb_candidate_builder,b5354831262024a1d868897c14e814b608cf549351d20c609da1d424a315bef8,152,b5354831262024a1d868897c14e814b608cf549351d20c609da1d424a315bef8,"{""sasb_builder"": 152}",0,0,0,0,{},0.0,"{""common_neighbor_bin_l1"": 0.0, ""degree_product_bin_l1"": 0.0, ""is_boundary_edge_l1"": 0.0, ""is_bridge_edge_l1"": 0.0, ""is_inter_community_edge_l1"": 0.0, ""is_low_common_neighbor_edge_l1"": 0.0, ""mean_l1"": 0.0}",1,32,32,3564.75,0
realworld_completed,bio_celegans,SASB-candidate,sasb,SASB-structured,20260513,1217,middle,0.7417218543046358,0.7417218543046358,0.0,39,39,0,0.6009876543209877,0.6014814814814815,212,441,212--441,4,4,4,4,16,0,0.0,1,3,4,32,"[""96"", ""53"", ""363"", ""60"", ""51"", ""62"", ""364"", ""369"", ""359"", ""373"", ""440"", ""85"", ""82"", ""83"", ""142"", ""143"", ""343"", ""154"", ""398"", ""109"", ""220"", ""52"", ""32"", ""134"", ""97"", ""348"", ""376"", ""392"", ""67"", ""177"", ""324"", ""95""]",a58983d665eb84d9b977cd159e545161781f542255b2ba60a485c04a895bfcc8,"{""boundary"": 12, ""community_rep"": 6, ""degree_core"": 10, ""random_fill"": 4}","{""degree_2"": 2, ""degree_3_4"": 4, ""degree_5_8"": 4, ""degree_9_plus"": 22}","{""0"": 1, ""1"": 1, ""10"": 3, ""11"": 2, ""12"": 1, ""13"": 2, ""14"": 1, ""15"": 1, ""16"": 1, ""17"": 1, ""2"": 1, ""3"": 2, ""4"": 3, ""5"": 2, ""6"": 1, ""7"": 2, ""8"": 5, ""9"": 2}",152,"{""backend"": ""evaluate_m19_theory_calibrated.candidate_features"", ""delta_mode"": ""none"", ""k_max"": 512, ""k_min"": 64, ""variant"": ""conservative""}",152,0.22485207100591717,0.506578947368421,0.506578947368421,0.06578947368421052,1.0,"{""dp_17_64"": 0.24342105263157895, ""dp_257_plus"": 0.14473684210526316, ""dp_5_16"": 0.019736842105263157, ""dp_65_256"": 0.5921052631578947}","{""cn_0"": 1.0}",0.0,140.8421052631579,sasb_candidate_builder,11afae07bdff7244dbda5fc79f8891d71fc4e177d67ad32c3150bd3f1c323684,152,11afae07bdff7244dbda5fc79f8891d71fc4e177d67ad32c3150bd3f1c323684,"{""sasb_builder"": 152}",0,0,0,0,{},0.0,"{""common_neighbor_bin_l1"": 0.0, ""degree_product_bin_l1"": 0.0, ""is_boundary_edge_l1"": 0.0, ""is_bridge_edge_l1"": 0.0, ""is_inter_community_edge_l1"": 0.0, ""is_low_common_neighbor_edge_l1"": 0.0, ""mean_l1"": 0.0}",1,32,32,937.7579331109957,0
realworld_completed,bio_celegans,SASB-candidate,sasb,SASB-structured,20260513,1218,middle,0.7417218543046358,0.7417218543046358,0.0,39,39,0,0.6014814814814815,0.6019753086419753,190,224,190--224,4,3,3,4,12,0,0.0,1,3,8,32,"[""96"", ""53"", ""363"", ""60"", ""51"", ""62"", ""364"", ""369"", ""359"", ""373"", ""440"", ""85"", ""82"", ""83"", ""142"", ""143"", ""343"", ""154"", ""398"", ""109"", ""220"", ""52"", ""32"", ""134"", ""97"", ""348"", ""376"", ""392"", ""422"", ""323"", ""121"", ""217""]",0b73d72b49927a227f5c952ef33c52f8e1ae9d2e968d26e8e0c00bed86308615,"{""boundary"": 12, ""community_rep"": 6, ""degree_core"": 10, ""random_fill"": 4}","{""degree_3_4"": 4, ""degree_5_8"": 6, ""degree_9_plus"": 22}","{""0"": 2, ""1"": 1, ""10"": 3, ""11"": 2, ""12"": 1, ""13"": 2, ""14"": 1, ""16"": 1, ""17"": 1, ""2"": 2, ""3"": 2, ""4"": 2, ""5"": 2, ""6"": 1, ""7"": 2, ""8"": 6, ""9"": 1}",152,"{""backend"": ""evaluate_m19_theory_calibrated.candidate_features"", ""delta_mode"": ""none"", ""k_max"": 512, ""k_min"": 64, ""variant"": ""conservative""}",152,0.22518518518518518,0.5,0.5,0.06578947368421052,1.0,"{""dp_17_64"": 0.2565789473684211, ""dp_257_plus"": 0.14473684210526316, ""dp_5_16"": 0.013157894736842105, ""dp_65_256"": 0.5855263157894737}","{""cn_0"": 1.0}",0.0,140.80263157894737,sasb_candidate_builder,ebac9f7bf918c103b96cfadd368954218418462d57a291c9fe024f0242300c4e,152,ebac9f7bf918c103b96cfadd368954218418462d57a291c9fe024f0242300c4e,"{""sasb_builder"": 152}",0,0,0,0,{},0.0,"{""common_neighbor_bin_l1"": 0.0, ""degree_product_bin_l1"": 0.0, ""is_boundary_edge_l1"": 0.0, ""is_bridge_edge_l1"": 0.0, ""is_inter_community_edge_l1"": 0.0, ""is_low_common_neighbor_edge_l1"": 0.0, ""mean_l1"": 0.0}",1,32,32,265.8772382488279,0
realworld_completed,bio_celegans,SASB-candidate,sasb,SASB-structured,20260513,1219,middle,0.7417218543046358,0.7417218543046358,0.0,39,39,0,0.6019753086419753,0.6024691358024692,314,80,314--80,5,4,4,5,20,0,0.0,1,3,6,32,"[""96"", ""53"", ""363"", ""60"", ""51"", ""62"", ""364"", ""369"", ""359"", ""373"", ""440"", ""85"", ""82"", ""83"", ""142"", ""143"", ""343"", ""154"", ""398"", ""109"", ""220"", ""52"", ""32"", ""134"", ""97"", ""348"", ""376"", ""392"", ""25"", ""439"", ""211"", ""150""]",7bae333d3f0d60cc2798de1b145cb7d99399ebf743e1ef5bad55cfe9aa2966fc,"{""boundary"": 12, ""community_rep"": 6, ""degree_core"": 10, ""random_fill"": 4}","{""degree_0_1"": 2, ""degree_2"": 1, ""degree_3_4"": 2, ""degree_5_8"": 5, ""degree_9_plus"": 22}","{""0"": 1, ""1"": 1, ""10"": 3, ""11"": 2, ""12"": 1, ""13"": 2, ""14"": 1, ""16"": 1, ""17"": 1, ""2"": 1, ""3"": 2, ""4"": 3, ""5"": 2, ""6"": 1, ""7"": 2, ""8"": 6, ""9"": 2}",152,"{""backend"": ""evaluate_m19_theory_calibrated.candidate_features"", ""delta_mode"": ""none"", ""k_max"": 512, ""k_min"": 64, ""variant"": ""conservative""}",152,0.22551928783382788,0.4934210526315789,0.4934210526315789,0.06578947368421052,1.0,"{""dp_17_64"": 0.2631578947368421, ""dp_257_plus"": 0.14473684210526316, ""dp_5_16"": 0.006578947368421052, ""dp_65_256"": 0.5855263157894737}","{""cn_0"": 1.0}",0.0,141.01973684210526,sasb_candidate_builder,9f9e14bd1ba8152c3c106729c03d10a102e19725cf4a7efbaf68ff8070840492,152,9f9e14bd1ba8152c3c106729c03d10a102e19725cf4a7efbaf68ff8070840492,"{""sasb_builder"": 152}",0,0,0,0,{},0.0,"{""common_neighbor_bin_l1"": 0.0, ""degree_product_bin_l1"": 0.0, ""is_boundary_edge_l1"": 0.0, ""is_bridge_edge_l1"": 0.0, ""is_inter_community_edge_l1"": 0.0, ""is_low_common_neighbor_edge_l1"": 0.0, ""mean_l1"": 0.0}",1,32,32,0.0,0
realworld_completed,bio_celegans,SASB-candidate,sasb,SASB-structured,20260513,1220,middle,0.7417218543046358,0.7417218543046358,0.0,39,39,0,0.6024691358024692,0.6029629629629629,357,96,357--96,2,53,2,53,106,0,0.0,1,8,0,32,"[""96"", ""53"", ""363"", ""60"", ""51"", ""62"", ""364"", ""369"", ""359"", ""373"", ""440"", ""85"", ""82"", ""83"", ""142"", ""143"", ""343"", ""154"", ""398"", ""109"", ""220"", ""52"", ""32"", ""134"", ""97"", ""348"", ""376"", ""392"", ""393"", ""403"", ""336"", ""180""]",cb32cdb4e4b389cc37e7ff2abf34504e366170a1c28465f21ade2ba1075a63b8,"{""boundary"": 12, ""community_rep"": 6, ""degree_core"": 10, ""random_fill"": 4}","{""degree_0_1"": 1, ""degree_2"": 2, ""degree_3_4"": 3, ""degree_5_8"": 4, ""degree_9_plus"": 22}","{""0"": 1, ""1"": 1, ""10"": 4, ""11"": 1, ""12"": 1, ""13"": 3, ""14"": 1, ""16"": 1, ""17"": 1, ""2"": 1, ""3"": 2, ""4"": 2, ""5"": 2, ""6"": 1, ""7"": 2, ""8"": 6, ""9"": 2}",151,"{""backend"": ""evaluate_m19_theory_calibrated.candidate_features"", ""delta_mode"": ""none"", ""k_max"": 512, ""k_min"": 64, ""variant"": ""conservative""}",151,0.22436849925705796,0.4900662251655629,0.4900662251655629,0.06622516556291391,1.0,"{""dp_17_64"": 0.2582781456953642, ""dp_257_plus"": 0.1456953642384106, ""dp_5_16"": 0.006622516556291391, ""dp_65_256"": 0.5894039735099338}","{""cn_0"": 1.0}",0.0,141.65562913907286,sasb_candidate_builder,ffd313f6d639d9d2ea1021919b977eec786d605c6b8654a1bb2890d88f29ed87,151,ffd313f6d639d9d2ea1021919b977eec786d605c6b8654a1bb2890d88f29ed87,"{""sasb_builder"": 151}",0,0,0,0,{},0.0,"{""common_neighbor_bin_l1"": 0.0, ""degree_product_bin_l1"": 0.0, ""is_boundary_edge_l1"": 0.0, ""is_bridge_edge_l1"": 0.0, ""is_inter_community_edge_l1"": 0.0, ""is_low_common_neighbor_edge_l1"": 0.0, ""mean_l1"": 0.0}",1,32,32,0.0,0
realworld_completed,bio_celegans,SASB-candidate,sasb,SASB-structured,20260513,1221,middle,0.7417218543046358,0.7417218543046358,0.0,39,39,0,0.6029629629629629,0.6034567901234568,346,62,346--62,3,15,3,15,45,1,0.5,0,7,7,32,"[""96"", ""53"", ""363"", ""60"", ""51"", ""62"", ""364"", ""369"", ""359"", ""373"", ""440"", ""85"", ""82"", ""83"", ""142"", ""143"", ""343"", ""154"", ""398"", ""109"", ""220"", ""52"", ""32"", ""134"", ""97"", ""348"", ""376"", ""392"", ""21"", ""28"", ""316"", ""141""]",ffdd8d5651cd7285c8dfe463ef81a0b8c533c387de18083a09dbea6eb7c1d766,"{""boundary"": 12, ""community_rep"": 6, ""degree_core"": 10, ""random_fill"": 4}","{""degree_2"": 1, ""degree_3_4"": 5, ""degree_5_8"": 4, ""degree_9_plus"": 22}","{""0"": 1, ""1"": 1, ""10"": 3, ""11"": 1, ""12"": 1, ""13"": 2, ""14"": 1, ""16"": 1, ""17"": 1, ""2"": 2, ""3"": 2, ""4"": 2, ""5"": 2, ""6"": 1, ""7"": 3, ""8"": 6, ""9"": 2}",151,"{""backend"": ""evaluate_m19_theory_calibrated.candidate_features"", ""delta_mode"": ""none"", ""k_max"": 512, ""k_min"": 64, ""variant"": ""conservative""}",151,0.22470238095238096,0.48344370860927155,0.48344370860927155,0.06622516556291391,1.0,"{""dp_17_64"": 0.26490066225165565, ""dp_257_plus"": 0.1456953642384106, ""dp_5_16"": 0.006622516556291391, ""dp_65_256"": 0.5827814569536424}","{""cn_0"": 1.0}",0.0,139.73509933774835,sasb_candidate_builder,c8486379042ba15a21c48d5ef3f53ef23db740f1d0cee9693e0deb985a9fc235,151,c8486379042ba15a21c48d5ef3f53ef23db740f1d0cee9693e0deb985a9fc235,"{""sasb_builder"": 151}",0,0,0,0,{},0.0,"{""common_neighbor_bin_l1"": 0.0, ""degree_product_bin_l1"": 0.0, ""is_boundary_edge_l1"": 0.0, ""is_bridge_edge_l1"": 0.0, ""is_inter_community_edge_l1"": 0.0, ""is_low_common_neighbor_edge_l1"": 0.0, ""mean_l1"": 0.0}",1,32,32,0.0,0
realworld_completed,bio_celegans,SASB-candidate,sasb,SASB-structured,20260513,1222,middle,0.7417218543046358,0.7417218543046358,0.0,39,39,0,0.6034567901234568,0.6039506172839506,358,60,358--60,2,20,2,20,40,0,0.0,1,4,8,32,"[""96"", ""53"", ""363"", ""60"", ""51"", ""62"", ""364"", ""369"", ""359"", ""373"", ""440"", ""85"", ""82"", ""83"", ""142"", ""143"", ""343"", ""154"", ""398"", ""109"", ""220"", ""52"", ""32"", ""134"", ""97"", ""348"", ""376"", ""392"", ""411"", ""320"", ""426"", ""25""]",7f06ee971c07e666a1d5aa2c3a807bb4659fbab802a722da4a7d119e9e2228b2,"{""boundary"": 12, ""community_rep"": 6, ""degree_core"": 10, ""random_fill"": 4}","{""degree_0_1"": 2, ""degree_3_4"": 3, ""degree_5_8"": 5, ""degree_9_plus"": 22}","{""0"": 2, ""1"": 1, ""10"": 3, ""11"": 1, ""12"": 1, ""13"": 2, ""14"": 1, ""16"": 1, ""17"": 1, ""2"": 2, ""3"": 2, ""4"": 3, ""5"": 3, ""6"": 1, ""7"": 2, ""8"": 5, ""9"": 1}",151,"{""backend"": ""evaluate_m19_theory_calibrated.candidate_features"", ""delta_mode"": ""none"", ""k_max"": 512, ""k_min"": 64, ""variant"": ""conservative""}",151,0.22503725782414308,0.48344370860927155,0.48344370860927155,0.06622516556291391,1.0,"{""dp_17_64"": 0.26490066225165565, ""dp_257_plus"": 0.1456953642384106, ""dp_5_16"": 0.006622516556291391, ""dp_65_256"": 0.5827814569536424}","{""cn_0"": 1.0}",0.0,139.41721854304635,sasb_candidate_builder,5b8ee5b814f712765379ca0f61bbb343a154f89b485701d5717fcd420ee421e1,151,5b8ee5b814f712765379ca0f61bbb343a154f89b485701d5717fcd420ee421e1,"{""sasb_builder"": 151}",0,0,0,0,{},0.0,"{""common_neighbor_bin_l1"": 0.0, ""degree_product_bin_l1"": 0.0, ""is_boundary_edge_l1"": 0.0, ""is_bridge_edge_l1"": 0.0, ""is_inter_community_edge_l1"": 0.0, ""is_low_common_neighbor_edge_l1"": 0.0, ""mean_l1"": 0.0}",1,32,32,0.0,0
realworld_completed,bio_celegans,SASB-candidate,sasb,SASB-structured,20260513,1223,middle,0.7417218543046358,0.7417218543046358,0.0,39,39,0,0.6039506172839506,0.6044444444444445,359,51,359--51,6,21,6,21,126,0,0.0,1,7,10,32,"[""96"", ""53"", ""363"", ""60"", ""51"", ""62"", ""364"", ""369"", ""359"", ""373"", ""440"", ""85"", ""82"", ""83"", ""142"", ""143"", ""343"", ""154"", ""398"", ""109"", ""220"", ""52"", ""32"", ""134"", ""97"", ""348"", ""376"", ""392"", ""447"", ""42"", ""379"", ""31""]",fca666cb3c3c5f536aed67bc2a5db55143ebdd1bbf200b16948c9a0d71a08a5a,"{""boundary"": 12, ""community_rep"": 6, ""degree_core"": 10, ""random_fill"": 4}","{""degree_2"": 2, ""degree_3_4"": 3, ""degree_5_8"": 5, ""degree_9_plus"": 22}","{""0"": 2, ""1"": 1, ""10"": 4, ""11"": 1, ""12"": 1, ""13"": 2, ""14"": 1, ""16"": 1, ""17"": 1, ""2"": 2, ""3"": 2, ""4"": 2, ""5"": 3, ""6"": 1, ""7"": 2, ""8"": 5, ""9"": 1}",151,"{""backend"": ""evaluate_m19_theory_calibrated.candidate_features"", ""delta_mode"": ""none"", ""k_max"": 512, ""k_min"": 64, ""variant"": ""conservative""}",151,0.2253731343283582,0.48344370860927155,0.48344370860927155,0.06622516556291391,1.0,"{""dp_17_64"": 0.26490066225165565, ""dp_257_plus"": 0.1456953642384106, ""dp_5_16"": 0.006622516556291391, ""dp_65_256"": 0.5827814569536424}","{""cn_0"": 1.0}",0.0,139.09933774834437,sasb_candidate_builder,50d7a4b4f7d72afa0833ca9ba9c1b966a81ea7c446da86f417caebaa6d72a55f,151,50d7a4b4f7d72afa0833ca9ba9c1b966a81ea7c446da86f417caebaa6d72a55f,"{""sasb_builder"": 151}",0,0,0,0,{},0.0,"{""common_neighbor_bin_l1"": 0.0, ""degree_product_bin_l1"": 0.0, ""is_boundary_edge_l1"": 0.0, ""is_bridge_edge_l1"": 0.0, ""is_inter_community_edge_l1"": 0.0, ""is_low_common_neighbor_edge_l1"": 0.0, ""mean_l1"": 0.0}",1,32,32,0.0,0
realworld_completed,bio_celegans,SASB-candidate,sasb,SASB-structured,20260513,1224,middle,0.7417218543046358,0.7417218543046358,0.0,39,39,0,0.6044444444444445,0.6049382716049383,359,53,359--53,5,25,5,25,125,0,0.0,1,7,10,32,"[""96"", ""53"", ""363"", ""60"", ""51"", ""62"", ""364"", ""369"", ""373"", ""440"", ""85"", ""411"", ""82"", ""83"", ""142"", ""143"", ""343"", ""154"", ""398"", ""109"", ""220"", ""52"", ""32"", ""134"", ""97"", ""348"", ""376"", ""392"", ""61"", ""24"", ""413"", ""303""]",bdcf2224ef6c83313b538c9e2a3a8c2835fdda67b1e7ede2c65fb332b3e2e95b,"{""boundary"": 12, ""community_rep"": 6, ""degree_core"": 10, ""random_fill"": 4}","{""degree_2"": 2, ""degree_3_4"": 3, ""degree_5_8"": 5, ""degree_9_plus"": 22}","{""0"": 1, ""1"": 1, ""10"": 4, ""11"": 1, ""12"": 1, ""13"": 2, ""14"": 1, ""16"": 1, ""17"": 1, ""2"": 3, ""3"": 3, ""4"": 2, ""5"": 2, ""6"": 2, ""7"": 2, ""8"": 4, ""9"": 1}",151,"{""backend"": ""evaluate_m19_theory_calibrated.candidate_features"", ""delta_mode"": ""none"", ""k_max"": 512, ""k_min"": 64, ""variant"": ""conservative""}",151,0.2257100149476831,0.4768211920529801,0.4768211920529801,0.06622516556291391,1.0,"{""dp_17_64"": 0.271523178807947, ""dp_257_plus"": 0.1456953642384106, ""dp_5_16"": 0.006622516556291391, ""dp_65_256"": 0.5761589403973509}","{""cn_0"": 1.0}",0.0,137.74172185430464,sasb_candidate_builder,150e93ccfa2f4e5678e8b27af9331e2934c237a7e579e215acbcad7cadea146e,151,150e93ccfa2f4e5678e8b27af9331e2934c237a7e579e215acbcad7cadea146e,"{""sasb_builder"": 151}",0,0,0,0,{},0.0,"{""common_neighbor_bin_l1"": 0.0, ""degree_product_bin_l1"": 0.0, ""is_boundary_edge_l1"": 0.0, ""is_bridge_edge_l1"": 0.0, ""is_inter_community_edge_l1"": 0.0, ""is_low_common_neighbor_edge_l1"": 0.0, ""mean_l1"": 0.0}",1,32,32,0.0,0
realworld_completed,bio_celegans,SASB-candidate,sasb,SASB-structured,20260513,1225,middle,0.7417218543046358,0.7417218543046358,0.0,39,39,0,0.6049382716049383,0.6054320987654321,118,182,118--182,9,3,3,9,27,1,0.5,1,13,2,32,"[""96"", ""60"", ""53"", ""363"", ""51"", ""62"", ""364"", ""369"", ""440"", ""373"", ""85"", ""118"", ""82"", ""83"", ""142"", ""143"", ""343"", ""154"", ""398"", ""109"", ""220"", ""52"", ""134"", ""32"", ""97"", ""348"", ""392"", ""72"", ""68"", ""302"", ""428"", ""325""]",2a01719376d1e2010e4a55afbf692820d719c2eda9054ef9843da43b30ce7af8,"{""boundary"": 12, ""community_rep"": 6, ""degree_core"": 10, ""random_fill"": 4}","{""degree_3_4"": 6, ""degree_5_8"": 3, ""degree_9_plus"": 23}","{""0"": 2, ""1"": 1, ""10"": 1, ""11"": 1, ""12"": 2, ""13"": 2, ""14"": 1, ""15"": 1, ""16"": 1, ""17"": 1, ""18"": 4, ""2"": 1, ""3"": 2, ""4"": 1, ""5"": 2, ""6"": 1, ""7"": 5, ""8"": 1, ""9"": 2}",151,"{""backend"": ""evaluate_m19_theory_calibrated.candidate_features"", ""delta_mode"": ""none"", ""k_max"": 512, ""k_min"": 64, ""variant"": ""conservative""}",151,0.22604790419161677,0.5099337748344371,0.5099337748344371,0.06622516556291391,1.0,"{""dp_17_64"": 0.271523178807947, ""dp_257_plus"": 0.1456953642384106, ""dp_5_16"": 0.019867549668874173, ""dp_65_256"": 0.5629139072847682}","{""cn_0"": 0.9867549668874173, ""cn_1"": 0.013245033112582781}",0.013245033112582781,134.95364238410596,sasb_candidate_builder,a0528ba341bfcef420f26e7e5859299b0a6595f2f2ae543cb28ab739298878e5,151,a0528ba341bfcef420f26e7e5859299b0a6595f2f2ae543cb28ab739298878e5,"{""sasb_builder"": 151}",0,0,0,0,{},0.0,"{""common_neighbor_bin_l1"": 0.0, ""degree_product_bin_l1"": 0.0, ""is_boundary_edge_l1"": 0.0, ""is_bridge_edge_l1"": 0.0, ""is_inter_community_edge_l1"": 0.0, ""is_low_common_neighbor_edge_l1"": 0.0, ""mean_l1"": 0.0}",1,32,32,655.0249999999999,0
realworld_completed,bio_celegans,SASB-candidate,sasb,SASB-structured,20260513,1226,middle,0.7417218543046358,0.7417218543046358,0.0,39,39,0,0.6054320987654321,0.605925925925926,118,330,118--330,8,3,3,8,24,0,0.0,1,13,2,32,"[""96"", ""60"", ""53"", ""363"", ""51"", ""62"", ""364"", ""369"", ""440"", ""373"", ""85"", ""411"", ""82"", ""83"", ""142"", ""143"", ""343"", ""154"", ""398"", ""109"", ""220"", ""52"", ""134"", ""32"", ""97"", ""348"", ""392"", ""72"", ""19"", ""203"", ""397"", ""180""]",eaef9677de639757a2a099230d2523f28a744fd47f379ecbea6b016554472ac5,"{""boundary"": 12, ""community_rep"": 6, ""degree_core"": 10, ""random_fill"": 4}","{""degree_2"": 2, ""degree_3_4"": 4, ""degree_5_8"": 4, ""degree_9_plus"": 22}","{""0"": 1, ""1"": 1, ""10"": 1, ""11"": 1, ""12"": 3, ""13"": 1, ""14"": 1, ""15"": 1, ""16"": 1, ""17"": 1, ""18"": 2, ""2"": 2, ""3"": 3, ""4"": 2, ""5"": 2, ""6"": 2, ""7"": 4, ""8"": 1, ""9"": 2}",151,"{""backend"": ""evaluate_m19_theory_calibrated.candidate_features"", ""delta_mode"": ""none"", ""k_max"": 512, ""k_min"": 64, ""variant"": ""conservative""}",151,0.22638680659670166,0.5033112582781457,0.5033112582781457,0.06622516556291391,1.0,"{""dp_17_64"": 0.271523178807947, ""dp_257_plus"": 0.1456953642384106, ""dp_5_16"": 0.019867549668874173, ""dp_65_256"": 0.5629139072847682}","{""cn_0"": 1.0}",0.0,134.94039735099338,sasb_candidate_builder,fac0bf8976c1434f48b7ecc8cc035df23681fdecb163ce95593ee86515fc0714,151,fac0bf8976c1434f48b7ecc8cc035df23681fdecb163ce95593ee86515fc0714,"{""sasb_builder"": 151}",0,0,0,0,{},0.0,"{""common_neighbor_bin_l1"": 0.0, ""degree_product_bin_l1"": 0.0, ""is_boundary_edge_l1"": 0.0, ""is_bridge_edge_l1"": 0.0, ""is_inter_community_edge_l1"": 0.0, ""is_low_common_neighbor_edge_l1"": 0.0, ""mean_l1"": 0.0}",1,32,32,1146.0499999999997,0
realworld_completed,bio_celegans,SASB-candidate,sasb,SASB-structured,20260513,1227,middle,0.7417218543046358,0.7417218543046358,0.0,39,39,0,0.605925925925926,0.6064197530864197,36,40,36--40,2,8,2,8,16,0,0.0,1,2,13,32,"[""96"", ""60"", ""53"", ""363"", ""51"", ""62"", ""364"", ""369"", ""440"", ""373"", ""85"", ""411"", ""82"", ""83"", ""142"", ""143"", ""343"", ""154"", ""398"", ""109"", ""220"", ""52"", ""134"", ""32"", ""97"", ""348"", ""392"", ""72"", ""76"", ""116"", ""12"", ""409""]",1b3b753aa0093542b4b35aa65fe9c2c361f40874373e195eb71719401eff0cc3,"{""boundary"": 12, ""community_rep"": 6, ""degree_core"": 10, ""random_fill"": 4}","{""degree_2"": 3, ""degree_3_4"": 2, ""degree_5_8"": 5, ""degree_9_plus"": 22}","{""0"": 1, ""1"": 2, ""10"": 1, ""11"": 2, ""12"": 2, ""13"": 1, ""14"": 1, ""15"": 1, ""16"": 1, ""17"": 2, ""18"": 2, ""2"": 2, ""3"": 2, ""4"": 1, ""5"": 2, ""6"": 2, ""7"": 4, ""8"": 1, ""9"": 2}",151,"{""backend"": ""evaluate_m19_theory_calibrated.candidate_features"", ""delta_mode"": ""none"", ""k_max"": 512, ""k_min"": 64, ""variant"": ""conservative""}",151,0.22672672672672672,0.4966887417218543,0.4966887417218543,0.06622516556291391,1.0,"{""dp_17_64"": 0.271523178807947, ""dp_257_plus"": 0.1456953642384106, ""dp_5_16"": 0.019867549668874173, ""dp_65_256"": 0.5629139072847682}","{""cn_0"": 1.0}",0.0,135.1523178807947,sasb_candidate_builder,a7796662c6e77b8ff9bb3469a006e676847ed4538f9109174cf85378b103e0d2,151,a7796662c6e77b8ff9bb3469a006e676847ed4538f9109174cf85378b103e0d2,"{""sasb_builder"": 151}",0,0,0,0,{},0.0,"{""common_neighbor_bin_l1"": 0.0, ""degree_product_bin_l1"": 0.0, ""is_boundary_edge_l1"": 0.0, ""is_bridge_edge_l1"": 0.0, ""is_inter_community_edge_l1"": 0.0, ""is_low_common_neighbor_edge_l1"": 0.0, ""mean_l1"": 0.0}",1,32,32,319.0658045977011,0
realworld_completed,bio_celegans,SASB-candidate,sasb,SASB-structured,20260513,1228,middle,0.7417218543046358,0.7417218543046358,0.0,39,39,0,0.6064197530864197,0.6069135802469136,165,41,165--41,4,5,4,5,20,0,0.0,1,2,13,32,"[""96"", ""60"", ""53"", ""363"", ""51"", ""62"", ""364"", ""369"", ""440"", ""373"", ""85"", ""411"", ""82"", ""83"", ""142"", ""143"", ""343"", ""154"", ""398"", ""109"", ""220"", ""52"", ""134"", ""32"", ""97"", ""348"", ""392"", ""72"", ""63"", ""436"", ""193"", ""323""]",d6cc0f546b3f0ee880af220ffbf62cbc0cc7a64b1b43eb042287ef652eab9805,"{""boundary"": 12, ""community_rep"": 6, ""degree_core"": 10, ""random_fill"": 4}","{""degree_3_4"": 5, ""degree_5_8"": 5, ""degree_9_plus"": 22}","{""0"": 1, ""1"": 1, ""10"": 1, ""11"": 4, ""12"": 2, ""13"": 1, ""14"": 1, ""15"": 1, ""16"": 1, ""17"": 1, ""18"": 2, ""2"": 2, ""3"": 2, ""4"": 1, ""5"": 2, ""6"": 1, ""7"": 5, ""8"": 1, ""9"": 2}",151,"{""backend"": ""evaluate_m19_theory_calibrated.candidate_features"", ""delta_mode"": ""none"", ""k_max"": 512, ""k_min"": 64, ""variant"": ""conservative""}",151,0.22706766917293233,0.4900662251655629,0.4900662251655629,0.06622516556291391,1.0,"{""dp_17_64"": 0.2781456953642384, ""dp_257_plus"": 0.1456953642384106, ""dp_5_16"": 0.013245033112582781, ""dp_65_256"": 0.5629139072847682}","{""cn_0"": 1.0}",0.0,135.24503311258277,sasb_candidate_builder,72233c2df0c701c2cddb1a5f8e5706a8be2ca50bc22a21cc04ed88026d66cd94,151,72233c2df0c701c2cddb1a5f8e5706a8be2ca50bc22a21cc04ed88026d66cd94,"{""sasb_builder"": 151}",0,0,0,0,{},0.0,"{""common_neighbor_bin_l1"": 0.0, ""degree_product_bin_l1"": 0.0, ""is_boundary_edge_l1"": 0.0, ""is_bridge_edge_l1"": 0.0, ""is_inter_community_edge_l1"": 0.0, ""is_low_common_neighbor_edge_l1"": 0.0, ""mean_l1"": 0.0}",1,32,32,0.0,0
realworld_completed,bio_celegans,SASB-candidate,sasb,SASB-structured,20260513,1229,middle,0.7417218543046358,0.7417218543046358,0.0,39,39,0,0.6069135802469136,0.6074074074074074,359,60,359--60,4,19,4,19,76,1,0.3333333333333333,1,7,9,32,"[""96"", ""60"", ""53"", ""363"", ""51"", ""62"", ""364"", ""369"", ""440"", ""373"", ""85"", ""411"", ""82"", ""83"", ""142"", ""143"", ""343"", ""154"", ""398"", ""109"", ""220"", ""52"", ""134"", ""32"", ""97"", ""348"", ""392"", ""72"", ""307"", ""305"", ""150"", ""180""]",aae26d5164c126b681a565fffb854e80b4947cadac02bb360d2ba421e317bc0a,"{""boundary"": 12, ""community_rep"": 6, ""degree_core"": 10, ""random_fill"": 4}","{""degree_2"": 3, ""degree_3_4"": 3, ""degree_5_8"": 4, ""degree_9_plus"": 22}","{""0"": 3, ""1"": 1, ""10"": 1, ""11"": 1, ""12"": 3, ""13"": 1, ""14"": 1, ""15"": 1, ""16"": 1, ""17"": 1, ""18"": 2, ""2"": 2, ""3"": 2, ""4"": 1, ""5"": 2, ""6"": 1, ""7"": 5, ""8"": 1, ""9"": 2}",150,"{""backend"": ""evaluate_m19_theory_calibrated.candidate_features"", ""delta_mode"": ""none"", ""k_max"": 512, ""k_min"": 64, ""variant"": ""conservative""}",150,0.22590361445783133,0.4866666666666667,0.4866666666666667,0.06666666666666667,1.0,"{""dp_17_64"": 0.28, ""dp_257_plus"": 0.14666666666666667, ""dp_5_16"": 0.013333333333333334, ""dp_65_256"": 0.56}","{""cn_0"": 1.0}",0.0,135.91333333333333,sasb_candidate_builder,ae4ee650b2c76da69dd267e590c35755db44caf2d2538685e2d26a828c5f4e17,150,ae4ee650b2c76da69dd267e590c35755db44caf2d2538685e2d26a828c5f4e17,"{""sasb_builder"": 150}",0,0,0,0,{},0.0,"{""common_neighbor_bin_l1"": 0.0, ""degree_product_bin_l1"": 0.0, ""is_boundary_edge_l1"": 0.0, ""is_bridge_edge_l1"": 0.0, ""is_inter_community_edge_l1"": 0.0, ""is_low_common_neighbor_edge_l1"": 0.0, ""mean_l1"": 0.0}",1,32,32,0.0,0
realworld_completed,bio_celegans,SASB-candidate,sasb,SASB-structured,20260513,1230,middle,0.7417218543046358,0.7417218543046358,0.0,39,39,0,0.6074074074074074,0.6079012345679012,361,51,361--51,3,20,3,20,60,1,0.5,0,12,12,32,"[""96"", ""53"", ""60"", ""363"", ""51"", ""62"", ""364"", ""369"", ""440"", ""373"", ""85"", ""411"", ""82"", ""83"", ""142"", ""143"", ""343"", ""154"", ""398"", ""109"", ""220"", ""52"", ""134"", ""32"", ""97"", ""348"", ""392"", ""72"", ""341"", ""372"", ""257"", ""158""]",59cdc01268ad43f6d5c9ea486c455b5fa65ea3a6f49955531fff35dc7a599e2b,"{""boundary"": 12, ""community_rep"": 6, ""degree_core"": 10, ""random_fill"": 4}","{""degree_2"": 2, ""degree_3_4"": 3, ""degree_5_8"": 5, ""degree_9_plus"": 22}","{""0"": 1, ""1"": 1, ""10"": 1, ""11"": 1, ""12"": 2, ""13"": 1, ""14"": 1, ""15"": 1, ""16"": 1, ""17"": 2, ""18"": 2, ""2"": 2, ""3"": 3, ""4"": 1, ""5"": 2, ""6"": 2, ""7"": 5, ""8"": 1, ""9"": 2}",150,"{""backend"": ""evaluate_m19_theory_calibrated.candidate_features"", ""delta_mode"": ""none"", ""k_max"": 512, ""k_min"": 64, ""variant"": ""conservative""}",150,0.22624434389140272,0.48,0.48,0.06666666666666667,1.0,"{""dp_17_64"": 0.2866666666666667, ""dp_257_plus"": 0.14, ""dp_5_16"": 0.013333333333333334, ""dp_65_256"": 0.56}","{""cn_0"": 1.0}",0.0,135.39333333333335,sasb_candidate_builder,429de8c80722cc539d54720aa62dab57c1c1e69fe3f283665f67eb2f4db7f638,150,429de8c80722cc539d54720aa62dab57c1c1e69fe3f283665f67eb2f4db7f638,"{""sasb_builder"": 150}",0,0,0,0,{},0.0,"{""common_neighbor_bin_l1"": 0.0, ""degree_product_bin_l1"": 0.0, ""is_boundary_edge_l1"": 0.0, ""is_bridge_edge_l1"": 0.0, ""is_inter_community_edge_l1"": 0.0, ""is_low_common_neighbor_edge_l1"": 0.0, ""mean_l1"": 0.0}",1,32,32,0.0,0
realworld_completed,bio_celegans,SASB-candidate,sasb,SASB-structured,20260513,1231,middle,0.7417218543046358,0.7417218543046358,0.0,39,39,0,0.6079012345679012,0.6083950617283951,361,53,361--53,2,24,2,24,48,1,1.0,0,11,11,32,"[""96"", ""53"", ""60"", ""363"", ""51"", ""62"", ""364"", ""369"", ""440"", ""373"", ""85"", ""411"", ""82"", ""83"", ""142"", ""143"", ""343"", ""154"", ""398"", ""109"", ""220"", ""52"", ""134"", ""32"", ""97"", ""348"", ""392"", ""72"", ""197"", ""399"", ""163"", ""329""]",9caeb91801ad154b909980c8f22176c12f89edb74580b6871dc6293ec038a94d,"{""boundary"": 12, ""community_rep"": 6, ""degree_core"": 10, ""random_fill"": 4}","{""degree_0_1"": 1, ""degree_2"": 1, ""degree_3_4"": 4, ""degree_5_8"": 4, ""degree_9_plus"": 22}","{""0"": 1, ""1"": 1, ""10"": 1, ""11"": 2, ""12"": 2, ""13"": 2, ""14"": 1, ""15"": 1, ""16"": 1, ""17"": 1, ""18"": 4, ""2"": 2, ""3"": 2, ""4"": 1, ""5"": 2, ""6"": 1, ""7"": 4, ""8"": 1, ""9"": 2}",150,"{""backend"": ""evaluate_m19_theory_calibrated.candidate_features"", ""delta_mode"": ""none"", ""k_max"": 512, ""k_min"": 64, ""variant"": ""conservative""}",150,0.22658610271903323,0.48,0.48,0.06666666666666667,1.0,"{""dp_17_64"": 0.29333333333333333, ""dp_257_plus"": 0.14, ""dp_5_16"": 0.013333333333333334, ""dp_65_256"": 0.5533333333333333}","{""cn_0"": 1.0}",0.0,134.71333333333334,sasb_candidate_builder,160f3f89c288ff0177da6fb7bf966e53a5549550cc489285094348cde764d623,150,160f3f89c288ff0177da6fb7bf966e53a5549550cc489285094348cde764d623,"{""sasb_builder"": 150}",0,0,0,0,{},0.0,"{""common_neighbor_bin_l1"": 0.0, ""degree_product_bin_l1"": 0.0, ""is_boundary_edge_l1"": 0.0, ""is_bridge_edge_l1"": 0.0, ""is_inter_community_edge_l1"": 0.0, ""is_low_common_neighbor_edge_l1"": 0.0, ""mean_l1"": 0.0}",1,32,32,0.0,0
realworld_completed,bio_celegans,SASB-candidate,sasb,SASB-structured,20260513,1232,middle,0.7417218543046358,0.7417218543046358,0.0,39,39,0,0.6083950617283951,0.6088888888888889,149,432,149--432,7,6,6,7,42,1,0.2,0,0,0,32,"[""96"", ""53"", ""60"", ""363"", ""51"", ""62"", ""364"", ""369"", ""440"", ""373"", ""85"", ""411"", ""82"", ""83"", ""142"", ""143"", ""343"", ""154"", ""398"", ""109"", ""220"", ""52"", ""134"", ""32"", ""97"", ""348"", ""392"", ""72"", ""316"", ""370"", ""41"", ""289""]",297a1bcdb89793cba6e675b982a30a08488054f3ca33121fbbf910800563aadb,"{""boundary"": 12, ""community_rep"": 6, ""degree_core"": 10, ""random_fill"": 4}","{""degree_2"": 1, ""degree_3_4"": 5, ""degree_5_8"": 4, ""degree_9_plus"": 22}","{""0"": 1, ""1"": 1, ""10"": 1, ""11"": 1, ""12"": 2, ""13"": 2, ""14"": 1, ""15"": 1, ""16"": 1, ""17"": 2, ""18"": 2, ""2"": 2, ""3"": 2, ""4"": 1, ""5"": 3, ""6"": 1, ""7"": 4, ""8"": 1, ""9"": 3}",150,"{""backend"": ""evaluate_m19_theory_calibrated.candidate_features"", ""delta_mode"": ""none"", ""k_max"": 512, ""k_min"": 64, ""variant"": ""conservative""}",150,0.22692889561270801,0.48,0.48,0.06666666666666667,1.0,"{""dp_17_64"": 0.29333333333333333, ""dp_257_plus"": 0.13333333333333333, ""dp_5_16"": 0.013333333333333334, ""dp_65_256"": 0.56}","{""cn_0"": 0.9933333333333333, ""cn_1"": 0.006666666666666667}",0.006666666666666667,133.95333333333335,sasb_candidate_builder,18e5f1144b6fe6e88fd4e79b966f073241b9c9a5ac41d13ec0411ca095b751f8,150,18e5f1144b6fe6e88fd4e79b966f073241b9c9a5ac41d13ec0411ca095b751f8,"{""sasb_builder"": 150}",0,0,0,0,{},0.0,"{""common_neighbor_bin_l1"": 0.0, ""degree_product_bin_l1"": 0.0, ""is_boundary_edge_l1"": 0.0, ""is_bridge_edge_l1"": 0.0, ""is_inter_community_edge_l1"": 0.0, ""is_low_common_neighbor_edge_l1"": 0.0, ""mean_l1"": 0.0}",1,32,32,189.27947665119513,0
realworld_completed,bio_celegans,SASB-candidate,sasb,SASB-structured,20260513,1233,middle,0.7417218543046358,0.7417218543046358,0.0,39,39,0,0.6088888888888889,0.6093827160493828,203,440,203--440,3,14,3,14,42,1,0.5,0,4,4,32,"[""96"", ""53"", ""60"", ""363"", ""51"", ""62"", ""364"", ""369"", ""440"", ""373"", ""85"", ""411"", ""82"", ""83"", ""142"", ""143"", ""343"", ""154"", ""398"", ""109"", ""220"", ""52"", ""134"", ""32"", ""97"", ""348"", ""392"", ""72"", ""16"", ""344"", ""56"", ""445""]",3cb80c565d248a341df84285df0d999bb3116f62a314ab5003f0a380d4cb5b1c,"{""boundary"": 12, ""community_rep"": 6, ""degree_core"": 10, ""random_fill"": 4}","{""degree_2"": 1, ""degree_3_4"": 3, ""degree_5_8"": 6, ""degree_9_plus"": 22}","{""0"": 1, ""1"": 1, ""10"": 1, ""11"": 1, ""12"": 2, ""13"": 2, ""14"": 2, ""15"": 1, ""16"": 2, ""17"": 1, ""18"": 3, ""2"": 2, ""3"": 2, ""4"": 1, ""5"": 2, ""6"": 1, ""7"": 4, ""8"": 1, ""9"": 2}",150,"{""backend"": ""evaluate_m19_theory_calibrated.candidate_features"", ""delta_mode"": ""none"", ""k_max"": 512, ""k_min"": 64, ""variant"": ""conservative""}",150,0.22727272727272727,0.48,0.48,0.06666666666666667,1.0,"{""dp_17_64"": 0.29333333333333333, ""dp_257_plus"": 0.13333333333333333, ""dp_5_16"": 0.013333333333333334, ""dp_65_256"": 0.56}","{""cn_0"": 0.9933333333333333, ""cn_1"": 0.006666666666666667}",0.006666666666666667,133.60666666666665,sasb_candidate_builder,4aa103169820318b263351fa1fe230f57e00551aabb915811166737070b27d11,150,4aa103169820318b263351fa1fe230f57e00551aabb915811166737070b27d11,"{""sasb_builder"": 150}",0,0,0,0,{},0.0,"{""common_neighbor_bin_l1"": 0.0, ""degree_product_bin_l1"": 0.0, ""is_boundary_edge_l1"": 0.0, ""is_bridge_edge_l1"": 0.0, ""is_inter_community_edge_l1"": 0.0, ""is_low_common_neighbor_edge_l1"": 0.0, ""mean_l1"": 0.0}",1,32,32,672.0,0
realworld_completed,bio_celegans,SASB-candidate,sasb,SASB-structured,20260513,1234,middle,0.7417218543046358,0.7350993377483444,0.0066225165562914245,39,40,1,0.6093827160493828,0.6098765432098765,138,440,138--440,2,13,2,13,26,0,0.0,0,4,4,32,"[""96"", ""53"", ""60"", ""363"", ""51"", ""62"", ""364"", ""369"", ""440"", ""373"", ""85"", ""411"", ""82"", ""83"", ""142"", ""143"", ""343"", ""154"", ""398"", ""109"", ""220"", ""52"", ""134"", ""32"", ""97"", ""348"", ""392"", ""72"", ""319"", ""225"", ""19"", ""270""]",42234b4a92bdccb80f41e2b0720922839f12c8d2477556edb78119d367b1dc33,"{""boundary"": 12, ""community_rep"": 6, ""degree_core"": 10, ""random_fill"": 4}","{""degree_2"": 1, ""degree_3_4"": 4, ""degree_5_8"": 5, ""degree_9_plus"": 22}","{""0"": 1, ""1"": 1, ""10"": 1, ""11"": 1, ""12"": 2, ""13"": 1, ""14"": 1, ""15"": 1, ""16"": 2, ""17"": 1, ""18"": 2, ""2"": 2, ""3"": 2, ""4"": 1, ""5"": 4, ""6"": 2, ""7"": 4, ""8"": 1, ""9"": 2}",150,"{""backend"": ""evaluate_m19_theory_calibrated.candidate_features"", ""delta_mode"": ""none"", ""k_max"": 512, ""k_min"": 64, ""variant"": ""conservative""}",150,0.2276176024279211,0.48,0.48,0.07333333333333333,1.0,"{""dp_17_64"": 0.29333333333333333, ""dp_257_plus"": 0.13333333333333333, ""dp_5_16"": 0.013333333333333334, ""dp_65_256"": 0.56}","{""cn_0"": 1.0}",0.0,133.01333333333332,sasb_candidate_builder,9c7918887d7b4f18d27a8f4675741f707e823aaeb8a27ed5e93eedeb21e0a94b,150,9c7918887d7b4f18d27a8f4675741f707e823aaeb8a27ed5e93eedeb21e0a94b,"{""sasb_builder"": 150}",0,0,0,0,{},0.0,"{""common_neighbor_bin_l1"": 0.0, ""degree_product_bin_l1"": 0.0, ""is_boundary_edge_l1"": 0.0, ""is_bridge_edge_l1"": 0.0, ""is_inter_community_edge_l1"": 0.0, ""is_low_common_neighbor_edge_l1"": 0.0, ""mean_l1"": 0.0}",1,32,32,1008.0,0
realworld_completed,bio_celegans,SASB-candidate,sasb,SASB-structured,20260513,1235,middle,0.7350993377483444,0.7350993377483444,0.0,40,40,0,0.6098765432098765,0.6103703703703703,362,51,362--51,4,19,4,19,76,0,0.0,0,15,15,32,"[""96"", ""53"", ""60"", ""363"", ""51"", ""62"", ""364"", ""369"", ""373"", ""440"", ""85"", ""411"", ""82"", ""83"", ""142"", ""143"", ""343"", ""154"", ""398"", ""109"", ""220"", ""52"", ""134"", ""32"", ""97"", ""348"", ""353"", ""359"", ""294"", ""189"", ""117"", ""209""]",bb4d1c8db5b6c7e3cc0c06186781ba9ec31e39784a29e81272dea16e3a2171b0,"{""boundary"": 12, ""community_rep"": 5, ""degree_core"": 10, ""random_fill"": 5}","{""degree_0_1"": 1, ""degree_2"": 1, ""degree_3_4"": 4, ""degree_5_8"": 4, ""degree_9_plus"": 22}","{""0"": 1, ""1"": 1, ""10"": 1, ""11"": 2, ""12"": 1, ""13"": 2, ""14"": 1, ""15"": 3, ""16"": 2, ""2"": 2, ""3"": 2, ""4"": 3, ""5"": 1, ""6"": 1, ""7"": 6, ""8"": 2, ""9"": 1}",149,"{""backend"": ""evaluate_m19_theory_calibrated.candidate_features"", ""delta_mode"": ""none"", ""k_max"": 512, ""k_min"": 64, ""variant"": ""conservative""}",149,0.22713414634146342,0.4697986577181208,0.4697986577181208,0.06040268456375839,1.0,"{""dp_17_64"": 0.2953020134228188, ""dp_257_plus"": 0.1342281879194631, ""dp_5_16"": 0.006711409395973154, ""dp_65_256"": 0.5637583892617449}","{""cn_0"": 1.0}",0.0,133.58389261744966,sasb_candidate_builder,f58e7341e7fd366f3b144a2d9992d069aa7910c5b7c0f60fcafbc789a6e45d0d,149,f58e7341e7fd366f3b144a2d9992d069aa7910c5b7c0f60fcafbc789a6e45d0d,"{""sasb_builder"": 149}",0,0,0,0,{},0.0,"{""common_neighbor_bin_l1"": 0.0, ""degree_product_bin_l1"": 0.0, ""is_boundary_edge_l1"": 0.0, ""is_bridge_edge_l1"": 0.0, ""is_inter_community_edge_l1"": 0.0, ""is_low_common_neighbor_edge_l1"": 0.0, ""mean_l1"": 0.0}",1,32,32,0.0,0
realworld_completed,bio_celegans,SASB-candidate,sasb,SASB-structured,20260513,1236,middle,0.7350993377483444,0.7019867549668874,0.0331125827814569,40,41,1,0.6103703703703703,0.6108641975308642,362,53,362--53,3,23,3,23,69,0,0.0,1,8,10,32,"[""96"", ""53"", ""60"", ""363"", ""51"", ""62"", ""364"", ""369"", ""373"", ""440"", ""85"", ""411"", ""82"", ""83"", ""142"", ""143"", ""343"", ""154"", ""398"", ""109"", ""220"", ""52"", ""134"", ""32"", ""97"", ""348"", ""353"", ""68"", ""406"", ""331"", ""396"", ""64""]",25f10082d615246816522478e140f61039d4efb6f24d4255e76ba3684e593994,"{""boundary"": 12, ""community_rep"": 5, ""degree_core"": 10, ""random_fill"": 5}","{""degree_0_1"": 1, ""degree_3_4"": 5, ""degree_5_8"": 4, ""degree_9_plus"": 22}","{""0"": 1, ""1"": 1, ""10"": 1, ""11"": 1, ""12"": 1, ""13"": 2, ""14"": 1, ""15"": 3, ""16"": 2, ""2"": 2, ""3"": 2, ""4"": 2, ""5"": 1, ""6"": 2, ""7"": 5, ""8"": 3, ""9"": 2}",149,"{""backend"": ""evaluate_m19_theory_calibrated.candidate_features"", ""delta_mode"": ""none"", ""k_max"": 512, ""k_min"": 64, ""variant"": ""conservative""}",149,0.22748091603053436,0.4697986577181208,0.4697986577181208,0.06711409395973154,1.0,"{""dp_17_64"": 0.30201342281879195, ""dp_257_plus"": 0.1342281879194631, ""dp_5_16"": 0.006711409395973154, ""dp_65_256"": 0.5570469798657718}","{""cn_0"": 1.0}",0.0,132.73825503355704,sasb_candidate_builder,e4f23d682da5ea7b19dcabee673efc77bf131e86e4f95c98a8d0ba9c2875a271,149,e4f23d682da5ea7b19dcabee673efc77bf131e86e4f95c98a8d0ba9c2875a271,"{""sasb_builder"": 149}",0,0,0,0,{},0.0,"{""common_neighbor_bin_l1"": 0.0, ""degree_product_bin_l1"": 0.0, ""is_boundary_edge_l1"": 0.0, ""is_bridge_edge_l1"": 0.0, ""is_inter_community_edge_l1"": 0.0, ""is_low_common_neighbor_edge_l1"": 0.0, ""mean_l1"": 0.0}",1,32,32,0.0,0
realworld_completed,bio_celegans,SASB-candidate,sasb,SASB-structured,20260513,1237,middle,0.7019867549668874,0.7019867549668874,0.0,41,41,0,0.6108641975308642,0.611358024691358,363,40,363--40,15,7,7,15,105,2,0.3333333333333333,0,14,14,32,"[""96"", ""53"", ""60"", ""363"", ""51"", ""62"", ""364"", ""369"", ""373"", ""440"", ""85"", ""411"", ""82"", ""83"", ""142"", ""143"", ""343"", ""154"", ""398"", ""109"", ""220"", ""52"", ""134"", ""32"", ""348"", ""353"", ""117"", ""114"", ""331"", ""152"", ""378"", ""175""]",aab5373a9872b353144375fd193b8acaaf2ee1c19e937776fac2b5a6d9d16805,"{""boundary"": 12, ""community_rep"": 4, ""degree_core"": 10, ""random_fill"": 6}","{""degree_0_1"": 1, ""degree_2"": 2, ""degree_3_4"": 3, ""degree_5_8"": 5, ""degree_9_plus"": 21}","{""0"": 1, ""1"": 2, ""11"": 3, ""12"": 1, ""13"": 2, ""14"": 1, ""15"": 3, ""16"": 2, ""2"": 2, ""3"": 2, ""4"": 2, ""5"": 2, ""6"": 2, ""7"": 4, ""8"": 2, ""9"": 1}",146,"{""backend"": ""evaluate_m19_theory_calibrated.candidate_features"", ""delta_mode"": ""none"", ""k_max"": 512, ""k_min"": 64, ""variant"": ""conservative""}",146,0.22955974842767296,0.4726027397260274,0.4726027397260274,0.0547945205479452,1.0,"{""dp_17_64"": 0.2945205479452055, ""dp_257_plus"": 0.136986301369863, ""dp_5_16"": 0.00684931506849315, ""dp_65_256"": 0.5616438356164384}","{""cn_0"": 1.0}",0.0,133.68493150684932,sasb_candidate_builder,63b99410d275b35b71dbf15931d3cff0fe60b6d5488ad548fbd653cfd00c27b3,146,63b99410d275b35b71dbf15931d3cff0fe60b6d5488ad548fbd653cfd00c27b3,"{""sasb_builder"": 146}",0,0,0,0,{},0.0,"{""common_neighbor_bin_l1"": 0.0, ""degree_product_bin_l1"": 0.0, ""is_boundary_edge_l1"": 0.0, ""is_bridge_edge_l1"": 0.0, ""is_inter_community_edge_l1"": 0.0, ""is_low_common_neighbor_edge_l1"": 0.0, ""mean_l1"": 0.0}",1,32,32,0.0,0
realworld_completed,bio_celegans,SASB-candidate,sasb,SASB-structured,20260513,1238,middle,0.7019867549668874,0.7019867549668874,0.0,41,41,0,0.611358024691358,0.6118518518518519,363,41,363--41,14,4,4,14,56,0,0.0,1,10,16,32,"[""96"", ""53"", ""60"", ""363"", ""51"", ""62"", ""364"", ""369"", ""373"", ""440"", ""85"", ""411"", ""82"", ""83"", ""142"", ""143"", ""343"", ""154"", ""398"", ""109"", ""220"", ""52"", ""134"", ""32"", ""348"", ""353"", ""149"", ""419"", ""93"", ""129"", ""137"", ""301""]",413674310547a139ceac7dc53c6c13013b956774ea8f8b52c494095d60f215c8,"{""boundary"": 12, ""community_rep"": 4, ""degree_core"": 10, ""random_fill"": 6}","{""degree_0_1"": 1, ""degree_2"": 2, ""degree_3_4"": 2, ""degree_5_8"": 6, ""degree_9_plus"": 21}","{""0"": 2, ""1"": 1, ""11"": 3, ""12"": 1, ""13"": 2, ""14"": 2, ""15"": 3, ""16"": 2, ""2"": 2, ""3"": 2, ""4"": 2, ""5"": 1, ""6"": 1, ""7"": 4, ""8"": 3, ""9"": 1}",146,"{""backend"": ""evaluate_m19_theory_calibrated.candidate_features"", ""delta_mode"": ""none"", ""k_max"": 512, ""k_min"": 64, ""variant"": ""conservative""}",146,0.22992125984251968,0.4726027397260274,0.4726027397260274,0.0547945205479452,1.0,"{""dp_17_64"": 0.3013698630136986, ""dp_257_plus"": 0.136986301369863, ""dp_5_16"": 0.00684931506849315, ""dp_65_256"": 0.5547945205479452}","{""cn_0"": 1.0}",0.0,132.31506849315068,sasb_candidate_builder,bfb45c09a70a52ced17ca5613ddcd9610d6c32b302434f744979cd557f83fa1a,146,bfb45c09a70a52ced17ca5613ddcd9610d6c32b302434f744979cd557f83fa1a,"{""sasb_builder"": 146}",0,0,0,0,{},0.0,"{""common_neighbor_bin_l1"": 0.0, ""degree_product_bin_l1"": 0.0, ""is_boundary_edge_l1"": 0.0, ""is_bridge_edge_l1"": 0.0, ""is_inter_community_edge_l1"": 0.0, ""is_low_common_neighbor_edge_l1"": 0.0, ""mean_l1"": 0.0}",1,32,32,0.0,0
realworld_completed,bio_celegans,SASB-candidate,sasb,SASB-structured,20260513,1239,middle,0.7019867549668874,0.7019867549668874,0.0,41,41,0,0.6118518518518519,0.6123456790123457,109,408,109--408,10,4,4,10,40,1,0.3333333333333333,0,14,14,32,"[""96"", ""53"", ""60"", ""363"", ""51"", ""62"", ""364"", ""369"", ""373"", ""440"", ""85"", ""411"", ""82"", ""83"", ""142"", ""143"", ""343"", ""154"", ""398"", ""109"", ""220"", ""52"", ""134"", ""32"", ""348"", ""353"", ""444"", ""98"", ""147"", ""381"", ""385"", ""342""]",7995aec131b649ce8bab3e9978befefba883cfebbf673e4ea0cd022ad44e04a5,"{""boundary"": 12, ""community_rep"": 4, ""degree_core"": 10, ""random_fill"": 6}","{""degree_0_1"": 1, ""degree_3_4"": 5, ""degree_5_8"": 5, ""degree_9_plus"": 21}","{""0"": 2, ""1"": 2, ""11"": 1, ""12"": 1, ""13"": 4, ""14"": 1, ""15"": 2, ""16"": 2, ""2"": 3, ""3"": 2, ""4"": 2, ""5"": 1, ""6"": 2, ""7"": 4, ""8"": 2, ""9"": 1}",146,"{""backend"": ""evaluate_m19_theory_calibrated.candidate_features"", ""delta_mode"": ""none"", ""k_max"": 512, ""k_min"": 64, ""variant"": ""conservative""}",146,0.2302839116719243,0.4726027397260274,0.4726027397260274,0.06164383561643835,1.0,"{""dp_17_64"": 0.3013698630136986, ""dp_257_plus"": 0.136986301369863, ""dp_5_16"": 0.00684931506849315, ""dp_65_256"": 0.5547945205479452}","{""cn_0"": 0.9931506849315068, ""cn_1"": 0.00684931506849315}",0.00684931506849315,131.31506849315068,sasb_candidate_builder,845c1c904cf2e7818a0dafe8b9be576a333bb5dcc4a9bffb4f473714d9c3df2a,146,845c1c904cf2e7818a0dafe8b9be576a333bb5dcc4a9bffb4f473714d9c3df2a,"{""sasb_builder"": 146}",0,0,0,0,{},0.0,"{""common_neighbor_bin_l1"": 0.0, ""degree_product_bin_l1"": 0.0, ""is_boundary_edge_l1"": 0.0, ""is_bridge_edge_l1"": 0.0, ""is_inter_community_edge_l1"": 0.0, ""is_low_common_neighbor_edge_l1"": 0.0, ""mean_l1"": 0.0}",1,32,32,1919.933485988297,0
realworld_completed,bio_celegans,SASB-candidate,sasb,SASB-structured,20260513,1240,middle,0.7019867549668874,0.7019867549668874,0.0,41,41,0,0.6123456790123457,0.6128395061728396,363,52,363--52,13,10,10,13,130,0,0.0,1,10,14,32,"[""96"", ""53"", ""60"", ""363"", ""51"", ""62"", ""364"", ""369"", ""373"", ""440"", ""85"", ""411"", ""82"", ""83"", ""142"", ""143"", ""343"", ""154"", ""398"", ""220"", ""52"", ""109"", ""134"", ""32"", ""348"", ""353"", ""25"", ""130"", ""438"", ""27"", ""410"", ""112""]",924bd8336ae2773d60d375abd7b6f18ab1e34a5a0086077eb5ba74922734288c,"{""boundary"": 12, ""community_rep"": 4, ""degree_core"": 10, ""random_fill"": 6}","{""degree_0_1"": 1, ""degree_2"": 2, ""degree_3_4"": 4, ""degree_5_8"": 4, ""degree_9_plus"": 21}","{""0"": 1, ""1"": 2, ""11"": 2, ""12"": 1, ""13"": 2, ""14"": 1, ""15"": 2, ""16"": 2, ""2"": 2, ""3"": 2, ""4"": 6, ""5"": 1, ""6"": 1, ""7"": 4, ""8"": 2, ""9"": 1}",145,"{""backend"": ""evaluate_m19_theory_calibrated.candidate_features"", ""delta_mode"": ""none"", ""k_max"": 512, ""k_min"": 64, ""variant"": ""conservative""}",145,0.22906793048973143,0.47586206896551725,0.47586206896551725,0.06206896551724138,1.0,"{""dp_17_64"": 0.30344827586206896, ""dp_257_plus"": 0.13793103448275862, ""dp_5_16"": 0.006896551724137931, ""dp_65_256"": 0.5517241379310345}","{""cn_0"": 1.0}",0.0,131.6689655172414,sasb_candidate_builder,56c4d8bed5fcd17503eb39df1751c51e640bdd0c39a1f489414e9d33cabcb069,145,56c4d8bed5fcd17503eb39df1751c51e640bdd0c39a1f489414e9d33cabcb069,"{""sasb_builder"": 145}",0,0,0,0,{},0.0,"{""common_neighbor_bin_l1"": 0.0, ""degree_product_bin_l1"": 0.0, ""is_boundary_edge_l1"": 0.0, ""is_bridge_edge_l1"": 0.0, ""is_inter_community_edge_l1"": 0.0, ""is_low_common_neighbor_edge_l1"": 0.0, ""mean_l1"": 0.0}",1,32,32,0.0,0
realworld_completed,bio_celegans,SASB-candidate,sasb,SASB-structured,20260513,1241,middle,0.7019867549668874,0.7019867549668874,0.0,41,41,0,0.6128395061728396,0.6133333333333333,154,161,154--161,12,5,5,12,60,2,0.5,0,1,1,32,"[""96"", ""53"", ""60"", ""51"", ""363"", ""62"", ""364"", ""369"", ""373"", ""440"", ""85"", ""411"", ""82"", ""83"", ""142"", ""143"", ""343"", ""154"", ""398"", ""220"", ""109"", ""32"", ""134"", ""52"", ""348"", ""353"", ""6"", ""379"", ""319"", ""249"", ""158"", ""387""]",bcc67ac8ba0ce23184a8a562d93fd3cfb71dc5000a23eecca1f66b86dfceed77,"{""boundary"": 12, ""community_rep"": 4, ""degree_core"": 10, ""random_fill"": 6}","{""degree_0_1"": 1, ""degree_2"": 1, ""degree_3_4"": 4, ""degree_5_8"": 5, ""degree_9_plus"": 21}","{""0"": 3, ""1"": 1, ""11"": 1, ""12"": 1, ""13"": 2, ""14"": 1, ""15"": 2, ""16"": 3, ""2"": 2, ""3"": 2, ""4"": 2, ""5"": 2, ""6"": 1, ""7"": 4, ""8"": 3, ""9"": 2}",145,"{""backend"": ""evaluate_m19_theory_calibrated.candidate_features"", ""delta_mode"": ""none"", ""k_max"": 512, ""k_min"": 64, ""variant"": ""conservative""}",145,0.22943037974683544,0.4689655172413793,0.4689655172413793,0.06206896551724138,0.993103448275862,"{""dp_17_64"": 0.31724137931034485, ""dp_257_plus"": 0.13793103448275862, ""dp_5_16"": 0.006896551724137931, ""dp_65_256"": 0.5379310344827586}","{""cn_0"": 0.993103448275862, ""cn_2_3"": 0.006896551724137931}",0.013793103448275862,130.18620689655174,sasb_candidate_builder,8213b6116aca5571a9feefd97c9a5d0a5959eb36a81558b9a7a7524f6f47d380,145,8213b6116aca5571a9feefd97c9a5d0a5959eb36a81558b9a7a7524f6f47d380,"{""sasb_builder"": 145}",0,0,0,0,{},0.0,"{""common_neighbor_bin_l1"": 0.0, ""degree_product_bin_l1"": 0.0, ""is_boundary_edge_l1"": 0.0, ""is_bridge_edge_l1"": 0.0, ""is_inter_community_edge_l1"": 0.0, ""is_low_common_neighbor_edge_l1"": 0.0, ""mean_l1"": 0.0}",1,32,32,742.0,0
realworld_completed,bio_celegans,SASB-candidate,sasb,SASB-structured,20260513,1242,middle,0.7019867549668874,0.7019867549668874,0.0,41,41,0,0.6133333333333333,0.6138271604938271,154,156,154--156,11,4,4,11,44,1,0.3333333333333333,0,1,1,32,"[""96"", ""53"", ""60"", ""51"", ""363"", ""62"", ""364"", ""369"", ""373"", ""440"", ""85"", ""411"", ""82"", ""83"", ""142"", ""143"", ""343"", ""398"", ""154"", ""220"", ""109"", ""32"", ""134"", ""52"", ""348"", ""353"", ""435"", ""320"", ""350"", ""194"", ""9"", ""407""]",85eb7ebb078edf605f62afb25c4603d086e7e921fa1b1b01e8ed4f5fccba78b8,"{""boundary"": 12, ""community_rep"": 4, ""degree_core"": 10, ""random_fill"": 6}","{""degree_2"": 1, ""degree_3_4"": 5, ""degree_5_8"": 5, ""degree_9_plus"": 21}","{""0"": 2, ""1"": 1, ""11"": 1, ""12"": 1, ""13"": 2, ""14"": 1, ""15"": 3, ""16"": 2, ""2"": 2, ""3"": 2, ""4"": 3, ""5"": 1, ""6"": 1, ""7"": 6, ""8"": 3, ""9"": 1}",145,"{""backend"": ""evaluate_m19_theory_calibrated.candidate_features"", ""delta_mode"": ""none"", ""k_max"": 512, ""k_min"": 64, ""variant"": ""conservative""}",145,0.22979397781299524,0.4689655172413793,0.4689655172413793,0.06206896551724138,1.0,"{""dp_17_64"": 0.31724137931034485, ""dp_257_plus"": 0.13793103448275862, ""dp_5_16"": 0.006896551724137931, ""dp_65_256"": 0.5379310344827586}","{""cn_0"": 0.9862068965517241, ""cn_1"": 0.013793103448275862}",0.013793103448275862,129.9655172413793,sasb_candidate_builder,039e739bf9290ba629caa4cd04c0876aa68187e08903bfa1acbfff75891da104,145,039e739bf9290ba629caa4cd04c0876aa68187e08903bfa1acbfff75891da104,"{""sasb_builder"": 145}",0,0,0,0,{},0.0,"{""common_neighbor_bin_l1"": 0.0, ""degree_product_bin_l1"": 0.0, ""is_boundary_edge_l1"": 0.0, ""is_bridge_edge_l1"": 0.0, ""is_inter_community_edge_l1"": 0.0, ""is_low_common_neighbor_edge_l1"": 0.0, ""mean_l1"": 0.0}",1,32,32,795.0,0
realworld_completed,bio_celegans,SASB-candidate,sasb,SASB-structured,20260513,1243,middle,0.7019867549668874,0.6909492273730684,0.011037527593819041,41,42,1,0.6138271604938271,0.614320987654321,154,175,154--175,10,4,4,10,40,0,0.0,0,1,1,32,"[""96"", ""53"", ""60"", ""51"", ""363"", ""62"", ""364"", ""369"", ""373"", ""440"", ""85"", ""411"", ""82"", ""83"", ""142"", ""143"", ""343"", ""398"", ""154"", ""220"", ""109"", ""32"", ""134"", ""52"", ""348"", ""353"", ""448"", ""209"", ""382"", ""78"", ""371"", ""195""]",e1355faa64fd7c690577e36ddfe83e8ce45a4acea5e4db2827b760b5a1c1f670,"{""boundary"": 12, ""community_rep"": 4, ""degree_core"": 10, ""random_fill"": 6}","{""degree_3_4"": 5, ""degree_5_8"": 6, ""degree_9_plus"": 21}","{""0"": 1, ""1"": 1, ""11"": 1, ""12"": 1, ""13"": 2, ""14"": 1, ""15"": 2, ""16"": 2, ""2"": 3, ""3"": 2, ""4"": 3, ""5"": 2, ""6"": 1, ""7"": 6, ""8"": 2, ""9"": 2}",145,"{""backend"": ""evaluate_m19_theory_calibrated.candidate_features"", ""delta_mode"": ""none"", ""k_max"": 512, ""k_min"": 64, ""variant"": ""conservative""}",145,0.23015873015873015,0.4689655172413793,0.4689655172413793,0.06896551724137931,1.0,"{""dp_17_64"": 0.31724137931034485, ""dp_257_plus"": 0.13793103448275862, ""dp_5_16"": 0.006896551724137931, ""dp_65_256"": 0.5379310344827586}","{""cn_0"": 1.0}",0.0,130.04827586206898,sasb_candidate_builder,b83e2b5a0b76a293d00a9d0aba34ee98fc621e01c51b0e8c0ba8b71b34092a32,145,b83e2b5a0b76a293d00a9d0aba34ee98fc621e01c51b0e8c0ba8b71b34092a32,"{""sasb_builder"": 145}",0,0,0,0,{},0.0,"{""common_neighbor_bin_l1"": 0.0, ""degree_product_bin_l1"": 0.0, ""is_boundary_edge_l1"": 0.0, ""is_bridge_edge_l1"": 0.0, ""is_inter_community_edge_l1"": 0.0, ""is_low_common_neighbor_edge_l1"": 0.0, ""mean_l1"": 0.0}",1,32,32,1590.0,0
realworld_completed,bio_celegans,SASB-candidate,sasb,SASB-structured,20260513,1244,middle,0.6909492273730684,0.6909492273730684,0.0,42,42,0,0.614320987654321,0.6148148148148148,363,53,363--53,12,22,12,22,264,0,0.0,0,9,9,32,"[""96"", ""53"", ""60"", ""51"", ""363"", ""62"", ""364"", ""369"", ""373"", ""440"", ""85"", ""411"", ""82"", ""83"", ""142"", ""143"", ""343"", ""398"", ""220"", ""109"", ""154"", ""32"", ""134"", ""52"", ""348"", ""353"", ""92"", ""202"", ""2"", ""94"", ""158"", ""340""]",a78e20a32153691ec9c8696bbfb2065ef64d3abd0a3f87277a6792c1c8d0ce34,"{""boundary"": 12, ""community_rep"": 4, ""degree_core"": 10, ""random_fill"": 6}","{""degree_0_1"": 1, ""degree_2"": 2, ""degree_3_4"": 1, ""degree_5_8"": 7, ""degree_9_plus"": 21}","{""0"": 2, ""1"": 1, ""11"": 1, ""12"": 1, ""13"": 4, ""14"": 1, ""15"": 2, ""16"": 3, ""2"": 2, ""3"": 2, ""4"": 2, ""5"": 1, ""6"": 1, ""7"": 4, ""8"": 3, ""9"": 2}",144,"{""backend"": ""evaluate_m19_theory_calibrated.candidate_features"", ""delta_mode"": ""none"", ""k_max"": 512, ""k_min"": 64, ""variant"": ""conservative""}",144,0.2315112540192926,0.4722222222222222,0.4722222222222222,0.0625,1.0,"{""dp_17_64"": 0.3125, ""dp_257_plus"": 0.1388888888888889, ""dp_5_16"": 0.006944444444444444, ""dp_65_256"": 0.5416666666666666}","{""cn_0"": 1.0}",0.0,130.67361111111111,sasb_candidate_builder,84e6c9f26f899d0fe9bf3463efa4b6bd8f74c6d72adef65d581cb8f9aea46539,144,84e6c9f26f899d0fe9bf3463efa4b6bd8f74c6d72adef65d581cb8f9aea46539,"{""sasb_builder"": 144}",0,0,0,0,{},0.0,"{""common_neighbor_bin_l1"": 0.0, ""degree_product_bin_l1"": 0.0, ""is_boundary_edge_l1"": 0.0, ""is_bridge_edge_l1"": 0.0, ""is_inter_community_edge_l1"": 0.0, ""is_low_common_neighbor_edge_l1"": 0.0, ""mean_l1"": 0.0}",1,32,32,0.0,0
realworld_completed,bio_celegans,SASB-candidate,sasb,SASB-structured,20260513,1245,middle,0.6909492273730684,0.6909492273730684,0.0,42,42,0,0.6148148148148148,0.6153086419753087,295,408,295--408,5,3,3,5,15,0,0.0,1,12,9,32,"[""96"", ""53"", ""60"", ""363"", ""51"", ""62"", ""364"", ""369"", ""85"", ""373"", ""375"", ""440"", ""82"", ""83"", ""142"", ""143"", ""343"", ""398"", ""220"", ""109"", ""154"", ""32"", ""134"", ""52"", ""121"", ""348"", ""353"", ""392"", ""449"", ""189"", ""410"", ""123""]",aabf3f0bdeac0913213b049890d7a4177396d6922b9243ecdd39a099e73cc7fd,"{""boundary"": 12, ""community_rep"": 6, ""degree_core"": 10, ""random_fill"": 4}","{""degree_2"": 1, ""degree_3_4"": 5, ""degree_5_8"": 5, ""degree_9_plus"": 21}","{""0"": 1, ""1"": 1, ""10"": 2, ""11"": 2, ""12"": 2, ""13"": 1, ""14"": 1, ""15"": 1, ""17"": 1, ""18"": 1, ""19"": 1, ""2"": 1, ""3"": 2, ""4"": 4, ""5"": 2, ""6"": 1, ""7"": 4, ""8"": 2, ""9"": 2}",144,"{""backend"": ""evaluate_m19_theory_calibrated.candidate_features"", ""delta_mode"": ""none"", ""k_max"": 512, ""k_min"": 64, ""variant"": ""conservative""}",144,0.2318840579710145,0.4861111111111111,0.4861111111111111,0.06944444444444445,1.0,"{""dp_17_64"": 0.3611111111111111, ""dp_257_plus"": 0.13194444444444445, ""dp_5_16"": 0.020833333333333332, ""dp_65_256"": 0.4861111111111111}","{""cn_0"": 1.0}",0.0,127.17361111111111,sasb_candidate_builder,e510c9b1bc2b7c53488aee9a68bc6121456a5d8bf541adff786a88706643f220,144,e510c9b1bc2b7c53488aee9a68bc6121456a5d8bf541adff786a88706643f220,"{""sasb_builder"": 144}",0,0,0,0,{},0.0,"{""common_neighbor_bin_l1"": 0.0, ""degree_product_bin_l1"": 0.0, ""is_boundary_edge_l1"": 0.0, ""is_bridge_edge_l1"": 0.0, ""is_inter_community_edge_l1"": 0.0, ""is_low_common_neighbor_edge_l1"": 0.0, ""mean_l1"": 0.0}",1,32,32,748.1631414525053,0
realworld_completed,bio_celegans,SASB-candidate,sasb,SASB-structured,20260513,1246,middle,0.6909492273730684,0.6909492273730684,0.0,42,42,0,0.6153086419753087,0.6158024691358025,363,56,363--56,11,7,7,11,77,1,0.16666666666666666,0,15,15,32,"[""96"", ""53"", ""60"", ""363"", ""51"", ""62"", ""364"", ""369"", ""85"", ""373"", ""375"", ""440"", ""82"", ""83"", ""142"", ""143"", ""343"", ""398"", ""220"", ""109"", ""154"", ""32"", ""134"", ""52"", ""121"", ""348"", ""353"", ""392"", ""180"", ""397"", ""108"", ""186""]",94328407dcb875fcf697dad41fbd40fc6036881d38a04ae093bb0d478d245756,"{""boundary"": 12, ""community_rep"": 6, ""degree_core"": 10, ""random_fill"": 4}","{""degree_2"": 2, ""degree_3_4"": 4, ""degree_5_8"": 5, ""degree_9_plus"": 21}","{""0"": 1, ""1"": 1, ""10"": 2, ""11"": 1, ""12"": 3, ""13"": 1, ""14"": 1, ""15"": 2, ""17"": 1, ""18"": 1, ""19"": 1, ""2"": 1, ""3"": 3, ""4"": 2, ""5"": 2, ""6"": 1, ""7"": 4, ""8"": 2, ""9"": 2}",144,"{""backend"": ""evaluate_m19_theory_calibrated.candidate_features"", ""delta_mode"": ""none"", ""k_max"": 512, ""k_min"": 64, ""variant"": ""conservative""}",144,0.23225806451612904,0.4791666666666667,0.4791666666666667,0.06944444444444445,1.0,"{""dp_17_64"": 0.3680555555555556, ""dp_257_plus"": 0.13194444444444445, ""dp_5_16"": 0.013888888888888888, ""dp_65_256"": 0.4861111111111111}","{""cn_0"": 1.0}",0.0,127.21527777777777,sasb_candidate_builder,dc4f1994a80e37658f1a2125ee6020cd4d7544679a49f6264233e43ff68be845,144,dc4f1994a80e37658f1a2125ee6020cd4d7544679a49f6264233e43ff68be845,"{""sasb_builder"": 144}",0,0,0,0,{},0.0,"{""common_neighbor_bin_l1"": 0.0, ""degree_product_bin_l1"": 0.0, ""is_boundary_edge_l1"": 0.0, ""is_bridge_edge_l1"": 0.0, ""is_inter_community_edge_l1"": 0.0, ""is_low_common_neighbor_edge_l1"": 0.0, ""mean_l1"": 0.0}",1,32,32,0.0,0
realworld_completed,bio_celegans,SASB-candidate,sasb,SASB-structured,20260513,1247,middle,0.6909492273730684,0.6909492273730684,0.0,42,42,0,0.6158024691358025,0.6162962962962963,363,61,363--61,10,6,6,10,60,1,0.2,0,15,15,32,"[""96"", ""53"", ""60"", ""363"", ""51"", ""62"", ""364"", ""369"", ""85"", ""373"", ""375"", ""440"", ""82"", ""83"", ""142"", ""143"", ""343"", ""398"", ""220"", ""109"", ""154"", ""32"", ""134"", ""52"", ""121"", ""348"", ""353"", ""392"", ""163"", ""241"", ""374"", ""195""]",c77b67f3cbaf875a52ff69eb3efc039052d95ac1ea71775446450c6a952db106,"{""boundary"": 12, ""community_rep"": 6, ""degree_core"": 10, ""random_fill"": 4}","{""degree_3_4"": 6, ""degree_5_8"": 5, ""degree_9_plus"": 21}","{""0"": 1, ""1"": 1, ""10"": 1, ""11"": 1, ""12"": 2, ""13"": 1, ""14"": 1, ""15"": 3, ""17"": 1, ""18"": 1, ""19"": 1, ""2"": 2, ""3"": 2, ""4"": 3, ""5"": 2, ""6"": 1, ""7"": 4, ""8"": 2, ""9"": 2}",143,"{""backend"": ""evaluate_m19_theory_calibrated.candidate_features"", ""delta_mode"": ""none"", ""k_max"": 512, ""k_min"": 64, ""variant"": ""conservative""}",143,0.2310177705977383,0.4825174825174825,0.4825174825174825,0.06993006993006994,1.0,"{""dp_17_64"": 0.3776223776223776, ""dp_257_plus"": 0.13286713286713286, ""dp_5_16"": 0.013986013986013986, ""dp_65_256"": 0.4755244755244755}","{""cn_0"": 1.0}",0.0,126.76923076923077,sasb_candidate_builder,deea507faca91d2e5e0a20afb0a999f48461eb7053b308e38ab86e32913481be,143,deea507faca91d2e5e0a20afb0a999f48461eb7053b308e38ab86e32913481be,"{""sasb_builder"": 143}",0,0,0,0,{},0.0,"{""common_neighbor_bin_l1"": 0.0, ""degree_product_bin_l1"": 0.0, ""is_boundary_edge_l1"": 0.0, ""is_bridge_edge_l1"": 0.0, ""is_inter_community_edge_l1"": 0.0, ""is_low_common_neighbor_edge_l1"": 0.0, ""mean_l1"": 0.0}",1,32,32,0.0,0
realworld_completed,bio_celegans,SASB-candidate,sasb,SASB-structured,20260513,1248,middle,0.6909492273730684,0.6909492273730684,0.0,42,42,0,0.6162962962962963,0.6167901234567901,191,220,191--220,2,10,2,10,20,0,0.0,0,5,5,32,"[""96"", ""53"", ""60"", ""363"", ""51"", ""62"", ""364"", ""369"", ""85"", ""373"", ""375"", ""440"", ""82"", ""83"", ""142"", ""143"", ""343"", ""398"", ""220"", ""109"", ""154"", ""32"", ""134"", ""52"", ""121"", ""348"", ""353"", ""392"", ""202"", ""213"", ""257"", ""165""]",5bbb4410fe0a7585e244f38e85e6fbeb90be9c2ccc1a93e14a42b4e1f6a9b55a,"{""boundary"": 12, ""community_rep"": 6, ""degree_core"": 10, ""random_fill"": 4}","{""degree_2"": 2, ""degree_3_4"": 4, ""degree_5_8"": 5, ""degree_9_plus"": 21}","{""0"": 1, ""1"": 1, ""10"": 1, ""11"": 1, ""12"": 3, ""13"": 1, ""14"": 1, ""15"": 1, ""17"": 1, ""18"": 1, ""19"": 1, ""2"": 2, ""3"": 2, ""4"": 2, ""5"": 2, ""6"": 2, ""7"": 5, ""8"": 2, ""9"": 2}",143,"{""backend"": ""evaluate_m19_theory_calibrated.candidate_features"", ""delta_mode"": ""none"", ""k_max"": 512, ""k_min"": 64, ""variant"": ""conservative""}",143,0.2313915857605178,0.4825174825174825,0.4825174825174825,0.06993006993006994,1.0,"{""dp_17_64"": 0.3776223776223776, ""dp_257_plus"": 0.13286713286713286, ""dp_5_16"": 0.013986013986013986, ""dp_65_256"": 0.4755244755244755}","{""cn_0"": 1.0}",0.0,125.7972027972028,sasb_candidate_builder,10ca2edad93a89dae6c82ad63dc061e126a171f04209d0d2984a871317106c7a,143,10ca2edad93a89dae6c82ad63dc061e126a171f04209d0d2984a871317106c7a,"{""sasb_builder"": 143}",0,0,0,0,{},0.0,"{""common_neighbor_bin_l1"": 0.0, ""degree_product_bin_l1"": 0.0, ""is_boundary_edge_l1"": 0.0, ""is_bridge_edge_l1"": 0.0, ""is_inter_community_edge_l1"": 0.0, ""is_low_common_neighbor_edge_l1"": 0.0, ""mean_l1"": 0.0}",1,32,32,343.06026122570233,0
realworld_completed,bio_celegans,SASB-candidate,sasb,SASB-structured,20260513,1249,middle,0.6909492273730684,0.6909492273730684,0.0,42,42,0,0.6167901234567901,0.6172839506172839,221,369,221--369,5,8,5,8,40,1,0.25,0,16,16,32,"[""96"", ""53"", ""60"", ""363"", ""51"", ""62"", ""364"", ""369"", ""85"", ""373"", ""375"", ""440"", ""82"", ""83"", ""142"", ""143"", ""343"", ""398"", ""109"", ""154"", ""220"", ""32"", ""134"", ""52"", ""121"", ""348"", ""353"", ""392"", ""104"", ""422"", ""147"", ""272""]",8e558e184ef359cd90cf1bd03affc24ccbf46b151c5304aabf197789ea236ec7,"{""boundary"": 12, ""community_rep"": 6, ""degree_core"": 10, ""random_fill"": 4}","{""degree_3_4"": 5, ""degree_5_8"": 6, ""degree_9_plus"": 21}","{""0"": 2, ""1"": 1, ""10"": 2, ""11"": 1, ""12"": 2, ""13"": 1, ""14"": 1, ""15"": 1, ""17"": 1, ""18"": 1, ""19"": 1, ""2"": 3, ""3"": 2, ""4"": 2, ""5"": 2, ""6"": 1, ""7"": 4, ""8"": 2, ""9"": 2}",143,"{""backend"": ""evaluate_m19_theory_calibrated.candidate_features"", ""delta_mode"": ""none"", ""k_max"": 512, ""k_min"": 64, ""variant"": ""conservative""}",143,0.23176661264181522,0.4825174825174825,0.4825174825174825,0.06993006993006994,1.0,"{""dp_17_64"": 0.3776223776223776, ""dp_257_plus"": 0.13286713286713286, ""dp_5_16"": 0.013986013986013986, ""dp_65_256"": 0.4755244755244755}","{""cn_0"": 0.993006993006993, ""cn_1"": 0.006993006993006993}",0.006993006993006993,125.93706293706293,sasb_candidate_builder,6e5627bba79f8b626535cc3c0676beb3f36976aa1a55fc9b1290640496a2c358,143,6e5627bba79f8b626535cc3c0676beb3f36976aa1a55fc9b1290640496a2c358,"{""sasb_builder"": 143}",0,0,0,0,{},0.0,"{""common_neighbor_bin_l1"": 0.0, ""degree_product_bin_l1"": 0.0, ""is_boundary_edge_l1"": 0.0, ""is_bridge_edge_l1"": 0.0, ""is_inter_community_edge_l1"": 0.0, ""is_low_common_neighbor_edge_l1"": 0.0, ""mean_l1"": 0.0}",1,32,32,738.3390785429845,0
realworld_completed,bio_celegans,SASB-candidate,sasb,SASB-structured,20260513,1250,middle,0.6909492273730684,0.6909492273730684,0.0,42,42,0,0.6172839506172839,0.6177777777777778,222,369,222--369,6,7,6,7,42,1,0.2,0,15,15,32,"[""96"", ""53"", ""60"", ""363"", ""51"", ""62"", ""364"", ""369"", ""85"", ""373"", ""375"", ""440"", ""82"", ""83"", ""142"", ""143"", ""343"", ""398"", ""109"", ""154"", ""220"", ""32"", ""134"", ""52"", ""121"", ""348"", ""353"", ""392"", ""71"", ""39"", ""235"", ""147""]",5b50a32b54fb9a7fb7a1b3bd415ab481318b7fc555a5520ea0d733504150b5fc,"{""boundary"": 12, ""community_rep"": 6, ""degree_core"": 10, ""random_fill"": 4}","{""degree_2"": 2, ""degree_3_4"": 3, ""degree_5_8"": 6, ""degree_9_plus"": 21}","{""0"": 1, ""1"": 2, ""10"": 2, ""11"": 1, ""12"": 2, ""13"": 1, ""14"": 1, ""15"": 1, ""17"": 1, ""18"": 1, ""19"": 1, ""2"": 2, ""3"": 2, ""4"": 2, ""5"": 3, ""6"": 1, ""7"": 4, ""8"": 2, ""9"": 2}",143,"{""backend"": ""evaluate_m19_theory_calibrated.candidate_features"", ""delta_mode"": ""none"", ""k_max"": 512, ""k_min"": 64, ""variant"": ""conservative""}",143,0.23214285714285715,0.4825174825174825,0.4825174825174825,0.06993006993006994,1.0,"{""dp_17_64"": 0.3776223776223776, ""dp_257_plus"": 0.13286713286713286, ""dp_5_16"": 0.013986013986013986, ""dp_65_256"": 0.4755244755244755}","{""cn_0"": 0.993006993006993, ""cn_1"": 0.006993006993006993}",0.006993006993006993,125.27972027972028,sasb_candidate_builder,f112e69eacde45fcd94b47ce1b1f6421913417343dfc87b3ae8e8d6289b7064a,143,f112e69eacde45fcd94b47ce1b1f6421913417343dfc87b3ae8e8d6289b7064a,"{""sasb_builder"": 143}",0,0,0,0,{},0.0,"{""common_neighbor_bin_l1"": 0.0, ""degree_product_bin_l1"": 0.0, ""is_boundary_edge_l1"": 0.0, ""is_bridge_edge_l1"": 0.0, ""is_inter_community_edge_l1"": 0.0, ""is_low_common_neighbor_edge_l1"": 0.0, ""mean_l1"": 0.0}",1,32,32,1052.5867063492062,0
realworld_completed,bio_celegans,SASB-candidate,sasb,SASB-structured,20260513,1251,middle,0.6909492273730684,0.6909492273730684,0.0,42,42,0,0.6177777777777778,0.6182716049382716,142,397,142--397,14,4,4,14,56,2,0.6666666666666666,0,3,3,32,"[""96"", ""53"", ""60"", ""363"", ""51"", ""62"", ""364"", ""369"", ""85"", ""373"", ""375"", ""440"", ""82"", ""83"", ""142"", ""143"", ""343"", ""398"", ""109"", ""154"", ""220"", ""32"", ""134"", ""52"", ""121"", ""348"", ""353"", ""392"", ""313"", ""314"", ""427"", ""325""]",5b10ea1e96c859b8e62936542f4c7f1aef3156ecfd84f2a2b75295ea9a93e185,"{""boundary"": 12, ""community_rep"": 6, ""degree_core"": 10, ""random_fill"": 4}","{""degree_2"": 1, ""degree_3_4"": 5, ""degree_5_8"": 5, ""degree_9_plus"": 21}","{""0"": 1, ""1"": 1, ""10"": 1, ""11"": 1, ""12"": 2, ""13"": 1, ""14"": 1, ""15"": 1, ""17"": 1, ""18"": 1, ""19"": 1, ""2"": 1, ""3"": 4, ""4"": 2, ""5"": 3, ""6"": 1, ""7"": 5, ""8"": 2, ""9"": 2}",143,"{""backend"": ""evaluate_m19_theory_calibrated.candidate_features"", ""delta_mode"": ""none"", ""k_max"": 512, ""k_min"": 64, ""variant"": ""conservative""}",143,0.23252032520325203,0.4825174825174825,0.4825174825174825,0.06993006993006994,0.993006993006993,"{""dp_17_64"": 0.3776223776223776, ""dp_257_plus"": 0.13286713286713286, ""dp_5_16"": 0.013986013986013986, ""dp_65_256"": 0.4755244755244755}","{""cn_0"": 0.993006993006993, ""cn_2_3"": 0.006993006993006993}",0.013986013986013986,124.7062937062937,sasb_candidate_builder,289e081227a3beccb4c8b5b78bec5113233fba11c99a6de0105745519628ee60,143,289e081227a3beccb4c8b5b78bec5113233fba11c99a6de0105745519628ee60,"{""sasb_builder"": 143}",0,0,0,0,{},0.0,"{""common_neighbor_bin_l1"": 0.0, ""degree_product_bin_l1"": 0.0, ""is_boundary_edge_l1"": 0.0, ""is_bridge_edge_l1"": 0.0, ""is_inter_community_edge_l1"": 0.0, ""is_low_common_neighbor_edge_l1"": 0.0, ""mean_l1"": 0.0}",1,32,32,3687.5312499999995,0
realworld_completed,bio_celegans,SASB-candidate,sasb,SASB-structured,20260513,1252,middle,0.6909492273730684,0.6909492273730684,0.0,42,42,0,0.6182716049382716,0.6187654320987654,143,397,143--397,14,3,3,14,42,1,0.5,0,3,3,32,"[""96"", ""53"", ""60"", ""363"", ""51"", ""62"", ""364"", ""369"", ""85"", ""373"", ""375"", ""440"", ""82"", ""83"", ""143"", ""343"", ""142"", ""398"", ""109"", ""154"", ""220"", ""32"", ""134"", ""52"", ""121"", ""348"", ""353"", ""392"", ""317"", ""202"", ""107"", ""236""]",293cbb96d4184b8777eaa6d2988278ac7908fa066306a8067032b9dd6e9d75a6,"{""boundary"": 12, ""community_rep"": 6, ""degree_core"": 10, ""random_fill"": 4}","{""degree_2"": 2, ""degree_3_4"": 4, ""degree_5_8"": 5, ""degree_9_plus"": 21}","{""0"": 2, ""1"": 1, ""10"": 1, ""11"": 1, ""12"": 5, ""13"": 1, ""14"": 1, ""15"": 1, ""17"": 1, ""18"": 1, ""19"": 1, ""2"": 1, ""3"": 2, ""4"": 2, ""5"": 2, ""6"": 1, ""7"": 4, ""8"": 2, ""9"": 2}",143,"{""backend"": ""evaluate_m19_theory_calibrated.candidate_features"", ""delta_mode"": ""none"", ""k_max"": 512, ""k_min"": 64, ""variant"": ""conservative""}",143,0.23289902280130292,0.4825174825174825,0.4825174825174825,0.06993006993006994,1.0,"{""dp_17_64"": 0.3776223776223776, ""dp_257_plus"": 0.13286713286713286, ""dp_5_16"": 0.013986013986013986, ""dp_65_256"": 0.4755244755244755}","{""cn_0"": 0.993006993006993, ""cn_1"": 0.006993006993006993}",0.006993006993006993,124.24475524475524,sasb_candidate_builder,6e81e58f5588e119bd46ad8cdbc27cd706a197cf3c5ad7541869b4c576e28631,143,6e81e58f5588e119bd46ad8cdbc27cd706a197cf3c5ad7541869b4c576e28631,"{""sasb_builder"": 143}",0,0,0,0,{},0.0,"{""common_neighbor_bin_l1"": 0.0, ""degree_product_bin_l1"": 0.0, ""is_boundary_edge_l1"": 0.0, ""is_bridge_edge_l1"": 0.0, ""is_inter_community_edge_l1"": 0.0, ""is_low_common_neighbor_edge_l1"": 0.0, ""mean_l1"": 0.0}",1,32,32,2499.1093749999995,0
realworld_completed,bio_celegans,SASB-candidate,sasb,SASB-structured,20260513,1253,middle,0.6909492273730684,0.6909492273730684,0.0,42,42,0,0.6187654320987654,0.6192592592592593,142,341,142--341,13,3,3,13,39,1,0.5,0,3,3,32,"[""96"", ""53"", ""60"", ""363"", ""51"", ""62"", ""364"", ""369"", ""85"", ""373"", ""375"", ""440"", ""82"", ""83"", ""343"", ""142"", ""143"", ""398"", ""109"", ""154"", ""220"", ""32"", ""134"", ""52"", ""121"", ""348"", ""353"", ""392"", ""401"", ""413"", ""365"", ""237""]",380fc1df5fc4b37262cdf17c4f8cac385e1a3311cbf2538d9dbbc404f704341a,"{""boundary"": 12, ""community_rep"": 6, ""degree_core"": 10, ""random_fill"": 4}","{""degree_3_4"": 4, ""degree_5_8"": 7, ""degree_9_plus"": 21}","{""0"": 2, ""1"": 1, ""10"": 1, ""11"": 1, ""12"": 2, ""13"": 1, ""14"": 1, ""15"": 1, ""17"": 1, ""18"": 2, ""19"": 1, ""2"": 1, ""3"": 3, ""4"": 2, ""5"": 2, ""6"": 1, ""7"": 4, ""8"": 2, ""9"": 3}",143,"{""backend"": ""evaluate_m19_theory_calibrated.candidate_features"", ""delta_mode"": ""none"", ""k_max"": 512, ""k_min"": 64, ""variant"": ""conservative""}",143,0.233278955954323,0.4825174825174825,0.4825174825174825,0.06993006993006994,1.0,"{""dp_17_64"": 0.3776223776223776, ""dp_257_plus"": 0.13286713286713286, ""dp_5_16"": 0.013986013986013986, ""dp_65_256"": 0.4755244755244755}","{""cn_0"": 0.993006993006993, ""cn_1"": 0.006993006993006993}",0.006993006993006993,123.86013986013987,sasb_candidate_builder,b59e1f6b6849aa73d37a49944aead55f50dbd049eea35694d4f4e1c88eef9d6e,143,b59e1f6b6849aa73d37a49944aead55f50dbd049eea35694d4f4e1c88eef9d6e,"{""sasb_builder"": 143}",0,0,0,0,{},0.0,"{""common_neighbor_bin_l1"": 0.0, ""degree_product_bin_l1"": 0.0, ""is_boundary_edge_l1"": 0.0, ""is_bridge_edge_l1"": 0.0, ""is_inter_community_edge_l1"": 0.0, ""is_low_common_neighbor_edge_l1"": 0.0, ""mean_l1"": 0.0}",1,32,32,24.453125,0
realworld_completed,bio_celegans,SASB-candidate,sasb,SASB-structured,20260513,1254,middle,0.6909492273730684,0.6909492273730684,0.0,42,42,0,0.6192592592592593,0.6197530864197531,143,341,143--341,13,2,2,13,26,0,0.0,0,3,3,32,"[""96"", ""53"", ""60"", ""363"", ""51"", ""62"", ""364"", ""369"", ""85"", ""373"", ""375"", ""440"", ""82"", ""83"", ""343"", ""143"", ""142"", ""398"", ""109"", ""154"", ""220"", ""32"", ""134"", ""52"", ""121"", ""348"", ""353"", ""392"", ""396"", ""448"", ""215"", ""451""]",f3f459e76111ee5713313aa96cd30b59898f76eeb8e0519b697f95bfadc86faa,"{""boundary"": 12, ""community_rep"": 6, ""degree_core"": 10, ""random_fill"": 4}","{""degree_2"": 1, ""degree_3_4"": 5, ""degree_5_8"": 5, ""degree_9_plus"": 21}","{""0"": 1, ""1"": 1, ""10"": 2, ""11"": 1, ""12"": 2, ""13"": 1, ""14"": 1, ""15"": 1, ""17"": 1, ""18"": 1, ""19"": 1, ""2"": 1, ""3"": 3, ""4"": 2, ""5"": 2, ""6"": 1, ""7"": 6, ""8"": 2, ""9"": 2}",143,"{""backend"": ""evaluate_m19_theory_calibrated.candidate_features"", ""delta_mode"": ""none"", ""k_max"": 512, ""k_min"": 64, ""variant"": ""conservative""}",143,0.23366013071895425,0.4825174825174825,0.4825174825174825,0.06993006993006994,1.0,"{""dp_17_64"": 0.3776223776223776, ""dp_257_plus"": 0.13286713286713286, ""dp_5_16"": 0.013986013986013986, ""dp_65_256"": 0.4755244755244755}","{""cn_0"": 1.0}",0.0,123.76923076923077,sasb_candidate_builder,d3a9e0fe3f3cab3e4af6d1651a04565e1a77394a959171e94d7e6ae6d0643869,143,d3a9e0fe3f3cab3e4af6d1651a04565e1a77394a959171e94d7e6ae6d0643869,"{""sasb_builder"": 143}",0,0,0,0,{},0.0,"{""common_neighbor_bin_l1"": 0.0, ""degree_product_bin_l1"": 0.0, ""is_boundary_edge_l1"": 0.0, ""is_bridge_edge_l1"": 0.0, ""is_inter_community_edge_l1"": 0.0, ""is_low_common_neighbor_edge_l1"": 0.0, ""mean_l1"": 0.0}",1,32,32,53.796875,0
realworld_completed,bio_celegans,SASB-candidate,sasb,SASB-structured,20260513,1255,middle,0.6909492273730684,0.6909492273730684,0.0,42,42,0,0.6197530864197531,0.6202469135802469,196,325,196--325,3,4,3,4,12,0,0.0,1,12,5,32,"[""96"", ""53"", ""60"", ""51"", ""62"", ""363"", ""364"", ""369"", ""373"", ""440"", ""85"", ""411"", ""82"", ""83"", ""343"", ""142"", ""143"", ""398"", ""109"", ""154"", ""220"", ""32"", ""134"", ""52"", ""193"", ""121"", ""348"", ""56"", ""350"", ""288"", ""197"", ""39""]",537513583e8953114db7739f9ae09c78bc7baa2669857742ac2c24a4e262e48c,"{""boundary"": 12, ""community_rep"": 6, ""degree_core"": 10, ""random_fill"": 4}","{""degree_2"": 2, ""degree_3_4"": 2, ""degree_5_8"": 7, ""degree_9_plus"": 21}","{""0"": 2, ""1"": 1, ""10"": 1, ""11"": 2, ""12"": 2, ""13"": 2, ""14"": 1, ""15"": 2, ""16"": 1, ""17"": 2, ""2"": 2, ""3"": 2, ""4"": 1, ""5"": 1, ""6"": 1, ""7"": 6, ""8"": 2, ""9"": 1}",143,"{""backend"": ""evaluate_m19_theory_calibrated.candidate_features"", ""delta_mode"": ""none"", ""k_max"": 512, ""k_min"": 64, ""variant"": ""conservative""}",143,0.23404255319148937,0.4825174825174825,0.4825174825174825,0.07692307692307693,0.993006993006993,"{""dp_17_64"": 0.3776223776223776, ""dp_257_plus"": 0.13286713286713286, ""dp_5_16"": 0.013986013986013986, ""dp_65_256"": 0.4755244755244755}","{""cn_0"": 0.993006993006993, ""cn_2_3"": 0.006993006993006993}",0.013986013986013986,124.0,sasb_candidate_builder,4c14efaf8054febd6f377695b35d2a9c7009775f26b96561ecac7723e1a01d34,143,4c14efaf8054febd6f377695b35d2a9c7009775f26b96561ecac7723e1a01d34,"{""sasb_builder"": 143}",0,0,0,0,{},0.0,"{""common_neighbor_bin_l1"": 0.0, ""degree_product_bin_l1"": 0.0, ""is_boundary_edge_l1"": 0.0, ""is_bridge_edge_l1"": 0.0, ""is_inter_community_edge_l1"": 0.0, ""is_low_common_neighbor_edge_l1"": 0.0, ""mean_l1"": 0.0}",1,32,32,689.1486278044872,0
realworld_completed,bio_celegans,SASB-candidate,sasb,SASB-structured,20260513,1256,middle,0.6909492273730684,0.6909492273730684,0.0,42,42,0,0.6202469135802469,0.6207407407407407,318,343,318--343,4,14,4,14,56,2,0.6666666666666666,0,17,17,32,"[""96"", ""53"", ""60"", ""51"", ""62"", ""363"", ""364"", ""369"", ""373"", ""440"", ""85"", ""411"", ""82"", ""83"", ""343"", ""142"", ""143"", ""398"", ""109"", ""154"", ""220"", ""32"", ""134"", ""52"", ""193"", ""121"", ""348"", ""56"", ""416"", ""98"", ""213"", ""433""]",a401617a013b763077ebeab836d3da327bf60cb8a57fcf2f286c67ba6542523a,"{""boundary"": 12, ""community_rep"": 6, ""degree_core"": 10, ""random_fill"": 4}","{""degree_2"": 1, ""degree_3_4"": 2, ""degree_5_8"": 8, ""degree_9_plus"": 21}","{""0"": 2, ""1"": 1, ""10"": 2, ""11"": 1, ""12"": 1, ""13"": 3, ""14"": 1, ""15"": 2, ""16"": 1, ""17"": 2, ""2"": 2, ""3"": 2, ""4"": 1, ""5"": 1, ""6"": 1, ""7"": 6, ""8"": 2, ""9"": 1}",142,"{""backend"": ""evaluate_m19_theory_calibrated.candidate_features"", ""delta_mode"": ""none"", ""k_max"": 512, ""k_min"": 64, ""variant"": ""conservative""}",142,0.23278688524590163,0.4788732394366197,0.4788732394366197,0.07746478873239436,0.9929577464788732,"{""dp_17_64"": 0.38028169014084506, ""dp_257_plus"": 0.13380281690140844, ""dp_5_16"": 0.007042253521126761, ""dp_65_256"": 0.4788732394366197}","{""cn_0"": 0.9929577464788732, ""cn_2_3"": 0.007042253521126761}",0.014084507042253521,124.78873239436619,sasb_candidate_builder,5d16a444c43bf1246909ca872ce0daacf2cbe1c7907ab092736de51c4a0c28fe,142,5d16a444c43bf1246909ca872ce0daacf2cbe1c7907ab092736de51c4a0c28fe,"{""sasb_builder"": 142}",0,0,0,0,{},0.0,"{""common_neighbor_bin_l1"": 0.0, ""degree_product_bin_l1"": 0.0, ""is_boundary_edge_l1"": 0.0, ""is_bridge_edge_l1"": 0.0, ""is_inter_community_edge_l1"": 0.0, ""is_low_common_neighbor_edge_l1"": 0.0, ""mean_l1"": 0.0}",1,32,32,565.612425595238,0
realworld_completed,bio_celegans,SASB-candidate,sasb,SASB-structured,20260513,1257,middle,0.6909492273730684,0.6909492273730684,0.0,42,42,0,0.6207407407407407,0.6212345679012345,319,343,319--343,5,13,5,13,65,2,0.5,0,15,15,32,"[""96"", ""53"", ""60"", ""51"", ""62"", ""363"", ""364"", ""369"", ""373"", ""440"", ""85"", ""411"", ""82"", ""83"", ""343"", ""142"", ""143"", ""398"", ""109"", ""154"", ""220"", ""32"", ""134"", ""52"", ""193"", ""121"", ""348"", ""56"", ""418"", ""190"", ""270"", ""182""]",e234147198c59ef53383ae1d468453e3ea0225799b62d988db77c8a3fab3a8f5,"{""boundary"": 12, ""community_rep"": 6, ""degree_core"": 10, ""random_fill"": 4}","{""degree_2"": 1, ""degree_3_4"": 2, ""degree_5_8"": 8, ""degree_9_plus"": 21}","{""0"": 2, ""1"": 1, ""10"": 1, ""11"": 1, ""12"": 1, ""13"": 2, ""14"": 1, ""15"": 2, ""16"": 1, ""17"": 3, ""2"": 3, ""3"": 3, ""4"": 1, ""5"": 1, ""6"": 1, ""7"": 5, ""8"": 2, ""9"": 1}",142,"{""backend"": ""evaluate_m19_theory_calibrated.candidate_features"", ""delta_mode"": ""none"", ""k_max"": 512, ""k_min"": 64, ""variant"": ""conservative""}",142,0.23316912972085385,0.4788732394366197,0.4788732394366197,0.07746478873239436,0.9929577464788732,"{""dp_17_64"": 0.3732394366197183, ""dp_257_plus"": 0.13380281690140844, ""dp_5_16"": 0.007042253521126761, ""dp_65_256"": 0.4859154929577465}","{""cn_0"": 0.9929577464788732, ""cn_2_3"": 0.007042253521126761}",0.014084507042253521,124.85211267605634,sasb_candidate_builder,da1832e93b2cdf5600b9425e17500b1c5fca94a98d828c9d36da669a11a955cf,142,da1832e93b2cdf5600b9425e17500b1c5fca94a98d828c9d36da669a11a955cf,"{""sasb_builder"": 142}",0,0,0,0,{},0.0,"{""common_neighbor_bin_l1"": 0.0, ""degree_product_bin_l1"": 0.0, ""is_boundary_edge_l1"": 0.0, ""is_bridge_edge_l1"": 0.0, ""is_inter_community_edge_l1"": 0.0, ""is_low_common_neighbor_edge_l1"": 0.0, ""mean_l1"": 0.0}",1,32,32,1284.3029065552503,0
realworld_completed,bio_celegans,SASB-candidate,sasb,SASB-structured,20260513,1258,middle,0.6909492273730684,0.6909492273730684,0.0,42,42,0,0.6212345679012345,0.6217283950617284,184,60,184--60,2,18,2,18,36,1,1.0,0,9,9,32,"[""96"", ""53"", ""60"", ""51"", ""62"", ""363"", ""364"", ""369"", ""373"", ""440"", ""85"", ""411"", ""82"", ""83"", ""142"", ""143"", ""343"", ""398"", ""109"", ""154"", ""220"", ""32"", ""134"", ""52"", ""193"", ""121"", ""348"", ""56"", ""306"", ""438"", ""192"", ""445""]",aa32cf798e7628b41d591d11a0cf5e3d2621efb71be11fcda1c31c048b0f4893,"{""boundary"": 12, ""community_rep"": 6, ""degree_core"": 10, ""random_fill"": 4}","{""degree_2"": 2, ""degree_5_8"": 9, ""degree_9_plus"": 21}","{""0"": 2, ""1"": 1, ""10"": 2, ""11"": 1, ""12"": 1, ""13"": 2, ""14"": 1, ""15"": 2, ""16"": 1, ""17"": 2, ""2"": 2, ""3"": 2, ""4"": 2, ""5"": 1, ""6"": 1, ""7"": 5, ""8"": 3, ""9"": 1}",142,"{""backend"": ""evaluate_m19_theory_calibrated.candidate_features"", ""delta_mode"": ""none"", ""k_max"": 512, ""k_min"": 64, ""variant"": ""conservative""}",142,0.23355263157894737,0.4788732394366197,0.4788732394366197,0.07746478873239436,1.0,"{""dp_17_64"": 0.38028169014084506, ""dp_257_plus"": 0.13380281690140844, ""dp_5_16"": 0.007042253521126761, ""dp_65_256"": 0.4788732394366197}","{""cn_0"": 1.0}",0.0,124.64788732394366,sasb_candidate_builder,c35f6633408e15c7d68bcc74ec7330c02b81d5c522fbaa12da0d66efee656307,142,c35f6633408e15c7d68bcc74ec7330c02b81d5c522fbaa12da0d66efee656307,"{""sasb_builder"": 142}",0,0,0,0,{},0.0,"{""common_neighbor_bin_l1"": 0.0, ""degree_product_bin_l1"": 0.0, ""is_boundary_edge_l1"": 0.0, ""is_bridge_edge_l1"": 0.0, ""is_inter_community_edge_l1"": 0.0, ""is_low_common_neighbor_edge_l1"": 0.0, ""mean_l1"": 0.0}",1,32,32,0.0,0
realworld_completed,bio_celegans,SASB-candidate,sasb,SASB-structured,20260513,1259,middle,0.6909492273730684,0.6865342163355408,0.004415011037527616,42,43,1,0.6217283950617284,0.6222222222222222,351,60,351--60,2,17,2,17,34,0,0.0,0,9,9,32,"[""96"", ""53"", ""60"", ""51"", ""62"", ""363"", ""364"", ""369"", ""373"", ""440"", ""85"", ""411"", ""82"", ""83"", ""142"", ""143"", ""343"", ""398"", ""109"", ""154"", ""220"", ""32"", ""134"", ""52"", ""193"", ""121"", ""348"", ""56"", ""438"", ""267"", ""415"", ""446""]",2f354f996e1ec6a5d60afec4ba6232552eee006fa23811f1ba4f3b688099b88f,"{""boundary"": 12, ""community_rep"": 6, ""degree_core"": 10, ""random_fill"": 4}","{""degree_2"": 1, ""degree_3_4"": 2, ""degree_5_8"": 8, ""degree_9_plus"": 21}","{""0"": 2, ""1"": 1, ""10"": 1, ""11"": 1, ""12"": 1, ""13"": 2, ""14"": 2, ""15"": 2, ""16"": 1, ""17"": 3, ""2"": 2, ""3"": 2, ""4"": 1, ""5"": 1, ""6"": 1, ""7"": 5, ""8"": 3, ""9"": 1}",142,"{""backend"": ""evaluate_m19_theory_calibrated.candidate_features"", ""delta_mode"": ""none"", ""k_max"": 512, ""k_min"": 64, ""variant"": ""conservative""}",142,0.23393739703459637,0.4788732394366197,0.4788732394366197,0.08450704225352113,1.0,"{""dp_17_64"": 0.38028169014084506, ""dp_257_plus"": 0.13380281690140844, ""dp_5_16"": 0.007042253521126761, ""dp_65_256"": 0.4788732394366197}","{""cn_0"": 1.0}",0.0,124.1830985915493,sasb_candidate_builder,51fcdd8acd7255a57c9faeaeff00578565a0a82e89692187d070933b3604c260,142,51fcdd8acd7255a57c9faeaeff00578565a0a82e89692187d070933b3604c260,"{""sasb_builder"": 142}",0,0,0,0,{},0.0,"{""common_neighbor_bin_l1"": 0.0, ""degree_product_bin_l1"": 0.0, ""is_boundary_edge_l1"": 0.0, ""is_bridge_edge_l1"": 0.0, ""is_inter_community_edge_l1"": 0.0, ""is_low_common_neighbor_edge_l1"": 0.0, ""mean_l1"": 0.0}",1,32,32,0.0,0
realworld_completed,bio_celegans,SASB-candidate,sasb,SASB-structured,20260513,1260,middle,0.6865342163355408,0.6865342163355408,0.0,43,43,0,0.6222222222222222,0.6227160493827161,363,58,363--58,9,3,3,9,27,0,0.0,0,10,10,32,"[""96"", ""53"", ""60"", ""51"", ""62"", ""363"", ""364"", ""369"", ""373"", ""440"", ""85"", ""411"", ""82"", ""83"", ""142"", ""143"", ""343"", ""398"", ""109"", ""154"", ""220"", ""32"", ""134"", ""52"", ""193"", ""121"", ""348"", ""56"", ""7"", ""316"", ""223"", ""207""]",bcc21b3cb1cb9612e6e79762d8ed151baf9435f8646cf516d8d1c19d4557d79b,"{""boundary"": 12, ""community_rep"": 6, ""degree_core"": 10, ""random_fill"": 4}","{""degree_0_1"": 1, ""degree_2"": 1, ""degree_3_4"": 2, ""degree_5_8"": 7, ""degree_9_plus"": 21}","{""0"": 1, ""1"": 1, ""10"": 1, ""11"": 1, ""12"": 1, ""13"": 2, ""14"": 1, ""15"": 2, ""16"": 1, ""17"": 3, ""2"": 2, ""3"": 2, ""4"": 1, ""5"": 1, ""6"": 1, ""7"": 7, ""8"": 2, ""9"": 2}",142,"{""backend"": ""evaluate_m19_theory_calibrated.candidate_features"", ""delta_mode"": ""none"", ""k_max"": 512, ""k_min"": 64, ""variant"": ""conservative""}",142,0.23471074380165288,0.4788732394366197,0.4788732394366197,0.07746478873239436,1.0,"{""dp_17_64"": 0.4225352112676056, ""dp_257_plus"": 0.13380281690140844, ""dp_5_16"": 0.007042253521126761, ""dp_65_256"": 0.43661971830985913}","{""cn_0"": 1.0}",0.0,123.61971830985915,sasb_candidate_builder,16119646e9f7f3da3dd926b0d1157bee66bbc61a31b57c59727569f4a8d249ff,142,16119646e9f7f3da3dd926b0d1157bee66bbc61a31b57c59727569f4a8d249ff,"{""sasb_builder"": 142}",0,0,0,0,{},0.0,"{""common_neighbor_bin_l1"": 0.0, ""degree_product_bin_l1"": 0.0, ""is_boundary_edge_l1"": 0.0, ""is_bridge_edge_l1"": 0.0, ""is_inter_community_edge_l1"": 0.0, ""is_low_common_neighbor_edge_l1"": 0.0, ""mean_l1"": 0.0}",1,32,32,0.0,0
realworld_completed,bio_celegans,SASB-candidate,sasb,SASB-structured,20260513,1261,middle,0.6865342163355408,0.6865342163355408,0.0,43,43,0,0.6227160493827161,0.6232098765432099,220,379,220--379,9,4,4,9,36,1,0.3333333333333333,0,5,5,32,"[""96"", ""53"", ""60"", ""51"", ""62"", ""364"", ""363"", ""369"", ""373"", ""440"", ""85"", ""411"", ""82"", ""83"", ""142"", ""143"", ""343"", ""398"", ""109"", ""154"", ""220"", ""32"", ""134"", ""52"", ""193"", ""121"", ""348"", ""56"", ""224"", ""257"", ""57"", ""232""]",8042f792a4d1ffd369837a8466971b634ed5c0437aa49fff1110f5d36e7e6a69,"{""boundary"": 12, ""community_rep"": 6, ""degree_core"": 10, ""random_fill"": 4}","{""degree_0_1"": 1, ""degree_2"": 2, ""degree_3_4"": 1, ""degree_5_8"": 8, ""degree_9_plus"": 20}","{""0"": 2, ""1"": 1, ""10"": 1, ""11"": 1, ""12"": 2, ""13"": 2, ""14"": 1, ""15"": 2, ""16"": 1, ""17"": 2, ""2"": 2, ""3"": 2, ""4"": 1, ""5"": 1, ""6"": 2, ""7"": 5, ""8"": 3, ""9"": 1}",142,"{""backend"": ""evaluate_m19_theory_calibrated.candidate_features"", ""delta_mode"": ""none"", ""k_max"": 512, ""k_min"": 64, ""variant"": ""conservative""}",142,0.23509933774834438,0.47183098591549294,0.47183098591549294,0.07746478873239436,1.0,"{""dp_17_64"": 0.4225352112676056, ""dp_257_plus"": 0.13380281690140844, ""dp_5_16"": 0.007042253521126761, ""dp_65_256"": 0.43661971830985913}","{""cn_0"": 0.9859154929577465, ""cn_1"": 0.014084507042253521}",0.014084507042253521,123.09859154929578,sasb_candidate_builder,6f0069d312961f8d5f163f21c8a70209fd45976ff096b8e7a3f11d41e478a585,142,6f0069d312961f8d5f163f21c8a70209fd45976ff096b8e7a3f11d41e478a585,"{""sasb_builder"": 142}",0,0,0,0,{},0.0,"{""common_neighbor_bin_l1"": 0.0, ""degree_product_bin_l1"": 0.0, ""is_boundary_edge_l1"": 0.0, ""is_bridge_edge_l1"": 0.0, ""is_inter_community_edge_l1"": 0.0, ""is_low_common_neighbor_edge_l1"": 0.0, ""mean_l1"": 0.0}",1,32,32,2321.161458333335,0
realworld_completed,bio_celegans,SASB-candidate,sasb,SASB-structured,20260513,1262,middle,0.6865342163355408,0.6865342163355408,0.0,43,43,0,0.6232098765432099,0.6237037037037036,219,220,219--220,3,8,3,8,24,0,0.0,0,5,5,32,"[""96"", ""53"", ""60"", ""51"", ""62"", ""364"", ""363"", ""369"", ""373"", ""440"", ""85"", ""411"", ""82"", ""83"", ""142"", ""143"", ""343"", ""398"", ""109"", ""154"", ""32"", ""348"", ""134"", ""52"", ""193"", ""220"", ""121"", ""56"", ""7"", ""202"", ""340"", ""374""]",e8d4a7d5f49c1644dab7c550da08947a98b6d9e6bb62fa02b1d571e2badddeab,"{""boundary"": 12, ""community_rep"": 6, ""degree_core"": 10, ""random_fill"": 4}","{""degree_0_1"": 2, ""degree_2"": 1, ""degree_3_4"": 1, ""degree_5_8"": 9, ""degree_9_plus"": 19}","{""0"": 2, ""1"": 1, ""10"": 1, ""11"": 1, ""12"": 1, ""13"": 3, ""14"": 1, ""15"": 2, ""16"": 1, ""17"": 2, ""2"": 2, ""3"": 2, ""4"": 1, ""5"": 1, ""6"": 1, ""7"": 6, ""8"": 3, ""9"": 1}",141,"{""backend"": ""evaluate_m19_theory_calibrated.candidate_features"", ""delta_mode"": ""none"", ""k_max"": 512, ""k_min"": 64, ""variant"": ""conservative""}",141,0.23383084577114427,0.475177304964539,0.475177304964539,0.07801418439716312,1.0,"{""dp_17_64"": 0.41843971631205673, ""dp_257_plus"": 0.1347517730496454, ""dp_5_16"": 0.0070921985815602835, ""dp_65_256"": 0.4397163120567376}","{""cn_0"": 1.0}",0.0,123.16312056737588,sasb_candidate_builder,7e3841f555cc551a33cf3b905c955804468d1c6ed89be753e8365427ca0f1ae3,141,7e3841f555cc551a33cf3b905c955804468d1c6ed89be753e8365427ca0f1ae3,"{""sasb_builder"": 141}",0,0,0,0,{},0.0,"{""common_neighbor_bin_l1"": 0.0, ""degree_product_bin_l1"": 0.0, ""is_boundary_edge_l1"": 0.0, ""is_bridge_edge_l1"": 0.0, ""is_inter_community_edge_l1"": 0.0, ""is_low_common_neighbor_edge_l1"": 0.0, ""mean_l1"": 0.0}",1,32,32,29.15625,0
realworld_completed,bio_celegans,SASB-candidate,sasb,SASB-structured,20260513,1263,middle,0.6865342163355408,0.6865342163355408,0.0,43,43,0,0.6237037037037036,0.6241975308641975,149,434,149--434,6,6,6,6,36,1,0.2,0,11,11,32,"[""96"", ""53"", ""60"", ""51"", ""62"", ""364"", ""363"", ""369"", ""373"", ""440"", ""85"", ""411"", ""82"", ""83"", ""142"", ""143"", ""343"", ""398"", ""109"", ""154"", ""32"", ""348"", ""134"", ""52"", ""193"", ""220"", ""121"", ""56"", ""396"", ""278"", ""174"", ""237""]",30c642c3cf4ab81b47dd90832c908eedfb6b192c3bff10e8063870e9c5845c6f,"{""boundary"": 12, ""community_rep"": 6, ""degree_core"": 10, ""random_fill"": 4}","{""degree_2"": 2, ""degree_3_4"": 1, ""degree_5_8"": 10, ""degree_9_plus"": 19}","{""0"": 2, ""1"": 1, ""10"": 1, ""11"": 1, ""12"": 1, ""13"": 2, ""14"": 1, ""15"": 3, ""16"": 1, ""17"": 2, ""2"": 2, ""3"": 2, ""4"": 1, ""5"": 1, ""6"": 1, ""7"": 6, ""8"": 2, ""9"": 2}",141,"{""backend"": ""evaluate_m19_theory_calibrated.candidate_features"", ""delta_mode"": ""none"", ""k_max"": 512, ""k_min"": 64, ""variant"": ""conservative""}",141,0.23421926910299004,0.475177304964539,0.475177304964539,0.07801418439716312,1.0,"{""dp_17_64"": 0.41843971631205673, ""dp_257_plus"": 0.1347517730496454, ""dp_5_16"": 0.0070921985815602835, ""dp_65_256"": 0.4397163120567376}","{""cn_0"": 0.9929078014184397, ""cn_1"": 0.0070921985815602835}",0.0070921985815602835,123.2482269503546,sasb_candidate_builder,5fa891fe971cf3f084127859e1b49b396ab86a43941d05330e21b848e553d417,141,5fa891fe971cf3f084127859e1b49b396ab86a43941d05330e21b848e553d417,"{""sasb_builder"": 141}",0,0,0,0,{},0.0,"{""common_neighbor_bin_l1"": 0.0, ""degree_product_bin_l1"": 0.0, ""is_boundary_edge_l1"": 0.0, ""is_bridge_edge_l1"": 0.0, ""is_inter_community_edge_l1"": 0.0, ""is_low_common_neighbor_edge_l1"": 0.0, ""mean_l1"": 0.0}",1,32,32,214.32784974726835,0
realworld_completed,bio_celegans,SASB-candidate,sasb,SASB-structured,20260513,1264,middle,0.6865342163355408,0.6865342163355408,0.0,43,43,0,0.6241975308641975,0.6246913580246913,343,442,343--442,12,6,6,12,72,3,0.6,0,0,0,32,"[""96"", ""53"", ""60"", ""51"", ""62"", ""364"", ""363"", ""369"", ""373"", ""440"", ""85"", ""411"", ""82"", ""83"", ""142"", ""143"", ""343"", ""398"", ""109"", ""154"", ""32"", ""348"", ""134"", ""52"", ""193"", ""220"", ""121"", ""56"", ""228"", ""180"", ""447"", ""174""]",5aadf41dd27ae741a5f1b232c04fe2bd8061cd928a5d2ba396a3b71ed5d95f74,"{""boundary"": 12, ""community_rep"": 6, ""degree_core"": 10, ""random_fill"": 4}","{""degree_2"": 3, ""degree_3_4"": 1, ""degree_5_8"": 9, ""degree_9_plus"": 19}","{""0"": 1, ""1"": 1, ""10"": 1, ""11"": 1, ""12"": 1, ""13"": 3, ""14"": 2, ""15"": 3, ""16"": 2, ""17"": 2, ""2"": 2, ""3"": 2, ""4"": 1, ""5"": 1, ""6"": 1, ""7"": 5, ""8"": 2, ""9"": 1}",141,"{""backend"": ""evaluate_m19_theory_calibrated.candidate_features"", ""delta_mode"": ""none"", ""k_max"": 512, ""k_min"": 64, ""variant"": ""conservative""}",141,0.23460898502495842,0.475177304964539,0.475177304964539,0.07801418439716312,0.9929078014184397,"{""dp_17_64"": 0.41134751773049644, ""dp_257_plus"": 0.1347517730496454, ""dp_5_16"": 0.0070921985815602835, ""dp_65_256"": 0.44680851063829785}","{""cn_0"": 0.9929078014184397, ""cn_2_3"": 0.0070921985815602835}",0.02127659574468085,123.13475177304964,sasb_candidate_builder,3180836f6d77300f2e8628b5e32c78d70363ebf8573b6d75c49679c6242068b1,141,3180836f6d77300f2e8628b5e32c78d70363ebf8573b6d75c49679c6242068b1,"{""sasb_builder"": 141}",0,0,0,0,{},0.0,"{""common_neighbor_bin_l1"": 0.0, ""degree_product_bin_l1"": 0.0, ""is_boundary_edge_l1"": 0.0, ""is_bridge_edge_l1"": 0.0, ""is_inter_community_edge_l1"": 0.0, ""is_low_common_neighbor_edge_l1"": 0.0, ""mean_l1"": 0.0}",1,32,32,289.34420465665875,0
realworld_completed,bio_celegans,SASB-candidate,sasb,SASB-structured,20260513,1265,middle,0.6865342163355408,0.6865342163355408,0.0,43,43,0,0.6246913580246913,0.6251851851851852,388,442,388--442,5,5,5,5,25,0,0.0,0,0,0,32,"[""96"", ""53"", ""60"", ""51"", ""363"", ""364"", ""369"", ""62"", ""373"", ""440"", ""411"", ""94"", ""82"", ""83"", ""142"", ""143"", ""398"", ""343"", ""85"", ""109"", ""154"", ""32"", ""134"", ""52"", ""193"", ""121"", ""348"", ""220"", ""434"", ""399"", ""224"", ""131""]",c82682bf2c54499849d23f185ec6e632a88fe485b5c5e9a74b157ce2f48c2894,"{""boundary"": 12, ""community_rep"": 6, ""degree_core"": 10, ""random_fill"": 4}","{""degree_2"": 2, ""degree_3_4"": 1, ""degree_5_8"": 10, ""degree_9_plus"": 19}","{""0"": 2, ""1"": 1, ""10"": 2, ""11"": 2, ""12"": 1, ""13"": 3, ""14"": 3, ""16"": 1, ""17"": 1, ""2"": 2, ""3"": 2, ""4"": 3, ""5"": 1, ""6"": 1, ""7"": 2, ""8"": 4, ""9"": 1}",141,"{""backend"": ""evaluate_m19_theory_calibrated.candidate_features"", ""delta_mode"": ""none"", ""k_max"": 512, ""k_min"": 64, ""variant"": ""conservative""}",141,0.235,0.475177304964539,0.475177304964539,0.07801418439716312,1.0,"{""dp_17_64"": 0.41843971631205673, ""dp_257_plus"": 0.1347517730496454, ""dp_5_16"": 0.0070921985815602835, ""dp_65_256"": 0.4397163120567376}","{""cn_0"": 1.0}",0.0,122.80141843971631,sasb_candidate_builder,c0ff2099c8a8bee43192dabd7e54fcd771aabc28c8579c55add94930729be379,141,c0ff2099c8a8bee43192dabd7e54fcd771aabc28c8579c55add94930729be379,"{""sasb_builder"": 141}",0,0,0,0,{},0.0,"{""common_neighbor_bin_l1"": 0.0, ""degree_product_bin_l1"": 0.0, ""is_boundary_edge_l1"": 0.0, ""is_bridge_edge_l1"": 0.0, ""is_inter_community_edge_l1"": 0.0, ""is_low_common_neighbor_edge_l1"": 0.0, ""mean_l1"": 0.0}",1,32,32,431.7786086309524,0
realworld_completed,bio_celegans,SASB-candidate,sasb,SASB-structured,20260513,1266,middle,0.6865342163355408,0.6865342163355408,0.0,43,43,0,0.6251851851851852,0.625679012345679,222,343,222--343,5,11,5,11,55,2,0.5,0,16,16,32,"[""96"", ""53"", ""60"", ""51"", ""363"", ""364"", ""369"", ""62"", ""373"", ""440"", ""411"", ""94"", ""82"", ""83"", ""142"", ""143"", ""398"", ""343"", ""85"", ""109"", ""154"", ""32"", ""134"", ""52"", ""193"", ""121"", ""348"", ""220"", ""382"", ""433"", ""304"", ""111""]",86c71de83368d98b2ade8310e58ef7563cc8dd6c19174468658d906de669ad84,"{""boundary"": 12, ""community_rep"": 6, ""degree_core"": 10, ""random_fill"": 4}","{""degree_3_4"": 2, ""degree_5_8"": 11, ""degree_9_plus"": 19}","{""0"": 2, ""1"": 1, ""10"": 2, ""11"": 2, ""12"": 1, ""13"": 2, ""14"": 4, ""16"": 1, ""17"": 1, ""2"": 2, ""3"": 2, ""4"": 2, ""5"": 1, ""6"": 1, ""7"": 2, ""8"": 4, ""9"": 2}",141,"{""backend"": ""evaluate_m19_theory_calibrated.candidate_features"", ""delta_mode"": ""none"", ""k_max"": 512, ""k_min"": 64, ""variant"": ""conservative""}",141,0.2353923205342237,0.475177304964539,0.475177304964539,0.07801418439716312,0.9929078014184397,"{""dp_17_64"": 0.41843971631205673, ""dp_257_plus"": 0.1276595744680851, ""dp_5_16"": 0.0070921985815602835, ""dp_65_256"": 0.44680851063829785}","{""cn_0"": 0.9929078014184397, ""cn_2_3"": 0.0070921985815602835}",0.014184397163120567,122.64539007092199,sasb_candidate_builder,063155fe36baebe17f7d148751b1b950712e7f887db4688e442573a3bb1b9a36,141,063155fe36baebe17f7d148751b1b950712e7f887db4688e442573a3bb1b9a36,"{""sasb_builder"": 141}",0,0,0,0,{},0.0,"{""common_neighbor_bin_l1"": 0.0, ""degree_product_bin_l1"": 0.0, ""is_boundary_edge_l1"": 0.0, ""is_bridge_edge_l1"": 0.0, ""is_inter_community_edge_l1"": 0.0, ""is_low_common_neighbor_edge_l1"": 0.0, ""mean_l1"": 0.0}",1,32,32,348.2298030094906,0
realworld_completed,bio_celegans,SASB-candidate,sasb,SASB-structured,20260513,1267,middle,0.6865342163355408,0.6865342163355408,0.0,43,43,0,0.625679012345679,0.6261728395061729,221,343,221--343,4,10,4,10,40,1,0.3333333333333333,0,5,5,32,"[""96"", ""53"", ""60"", ""51"", ""363"", ""364"", ""369"", ""62"", ""373"", ""440"", ""411"", ""94"", ""82"", ""83"", ""142"", ""143"", ""398"", ""343"", ""85"", ""109"", ""154"", ""32"", ""134"", ""52"", ""193"", ""121"", ""348"", ""220"", ""315"", ""350"", ""314"", ""50""]",24219efe0f1bd8e26fe3aa2581f00c669c15893f5b16b41789b1dcb28a937b44,"{""boundary"": 12, ""community_rep"": 6, ""degree_core"": 10, ""random_fill"": 4}","{""degree_2"": 1, ""degree_3_4"": 2, ""degree_5_8"": 10, ""degree_9_plus"": 19}","{""0"": 3, ""1"": 1, ""10"": 2, ""11"": 1, ""12"": 1, ""13"": 2, ""14"": 3, ""16"": 1, ""17"": 1, ""2"": 2, ""3"": 3, ""4"": 2, ""5"": 1, ""6"": 1, ""7"": 2, ""8"": 5, ""9"": 1}",141,"{""backend"": ""evaluate_m19_theory_calibrated.candidate_features"", ""delta_mode"": ""none"", ""k_max"": 512, ""k_min"": 64, ""variant"": ""conservative""}",141,0.23578595317725753,0.475177304964539,0.475177304964539,0.07801418439716312,1.0,"{""dp_17_64"": 0.41843971631205673, ""dp_257_plus"": 0.1276595744680851, ""dp_5_16"": 0.0070921985815602835, ""dp_65_256"": 0.44680851063829785}","{""cn_0"": 0.9929078014184397, ""cn_1"": 0.0070921985815602835}",0.0070921985815602835,122.53900709219859,sasb_candidate_builder,0b74bd9d9fcfefe0ae3279dd80445ade645991a865ae5595aa2da3802dcf1bad,141,0b74bd9d9fcfefe0ae3279dd80445ade645991a865ae5595aa2da3802dcf1bad,"{""sasb_builder"": 141}",0,0,0,0,{},0.0,"{""common_neighbor_bin_l1"": 0.0, ""degree_product_bin_l1"": 0.0, ""is_boundary_edge_l1"": 0.0, ""is_bridge_edge_l1"": 0.0, ""is_inter_community_edge_l1"": 0.0, ""is_low_common_neighbor_edge_l1"": 0.0, ""mean_l1"": 0.0}",1,32,32,275.94308035714283,0
realworld_completed,bio_celegans,SASB-candidate,sasb,SASB-structured,20260513,1268,middle,0.6865342163355408,0.6865342163355408,0.0,43,43,0,0.6261728395061729,0.6266666666666667,21,82,21--82,3,16,3,16,48,2,1.0,0,7,7,32,"[""96"", ""53"", ""60"", ""51"", ""363"", ""364"", ""369"", ""62"", ""373"", ""440"", ""411"", ""94"", ""82"", ""83"", ""142"", ""143"", ""398"", ""85"", ""109"", ""154"", ""32"", ""343"", ""134"", ""52"", ""193"", ""121"", ""348"", ""220"", ""278"", ""289"", ""221"", ""23""]",a888719fdd5ff061ced936fe67acd222530d128a0836d40a8153230def9c9d83,"{""boundary"": 12, ""community_rep"": 6, ""degree_core"": 10, ""random_fill"": 4}","{""degree_2"": 2, ""degree_3_4"": 2, ""degree_5_8"": 9, ""degree_9_plus"": 19}","{""0"": 3, ""1"": 1, ""10"": 2, ""11"": 2, ""12"": 1, ""13"": 1, ""14"": 3, ""16"": 3, ""17"": 1, ""2"": 2, ""3"": 2, ""4"": 2, ""5"": 1, ""6"": 1, ""7"": 2, ""8"": 4, ""9"": 1}",141,"{""backend"": ""evaluate_m19_theory_calibrated.candidate_features"", ""delta_mode"": ""none"", ""k_max"": 512, ""k_min"": 64, ""variant"": ""conservative""}",141,0.23618090452261306,0.475177304964539,0.475177304964539,0.07801418439716312,0.9929078014184397,"{""dp_17_64"": 0.41843971631205673, ""dp_257_plus"": 0.1276595744680851, ""dp_5_16"": 0.0070921985815602835, ""dp_65_256"": 0.44680851063829785}","{""cn_0"": 0.9929078014184397, ""cn_2_3"": 0.0070921985815602835}",0.014184397163120567,122.59574468085107,sasb_candidate_builder,82fa449e7654158575d953f069931e5169ba283597ae1d5d68726bbfb3b1ec73,141,82fa449e7654158575d953f069931e5169ba283597ae1d5d68726bbfb3b1ec73,"{""sasb_builder"": 141}",0,0,0,0,{},0.0,"{""common_neighbor_bin_l1"": 0.0, ""degree_product_bin_l1"": 0.0, ""is_boundary_edge_l1"": 0.0, ""is_bridge_edge_l1"": 0.0, ""is_inter_community_edge_l1"": 0.0, ""is_low_common_neighbor_edge_l1"": 0.0, ""mean_l1"": 0.0}",1,32,32,193.08709049686874,0
realworld_completed,bio_celegans,SASB-candidate,sasb,SASB-structured,20260513,1269,middle,0.6865342163355408,0.6865342163355408,0.0,43,43,0,0.6266666666666667,0.6271604938271605,323,82,323--82,3,15,3,15,45,1,0.5,0,7,7,32,"[""96"", ""53"", ""60"", ""51"", ""363"", ""364"", ""369"", ""62"", ""373"", ""440"", ""411"", ""94"", ""82"", ""83"", ""142"", ""143"", ""398"", ""85"", ""109"", ""154"", ""32"", ""343"", ""134"", ""52"", ""193"", ""121"", ""348"", ""220"", ""402"", ""74"", ""438"", ""383""]",2a2941f2a17f8a791ad457c796432f7c1ffe6c8efbfbcf61e4cb80f87189eb23,"{""boundary"": 12, ""community_rep"": 6, ""degree_core"": 10, ""random_fill"": 4}","{""degree_2"": 1, ""degree_3_4"": 3, ""degree_5_8"": 9, ""degree_9_plus"": 19}","{""0"": 2, ""1"": 1, ""10"": 4, ""11"": 1, ""12"": 1, ""13"": 1, ""14"": 3, ""16"": 1, ""17"": 1, ""2"": 2, ""3"": 2, ""4"": 3, ""5"": 1, ""6"": 2, ""7"": 2, ""8"": 4, ""9"": 1}",141,"{""backend"": ""evaluate_m19_theory_calibrated.candidate_features"", ""delta_mode"": ""none"", ""k_max"": 512, ""k_min"": 64, ""variant"": ""conservative""}",141,0.23657718120805368,0.475177304964539,0.475177304964539,0.07801418439716312,1.0,"{""dp_17_64"": 0.41843971631205673, ""dp_257_plus"": 0.1276595744680851, ""dp_5_16"": 0.0070921985815602835, ""dp_65_256"": 0.44680851063829785}","{""cn_0"": 1.0}",0.0,122.37588652482269,sasb_candidate_builder,8d1cb86eb6352656fb0eea3317e92eabfc283a2cd09a2b6f3391c163616a1ab5,141,8d1cb86eb6352656fb0eea3317e92eabfc283a2cd09a2b6f3391c163616a1ab5,"{""sasb_builder"": 141}",0,0,0,0,{},0.0,"{""common_neighbor_bin_l1"": 0.0, ""degree_product_bin_l1"": 0.0, ""is_boundary_edge_l1"": 0.0, ""is_bridge_edge_l1"": 0.0, ""is_inter_community_edge_l1"": 0.0, ""is_low_common_neighbor_edge_l1"": 0.0, ""mean_l1"": 0.0}",1,32,32,0.0,0
realworld_completed,bio_celegans,SASB-candidate,sasb,SASB-structured,20260513,1270,middle,0.6865342163355408,0.6865342163355408,0.0,43,43,0,0.6271604938271605,0.6276543209876543,82,83,82--83,14,15,14,15,210,12,0.9230769230769231,0,8,8,32,"[""96"", ""53"", ""60"", ""51"", ""363"", ""364"", ""369"", ""62"", ""373"", ""440"", ""411"", ""94"", ""83"", ""82"", ""142"", ""143"", ""398"", ""85"", ""109"", ""154"", ""32"", ""343"", ""134"", ""52"", ""193"", ""121"", ""348"", ""220"", ""389"", ""28"", ""328"", ""181""]",0c73c707ae6524c8988acec6fc2d02a9ef364caf5eebe89b684fdc577070db7c,"{""boundary"": 12, ""community_rep"": 6, ""degree_core"": 10, ""random_fill"": 4}","{""degree_0_1"": 1, ""degree_3_4"": 3, ""degree_5_8"": 9, ""degree_9_plus"": 19}","{""0"": 2, ""1"": 1, ""10"": 2, ""11"": 1, ""12"": 1, ""13"": 3, ""14"": 3, ""16"": 1, ""17"": 1, ""2"": 3, ""3"": 2, ""4"": 3, ""5"": 1, ""6"": 1, ""7"": 2, ""8"": 4, ""9"": 1}",141,"{""backend"": ""evaluate_m19_theory_calibrated.candidate_features"", ""delta_mode"": ""none"", ""k_max"": 512, ""k_min"": 64, ""variant"": ""conservative""}",141,0.23697478991596638,0.475177304964539,0.475177304964539,0.07801418439716312,0.9929078014184397,"{""dp_17_64"": 0.41134751773049644, ""dp_257_plus"": 0.1276595744680851, ""dp_5_16"": 0.0070921985815602835, ""dp_65_256"": 0.45390070921985815}","{""cn_0"": 0.9929078014184397, ""cn_9_plus"": 0.0070921985815602835}",0.0851063829787234,123.34751773049645,sasb_candidate_builder,550708378dbe53c4354bf3d58a5357aa5bcb14d401002faa7ef260c1891dfd48,141,550708378dbe53c4354bf3d58a5357aa5bcb14d401002faa7ef260c1891dfd48,"{""sasb_builder"": 141}",0,0,0,0,{},0.0,"{""common_neighbor_bin_l1"": 0.0, ""degree_product_bin_l1"": 0.0, ""is_boundary_edge_l1"": 0.0, ""is_bridge_edge_l1"": 0.0, ""is_inter_community_edge_l1"": 0.0, ""is_low_common_neighbor_edge_l1"": 0.0, ""mean_l1"": 0.0}",1,32,32,370.19602272727275,0
realworld_completed,bio_celegans,SASB-candidate,sasb,SASB-structured,20260513,1271,middle,0.6865342163355408,0.6865342163355408,0.0,43,43,0,0.6276543209876543,0.6281481481481481,305,82,305--82,2,13,2,13,26,0,0.0,0,8,8,32,"[""96"", ""53"", ""60"", ""51"", ""363"", ""364"", ""369"", ""62"", ""373"", ""440"", ""411"", ""94"", ""83"", ""82"", ""142"", ""143"", ""398"", ""85"", ""109"", ""154"", ""32"", ""343"", ""134"", ""52"", ""193"", ""121"", ""348"", ""220"", ""158"", ""445"", ""38"", ""330""]",30be2c8ac96d50588c12fe3097c214beca63475b4bf9577d1989351af99e53aa,"{""boundary"": 12, ""community_rep"": 6, ""degree_core"": 10, ""random_fill"": 4}","{""degree_2"": 3, ""degree_5_8"": 10, ""degree_9_plus"": 19}","{""0"": 3, ""1"": 1, ""10"": 2, ""11"": 1, ""12"": 1, ""13"": 1, ""14"": 3, ""16"": 2, ""17"": 1, ""2"": 3, ""3"": 2, ""4"": 2, ""5"": 1, ""6"": 1, ""7"": 2, ""8"": 4, ""9"": 2}",140,"{""backend"": ""evaluate_m19_theory_calibrated.candidate_features"", ""delta_mode"": ""none"", ""k_max"": 512, ""k_min"": 64, ""variant"": ""conservative""}",140,0.2356902356902357,0.4785714285714286,0.4785714285714286,0.07857142857142857,1.0,"{""dp_17_64"": 0.4142857142857143, ""dp_257_plus"": 0.12857142857142856, ""dp_5_16"": 0.007142857142857143, ""dp_65_256"": 0.45}","{""cn_0"": 1.0}",0.0,122.0,sasb_candidate_builder,9d2cf8a0a11b1da3a06b8cf10aab503233cf9db336c0005672ca928cc7db91bd,140,9d2cf8a0a11b1da3a06b8cf10aab503233cf9db336c0005672ca928cc7db91bd,"{""sasb_builder"": 140}",0,0,0,0,{},0.0,"{""common_neighbor_bin_l1"": 0.0, ""degree_product_bin_l1"": 0.0, ""is_boundary_edge_l1"": 0.0, ""is_bridge_edge_l1"": 0.0, ""is_inter_community_edge_l1"": 0.0, ""is_low_common_neighbor_edge_l1"": 0.0, ""mean_l1"": 0.0}",1,32,32,0.0,0
realworld_completed,bio_celegans,SASB-candidate,sasb,SASB-structured,20260513,1272,middle,0.6865342163355408,0.6865342163355408,0.0,43,43,0,0.6281481481481481,0.628641975308642,209,83,209--83,3,14,3,14,42,1,0.5,0,11,11,32,"[""96"", ""53"", ""60"", ""51"", ""363"", ""364"", ""369"", ""62"", ""373"", ""440"", ""411"", ""94"", ""83"", ""142"", ""143"", ""398"", ""82"", ""85"", ""109"", ""154"", ""32"", ""343"", ""134"", ""52"", ""193"", ""121"", ""348"", ""220"", ""403"", ""58"", ""450"", ""76""]",8c6acbedd1f5f514e6756e3715f5e70ebbac8d819664115679c0139b921c7c52,"{""boundary"": 12, ""community_rep"": 6, ""degree_core"": 10, ""random_fill"": 4}","{""degree_0_1"": 1, ""degree_2"": 3, ""degree_5_8"": 9, ""degree_9_plus"": 19}","{""0"": 2, ""1"": 1, ""10"": 2, ""11"": 1, ""12"": 1, ""13"": 2, ""14"": 3, ""15"": 2, ""16"": 2, ""17"": 1, ""2"": 2, ""3"": 2, ""4"": 2, ""5"": 1, ""6"": 1, ""7"": 2, ""8"": 4, ""9"": 1}",140,"{""backend"": ""evaluate_m19_theory_calibrated.candidate_features"", ""delta_mode"": ""none"", ""k_max"": 512, ""k_min"": 64, ""variant"": ""conservative""}",140,0.23608768971332209,0.4785714285714286,0.4785714285714286,0.07857142857142857,1.0,"{""dp_17_64"": 0.4142857142857143, ""dp_257_plus"": 0.12857142857142856, ""dp_5_16"": 0.007142857142857143, ""dp_65_256"": 0.45}","{""cn_0"": 1.0}",0.0,122.05714285714286,sasb_candidate_builder,75d0f6b22ceab1c8a08633a9a31b54e07393e56810dc8e402f09d6fdd0421eac,140,75d0f6b22ceab1c8a08633a9a31b54e07393e56810dc8e402f09d6fdd0421eac,"{""sasb_builder"": 140}",0,0,0,0,{},0.0,"{""common_neighbor_bin_l1"": 0.0, ""degree_product_bin_l1"": 0.0, ""is_boundary_edge_l1"": 0.0, ""is_bridge_edge_l1"": 0.0, ""is_inter_community_edge_l1"": 0.0, ""is_low_common_neighbor_edge_l1"": 0.0, ""mean_l1"": 0.0}",1,32,32,0.0,0
realworld_completed,bio_celegans,SASB-candidate,sasb,SASB-structured,20260513,1273,middle,0.6865342163355408,0.6865342163355408,0.0,43,43,0,0.628641975308642,0.6291358024691358,327,83,327--83,3,13,3,13,39,0,0.0,0,10,10,32,"[""96"", ""53"", ""60"", ""51"", ""363"", ""364"", ""369"", ""62"", ""373"", ""440"", ""411"", ""94"", ""83"", ""142"", ""143"", ""398"", ""82"", ""85"", ""109"", ""154"", ""32"", ""343"", ""134"", ""52"", ""193"", ""121"", ""348"", ""220"", ""177"", ""29"", ""126"", ""388""]",498a4348c4f44566bd4ab0e50741e30385606e99ada7002baae6880f841a1553,"{""boundary"": 12, ""community_rep"": 6, ""degree_core"": 10, ""random_fill"": 4}","{""degree_2"": 2, ""degree_3_4"": 2, ""degree_5_8"": 9, ""degree_9_plus"": 19}","{""0"": 3, ""1"": 1, ""10"": 2, ""11"": 1, ""12"": 2, ""13"": 1, ""14"": 3, ""16"": 1, ""17"": 1, ""2"": 3, ""3"": 2, ""4"": 3, ""5"": 1, ""6"": 1, ""7"": 2, ""8"": 4, ""9"": 1}",140,"{""backend"": ""evaluate_m19_theory_calibrated.candidate_features"", ""delta_mode"": ""none"", ""k_max"": 512, ""k_min"": 64, ""variant"": ""conservative""}",140,0.23648648648648649,0.4785714285714286,0.4785714285714286,0.07857142857142857,1.0,"{""dp_17_64"": 0.4142857142857143, ""dp_257_plus"": 0.12857142857142856, ""dp_5_16"": 0.007142857142857143, ""dp_65_256"": 0.45}","{""cn_0"": 1.0}",0.0,121.89285714285714,sasb_candidate_builder,54332a0de4b302e121b7feeca0f530e81c94cdd4754ee22195a6b2e48ed30d42,140,54332a0de4b302e121b7feeca0f530e81c94cdd4754ee22195a6b2e48ed30d42,"{""sasb_builder"": 140}",0,0,0,0,{},0.0,"{""common_neighbor_bin_l1"": 0.0, ""degree_product_bin_l1"": 0.0, ""is_boundary_edge_l1"": 0.0, ""is_bridge_edge_l1"": 0.0, ""is_inter_community_edge_l1"": 0.0, ""is_low_common_neighbor_edge_l1"": 0.0, ""mean_l1"": 0.0}",1,32,32,0.0,0
realworld_completed,bio_celegans,SASB-candidate,sasb,SASB-structured,20260513,1274,middle,0.6865342163355408,0.6865342163355408,0.0,43,43,0,0.6291358024691358,0.6296296296296297,363,62,363--62,8,14,8,14,112,0,0.0,0,8,8,32,"[""96"", ""53"", ""60"", ""51"", ""363"", ""364"", ""369"", ""62"", ""373"", ""440"", ""411"", ""94"", ""142"", ""143"", ""398"", ""82"", ""83"", ""85"", ""109"", ""154"", ""32"", ""343"", ""134"", ""52"", ""193"", ""121"", ""348"", ""220"", ""76"", ""270"", ""324"", ""41""]",ddfbb0c4f01a9ef8c32eccba4c61a60e25941305d6b1f496b22304ccd4d20ccc,"{""boundary"": 12, ""community_rep"": 6, ""degree_core"": 10, ""random_fill"": 4}","{""degree_2"": 1, ""degree_3_4"": 3, ""degree_5_8"": 9, ""degree_9_plus"": 19}","{""0"": 3, ""1"": 1, ""10"": 2, ""11"": 1, ""12"": 1, ""13"": 1, ""14"": 3, ""16"": 2, ""17"": 2, ""2"": 2, ""3"": 2, ""4"": 3, ""5"": 1, ""6"": 1, ""7"": 2, ""8"": 4, ""9"": 1}",140,"{""backend"": ""evaluate_m19_theory_calibrated.candidate_features"", ""delta_mode"": ""none"", ""k_max"": 512, ""k_min"": 64, ""variant"": ""conservative""}",140,0.23688663282571912,0.4785714285714286,0.4785714285714286,0.07857142857142857,1.0,"{""dp_17_64"": 0.4142857142857143, ""dp_257_plus"": 0.12857142857142856, ""dp_5_16"": 0.007142857142857143, ""dp_65_256"": 0.45}","{""cn_0"": 1.0}",0.0,121.9,sasb_candidate_builder,54b2e755becad0606525e0df6f172648e8e4780b98d2859da5391751a27ee559,140,54b2e755becad0606525e0df6f172648e8e4780b98d2859da5391751a27ee559,"{""sasb_builder"": 140}",0,0,0,0,{},0.0,"{""common_neighbor_bin_l1"": 0.0, ""degree_product_bin_l1"": 0.0, ""is_boundary_edge_l1"": 0.0, ""is_bridge_edge_l1"": 0.0, ""is_inter_community_edge_l1"": 0.0, ""is_low_common_neighbor_edge_l1"": 0.0, ""mean_l1"": 0.0}",1,32,32,0.0,0
realworld_completed,bio_celegans,SASB-candidate,sasb,SASB-structured,20260513,1275,middle,0.6865342163355408,0.6865342163355408,0.0,43,43,0,0.6296296296296297,0.6301234567901235,213,82,213--82,3,12,3,12,36,1,0.5,0,5,5,32,"[""96"", ""53"", ""60"", ""51"", ""364"", ""363"", ""369"", ""373"", ""62"", ""440"", ""411"", ""94"", ""142"", ""143"", ""398"", ""82"", ""83"", ""85"", ""109"", ""154"", ""32"", ""343"", ""134"", ""52"", ""193"", ""121"", ""348"", ""220"", ""413"", ""221"", ""10"", ""93""]",c727524e0755d00cd9f69a16e99233c12c3cfab24517c06863f2158e1acb3c00,"{""boundary"": 12, ""community_rep"": 6, ""degree_core"": 10, ""random_fill"": 4}","{""degree_3_4"": 3, ""degree_5_8"": 10, ""degree_9_plus"": 19}","{""0"": 1, ""1"": 1, ""10"": 2, ""11"": 1, ""12"": 1, ""13"": 1, ""14"": 3, ""16"": 2, ""17"": 2, ""2"": 2, ""3"": 3, ""4"": 2, ""5"": 4, ""6"": 1, ""7"": 3, ""8"": 1, ""9"": 2}",140,"{""backend"": ""evaluate_m19_theory_calibrated.candidate_features"", ""delta_mode"": ""none"", ""k_max"": 512, ""k_min"": 64, ""variant"": ""conservative""}",140,0.23728813559322035,0.4714285714285714,0.4714285714285714,0.07857142857142857,1.0,"{""dp_17_64"": 0.42142857142857143, ""dp_257_plus"": 0.12857142857142856, ""dp_5_16"": 0.007142857142857143, ""dp_65_256"": 0.44285714285714284}","{""cn_0"": 1.0}",0.0,120.47142857142858,sasb_candidate_builder,757874032c8102207fbec8ae58f431c6db2abae6120764bedcacaba49d853ddd,140,757874032c8102207fbec8ae58f431c6db2abae6120764bedcacaba49d853ddd,"{""sasb_builder"": 140}",0,0,0,0,{},0.0,"{""common_neighbor_bin_l1"": 0.0, ""degree_product_bin_l1"": 0.0, ""is_boundary_edge_l1"": 0.0, ""is_bridge_edge_l1"": 0.0, ""is_inter_community_edge_l1"": 0.0, ""is_low_common_neighbor_edge_l1"": 0.0, ""mean_l1"": 0.0}",1,32,32,0.0,0
realworld_completed,bio_celegans,SASB-candidate,sasb,SASB-structured,20260513,1276,middle,0.6865342163355408,0.6865342163355408,0.0,43,43,0,0.6301234567901235,0.6306172839506173,336,82,336--82,3,11,3,11,33,0,0.0,0,7,7,32,"[""96"", ""53"", ""60"", ""51"", ""364"", ""363"", ""369"", ""373"", ""62"", ""440"", ""411"", ""94"", ""142"", ""143"", ""398"", ""83"", ""82"", ""85"", ""109"", ""154"", ""32"", ""343"", ""134"", ""52"", ""193"", ""121"", ""348"", ""220"", ""123"", ""163"", ""67"", ""238""]",4c0da8f5de4cbb4da44a70ed027395fad09caa85b8a46f9f47e13d2d72c06a3d,"{""boundary"": 12, ""community_rep"": 6, ""degree_core"": 10, ""random_fill"": 4}","{""degree_2"": 2, ""degree_3_4"": 2, ""degree_5_8"": 9, ""degree_9_plus"": 19}","{""0"": 1, ""1"": 1, ""10"": 3, ""11"": 1, ""12"": 2, ""13"": 2, ""14"": 3, ""16"": 2, ""17"": 2, ""2"": 2, ""3"": 2, ""4"": 1, ""5"": 4, ""6"": 1, ""7"": 2, ""8"": 1, ""9"": 2}",140,"{""backend"": ""evaluate_m19_theory_calibrated.candidate_features"", ""delta_mode"": ""none"", ""k_max"": 512, ""k_min"": 64, ""variant"": ""conservative""}",140,0.23769100169779286,0.4714285714285714,0.4714285714285714,0.07857142857142857,1.0,"{""dp_17_64"": 0.42142857142857143, ""dp_257_plus"": 0.12857142857142856, ""dp_5_16"": 0.007142857142857143, ""dp_65_256"": 0.44285714285714284}","{""cn_0"": 1.0}",0.0,120.25714285714285,sasb_candidate_builder,6b744721921cff6bb25f2a1a2468c6732dbf09f646ccd4bb1b3d268995fdc42a,140,6b744721921cff6bb25f2a1a2468c6732dbf09f646ccd4bb1b3d268995fdc42a,"{""sasb_builder"": 140}",0,0,0,0,{},0.0,"{""common_neighbor_bin_l1"": 0.0, ""degree_product_bin_l1"": 0.0, ""is_boundary_edge_l1"": 0.0, ""is_bridge_edge_l1"": 0.0, ""is_inter_community_edge_l1"": 0.0, ""is_low_common_neighbor_edge_l1"": 0.0, ""mean_l1"": 0.0}",1,32,32,0.0,0
realworld_completed,bio_celegans,SASB-candidate,sasb,SASB-structured,20260513,1277,middle,0.6865342163355408,0.6865342163355408,0.0,43,43,0,0.6306172839506173,0.6311111111111111,233,83,233--83,3,12,3,12,36,1,0.5,0,16,16,32,"[""96"", ""53"", ""60"", ""51"", ""364"", ""363"", ""369"", ""373"", ""62"", ""440"", ""411"", ""94"", ""142"", ""143"", ""398"", ""83"", ""82"", ""85"", ""109"", ""154"", ""32"", ""343"", ""134"", ""52"", ""193"", ""121"", ""348"", ""220"", ""115"", ""191"", ""234"", ""330""]",a243261addaf823d71820eb581d8faefa6ee621354524fcf0d68144d935eb726,"{""boundary"": 12, ""community_rep"": 6, ""degree_core"": 10, ""random_fill"": 4}","{""degree_0_1"": 2, ""degree_2"": 1, ""degree_5_8"": 10, ""degree_9_plus"": 19}","{""0"": 1, ""1"": 1, ""10"": 2, ""11"": 1, ""12"": 2, ""13"": 1, ""14"": 4, ""16"": 3, ""17"": 1, ""2"": 3, ""3"": 2, ""4"": 1, ""5"": 4, ""6"": 1, ""7"": 2, ""8"": 1, ""9"": 2}",140,"{""backend"": ""evaluate_m19_theory_calibrated.candidate_features"", ""delta_mode"": ""none"", ""k_max"": 512, ""k_min"": 64, ""variant"": ""conservative""}",140,0.23809523809523808,0.4714285714285714,0.4714285714285714,0.07857142857142857,1.0,"{""dp_17_64"": 0.4357142857142857, ""dp_257_plus"": 0.12857142857142856, ""dp_5_16"": 0.007142857142857143, ""dp_65_256"": 0.42857142857142855}","{""cn_0"": 1.0}",0.0,120.08571428571429,sasb_candidate_builder,598a54c52fa184afde3c44ea362d569d5bd3f062d72a04f5b303fb5da8397924,140,598a54c52fa184afde3c44ea362d569d5bd3f062d72a04f5b303fb5da8397924,"{""sasb_builder"": 140}",0,0,0,0,{},0.0,"{""common_neighbor_bin_l1"": 0.0, ""degree_product_bin_l1"": 0.0, ""is_boundary_edge_l1"": 0.0, ""is_bridge_edge_l1"": 0.0, ""is_inter_community_edge_l1"": 0.0, ""is_low_common_neighbor_edge_l1"": 0.0, ""mean_l1"": 0.0}",1,32,32,0.0,0
realworld_completed,bio_celegans,SASB-candidate,sasb,SASB-structured,20260513,1278,middle,0.6865342163355408,0.6865342163355408,0.0,43,43,0,0.6311111111111111,0.6316049382716049,207,83,207--83,4,11,4,11,44,1,0.3333333333333333,0,12,12,32,"[""96"", ""53"", ""60"", ""51"", ""364"", ""363"", ""369"", ""373"", ""62"", ""440"", ""411"", ""94"", ""142"", ""143"", ""398"", ""83"", ""82"", ""85"", ""109"", ""154"", ""32"", ""343"", ""134"", ""52"", ""193"", ""121"", ""348"", ""220"", ""118"", ""45"", ""305"", ""71""]",32c3467648436f81875eef0a9a66d4bd9dcbb27f314dad93fd4afa213ca859a6,"{""boundary"": 12, ""community_rep"": 6, ""degree_core"": 10, ""random_fill"": 4}","{""degree_0_1"": 2, ""degree_3_4"": 1, ""degree_5_8"": 10, ""degree_9_plus"": 19}","{""0"": 1, ""1"": 2, ""10"": 2, ""11"": 1, ""12"": 1, ""13"": 2, ""14"": 3, ""16"": 2, ""17"": 2, ""2"": 2, ""3"": 2, ""4"": 1, ""5"": 5, ""6"": 1, ""7"": 2, ""8"": 1, ""9"": 2}",140,"{""backend"": ""evaluate_m19_theory_calibrated.candidate_features"", ""delta_mode"": ""none"", ""k_max"": 512, ""k_min"": 64, ""variant"": ""conservative""}",140,0.23850085178875638,0.4714285714285714,0.4714285714285714,0.07857142857142857,1.0,"{""dp_17_64"": 0.4357142857142857, ""dp_257_plus"": 0.12857142857142856, ""dp_5_16"": 0.007142857142857143, ""dp_65_256"": 0.42857142857142855}","{""cn_0"": 1.0}",0.0,120.0,sasb_candidate_builder,db6c00fe92d4fc90d224766a1063eb2b4a1f44dcb29acae4779d3dde82c05c60,140,db6c00fe92d4fc90d224766a1063eb2b4a1f44dcb29acae4779d3dde82c05c60,"{""sasb_builder"": 140}",0,0,0,0,{},0.0,"{""common_neighbor_bin_l1"": 0.0, ""degree_product_bin_l1"": 0.0, ""is_boundary_edge_l1"": 0.0, ""is_bridge_edge_l1"": 0.0, ""is_inter_community_edge_l1"": 0.0, ""is_low_common_neighbor_edge_l1"": 0.0, ""mean_l1"": 0.0}",1,32,32,0.0,0
realworld_completed,bio_celegans,SASB-candidate,sasb,SASB-structured,20260513,1279,middle,0.6865342163355408,0.6865342163355408,0.0,43,43,0,0.6316049382716049,0.6320987654320988,300,83,300--83,3,10,3,10,30,0,0.0,0,8,8,32,"[""96"", ""53"", ""60"", ""51"", ""364"", ""363"", ""369"", ""373"", ""62"", ""440"", ""411"", ""94"", ""142"", ""143"", ""398"", ""82"", ""83"", ""85"", ""109"", ""154"", ""32"", ""343"", ""134"", ""52"", ""193"", ""121"", ""348"", ""220"", ""401"", ""443"", ""392"", ""116""]",d8af0d843958fac583aec91eba9132604373df2accedfbae5d1ea9a38a5bfa34,"{""boundary"": 12, ""community_rep"": 6, ""degree_core"": 10, ""random_fill"": 4}","{""degree_2"": 2, ""degree_3_4"": 1, ""degree_5_8"": 10, ""degree_9_plus"": 19}","{""0"": 1, ""1"": 1, ""10"": 3, ""11"": 1, ""12"": 1, ""13"": 3, ""14"": 3, ""16"": 2, ""17"": 1, ""2"": 2, ""3"": 2, ""4"": 1, ""5"": 4, ""6"": 2, ""7"": 2, ""8"": 1, ""9"": 2}",139,"{""backend"": ""evaluate_m19_theory_calibrated.candidate_features"", ""delta_mode"": ""none"", ""k_max"": 512, ""k_min"": 64, ""variant"": ""conservative""}",139,0.23720136518771331,0.4748201438848921,0.4748201438848921,0.07913669064748201,1.0,"{""dp_17_64"": 0.4460431654676259, ""dp_257_plus"": 0.12949640287769784, ""dp_5_16"": 0.007194244604316547, ""dp_65_256"": 0.4172661870503597}","{""cn_0"": 1.0}",0.0,120.33093525179856,sasb_candidate_builder,e7f093a4dd87ea4bac4ed2ce7e1a7fcbede7d79554227db13ed2dbfc4fde3f83,139,e7f093a4dd87ea4bac4ed2ce7e1a7fcbede7d79554227db13ed2dbfc4fde3f83,"{""sasb_builder"": 139}",0,0,0,0,{},0.0,"{""common_neighbor_bin_l1"": 0.0, ""degree_product_bin_l1"": 0.0, ""is_boundary_edge_l1"": 0.0, ""is_bridge_edge_l1"": 0.0, ""is_inter_community_edge_l1"": 0.0, ""is_low_common_neighbor_edge_l1"": 0.0, ""mean_l1"": 0.0}",1,32,32,0.0,0
realworld_completed,bio_celegans,SASB-candidate,sasb,SASB-structured,20260513,1280,middle,0.6865342163355408,0.6865342163355408,0.0,43,43,0,0.6320987654320988,0.6325925925925926,363,71,363--71,7,4,4,7,28,0,0.0,1,8,1,32,"[""96"", ""53"", ""60"", ""51"", ""364"", ""363"", ""369"", ""373"", ""62"", ""440"", ""411"", ""94"", ""142"", ""143"", ""398"", ""82"", ""85"", ""109"", ""154"", ""32"", ""343"", ""348"", ""134"", ""52"", ""193"", ""121"", ""220"", ""56"", ""40"", ""324"", ""187"", ""20""]",fe4d5e0c57081251db1199148d05254e7b30ef76568be57520fa1481812fe9af,"{""boundary"": 12, ""community_rep"": 6, ""degree_core"": 10, ""random_fill"": 4}","{""degree_0_1"": 1, ""degree_3_4"": 2, ""degree_5_8"": 11, ""degree_9_plus"": 18}","{""0"": 1, ""1"": 1, ""10"": 2, ""11"": 1, ""12"": 1, ""13"": 1, ""14"": 3, ""15"": 1, ""16"": 2, ""17"": 2, ""2"": 2, ""3"": 2, ""4"": 1, ""5"": 3, ""6"": 2, ""7"": 2, ""8"": 1, ""9"": 4}",139,"{""backend"": ""evaluate_m19_theory_calibrated.candidate_features"", ""delta_mode"": ""none"", ""k_max"": 512, ""k_min"": 64, ""variant"": ""conservative""}",139,0.2376068376068376,0.4748201438848921,0.4748201438848921,0.07913669064748201,1.0,"{""dp_17_64"": 0.4460431654676259, ""dp_257_plus"": 0.12949640287769784, ""dp_5_16"": 0.007194244604316547, ""dp_65_256"": 0.4172661870503597}","{""cn_0"": 1.0}",0.0,120.2589928057554,sasb_candidate_builder,0333a8a403c31bb80f7b3fd0a20ca3a6e1912d53cd00182d990fa52795e9acad,139,0333a8a403c31bb80f7b3fd0a20ca3a6e1912d53cd00182d990fa52795e9acad,"{""sasb_builder"": 139}",0,0,0,0,{},0.0,"{""common_neighbor_bin_l1"": 0.0, ""degree_product_bin_l1"": 0.0, ""is_boundary_edge_l1"": 0.0, ""is_bridge_edge_l1"": 0.0, ""is_inter_community_edge_l1"": 0.0, ""is_low_common_neighbor_edge_l1"": 0.0, ""mean_l1"": 0.0}",1,32,32,0.0,0
realworld_completed,bio_celegans,SASB-candidate,sasb,SASB-structured,20260513,1281,middle,0.6865342163355408,0.6865342163355408,0.0,43,43,0,0.6325925925925926,0.6330864197530864,189,60,189--60,3,16,3,16,48,2,1.0,0,4,4,32,"[""96"", ""53"", ""60"", ""51"", ""364"", ""369"", ""363"", ""373"", ""62"", ""440"", ""411"", ""94"", ""142"", ""143"", ""398"", ""82"", ""85"", ""109"", ""154"", ""32"", ""343"", ""348"", ""134"", ""52"", ""193"", ""121"", ""220"", ""56"", ""331"", ""432"", ""294"", ""319""]",5f57bb99b122a9a8d69e81c4a192e97834b0006839d78ca416ab51769fc7927a,"{""boundary"": 12, ""community_rep"": 6, ""degree_core"": 10, ""random_fill"": 4}","{""degree_0_1"": 2, ""degree_3_4"": 1, ""degree_5_8"": 11, ""degree_9_plus"": 18}","{""0"": 1, ""1"": 1, ""10"": 3, ""11"": 2, ""12"": 1, ""13"": 1, ""14"": 3, ""15"": 1, ""16"": 2, ""17"": 1, ""2"": 2, ""3"": 2, ""4"": 1, ""5"": 3, ""6"": 2, ""7"": 3, ""8"": 1, ""9"": 2}",139,"{""backend"": ""evaluate_m19_theory_calibrated.candidate_features"", ""delta_mode"": ""none"", ""k_max"": 512, ""k_min"": 64, ""variant"": ""conservative""}",139,0.238013698630137,0.4676258992805755,0.4676258992805755,0.07913669064748201,1.0,"{""dp_17_64"": 0.460431654676259, ""dp_257_plus"": 0.12949640287769784, ""dp_5_16"": 0.007194244604316547, ""dp_65_256"": 0.4028776978417266}","{""cn_0"": 1.0}",0.0,119.84892086330935,sasb_candidate_builder,04c1addfd1c10d9331306e73fdf2369b93f0471daeea4d4447528c662fccc9db,139,04c1addfd1c10d9331306e73fdf2369b93f0471daeea4d4447528c662fccc9db,"{""sasb_builder"": 139}",0,0,0,0,{},0.0,"{""common_neighbor_bin_l1"": 0.0, ""degree_product_bin_l1"": 0.0, ""is_boundary_edge_l1"": 0.0, ""is_bridge_edge_l1"": 0.0, ""is_inter_community_edge_l1"": 0.0, ""is_low_common_neighbor_edge_l1"": 0.0, ""mean_l1"": 0.0}",1,32,32,0.0,0
realworld_completed,bio_celegans,SASB-candidate,sasb,SASB-structured,20260513,1282,middle,0.6865342163355408,0.6865342163355408,0.0,43,43,0,0.6330864197530864,0.6335802469135803,324,60,324--60,3,15,3,15,45,1,0.5,0,10,10,32,"[""96"", ""53"", ""60"", ""51"", ""364"", ""369"", ""363"", ""373"", ""62"", ""440"", ""411"", ""94"", ""142"", ""143"", ""398"", ""82"", ""85"", ""109"", ""154"", ""32"", ""343"", ""348"", ""134"", ""52"", ""193"", ""121"", ""220"", ""56"", ""435"", ""379"", ""434"", ""234""]",21b4e9b03bbf188c7293e444d860c7b10c27b17c080044869be457921c3edd68,"{""boundary"": 12, ""community_rep"": 6, ""degree_core"": 10, ""random_fill"": 4}","{""degree_0_1"": 1, ""degree_3_4"": 1, ""degree_5_8"": 12, ""degree_9_plus"": 18}","{""0"": 1, ""1"": 1, ""10"": 2, ""11"": 3, ""12"": 1, ""13"": 1, ""14"": 4, ""15"": 1, ""16"": 2, ""17"": 1, ""2"": 2, ""3"": 2, ""4"": 1, ""5"": 4, ""6"": 1, ""7"": 2, ""8"": 1, ""9"": 2}",139,"{""backend"": ""evaluate_m19_theory_calibrated.candidate_features"", ""delta_mode"": ""none"", ""k_max"": 512, ""k_min"": 64, ""variant"": ""conservative""}",139,0.23842195540308747,0.4676258992805755,0.4676258992805755,0.07913669064748201,1.0,"{""dp_17_64"": 0.460431654676259, ""dp_257_plus"": 0.12949640287769784, ""dp_5_16"": 0.007194244604316547, ""dp_65_256"": 0.4028776978417266}","{""cn_0"": 1.0}",0.0,119.43165467625899,sasb_candidate_builder,3fa32c44a6f60d6ae3767fe9a6d6d4ddce2d5877ac4df4a9d4384617d944a67c,139,3fa32c44a6f60d6ae3767fe9a6d6d4ddce2d5877ac4df4a9d4384617d944a67c,"{""sasb_builder"": 139}",0,0,0,0,{},0.0,"{""common_neighbor_bin_l1"": 0.0, ""degree_product_bin_l1"": 0.0, ""is_boundary_edge_l1"": 0.0, ""is_bridge_edge_l1"": 0.0, ""is_inter_community_edge_l1"": 0.0, ""is_low_common_neighbor_edge_l1"": 0.0, ""mean_l1"": 0.0}",1,32,32,0.0,0
realworld_completed,bio_celegans,SASB-candidate,sasb,SASB-structured,20260513,1283,middle,0.6865342163355408,0.6799116997792495,0.0066225165562913135,43,44,1,0.6335802469135803,0.6340740740740741,328,60,328--60,3,14,3,14,42,0,0.0,0,4,4,32,"[""96"", ""53"", ""60"", ""51"", ""364"", ""369"", ""363"", ""373"", ""62"", ""440"", ""411"", ""94"", ""142"", ""143"", ""398"", ""82"", ""85"", ""109"", ""154"", ""32"", ""343"", ""348"", ""134"", ""52"", ""193"", ""121"", ""220"", ""56"", ""318"", ""412"", ""340"", ""36""]",bed02711a62fcf79ec94a3b0369d3dbede86af882e291eb4459f57574e916a60,"{""boundary"": 12, ""community_rep"": 6, ""degree_core"": 10, ""random_fill"": 4}","{""degree_0_1"": 2, ""degree_3_4"": 2, ""degree_5_8"": 10, ""degree_9_plus"": 18}","{""0"": 1, ""1"": 1, ""10"": 3, ""11"": 1, ""12"": 1, ""13"": 2, ""14"": 3, ""15"": 1, ""16"": 2, ""17"": 1, ""2"": 3, ""3"": 2, ""4"": 1, ""5"": 3, ""6"": 1, ""7"": 3, ""8"": 1, ""9"": 2}",139,"{""backend"": ""evaluate_m19_theory_calibrated.candidate_features"", ""delta_mode"": ""none"", ""k_max"": 512, ""k_min"": 64, ""variant"": ""conservative""}",139,0.23883161512027493,0.4676258992805755,0.4676258992805755,0.08633093525179857,1.0,"{""dp_17_64"": 0.460431654676259, ""dp_257_plus"": 0.12949640287769784, ""dp_5_16"": 0.007194244604316547, ""dp_65_256"": 0.4028776978417266}","{""cn_0"": 1.0}",0.0,118.88489208633094,sasb_candidate_builder,7386ec89a4fe5c8d6a81a2379e1ada4006d1f2c1b8ae0b62b9aa0881583708c1,139,7386ec89a4fe5c8d6a81a2379e1ada4006d1f2c1b8ae0b62b9aa0881583708c1,"{""sasb_builder"": 139}",0,0,0,0,{},0.0,"{""common_neighbor_bin_l1"": 0.0, ""degree_product_bin_l1"": 0.0, ""is_boundary_edge_l1"": 0.0, ""is_bridge_edge_l1"": 0.0, ""is_inter_community_edge_l1"": 0.0, ""is_low_common_neighbor_edge_l1"": 0.0, ""mean_l1"": 0.0}",1,32,32,0.0,0
realworld_completed,bio_celegans,SASB-candidate,sasb,SASB-structured,20260513,1284,middle,0.6799116997792495,0.6799116997792495,0.0,44,44,0,0.6340740740740741,0.6345679012345679,363,82,363--82,6,10,6,10,60,0,0.0,0,8,8,32,"[""96"", ""53"", ""60"", ""51"", ""364"", ""369"", ""363"", ""373"", ""62"", ""440"", ""411"", ""94"", ""142"", ""143"", ""398"", ""82"", ""85"", ""109"", ""154"", ""32"", ""343"", ""348"", ""134"", ""52"", ""193"", ""121"", ""220"", ""56"", ""330"", ""74"", ""158"", ""313""]",e17598516730dac4f16a8e1c3bb393e49f910e091523b4e1dfb3e94af93066ca,"{""boundary"": 12, ""community_rep"": 6, ""degree_core"": 10, ""random_fill"": 4}","{""degree_2"": 2, ""degree_3_4"": 2, ""degree_5_8"": 10, ""degree_9_plus"": 18}","{""0"": 1, ""1"": 1, ""10"": 2, ""11"": 1, ""12"": 1, ""13"": 1, ""14"": 3, ""15"": 1, ""16"": 2, ""17"": 1, ""2"": 3, ""3"": 3, ""4"": 2, ""5"": 3, ""6"": 2, ""7"": 2, ""8"": 1, ""9"": 2}",138,"{""backend"": ""evaluate_m19_theory_calibrated.candidate_features"", ""delta_mode"": ""none"", ""k_max"": 512, ""k_min"": 64, ""variant"": ""conservative""}",138,0.23875432525951557,0.47101449275362317,0.47101449275362317,0.07971014492753623,1.0,"{""dp_17_64"": 0.45652173913043476, ""dp_257_plus"": 0.13043478260869565, ""dp_5_16"": 0.007246376811594203, ""dp_65_256"": 0.4057971014492754}","{""cn_0"": 1.0}",0.0,118.97826086956522,sasb_candidate_builder,12eb3a32f1870379d6d7bd8adb2fa86a243af7d3efc4d3a72fd8bcec6c1adb27,138,12eb3a32f1870379d6d7bd8adb2fa86a243af7d3efc4d3a72fd8bcec6c1adb27,"{""sasb_builder"": 138}",0,0,0,0,{},0.0,"{""common_neighbor_bin_l1"": 0.0, ""degree_product_bin_l1"": 0.0, ""is_boundary_edge_l1"": 0.0, ""is_bridge_edge_l1"": 0.0, ""is_inter_community_edge_l1"": 0.0, ""is_low_common_neighbor_edge_l1"": 0.0, ""mean_l1"": 0.0}",1,32,32,0.0,0
realworld_completed,bio_celegans,SASB-candidate,sasb,SASB-structured,20260513,1285,middle,0.6799116997792495,0.6799116997792495,0.0,44,44,0,0.6345679012345679,0.6350617283950617,142,413,142--413,12,4,4,12,48,2,0.6666666666666666,0,3,3,32,"[""96"", ""53"", ""60"", ""51"", ""364"", ""369"", ""373"", ""62"", ""440"", ""411"", ""94"", ""375"", ""142"", ""143"", ""398"", ""85"", ""109"", ""154"", ""32"", ""343"", ""348"", ""52"", ""134"", ""193"", ""121"", ""220"", ""376"", ""117"", ""47"", ""277"", ""25"", ""149""]",438fbab75a21ba98731a5423cbdaa8e07b392105a2c6a51a0e58054e986988dc,"{""boundary"": 12, ""community_rep"": 5, ""degree_core"": 10, ""random_fill"": 5}","{""degree_0_1"": 1, ""degree_2"": 3, ""degree_3_4"": 1, ""degree_5_8"": 10, ""degree_9_plus"": 17}","{""0"": 2, ""1"": 1, ""10"": 2, ""11"": 2, ""12"": 1, ""13"": 4, ""14"": 2, ""15"": 1, ""16"": 1, ""17"": 1, ""2"": 2, ""3"": 2, ""4"": 3, ""5"": 1, ""6"": 1, ""7"": 2, ""8"": 2, ""9"": 2}",138,"{""backend"": ""evaluate_m19_theory_calibrated.candidate_features"", ""delta_mode"": ""none"", ""k_max"": 512, ""k_min"": 64, ""variant"": ""conservative""}",138,0.2391681109185442,0.45652173913043476,0.45652173913043476,0.07971014492753623,0.9855072463768116,"{""dp_17_64"": 0.4492753623188406, ""dp_257_plus"": 0.13043478260869565, ""dp_5_16"": 0.014492753623188406, ""dp_65_256"": 0.4057971014492754}","{""cn_0"": 0.9855072463768116, ""cn_2_3"": 0.014492753623188406}",0.028985507246376812,118.32608695652173,sasb_candidate_builder,2aa81e912ef3203813a52737e386d8f694bae868ca7d7ebcd5b3f54c643ce489,138,2aa81e912ef3203813a52737e386d8f694bae868ca7d7ebcd5b3f54c643ce489,"{""sasb_builder"": 138}",0,0,0,0,{},0.0,"{""common_neighbor_bin_l1"": 0.0, ""degree_product_bin_l1"": 0.0, ""is_boundary_edge_l1"": 0.0, ""is_bridge_edge_l1"": 0.0, ""is_inter_community_edge_l1"": 0.0, ""is_low_common_neighbor_edge_l1"": 0.0, ""mean_l1"": 0.0}",1,32,32,4437.125000000001,0
realworld_completed,bio_celegans,SASB-candidate,sasb,SASB-structured,20260513,1286,middle,0.6799116997792495,0.6799116997792495,0.0,44,44,0,0.6350617283950617,0.6355555555555555,143,413,143--413,12,3,3,12,36,1,0.5,0,3,3,32,"[""96"", ""53"", ""60"", ""51"", ""364"", ""369"", ""373"", ""62"", ""440"", ""411"", ""94"", ""375"", ""143"", ""398"", ""142"", ""85"", ""109"", ""154"", ""32"", ""343"", ""348"", ""52"", ""134"", ""193"", ""121"", ""220"", ""376"", ""226"", ""99"", ""222"", ""118"", ""353""]",12ddccbcf268fd99cc17b8caf0fe103f52a95c647a5716bc52d983facdcc6d42,"{""boundary"": 12, ""community_rep"": 5, ""degree_core"": 10, ""random_fill"": 5}","{""degree_3_4"": 4, ""degree_5_8"": 11, ""degree_9_plus"": 17}","{""0"": 2, ""1"": 1, ""10"": 1, ""11"": 1, ""12"": 1, ""13"": 4, ""14"": 3, ""15"": 2, ""16"": 1, ""17"": 1, ""2"": 2, ""3"": 2, ""4"": 2, ""5"": 1, ""6"": 2, ""7"": 2, ""8"": 2, ""9"": 2}",138,"{""backend"": ""evaluate_m19_theory_calibrated.candidate_features"", ""delta_mode"": ""none"", ""k_max"": 512, ""k_min"": 64, ""variant"": ""conservative""}",138,0.23958333333333334,0.45652173913043476,0.45652173913043476,0.07971014492753623,1.0,"{""dp_17_64"": 0.4492753623188406, ""dp_257_plus"": 0.13043478260869565, ""dp_5_16"": 0.014492753623188406, ""dp_65_256"": 0.4057971014492754}","{""cn_0"": 0.9855072463768116, ""cn_1"": 0.014492753623188406}",0.014492753623188406,117.7536231884058,sasb_candidate_builder,0e1df28d5edb9e91c2faed6f77e007d59a9f86397c70d5106c6303e08965e8e2,138,0e1df28d5edb9e91c2faed6f77e007d59a9f86397c70d5106c6303e08965e8e2,"{""sasb_builder"": 138}",0,0,0,0,{},0.0,"{""common_neighbor_bin_l1"": 0.0, ""degree_product_bin_l1"": 0.0, ""is_boundary_edge_l1"": 0.0, ""is_bridge_edge_l1"": 0.0, ""is_inter_community_edge_l1"": 0.0, ""is_low_common_neighbor_edge_l1"": 0.0, ""mean_l1"": 0.0}",1,32,32,7305.375000000001,0
realworld_completed,bio_celegans,SASB-candidate,sasb,SASB-structured,20260513,1287,middle,0.6799116997792495,0.6799116997792495,0.0,44,44,0,0.6355555555555555,0.6360493827160494,142,414,142--414,11,3,3,11,33,1,0.5,0,3,3,32,"[""96"", ""53"", ""60"", ""51"", ""364"", ""369"", ""373"", ""62"", ""440"", ""411"", ""94"", ""375"", ""398"", ""142"", ""143"", ""85"", ""109"", ""154"", ""32"", ""343"", ""348"", ""52"", ""134"", ""193"", ""121"", ""220"", ""376"", ""452"", ""16"", ""196"", ""401"", ""441""]",36f87679c3ff755a5950af3834a1a209903bd7a3fd4082f89dd02d6c9b348cfb,"{""boundary"": 12, ""community_rep"": 5, ""degree_core"": 10, ""random_fill"": 5}","{""degree_2"": 3, ""degree_3_4"": 2, ""degree_5_8"": 10, ""degree_9_plus"": 17}","{""0"": 2, ""1"": 1, ""10"": 1, ""11"": 1, ""12"": 1, ""13"": 3, ""14"": 2, ""15"": 1, ""16"": 1, ""17"": 1, ""2"": 2, ""3"": 2, ""4"": 4, ""5"": 1, ""6"": 1, ""7"": 2, ""8"": 3, ""9"": 3}",138,"{""backend"": ""evaluate_m19_theory_calibrated.candidate_features"", ""delta_mode"": ""none"", ""k_max"": 512, ""k_min"": 64, ""variant"": ""conservative""}",138,0.24,0.45652173913043476,0.45652173913043476,0.07971014492753623,1.0,"{""dp_17_64"": 0.4492753623188406, ""dp_257_plus"": 0.13043478260869565, ""dp_5_16"": 0.014492753623188406, ""dp_65_256"": 0.4057971014492754}","{""cn_0"": 0.9855072463768116, ""cn_1"": 0.014492753623188406}",0.014492753623188406,117.35507246376811,sasb_candidate_builder,8bb4a453994ad8c96c66c6c4d7c4d3d02b5c9ccc43f223a105876a9824d9bad2,138,8bb4a453994ad8c96c66c6c4d7c4d3d02b5c9ccc43f223a105876a9824d9bad2,"{""sasb_builder"": 138}",0,0,0,0,{},0.0,"{""common_neighbor_bin_l1"": 0.0, ""degree_product_bin_l1"": 0.0, ""is_boundary_edge_l1"": 0.0, ""is_bridge_edge_l1"": 0.0, ""is_inter_community_edge_l1"": 0.0, ""is_low_common_neighbor_edge_l1"": 0.0, ""mean_l1"": 0.0}",1,32,32,4446.750000000001,0
realworld_completed,bio_celegans,SASB-candidate,sasb,SASB-structured,20260513,1288,middle,0.6799116997792495,0.6556291390728477,0.02428256070640178,44,45,1,0.6360493827160494,0.6365432098765432,143,414,143--414,11,2,2,11,22,0,0.0,0,3,3,32,"[""96"", ""53"", ""60"", ""51"", ""364"", ""369"", ""373"", ""62"", ""440"", ""411"", ""94"", ""375"", ""398"", ""143"", ""142"", ""85"", ""109"", ""154"", ""32"", ""343"", ""348"", ""52"", ""134"", ""193"", ""121"", ""220"", ""376"", ""58"", ""1"", ""428"", ""20"", ""165""]",cf159d6eef5d4d48f8cdee1dc23d3ebabb74de0ee875d890bd32de50119b7625,"{""boundary"": 12, ""community_rep"": 5, ""degree_core"": 10, ""random_fill"": 5}","{""degree_0_1"": 2, ""degree_2"": 1, ""degree_3_4"": 3, ""degree_5_8"": 9, ""degree_9_plus"": 17}","{""0"": 1, ""1"": 2, ""10"": 1, ""11"": 1, ""12"": 1, ""13"": 3, ""14"": 2, ""15"": 1, ""16"": 1, ""17"": 1, ""2"": 3, ""3"": 2, ""4"": 2, ""5"": 1, ""6"": 2, ""7"": 3, ""8"": 2, ""9"": 3}",138,"{""backend"": ""evaluate_m19_theory_calibrated.candidate_features"", ""delta_mode"": ""none"", ""k_max"": 512, ""k_min"": 64, ""variant"": ""conservative""}",138,0.24041811846689895,0.45652173913043476,0.45652173913043476,0.08695652173913043,0.9927536231884058,"{""dp_17_64"": 0.4492753623188406, ""dp_257_plus"": 0.13043478260869565, ""dp_5_16"": 0.014492753623188406, ""dp_65_256"": 0.4057971014492754}","{""cn_0"": 0.9927536231884058, ""cn_2_3"": 0.007246376811594203}",0.014492753623188406,117.3840579710145,sasb_candidate_builder,feb411c7813b6a5245ce5d13ab8fc44b53d6c46b2acc74c72e1f517616907991,138,feb411c7813b6a5245ce5d13ab8fc44b53d6c46b2acc74c72e1f517616907991,"{""sasb_builder"": 138}",0,0,0,0,{},0.0,"{""common_neighbor_bin_l1"": 0.0, ""degree_product_bin_l1"": 0.0, ""is_boundary_edge_l1"": 0.0, ""is_bridge_edge_l1"": 0.0, ""is_inter_community_edge_l1"": 0.0, ""is_low_common_neighbor_edge_l1"": 0.0, ""mean_l1"": 0.0}",1,32,32,8893.500000000002,0
realworld_completed,bio_celegans,SASB-candidate,sasb,SASB-structured,20260513,1289,middle,0.6556291390728477,0.6556291390728477,0.0,45,45,0,0.6365432098765432,0.6370370370370371,363,85,363--85,5,10,5,10,50,0,0.0,0,19,19,32,"[""96"", ""53"", ""60"", ""51"", ""364"", ""369"", ""373"", ""62"", ""440"", ""411"", ""94"", ""375"", ""398"", ""85"", ""109"", ""154"", ""32"", ""343"", ""348"", ""52"", ""82"", ""83"", ""134"", ""193"", ""121"", ""220"", ""376"", ""413"", ""392"", ""219"", ""367"", ""418""]",591fdad33200ccff62ef1b325084b3d0c80c59e9efe29153725cdcb806e3c31e,"{""boundary"": 12, ""community_rep"": 6, ""degree_core"": 10, ""random_fill"": 4}","{""degree_2"": 2, ""degree_3_4"": 3, ""degree_5_8"": 10, ""degree_9_plus"": 17}","{""0"": 3, ""1"": 1, ""10"": 1, ""11"": 1, ""12"": 1, ""13"": 3, ""14"": 2, ""15"": 1, ""16"": 1, ""17"": 1, ""2"": 2, ""3"": 1, ""4"": 2, ""5"": 1, ""6"": 1, ""7"": 5, ""8"": 2, ""9"": 3}",134,"{""backend"": ""evaluate_m19_theory_calibrated.candidate_features"", ""delta_mode"": ""none"", ""k_max"": 512, ""k_min"": 64, ""variant"": ""conservative""}",134,0.24408014571949,0.4701492537313433,0.4701492537313433,0.08208955223880597,1.0,"{""dp_17_64"": 0.44029850746268656, ""dp_257_plus"": 0.13432835820895522, ""dp_5_16"": 0.007462686567164179, ""dp_65_256"": 0.417910447761194}","{""cn_0"": 1.0}",0.0,119.9776119402985,sasb_candidate_builder,c852efd2f4c7bf31b912c91669755e382ceb2b8a3b5697662df51a5f6321cfa8,134,c852efd2f4c7bf31b912c91669755e382ceb2b8a3b5697662df51a5f6321cfa8,"{""sasb_builder"": 134}",0,0,0,0,{},0.0,"{""common_neighbor_bin_l1"": 0.0, ""degree_product_bin_l1"": 0.0, ""is_boundary_edge_l1"": 0.0, ""is_bridge_edge_l1"": 0.0, ""is_inter_community_edge_l1"": 0.0, ""is_low_common_neighbor_edge_l1"": 0.0, ""mean_l1"": 0.0}",1,32,32,0.0,0
realworld_completed,bio_celegans,SASB-candidate,sasb,SASB-structured,20260513,1290,middle,0.6556291390728477,0.6335540838852097,0.02207505518763797,45,46,1,0.6370370370370371,0.6375308641975309,363,93,363--93,4,5,4,5,20,0,0.0,0,15,15,32,"[""96"", ""53"", ""60"", ""51"", ""364"", ""369"", ""373"", ""62"", ""440"", ""411"", ""94"", ""375"", ""398"", ""109"", ""154"", ""32"", ""343"", ""348"", ""52"", ""82"", ""83"", ""85"", ""134"", ""193"", ""121"", ""220"", ""376"", ""413"", ""374"", ""441"", ""127"", ""27""]",a785c0f8b55eff00bf20dee15bc735471309687eaab855fe740e2424af0e18d6,"{""boundary"": 12, ""community_rep"": 6, ""degree_core"": 10, ""random_fill"": 4}","{""degree_0_1"": 1, ""degree_2"": 1, ""degree_3_4"": 4, ""degree_5_8"": 9, ""degree_9_plus"": 17}","{""0"": 1, ""1"": 1, ""10"": 1, ""11"": 2, ""12"": 1, ""13"": 3, ""14"": 2, ""15"": 1, ""16"": 1, ""17"": 1, ""2"": 2, ""3"": 1, ""4"": 5, ""5"": 1, ""6"": 1, ""7"": 4, ""8"": 2, ""9"": 2}",134,"{""backend"": ""evaluate_m19_theory_calibrated.candidate_features"", ""delta_mode"": ""none"", ""k_max"": 512, ""k_min"": 64, ""variant"": ""conservative""}",134,0.24452554744525548,0.4701492537313433,0.4701492537313433,0.08208955223880597,1.0,"{""dp_17_64"": 0.44029850746268656, ""dp_257_plus"": 0.12686567164179105, ""dp_5_16"": 0.007462686567164179, ""dp_65_256"": 0.4253731343283582}","{""cn_0"": 1.0}",0.0,119.35820895522389,sasb_candidate_builder,32b7ba79afa4e2b81e0c92aa8c3d9ba52cc01ea75b27fcf64a9ee39ed98526db,134,32b7ba79afa4e2b81e0c92aa8c3d9ba52cc01ea75b27fcf64a9ee39ed98526db,"{""sasb_builder"": 134}",0,0,0,0,{},0.0,"{""common_neighbor_bin_l1"": 0.0, ""degree_product_bin_l1"": 0.0, ""is_boundary_edge_l1"": 0.0, ""is_bridge_edge_l1"": 0.0, ""is_inter_community_edge_l1"": 0.0, ""is_low_common_neighbor_edge_l1"": 0.0, ""mean_l1"": 0.0}",1,32,32,0.0,0
realworld_completed,bio_celegans,SASB-candidate,sasb,SASB-structured,20260513,1291,middle,0.6335540838852097,0.6335540838852097,0.0,46,46,0,0.6375308641975309,0.6380246913580246,363,96,363--96,3,52,3,52,156,0,0.0,1,9,0,32,"[""96"", ""53"", ""60"", ""51"", ""364"", ""369"", ""373"", ""62"", ""440"", ""411"", ""94"", ""375"", ""398"", ""109"", ""154"", ""32"", ""343"", ""348"", ""52"", ""82"", ""83"", ""85"", ""134"", ""193"", ""220"", ""376"", ""413"", ""92"", ""288"", ""12"", ""147"", ""116""]",239af5eb3fd2366cbddf85644fcf95fb1e0b767368e932effc6ac91e1649aa3c,"{""boundary"": 12, ""community_rep"": 5, ""degree_core"": 10, ""random_fill"": 5}","{""degree_2"": 3, ""degree_3_4"": 2, ""degree_5_8"": 10, ""degree_9_plus"": 17}","{""0"": 3, ""1"": 1, ""10"": 1, ""11"": 1, ""12"": 1, ""13"": 3, ""14"": 2, ""16"": 1, ""17"": 1, ""2"": 3, ""3"": 1, ""4"": 2, ""5"": 1, ""6"": 2, ""7"": 4, ""8"": 3, ""9"": 2}",130,"{""backend"": ""evaluate_m19_theory_calibrated.candidate_features"", ""delta_mode"": ""none"", ""k_max"": 512, ""k_min"": 64, ""variant"": ""conservative""}",130,0.24714828897338403,0.47692307692307695,0.47692307692307695,0.07692307692307693,1.0,"{""dp_17_64"": 0.4230769230769231, ""dp_257_plus"": 0.13076923076923078, ""dp_5_16"": 0.007692307692307693, ""dp_65_256"": 0.43846153846153846}","{""cn_0"": 1.0}",0.0,121.64615384615385,sasb_candidate_builder,b92635073417a1e092a2642b2cdacca12645a22892ba3a4bd14499f8fc0436b4,130,b92635073417a1e092a2642b2cdacca12645a22892ba3a4bd14499f8fc0436b4,"{""sasb_builder"": 130}",0,0,0,0,{},0.0,"{""common_neighbor_bin_l1"": 0.0, ""degree_product_bin_l1"": 0.0, ""is_boundary_edge_l1"": 0.0, ""is_bridge_edge_l1"": 0.0, ""is_inter_community_edge_l1"": 0.0, ""is_low_common_neighbor_edge_l1"": 0.0, ""mean_l1"": 0.0}",1,32,32,0.0,0
realworld_completed,bio_celegans,SASB-candidate,sasb,SASB-structured,20260513,1292,middle,0.6335540838852097,0.6335540838852097,0.0,46,46,0,0.6380246913580246,0.6385185185185185,364,51,364--51,11,18,11,18,198,0,0.0,1,5,9,32,"[""96"", ""53"", ""60"", ""51"", ""364"", ""369"", ""373"", ""62"", ""440"", ""411"", ""94"", ""375"", ""398"", ""109"", ""154"", ""32"", ""343"", ""348"", ""52"", ""82"", ""83"", ""85"", ""134"", ""193"", ""220"", ""376"", ""413"", ""448"", ""426"", ""443"", ""136"", ""6""]",1c745862188cea4848406afdcf60c9216db9b3180a3fdc288ea6d5a9995d670c,"{""boundary"": 12, ""community_rep"": 5, ""degree_core"": 10, ""random_fill"": 5}","{""degree_0_1"": 3, ""degree_2"": 2, ""degree_3_4"": 2, ""degree_5_8"": 8, ""degree_9_plus"": 17}","{""0"": 4, ""1"": 1, ""10"": 1, ""11"": 2, ""12"": 1, ""13"": 3, ""14"": 2, ""16"": 1, ""17"": 1, ""2"": 2, ""3"": 1, ""4"": 2, ""5"": 1, ""6"": 1, ""7"": 5, ""8"": 2, ""9"": 2}",130,"{""backend"": ""evaluate_m19_theory_calibrated.candidate_features"", ""delta_mode"": ""none"", ""k_max"": 512, ""k_min"": 64, ""variant"": ""conservative""}",130,0.24761904761904763,0.46923076923076923,0.46923076923076923,0.08461538461538462,1.0,"{""dp_17_64"": 0.4307692307692308, ""dp_257_plus"": 0.06923076923076923, ""dp_5_16"": 0.007692307692307693, ""dp_65_256"": 0.49230769230769234}","{""cn_0"": 1.0}",0.0,119.16923076923077,sasb_candidate_builder,28403f5841f091f5b21eb236ce026243fad000b30f551c2353ef9fe36a1bd9dd,130,28403f5841f091f5b21eb236ce026243fad000b30f551c2353ef9fe36a1bd9dd,"{""sasb_builder"": 130}",0,0,0,0,{},0.0,"{""common_neighbor_bin_l1"": 0.0, ""degree_product_bin_l1"": 0.0, ""is_boundary_edge_l1"": 0.0, ""is_bridge_edge_l1"": 0.0, ""is_inter_community_edge_l1"": 0.0, ""is_low_common_neighbor_edge_l1"": 0.0, ""mean_l1"": 0.0}",1,32,32,0.0,0
realworld_completed,bio_celegans,SASB-candidate,sasb,SASB-structured,20260513,1293,middle,0.6335540838852097,0.6335540838852097,0.0,46,46,0,0.6385185185185185,0.6390123456790123,364,53,364--53,10,21,10,21,210,0,0.0,1,5,9,32,"[""96"", ""53"", ""60"", ""51"", ""369"", ""364"", ""373"", ""62"", ""440"", ""411"", ""94"", ""375"", ""398"", ""109"", ""154"", ""32"", ""343"", ""348"", ""52"", ""82"", ""83"", ""85"", ""134"", ""193"", ""220"", ""376"", ""413"", ""137"", ""447"", ""433"", ""116"", ""81""]",0b35a0e48f0b91f409fa2d83d5860364849e31679ad6f5b41cd6b0ba66e16dec,"{""boundary"": 12, ""community_rep"": 5, ""degree_core"": 10, ""random_fill"": 5}","{""degree_2"": 5, ""degree_3_4"": 1, ""degree_5_8"": 9, ""degree_9_plus"": 17}","{""0"": 1, ""1"": 1, ""10"": 2, ""11"": 2, ""12"": 1, ""13"": 3, ""14"": 2, ""16"": 1, ""17"": 1, ""2"": 2, ""3"": 1, ""4"": 2, ""5"": 1, ""6"": 2, ""7"": 5, ""8"": 2, ""9"": 3}",130,"{""backend"": ""evaluate_m19_theory_calibrated.candidate_features"", ""delta_mode"": ""none"", ""k_max"": 512, ""k_min"": 64, ""variant"": ""conservative""}",130,0.2480916030534351,0.46153846153846156,0.46153846153846156,0.08461538461538462,1.0,"{""dp_17_64"": 0.43846153846153846, ""dp_257_plus"": 0.06923076923076923, ""dp_5_16"": 0.007692307692307693, ""dp_65_256"": 0.4846153846153846}","{""cn_0"": 1.0}",0.0,116.76153846153846,sasb_candidate_builder,40a4d7c6810a78e03f7758bfe8b57fb6c0306fddba3d805e3fd5ee11ed344694,130,40a4d7c6810a78e03f7758bfe8b57fb6c0306fddba3d805e3fd5ee11ed344694,"{""sasb_builder"": 130}",0,0,0,0,{},0.0,"{""common_neighbor_bin_l1"": 0.0, ""degree_product_bin_l1"": 0.0, ""is_boundary_edge_l1"": 0.0, ""is_bridge_edge_l1"": 0.0, ""is_inter_community_edge_l1"": 0.0, ""is_low_common_neighbor_edge_l1"": 0.0, ""mean_l1"": 0.0}",1,32,32,0.0,0
realworld_completed,bio_celegans,SASB-candidate,sasb,SASB-structured,20260513,1294,middle,0.6335540838852097,0.6335540838852097,0.0,46,46,0,0.6390123456790123,0.6395061728395062,364,60,364--60,9,13,9,13,117,0,0.0,1,5,8,32,"[""96"", ""53"", ""60"", ""51"", ""369"", ""373"", ""62"", ""440"", ""364"", ""411"", ""94"", ""375"", ""398"", ""109"", ""154"", ""32"", ""343"", ""348"", ""52"", ""82"", ""83"", ""85"", ""134"", ""193"", ""220"", ""376"", ""413"", ""419"", ""27"", ""192"", ""341"", ""249""]",ff31fad5ff88f1b62448e7b0faa311d05b4132066a6128cf7d22703ee76f2902,"{""boundary"": 12, ""community_rep"": 5, ""degree_core"": 10, ""random_fill"": 5}","{""degree_0_1"": 1, ""degree_2"": 1, ""degree_3_4"": 4, ""degree_5_8"": 9, ""degree_9_plus"": 17}","{""0"": 2, ""1"": 1, ""10"": 2, ""11"": 1, ""12"": 1, ""13"": 3, ""14"": 2, ""16"": 1, ""17"": 2, ""2"": 2, ""3"": 1, ""4"": 3, ""5"": 1, ""6"": 1, ""7"": 4, ""8"": 2, ""9"": 3}",130,"{""backend"": ""evaluate_m19_theory_calibrated.candidate_features"", ""delta_mode"": ""none"", ""k_max"": 512, ""k_min"": 64, ""variant"": ""conservative""}",130,0.248565965583174,0.45384615384615384,0.45384615384615384,0.08461538461538462,1.0,"{""dp_17_64"": 0.4461538461538462, ""dp_257_plus"": 0.06923076923076923, ""dp_5_16"": 0.007692307692307693, ""dp_65_256"": 0.47692307692307695}","{""cn_0"": 1.0}",0.0,114.33846153846154,sasb_candidate_builder,097f924388ece62a2051e9a58511ab92bf6cbe59a65f006f8e3a40150a7f0113,130,097f924388ece62a2051e9a58511ab92bf6cbe59a65f006f8e3a40150a7f0113,"{""sasb_builder"": 130}",0,0,0,0,{},0.0,"{""common_neighbor_bin_l1"": 0.0, ""degree_product_bin_l1"": 0.0, ""is_boundary_edge_l1"": 0.0, ""is_bridge_edge_l1"": 0.0, ""is_inter_community_edge_l1"": 0.0, ""is_low_common_neighbor_edge_l1"": 0.0, ""mean_l1"": 0.0}",1,32,32,0.0,0
realworld_completed,bio_celegans,SASB-candidate,sasb,SASB-structured,20260513,1295,middle,0.6335540838852097,0.6335540838852097,0.0,46,46,0,0.6395061728395062,0.64,364,80,364--80,8,3,3,8,24,0,0.0,0,5,5,32,"[""96"", ""53"", ""60"", ""51"", ""369"", ""373"", ""62"", ""440"", ""411"", ""94"", ""375"", ""439"", ""398"", ""109"", ""154"", ""32"", ""343"", ""348"", ""52"", ""82"", ""83"", ""85"", ""134"", ""364"", ""193"", ""220"", ""56"", ""376"", ""236"", ""140"", ""319"", ""72""]",b00f6a9b3c0c98abee2dd8e4dc47df4cde7c57e527a3ccf12c7d66f04a75c209,"{""boundary"": 12, ""community_rep"": 6, ""degree_core"": 10, ""random_fill"": 4}","{""degree_3_4"": 5, ""degree_5_8"": 11, ""degree_9_plus"": 16}","{""0"": 2, ""1"": 1, ""10"": 1, ""11"": 2, ""12"": 2, ""13"": 4, ""14"": 1, ""15"": 1, ""16"": 3, ""2"": 2, ""3"": 1, ""4"": 1, ""5"": 1, ""6"": 1, ""7"": 4, ""8"": 3, ""9"": 2}",130,"{""backend"": ""evaluate_m19_theory_calibrated.candidate_features"", ""delta_mode"": ""none"", ""k_max"": 512, ""k_min"": 64, ""variant"": ""conservative""}",130,0.24904214559386972,0.4461538461538462,0.4461538461538462,0.07692307692307693,1.0,"{""dp_17_64"": 0.46153846153846156, ""dp_257_plus"": 0.06923076923076923, ""dp_65_256"": 0.46923076923076923}","{""cn_0"": 1.0}",0.0,112.99230769230769,sasb_candidate_builder,db92347f147d98a6198de3db3b535dc63749a9c74d9ee1c328651e847a5e6a89,130,db92347f147d98a6198de3db3b535dc63749a9c74d9ee1c328651e847a5e6a89,"{""sasb_builder"": 130}",0,0,0,0,{},0.0,"{""common_neighbor_bin_l1"": 0.0, ""degree_product_bin_l1"": 0.0, ""is_boundary_edge_l1"": 0.0, ""is_bridge_edge_l1"": 0.0, ""is_inter_community_edge_l1"": 0.0, ""is_low_common_neighbor_edge_l1"": 0.0, ""mean_l1"": 0.0}",1,32,32,0.0,0
realworld_completed,bio_celegans,SASB-candidate,sasb,SASB-structured,20260513,1296,middle,0.6335540838852097,0.6335540838852097,0.0,46,46,0,0.64,0.6404938271604939,350,448,350--448,4,4,4,4,16,0,0.0,0,7,7,32,"[""96"", ""53"", ""60"", ""51"", ""369"", ""373"", ""62"", ""440"", ""411"", ""94"", ""375"", ""439"", ""398"", ""109"", ""154"", ""32"", ""343"", ""348"", ""52"", ""82"", ""83"", ""85"", ""134"", ""364"", ""193"", ""220"", ""56"", ""376"", ""196"", ""128"", ""422"", ""450""]",81f362a5899239a99cd048b29b1dc0441ec6fc2462beeff34718945a5722ebc4,"{""boundary"": 12, ""community_rep"": 6, ""degree_core"": 10, ""random_fill"": 4}","{""degree_0_1"": 1, ""degree_2"": 2, ""degree_3_4"": 2, ""degree_5_8"": 11, ""degree_9_plus"": 16}","{""0"": 3, ""1"": 1, ""10"": 1, ""11"": 2, ""12"": 3, ""13"": 3, ""14"": 1, ""15"": 1, ""16"": 2, ""2"": 2, ""3"": 1, ""4"": 1, ""5"": 1, ""6"": 1, ""7"": 4, ""8"": 3, ""9"": 2}",130,"{""backend"": ""evaluate_m19_theory_calibrated.candidate_features"", ""delta_mode"": ""none"", ""k_max"": 512, ""k_min"": 64, ""variant"": ""conservative""}",130,0.2495201535508637,0.4461538461538462,0.4461538461538462,0.08461538461538462,1.0,"{""dp_17_64"": 0.45384615384615384, ""dp_257_plus"": 0.06923076923076923, ""dp_5_16"": 0.007692307692307693, ""dp_65_256"": 0.46923076923076923}","{""cn_0"": 1.0}",0.0,112.44615384615385,sasb_candidate_builder,c5fc8075d9c57ba775b89b67eb2a86a0de5da8d512221b85c665415eeb295e8c,130,c5fc8075d9c57ba775b89b67eb2a86a0de5da8d512221b85c665415eeb295e8c,"{""sasb_builder"": 130}",0,0,0,0,{},0.0,"{""common_neighbor_bin_l1"": 0.0, ""degree_product_bin_l1"": 0.0, ""is_boundary_edge_l1"": 0.0, ""is_bridge_edge_l1"": 0.0, ""is_inter_community_edge_l1"": 0.0, ""is_low_common_neighbor_edge_l1"": 0.0, ""mean_l1"": 0.0}",1,32,32,479.0021646529219,0
realworld_completed,bio_celegans,SASB-candidate,sasb,SASB-structured,20260513,1297,middle,0.6335540838852097,0.6335540838852097,0.0,46,46,0,0.6404938271604939,0.6409876543209877,437,440,437--440,4,12,4,12,48,2,0.6666666666666666,0,3,3,32,"[""96"", ""53"", ""60"", ""51"", ""369"", ""373"", ""62"", ""440"", ""411"", ""94"", ""375"", ""439"", ""398"", ""109"", ""154"", ""32"", ""343"", ""348"", ""52"", ""82"", ""83"", ""85"", ""134"", ""364"", ""193"", ""220"", ""56"", ""376"", ""162"", ""117"", ""415"", ""346""]",313fdacf2dead4ddc093ff0a212d43a0882edeb448d3ea10b6aa2e2939bd9f31,"{""boundary"": 12, ""community_rep"": 6, ""degree_core"": 10, ""random_fill"": 4}","{""degree_2"": 2, ""degree_3_4"": 3, ""degree_5_8"": 11, ""degree_9_plus"": 16}","{""0"": 2, ""1"": 2, ""10"": 1, ""11"": 3, ""12"": 2, ""13"": 3, ""14"": 1, ""15"": 1, ""16"": 2, ""2"": 2, ""3"": 1, ""4"": 1, ""5"": 1, ""6"": 1, ""7"": 5, ""8"": 2, ""9"": 2}",130,"{""backend"": ""evaluate_m19_theory_calibrated.candidate_features"", ""delta_mode"": ""none"", ""k_max"": 512, ""k_min"": 64, ""variant"": ""conservative""}",130,0.25,0.4461538461538462,0.4461538461538462,0.08461538461538462,0.9923076923076923,"{""dp_17_64"": 0.46153846153846156, ""dp_257_plus"": 0.06923076923076923, ""dp_65_256"": 0.46923076923076923}","{""cn_0"": 0.9923076923076923, ""cn_2_3"": 0.007692307692307693}",0.015384615384615385,112.5,sasb_candidate_builder,ccd33bf21f5bd0b9df4517affabfb8fcd1b09a9a6b91feaef61ae44e76c8d6d5,130,ccd33bf21f5bd0b9df4517affabfb8fcd1b09a9a6b91feaef61ae44e76c8d6d5,"{""sasb_builder"": 130}",0,0,0,0,{},0.0,"{""common_neighbor_bin_l1"": 0.0, ""degree_product_bin_l1"": 0.0, ""is_boundary_edge_l1"": 0.0, ""is_bridge_edge_l1"": 0.0, ""is_inter_community_edge_l1"": 0.0, ""is_low_common_neighbor_edge_l1"": 0.0, ""mean_l1"": 0.0}",1,32,32,574.0,0
realworld_completed,bio_celegans,SASB-candidate,sasb,SASB-structured,20260513,1298,middle,0.6335540838852097,0.6335540838852097,0.0,46,46,0,0.6409876543209877,0.6414814814814814,364,96,364--96,7,51,7,51,357,1,0.16666666666666666,1,5,0,32,"[""96"", ""53"", ""60"", ""51"", ""369"", ""373"", ""62"", ""440"", ""411"", ""94"", ""375"", ""439"", ""398"", ""109"", ""154"", ""32"", ""343"", ""348"", ""52"", ""82"", ""83"", ""85"", ""134"", ""364"", ""193"", ""220"", ""56"", ""376"", ""67"", ""116"", ""427"", ""162""]",c41064ee7f264de98dae7a0c6b48409b42b1194ac4a3da43ae16ace33ba6020e,"{""boundary"": 12, ""community_rep"": 6, ""degree_core"": 10, ""random_fill"": 4}","{""degree_2"": 3, ""degree_3_4"": 2, ""degree_5_8"": 11, ""degree_9_plus"": 16}","{""0"": 2, ""1"": 2, ""10"": 1, ""11"": 2, ""12"": 2, ""13"": 3, ""14"": 1, ""15"": 1, ""16"": 2, ""2"": 2, ""3"": 1, ""4"": 1, ""5"": 2, ""6"": 1, ""7"": 5, ""8"": 2, ""9"": 2}",129,"{""backend"": ""evaluate_m19_theory_calibrated.candidate_features"", ""delta_mode"": ""none"", ""k_max"": 512, ""k_min"": 64, ""variant"": ""conservative""}",129,0.24855491329479767,0.4496124031007752,0.4496124031007752,0.08527131782945736,1.0,"{""dp_17_64"": 0.4573643410852713, ""dp_257_plus"": 0.06976744186046512, ""dp_65_256"": 0.4728682170542636}","{""cn_0"": 1.0}",0.0,112.49612403100775,sasb_candidate_builder,e123131002aa98f39eb22941801e3c305cc01b2ae8d0a9e670745bc95a5a03d8,129,e123131002aa98f39eb22941801e3c305cc01b2ae8d0a9e670745bc95a5a03d8,"{""sasb_builder"": 129}",0,0,0,0,{},0.0,"{""common_neighbor_bin_l1"": 0.0, ""degree_product_bin_l1"": 0.0, ""is_boundary_edge_l1"": 0.0, ""is_bridge_edge_l1"": 0.0, ""is_inter_community_edge_l1"": 0.0, ""is_low_common_neighbor_edge_l1"": 0.0, ""mean_l1"": 0.0}",1,32,32,0.0,0
realworld_completed,bio_celegans,SASB-candidate,sasb,SASB-structured,20260513,1299,middle,0.6335540838852097,0.6335540838852097,0.0,46,46,0,0.6414814814814814,0.6419753086419753,366,96,366--96,5,50,5,50,250,0,0.0,1,0,12,32,"[""96"", ""53"", ""60"", ""51"", ""369"", ""373"", ""62"", ""440"", ""411"", ""94"", ""375"", ""439"", ""398"", ""109"", ""154"", ""32"", ""343"", ""348"", ""52"", ""82"", ""83"", ""85"", ""134"", ""364"", ""193"", ""220"", ""56"", ""376"", ""49"", ""422"", ""436"", ""76""]",ed9a886085146fe67a48f78f6397b4d1a5fb363036204e6cbe3a958ab34ed0c4,"{""boundary"": 12, ""community_rep"": 6, ""degree_core"": 10, ""random_fill"": 4}","{""degree_2"": 2, ""degree_3_4"": 3, ""degree_5_8"": 11, ""degree_9_plus"": 16}","{""0"": 2, ""1"": 1, ""10"": 2, ""11"": 2, ""12"": 2, ""13"": 3, ""14"": 1, ""15"": 1, ""16"": 2, ""2"": 3, ""3"": 1, ""4"": 1, ""5"": 1, ""6"": 2, ""7"": 4, ""8"": 2, ""9"": 2}",129,"{""backend"": ""evaluate_m19_theory_calibrated.candidate_features"", ""delta_mode"": ""none"", ""k_max"": 512, ""k_min"": 64, ""variant"": ""conservative""}",129,0.24903474903474904,0.4418604651162791,0.4418604651162791,0.09302325581395349,1.0,"{""dp_17_64"": 0.46511627906976744, ""dp_257_plus"": 0.06201550387596899, ""dp_65_256"": 0.4728682170542636}","{""cn_0"": 1.0}",0.0,108.51162790697674,sasb_candidate_builder,4031f90ba1682702b5c2fac403f76bbf39bbb09c251fe935db02937c86f29aaa,129,4031f90ba1682702b5c2fac403f76bbf39bbb09c251fe935db02937c86f29aaa,"{""sasb_builder"": 129}",0,0,0,0,{},0.0,"{""common_neighbor_bin_l1"": 0.0, ""degree_product_bin_l1"": 0.0, ""is_boundary_edge_l1"": 0.0, ""is_bridge_edge_l1"": 0.0, ""is_inter_community_edge_l1"": 0.0, ""is_low_common_neighbor_edge_l1"": 0.0, ""mean_l1"": 0.0}",1,32,32,0.0,0
realworld_completed,bio_celegans,SASB-candidate,sasb,SASB-structured,20260513,1300,middle,0.6335540838852097,0.6335540838852097,0.0,46,46,0,0.6419753086419753,0.6424691358024691,187,440,187--440,3,11,3,11,33,1,0.5,0,3,3,32,"[""96"", ""53"", ""60"", ""51"", ""369"", ""373"", ""62"", ""440"", ""411"", ""94"", ""375"", ""439"", ""398"", ""109"", ""154"", ""32"", ""343"", ""348"", ""52"", ""82"", ""83"", ""85"", ""134"", ""364"", ""193"", ""220"", ""56"", ""376"", ""7"", ""234"", ""426"", ""378""]",5de9d1c74bb0d1f2f8c32be5d7c42f8542edd37dc578bd11768150591f8f94e4,"{""boundary"": 12, ""community_rep"": 6, ""degree_core"": 10, ""random_fill"": 4}","{""degree_0_1"": 3, ""degree_3_4"": 1, ""degree_5_8"": 12, ""degree_9_plus"": 16}","{""0"": 2, ""1"": 1, ""10"": 1, ""11"": 2, ""12"": 2, ""13"": 4, ""14"": 1, ""15"": 1, ""16"": 2, ""2"": 2, ""3"": 2, ""4"": 1, ""5"": 1, ""6"": 1, ""7"": 5, ""8"": 2, ""9"": 2}",129,"{""backend"": ""evaluate_m19_theory_calibrated.candidate_features"", ""delta_mode"": ""none"", ""k_max"": 512, ""k_min"": 64, ""variant"": ""conservative""}",129,0.2495164410058027,0.43410852713178294,0.43410852713178294,0.09302325581395349,1.0,"{""dp_17_64"": 0.4728682170542636, ""dp_257_plus"": 0.06201550387596899, ""dp_65_256"": 0.46511627906976744}","{""cn_0"": 0.9922480620155039, ""cn_1"": 0.007751937984496124}",0.007751937984496124,105.3953488372093,sasb_candidate_builder,afb6516269df8d1469379076b02e50ac7a175a66743f68a2156442d2092590b7,129,afb6516269df8d1469379076b02e50ac7a175a66743f68a2156442d2092590b7,"{""sasb_builder"": 129}",0,0,0,0,{},0.0,"{""common_neighbor_bin_l1"": 0.0, ""degree_product_bin_l1"": 0.0, ""is_boundary_edge_l1"": 0.0, ""is_bridge_edge_l1"": 0.0, ""is_inter_community_edge_l1"": 0.0, ""is_low_common_neighbor_edge_l1"": 0.0, ""mean_l1"": 0.0}",1,32,32,574.0,0
realworld_completed,bio_celegans,SASB-candidate,sasb,SASB-structured,20260513,1301,middle,0.6335540838852097,0.6335540838852097,0.0,46,46,0,0.6424691358024691,0.642962962962963,52,94,52--94,9,7,7,9,63,3,0.5,0,13,13,32,"[""96"", ""53"", ""60"", ""51"", ""369"", ""373"", ""62"", ""440"", ""411"", ""94"", ""375"", ""439"", ""398"", ""109"", ""154"", ""32"", ""343"", ""348"", ""52"", ""82"", ""83"", ""85"", ""134"", ""364"", ""193"", ""220"", ""56"", ""376"", ""270"", ""25"", ""377"", ""394""]",f41b6a937c2c9b9367624c4f123eb484e6ac4f7da1c2f763a34eba47df26b329,"{""boundary"": 12, ""community_rep"": 6, ""degree_core"": 10, ""random_fill"": 4}","{""degree_0_1"": 1, ""degree_2"": 1, ""degree_3_4"": 3, ""degree_5_8"": 11, ""degree_9_plus"": 16}","{""0"": 1, ""1"": 1, ""10"": 1, ""11"": 2, ""12"": 2, ""13"": 3, ""14"": 1, ""15"": 1, ""16"": 3, ""2"": 2, ""3"": 2, ""4"": 1, ""5"": 1, ""6"": 1, ""7"": 5, ""8"": 3, ""9"": 2}",129,"{""backend"": ""evaluate_m19_theory_calibrated.candidate_features"", ""delta_mode"": ""none"", ""k_max"": 512, ""k_min"": 64, ""variant"": ""conservative""}",129,0.25,0.43410852713178294,0.43410852713178294,0.10077519379844961,0.9922480620155039,"{""dp_17_64"": 0.4728682170542636, ""dp_257_plus"": 0.06201550387596899, ""dp_65_256"": 0.46511627906976744}","{""cn_0"": 0.9922480620155039, ""cn_2_3"": 0.007751937984496124}",0.023255813953488372,105.11627906976744,sasb_candidate_builder,2b6266dc116e91cd05f2b322e13f8cea873f74e754c23e89d3d5213ec6528633,129,2b6266dc116e91cd05f2b322e13f8cea873f74e754c23e89d3d5213ec6528633,"{""sasb_builder"": 129}",0,0,0,0,{},0.0,"{""common_neighbor_bin_l1"": 0.0, ""degree_product_bin_l1"": 0.0, ""is_boundary_edge_l1"": 0.0, ""is_bridge_edge_l1"": 0.0, ""is_inter_community_edge_l1"": 0.0, ""is_low_common_neighbor_edge_l1"": 0.0, ""mean_l1"": 0.0}",1,32,32,1971.3312500000002,0
realworld_completed,bio_celegans,SASB-candidate,sasb,SASB-structured,20260513,1302,middle,0.6335540838852097,0.6335540838852097,0.0,46,46,0,0.642962962962963,0.6434567901234568,109,94,109--94,9,6,6,9,54,2,0.4,0,13,13,32,"[""96"", ""53"", ""60"", ""51"", ""369"", ""373"", ""62"", ""440"", ""411"", ""375"", ""439"", ""445"", ""398"", ""109"", ""154"", ""32"", ""343"", ""348"", ""82"", ""83"", ""85"", ""52"", ""134"", ""364"", ""193"", ""220"", ""56"", ""376"", ""136"", ""174"", ""430"", ""366""]",8f41865a1089fd2fc2b9ac6b088e1910e3f55e94c46b1a13170f56aed7f43ea2,"{""boundary"": 12, ""community_rep"": 6, ""degree_core"": 10, ""random_fill"": 4}","{""degree_0_1"": 1, ""degree_2"": 1, ""degree_3_4"": 2, ""degree_5_8"": 13, ""degree_9_plus"": 15}","{""0"": 1, ""1"": 1, ""10"": 2, ""11"": 3, ""12"": 2, ""13"": 2, ""14"": 1, ""15"": 2, ""16"": 2, ""2"": 2, ""3"": 3, ""4"": 1, ""5"": 1, ""6"": 1, ""7"": 4, ""8"": 2, ""9"": 2}",129,"{""backend"": ""evaluate_m19_theory_calibrated.candidate_features"", ""delta_mode"": ""none"", ""k_max"": 512, ""k_min"": 64, ""variant"": ""conservative""}",129,0.2504854368932039,0.43410852713178294,0.43410852713178294,0.10077519379844961,1.0,"{""dp_17_64"": 0.4728682170542636, ""dp_257_plus"": 0.06201550387596899, ""dp_65_256"": 0.46511627906976744}","{""cn_0"": 1.0}",0.0,104.89922480620154,sasb_candidate_builder,6d2c637e644dbb2a031d3701603834e268c77b1553de75466e8df345be6f564b,129,6d2c637e644dbb2a031d3701603834e268c77b1553de75466e8df345be6f564b,"{""sasb_builder"": 129}",0,0,0,0,{},0.0,"{""common_neighbor_bin_l1"": 0.0, ""degree_product_bin_l1"": 0.0, ""is_boundary_edge_l1"": 0.0, ""is_bridge_edge_l1"": 0.0, ""is_inter_community_edge_l1"": 0.0, ""is_low_common_neighbor_edge_l1"": 0.0, ""mean_l1"": 0.0}",1,32,32,0.0,0
realworld_completed,bio_celegans,SASB-candidate,sasb,SASB-structured,20260513,1303,middle,0.6335540838852097,0.6335540838852097,0.0,46,46,0,0.6434567901234568,0.6439506172839506,2,343,2--343,5,9,5,9,45,2,0.5,0,16,16,32,"[""96"", ""53"", ""60"", ""51"", ""369"", ""373"", ""62"", ""440"", ""411"", ""375"", ""439"", ""445"", ""398"", ""154"", ""32"", ""343"", ""348"", ""82"", ""83"", ""85"", ""109"", ""52"", ""134"", ""364"", ""193"", ""220"", ""56"", ""376"", ""394"", ""127"", ""20"", ""58""]",f9a8201d029283767c91ba8bc48fb130f87f1cd7cbfaab87743447d745cf7151,"{""boundary"": 12, ""community_rep"": 6, ""degree_core"": 10, ""random_fill"": 4}","{""degree_0_1"": 2, ""degree_2"": 2, ""degree_3_4"": 1, ""degree_5_8"": 13, ""degree_9_plus"": 14}","{""0"": 1, ""1"": 1, ""10"": 1, ""11"": 3, ""12"": 2, ""13"": 2, ""14"": 2, ""15"": 1, ""16"": 2, ""2"": 2, ""3"": 2, ""4"": 1, ""5"": 2, ""6"": 1, ""7"": 5, ""8"": 2, ""9"": 2}",129,"{""backend"": ""evaluate_m19_theory_calibrated.candidate_features"", ""delta_mode"": ""none"", ""k_max"": 512, ""k_min"": 64, ""variant"": ""conservative""}",129,0.2509727626459144,0.43410852713178294,0.43410852713178294,0.10077519379844961,0.9922480620155039,"{""dp_17_64"": 0.4728682170542636, ""dp_257_plus"": 0.06201550387596899, ""dp_65_256"": 0.46511627906976744}","{""cn_0"": 0.9922480620155039, ""cn_2_3"": 0.007751937984496124}",0.015503875968992248,104.73643410852713,sasb_candidate_builder,7d2b46b9972e35428c564319da5b7260e3b0566f22d1a79bd8e75aa7a7bdf2c4,129,7d2b46b9972e35428c564319da5b7260e3b0566f22d1a79bd8e75aa7a7bdf2c4,"{""sasb_builder"": 129}",0,0,0,0,{},0.0,"{""common_neighbor_bin_l1"": 0.0, ""degree_product_bin_l1"": 0.0, ""is_boundary_edge_l1"": 0.0, ""is_bridge_edge_l1"": 0.0, ""is_inter_community_edge_l1"": 0.0, ""is_low_common_neighbor_edge_l1"": 0.0, ""mean_l1"": 0.0}",1,32,32,305.9758463541667,0
realworld_completed,bio_celegans,SASB-candidate,sasb,SASB-structured,20260513,1304,middle,0.6335540838852097,0.6335540838852097,0.0,46,46,0,0.6439506172839506,0.6444444444444445,115,439,115--439,5,6,5,6,30,1,0.25,0,11,11,32,"[""96"", ""53"", ""60"", ""51"", ""369"", ""373"", ""62"", ""440"", ""411"", ""375"", ""439"", ""445"", ""398"", ""154"", ""32"", ""348"", ""82"", ""83"", ""85"", ""109"", ""343"", ""52"", ""134"", ""364"", ""193"", ""220"", ""56"", ""376"", ""446"", ""202"", ""39"", ""452""]",3a4b949a385c7ccc7c0fd32517ffe555a7ad1eec1a19d6b277400279ff7dcf7d,"{""boundary"": 12, ""community_rep"": 6, ""degree_core"": 10, ""random_fill"": 4}","{""degree_2"": 3, ""degree_3_4"": 1, ""degree_5_8"": 15, ""degree_9_plus"": 13}","{""0"": 1, ""1"": 1, ""10"": 1, ""11"": 3, ""12"": 2, ""13"": 3, ""14"": 2, ""15"": 1, ""16"": 2, ""2"": 2, ""3"": 2, ""4"": 1, ""5"": 1, ""6"": 1, ""7"": 4, ""8"": 3, ""9"": 2}",129,"{""backend"": ""evaluate_m19_theory_calibrated.candidate_features"", ""delta_mode"": ""none"", ""k_max"": 512, ""k_min"": 64, ""variant"": ""conservative""}",129,0.25146198830409355,0.43410852713178294,0.43410852713178294,0.10077519379844961,1.0,"{""dp_17_64"": 0.4728682170542636, ""dp_257_plus"": 0.06201550387596899, ""dp_65_256"": 0.46511627906976744}","{""cn_0"": 0.9922480620155039, ""cn_1"": 0.007751937984496124}",0.007751937984496124,104.62015503875969,sasb_candidate_builder,2377cb3c9f10795d795f1a1fed29a60e4056af52c40156f38b0a64437597b161,129,2377cb3c9f10795d795f1a1fed29a60e4056af52c40156f38b0a64437597b161,"{""sasb_builder"": 129}",0,0,0,0,{},0.0,"{""common_neighbor_bin_l1"": 0.0, ""degree_product_bin_l1"": 0.0, ""is_boundary_edge_l1"": 0.0, ""is_bridge_edge_l1"": 0.0, ""is_inter_community_edge_l1"": 0.0, ""is_low_common_neighbor_edge_l1"": 0.0, ""mean_l1"": 0.0}",1,32,32,3766.875,0
realworld_completed,bio_celegans,SASB-candidate,sasb,SASB-structured,20260513,1305,middle,0.6335540838852097,0.5960264900662252,0.03752759381898452,46,47,1,0.6444444444444445,0.6449382716049382,114,439,114--439,4,5,4,5,20,0,0.0,0,10,10,32,"[""96"", ""53"", ""60"", ""51"", ""369"", ""373"", ""62"", ""411"", ""375"", ""445"", ""401"", ""409"", ""398"", ""440"", ""154"", ""32"", ""348"", ""82"", ""83"", ""85"", ""109"", ""343"", ""134"", ""52"", ""193"", ""364"", ""220"", ""56"", ""24"", ""424"", ""421"", ""289""]",50c3a0dffa01af4b01ef1d6aef4a0ee2cf58d2fb3498802eae13a39f8d421978,"{""boundary"": 12, ""community_rep"": 6, ""degree_core"": 10, ""random_fill"": 4}","{""degree_2"": 1, ""degree_3_4"": 1, ""degree_5_8"": 17, ""degree_9_plus"": 13}","{""0"": 2, ""1"": 2, ""10"": 1, ""11"": 2, ""12"": 2, ""13"": 1, ""14"": 3, ""16"": 2, ""17"": 2, ""2"": 3, ""3"": 2, ""4"": 1, ""5"": 1, ""6"": 4, ""8"": 3, ""9"": 1}",129,"{""backend"": ""evaluate_m19_theory_calibrated.candidate_features"", ""delta_mode"": ""none"", ""k_max"": 512, ""k_min"": 64, ""variant"": ""conservative""}",129,0.251953125,0.43410852713178294,0.43410852713178294,0.10852713178294573,1.0,"{""dp_17_64"": 0.4806201550387597, ""dp_257_plus"": 0.05426356589147287, ""dp_65_256"": 0.46511627906976744}","{""cn_0"": 1.0}",0.0,104.06976744186046,sasb_candidate_builder,31254c5958176d538ab1190880245a1579b2fc21d7a478d52b6a1c11f2812ae9,129,31254c5958176d538ab1190880245a1579b2fc21d7a478d52b6a1c11f2812ae9,"{""sasb_builder"": 129}",0,0,0,0,{},0.0,"{""common_neighbor_bin_l1"": 0.0, ""degree_product_bin_l1"": 0.0, ""is_boundary_edge_l1"": 0.0, ""is_bridge_edge_l1"": 0.0, ""is_inter_community_edge_l1"": 0.0, ""is_low_common_neighbor_edge_l1"": 0.0, ""mean_l1"": 0.0}",1,32,32,7148.09375,0
realworld_completed,bio_celegans,SASB-candidate,sasb,SASB-structured,20260513,1306,middle,0.5960264900662252,0.5960264900662252,0.0,47,47,0,0.6449382716049382,0.6454320987654321,367,51,367--51,3,17,3,17,51,0,0.0,0,9,9,32,"[""96"", ""53"", ""60"", ""51"", ""369"", ""373"", ""62"", ""411"", ""375"", ""445"", ""401"", ""409"", ""398"", ""440"", ""154"", ""32"", ""348"", ""82"", ""83"", ""85"", ""109"", ""343"", ""52"", ""193"", ""364"", ""220"", ""56"", ""404"", ""389"", ""65"", ""99"", ""30""]",b05e1a6c05010cdbd9a115fe45c3fb8f562b466744c7826d9bc610bb22b36a69,"{""boundary"": 12, ""community_rep"": 6, ""degree_core"": 10, ""random_fill"": 4}","{""degree_2"": 1, ""degree_3_4"": 4, ""degree_5_8"": 14, ""degree_9_plus"": 13}","{""0"": 2, ""1"": 2, ""11"": 2, ""12"": 2, ""13"": 1, ""14"": 3, ""16"": 2, ""17"": 2, ""2"": 2, ""3"": 2, ""4"": 1, ""5"": 2, ""6"": 4, ""7"": 1, ""8"": 3, ""9"": 1}",124,"{""backend"": ""evaluate_m19_theory_calibrated.candidate_features"", ""delta_mode"": ""none"", ""k_max"": 512, ""k_min"": 64, ""variant"": ""conservative""}",124,0.2540983606557377,0.45161290322580644,0.45161290322580644,0.10483870967741936,1.0,"{""dp_17_64"": 0.4596774193548387, ""dp_257_plus"": 0.056451612903225805, ""dp_65_256"": 0.4838709677419355}","{""cn_0"": 1.0}",0.0,106.45161290322581,sasb_candidate_builder,abc58a50dd091e660051cf57955181c97937651ce0ac815735575745dd08952f,124,abc58a50dd091e660051cf57955181c97937651ce0ac815735575745dd08952f,"{""sasb_builder"": 124}",0,0,0,0,{},0.0,"{""common_neighbor_bin_l1"": 0.0, ""degree_product_bin_l1"": 0.0, ""is_boundary_edge_l1"": 0.0, ""is_bridge_edge_l1"": 0.0, ""is_inter_community_edge_l1"": 0.0, ""is_low_common_neighbor_edge_l1"": 0.0, ""mean_l1"": 0.0}",1,32,32,0.0,0
realworld_completed,bio_celegans,SASB-candidate,sasb,SASB-structured,20260513,1307,middle,0.5960264900662252,0.58719646799117,0.008830022075055233,47,48,1,0.6454320987654321,0.6459259259259259,367,53,367--53,2,20,2,20,40,0,0.0,0,10,10,32,"[""96"", ""53"", ""60"", ""51"", ""369"", ""373"", ""62"", ""411"", ""375"", ""445"", ""401"", ""409"", ""398"", ""440"", ""154"", ""32"", ""348"", ""82"", ""83"", ""85"", ""109"", ""343"", ""52"", ""193"", ""364"", ""220"", ""56"", ""404"", ""221"", ""232"", ""84"", ""77""]",34d8ec6cdc7e620ea6d709460b73c91a8768d9e840d9390e6a1214c3e7eb537a,"{""boundary"": 12, ""community_rep"": 6, ""degree_core"": 10, ""random_fill"": 4}","{""degree_0_1"": 1, ""degree_2"": 1, ""degree_3_4"": 2, ""degree_5_8"": 15, ""degree_9_plus"": 13}","{""0"": 2, ""1"": 2, ""11"": 2, ""12"": 2, ""13"": 1, ""14"": 3, ""16"": 2, ""17"": 2, ""2"": 2, ""3"": 2, ""4"": 1, ""5"": 1, ""6"": 4, ""7"": 1, ""8"": 4, ""9"": 1}",124,"{""backend"": ""evaluate_m19_theory_calibrated.candidate_features"", ""delta_mode"": ""none"", ""k_max"": 512, ""k_min"": 64, ""variant"": ""conservative""}",124,0.2546201232032854,0.45161290322580644,0.45161290322580644,0.11290322580645161,1.0,"{""dp_17_64"": 0.47580645161290325, ""dp_257_plus"": 0.056451612903225805, ""dp_65_256"": 0.46774193548387094}","{""cn_0"": 1.0}",0.0,105.68548387096774,sasb_candidate_builder,ab0306ef995ad3cfed62d9e771982891f5cc23c641014bc19dd8f775271a2d44,124,ab0306ef995ad3cfed62d9e771982891f5cc23c641014bc19dd8f775271a2d44,"{""sasb_builder"": 124}",0,0,0,0,{},0.0,"{""common_neighbor_bin_l1"": 0.0, ""degree_product_bin_l1"": 0.0, ""is_boundary_edge_l1"": 0.0, ""is_bridge_edge_l1"": 0.0, ""is_inter_community_edge_l1"": 0.0, ""is_low_common_neighbor_edge_l1"": 0.0, ""mean_l1"": 0.0}",1,32,32,0.0,0
realworld_completed,bio_celegans,SASB-candidate,sasb,SASB-structured,20260513,1308,middle,0.58719646799117,0.58719646799117,0.0,48,48,0,0.6459259259259259,0.6464197530864197,369,51,369--51,6,16,6,16,96,0,0.0,1,6,8,32,"[""96"", ""53"", ""60"", ""51"", ""369"", ""373"", ""62"", ""411"", ""375"", ""445"", ""401"", ""409"", ""398"", ""440"", ""154"", ""32"", ""348"", ""82"", ""83"", ""85"", ""109"", ""343"", ""52"", ""193"", ""364"", ""220"", ""56"", ""404"", ""17"", ""427"", ""236"", ""152""]",820d117655e76d022e26b7f504cc3348190b79eda03aef62d0ccc7f2aa9e75a9,"{""boundary"": 12, ""community_rep"": 6, ""degree_core"": 10, ""random_fill"": 4}","{""degree_2"": 3, ""degree_3_4"": 2, ""degree_5_8"": 14, ""degree_9_plus"": 13}","{""0"": 1, ""1"": 2, ""11"": 2, ""12"": 3, ""13"": 1, ""14"": 2, ""16"": 2, ""17"": 1, ""2"": 2, ""3"": 3, ""4"": 1, ""5"": 1, ""6"": 5, ""7"": 1, ""8"": 4, ""9"": 1}",123,"{""backend"": ""evaluate_m19_theory_calibrated.candidate_features"", ""delta_mode"": ""none"", ""k_max"": 512, ""k_min"": 64, ""variant"": ""conservative""}",123,0.2546583850931677,0.45528455284552843,0.45528455284552843,0.10569105691056911,1.0,"{""dp_17_64"": 0.4715447154471545, ""dp_257_plus"": 0.056910569105691054, ""dp_65_256"": 0.4715447154471545}","{""cn_0"": 1.0}",0.0,105.64227642276423,sasb_candidate_builder,4ac2ac05372d072e0a5fd53f11fb0155b2d2c1d405aa6028cfac2ad9776af193,123,4ac2ac05372d072e0a5fd53f11fb0155b2d2c1d405aa6028cfac2ad9776af193,"{""sasb_builder"": 123}",0,0,0,0,{},0.0,"{""common_neighbor_bin_l1"": 0.0, ""degree_product_bin_l1"": 0.0, ""is_boundary_edge_l1"": 0.0, ""is_bridge_edge_l1"": 0.0, ""is_inter_community_edge_l1"": 0.0, ""is_low_common_neighbor_edge_l1"": 0.0, ""mean_l1"": 0.0}",1,32,32,0.0,0
realworld_completed,bio_celegans,SASB-candidate,sasb,SASB-structured,20260513,1309,middle,0.58719646799117,0.58719646799117,0.0,48,48,0,0.6464197530864197,0.6469135802469136,369,53,369--53,5,19,5,19,95,0,0.0,1,6,8,32,"[""96"", ""53"", ""60"", ""51"", ""373"", ""369"", ""62"", ""411"", ""375"", ""445"", ""401"", ""409"", ""398"", ""440"", ""154"", ""32"", ""348"", ""82"", ""83"", ""85"", ""109"", ""343"", ""52"", ""193"", ""364"", ""220"", ""56"", ""404"", ""294"", ""413"", ""174"", ""271""]",9c8c81cdbdf5304701af0c8ee08ee13c2b17119c0cc4eee2e636cb144b6b1226,"{""boundary"": 12, ""community_rep"": 6, ""degree_core"": 10, ""random_fill"": 4}","{""degree_0_1"": 1, ""degree_2"": 2, ""degree_3_4"": 1, ""degree_5_8"": 15, ""degree_9_plus"": 13}","{""0"": 2, ""1"": 2, ""11"": 3, ""12"": 2, ""13"": 1, ""14"": 2, ""15"": 1, ""16"": 2, ""17"": 1, ""2"": 2, ""3"": 2, ""4"": 1, ""5"": 1, ""6"": 4, ""7"": 1, ""8"": 4, ""9"": 1}",123,"{""backend"": ""evaluate_m19_theory_calibrated.candidate_features"", ""delta_mode"": ""none"", ""k_max"": 512, ""k_min"": 64, ""variant"": ""conservative""}",123,0.2551867219917012,0.44715447154471544,0.44715447154471544,0.10569105691056911,1.0,"{""dp_17_64"": 0.4796747967479675, ""dp_257_plus"": 0.04878048780487805, ""dp_65_256"": 0.4715447154471545}","{""cn_0"": 1.0}",0.0,104.1219512195122,sasb_candidate_builder,77e8131963070c17e80563e55e0135cfe35f736624914dadcea7916ab011d955,123,77e8131963070c17e80563e55e0135cfe35f736624914dadcea7916ab011d955,"{""sasb_builder"": 123}",0,0,0,0,{},0.0,"{""common_neighbor_bin_l1"": 0.0, ""degree_product_bin_l1"": 0.0, ""is_boundary_edge_l1"": 0.0, ""is_bridge_edge_l1"": 0.0, ""is_inter_community_edge_l1"": 0.0, ""is_low_common_neighbor_edge_l1"": 0.0, ""mean_l1"": 0.0}",1,32,32,0.0,0
realworld_completed,bio_celegans,SASB-candidate,sasb,SASB-structured,20260513,1310,middle,0.58719646799117,0.5562913907284768,0.030905077262693204,48,49,1,0.6469135802469136,0.6474074074074074,369,75,369--75,4,5,4,5,20,0,0.0,1,7,14,32,"[""96"", ""60"", ""53"", ""51"", ""373"", ""62"", ""411"", ""375"", ""445"", ""401"", ""409"", ""94"", ""398"", ""440"", ""154"", ""32"", ""348"", ""82"", ""83"", ""85"", ""109"", ""343"", ""52"", ""193"", ""364"", ""220"", ""56"", ""404"", ""436"", ""278"", ""98"", ""304""]",ba655aa4388db541d8f1780a60924c3c61aecc4d15a17f5d69cfd21dd6fd1613,"{""boundary"": 12, ""community_rep"": 6, ""degree_core"": 10, ""random_fill"": 4}","{""degree_2"": 1, ""degree_3_4"": 4, ""degree_5_8"": 14, ""degree_9_plus"": 13}","{""0"": 2, ""1"": 2, ""11"": 2, ""12"": 4, ""13"": 1, ""14"": 1, ""16"": 2, ""17"": 2, ""2"": 2, ""3"": 2, ""4"": 1, ""5"": 1, ""6"": 4, ""7"": 1, ""8"": 3, ""9"": 2}",123,"{""backend"": ""evaluate_m19_theory_calibrated.candidate_features"", ""delta_mode"": ""none"", ""k_max"": 512, ""k_min"": 64, ""variant"": ""conservative""}",123,0.25571725571725573,0.43902439024390244,0.43902439024390244,0.10569105691056911,1.0,"{""dp_17_64"": 0.4878048780487805, ""dp_257_plus"": 0.04878048780487805, ""dp_65_256"": 0.4634146341463415}","{""cn_0"": 1.0}",0.0,102.67479674796748,sasb_candidate_builder,0c176bc0ca92a405c22e7b991e6d508d4e3fe4e4dec46b4f6adeb0913052bbe4,123,0c176bc0ca92a405c22e7b991e6d508d4e3fe4e4dec46b4f6adeb0913052bbe4,"{""sasb_builder"": 123}",0,0,0,0,{},0.0,"{""common_neighbor_bin_l1"": 0.0, ""degree_product_bin_l1"": 0.0, ""is_boundary_edge_l1"": 0.0, ""is_bridge_edge_l1"": 0.0, ""is_inter_community_edge_l1"": 0.0, ""is_low_common_neighbor_edge_l1"": 0.0, ""mean_l1"": 0.0}",1,32,32,0.0,0
realworld_completed,bio_celegans,SASB-candidate,sasb,SASB-structured,20260513,1311,middle,0.5562913907284768,0.5562913907284768,0.0,49,49,0,0.6474074074074074,0.6479012345679013,369,96,369--96,3,49,3,49,147,0,0.0,1,20,0,32,"[""96"", ""53"", ""60"", ""373"", ""51"", ""62"", ""411"", ""375"", ""445"", ""401"", ""409"", ""376"", ""440"", ""154"", ""32"", ""348"", ""82"", ""83"", ""85"", ""109"", ""343"", ""52"", ""364"", ""220"", ""56"", ""421"", ""353"", ""404"", ""237"", ""147"", ""310"", ""299""]",b6b46684c7a45780bc335d83ff0c00ee96e980950fa3b8dd91f8d95a0be95619,"{""boundary"": 12, ""community_rep"": 6, ""degree_core"": 10, ""random_fill"": 4}","{""degree_2"": 1, ""degree_3_4"": 4, ""degree_5_8"": 15, ""degree_9_plus"": 12}","{""0"": 1, ""1"": 4, ""10"": 1, ""11"": 3, ""12"": 1, ""16"": 2, ""17"": 2, ""19"": 1, ""2"": 3, ""20"": 1, ""3"": 2, ""4"": 1, ""5"": 1, ""6"": 3, ""7"": 1, ""8"": 2, ""9"": 3}",118,"{""backend"": ""evaluate_m19_theory_calibrated.candidate_features"", ""delta_mode"": ""none"", ""k_max"": 512, ""k_min"": 64, ""variant"": ""conservative""}",118,0.2610619469026549,0.4915254237288136,0.4915254237288136,0.11016949152542373,1.0,"{""dp_17_64"": 0.4576271186440678, ""dp_257_plus"": 0.05084745762711865, ""dp_5_16"": 0.00847457627118644, ""dp_65_256"": 0.4830508474576271}","{""cn_0"": 1.0}",0.0,104.78813559322033,sasb_candidate_builder,537701cd16c6f35e3d91489b24377beffa7b5167236fcb8426202be6cf6815e7,118,537701cd16c6f35e3d91489b24377beffa7b5167236fcb8426202be6cf6815e7,"{""sasb_builder"": 118}",0,0,0,0,{},0.0,"{""common_neighbor_bin_l1"": 0.0, ""degree_product_bin_l1"": 0.0, ""is_boundary_edge_l1"": 0.0, ""is_bridge_edge_l1"": 0.0, ""is_inter_community_edge_l1"": 0.0, ""is_low_common_neighbor_edge_l1"": 0.0, ""mean_l1"": 0.0}",1,32,32,0.0,0
realworld_completed,bio_celegans,SASB-candidate,sasb,SASB-structured,20260513,1312,middle,0.5562913907284768,0.5562913907284768,0.0,49,49,0,0.6479012345679013,0.6483950617283951,370,51,370--51,2,15,2,15,30,0,0.0,0,8,8,32,"[""96"", ""53"", ""60"", ""373"", ""51"", ""62"", ""411"", ""375"", ""445"", ""401"", ""409"", ""376"", ""440"", ""154"", ""32"", ""348"", ""82"", ""83"", ""85"", ""109"", ""343"", ""52"", ""364"", ""220"", ""56"", ""421"", ""353"", ""404"", ""397"", ""140"", ""444"", ""185""]",e2be06c1841a7da43c51676a1f2086656ee35ba2c8999e5064303e4aac9533c3,"{""boundary"": 12, ""community_rep"": 6, ""degree_core"": 10, ""random_fill"": 4}","{""degree_2"": 2, ""degree_3_4"": 5, ""degree_5_8"": 13, ""degree_9_plus"": 12}","{""0"": 2, ""1"": 2, ""10"": 2, ""11"": 4, ""12"": 1, ""16"": 2, ""17"": 2, ""19"": 1, ""2"": 2, ""20"": 1, ""3"": 2, ""4"": 1, ""5"": 1, ""6"": 3, ""7"": 2, ""8"": 1, ""9"": 3}",118,"{""backend"": ""evaluate_m19_theory_calibrated.candidate_features"", ""delta_mode"": ""none"", ""k_max"": 512, ""k_min"": 64, ""variant"": ""conservative""}",118,0.2616407982261641,0.4830508474576271,0.4830508474576271,0.11864406779661017,1.0,"{""dp_17_64"": 0.4661016949152542, ""dp_257_plus"": 0.05084745762711865, ""dp_5_16"": 0.00847457627118644, ""dp_65_256"": 0.4745762711864407}","{""cn_0"": 1.0}",0.0,102.35593220338983,sasb_candidate_builder,5990c45831cc79aa07ae7d2ebba746e030d8b5b4d1c20520cfd8e819f1751b89,118,5990c45831cc79aa07ae7d2ebba746e030d8b5b4d1c20520cfd8e819f1751b89,"{""sasb_builder"": 118}",0,0,0,0,{},0.0,"{""common_neighbor_bin_l1"": 0.0, ""degree_product_bin_l1"": 0.0, ""is_boundary_edge_l1"": 0.0, ""is_bridge_edge_l1"": 0.0, ""is_inter_community_edge_l1"": 0.0, ""is_low_common_neighbor_edge_l1"": 0.0, ""mean_l1"": 0.0}",1,32,32,0.0,0
realworld_completed,bio_celegans,SASB-candidate,sasb,SASB-structured,20260513,1313,middle,0.5562913907284768,0.5540838852097131,0.002207505518763697,49,50,1,0.6483950617283951,0.6488888888888888,370,53,370--53,1,18,1,18,18,0,0.0,0,8,8,32,"[""96"", ""53"", ""60"", ""373"", ""51"", ""62"", ""411"", ""375"", ""445"", ""401"", ""409"", ""376"", ""440"", ""154"", ""32"", ""348"", ""82"", ""83"", ""85"", ""109"", ""343"", ""52"", ""364"", ""220"", ""56"", ""421"", ""353"", ""404"", ""330"", ""288"", ""98"", ""140""]",5bd7916116fd0ab4c9a0ebd789bd6deff10aaa4acb0e95493ab13f69b09ac523,"{""boundary"": 12, ""community_rep"": 6, ""degree_core"": 10, ""random_fill"": 4}","{""degree_2"": 1, ""degree_3_4"": 6, ""degree_5_8"": 13, ""degree_9_plus"": 12}","{""0"": 2, ""1"": 2, ""10"": 1, ""11"": 4, ""12"": 1, ""16"": 2, ""17"": 2, ""19"": 1, ""2"": 3, ""20"": 1, ""3"": 2, ""4"": 1, ""5"": 1, ""6"": 3, ""7"": 2, ""8"": 1, ""9"": 3}",118,"{""backend"": ""evaluate_m19_theory_calibrated.candidate_features"", ""delta_mode"": ""none"", ""k_max"": 512, ""k_min"": 64, ""variant"": ""conservative""}",118,0.26222222222222225,0.4830508474576271,0.4830508474576271,0.1271186440677966,1.0,"{""dp_17_64"": 0.4661016949152542, ""dp_257_plus"": 0.05084745762711865, ""dp_5_16"": 0.00847457627118644, ""dp_65_256"": 0.4745762711864407}","{""cn_0"": 1.0}",0.0,101.8135593220339,sasb_candidate_builder,536ec36c19bbd09be4d2be369baba8388cf8c464762525c0c0861de3dea5ced5,118,536ec36c19bbd09be4d2be369baba8388cf8c464762525c0c0861de3dea5ced5,"{""sasb_builder"": 118}",0,0,0,0,{},0.0,"{""common_neighbor_bin_l1"": 0.0, ""degree_product_bin_l1"": 0.0, ""is_boundary_edge_l1"": 0.0, ""is_bridge_edge_l1"": 0.0, ""is_inter_community_edge_l1"": 0.0, ""is_low_common_neighbor_edge_l1"": 0.0, ""mean_l1"": 0.0}",1,32,32,0.0,0
realworld_completed,bio_celegans,SASB-candidate,sasb,SASB-structured,20260513,1314,middle,0.5540838852097131,0.5540838852097131,0.0,50,50,0,0.6488888888888888,0.6493827160493827,372,62,372--62,6,13,6,13,78,0,0.0,0,7,7,32,"[""96"", ""53"", ""60"", ""373"", ""51"", ""62"", ""411"", ""375"", ""445"", ""401"", ""409"", ""376"", ""440"", ""154"", ""32"", ""348"", ""82"", ""83"", ""85"", ""109"", ""343"", ""52"", ""364"", ""220"", ""56"", ""421"", ""353"", ""404"", ""359"", ""377"", ""63"", ""61""]",1bf115574e60b148d4d6439bceb98ba6d84cb289ccd6fbe42442604e9d29d789,"{""boundary"": 12, ""community_rep"": 6, ""degree_core"": 10, ""random_fill"": 4}","{""degree_3_4"": 6, ""degree_5_8"": 14, ""degree_9_plus"": 12}","{""0"": 2, ""1"": 2, ""10"": 1, ""11"": 3, ""12"": 2, ""16"": 3, ""17"": 2, ""19"": 1, ""2"": 2, ""20"": 1, ""3"": 2, ""4"": 1, ""5"": 1, ""6"": 4, ""7"": 1, ""8"": 1, ""9"": 3}",118,"{""backend"": ""evaluate_m19_theory_calibrated.candidate_features"", ""delta_mode"": ""none"", ""k_max"": 512, ""k_min"": 64, ""variant"": ""conservative""}",118,0.26280623608017817,0.4830508474576271,0.4830508474576271,0.11864406779661017,1.0,"{""dp_17_64"": 0.4661016949152542, ""dp_257_plus"": 0.05084745762711865, ""dp_5_16"": 0.00847457627118644, ""dp_65_256"": 0.4745762711864407}","{""cn_0"": 1.0}",0.0,101.4322033898305,sasb_candidate_builder,370e3fe84a2d7718f2637cac5258152e1c8378e561b9ebb094f66b12fdc8f427,118,370e3fe84a2d7718f2637cac5258152e1c8378e561b9ebb094f66b12fdc8f427,"{""sasb_builder"": 118}",0,0,0,0,{},0.0,"{""common_neighbor_bin_l1"": 0.0, ""degree_product_bin_l1"": 0.0, ""is_boundary_edge_l1"": 0.0, ""is_bridge_edge_l1"": 0.0, ""is_inter_community_edge_l1"": 0.0, ""is_low_common_neighbor_edge_l1"": 0.0, ""mean_l1"": 0.0}",1,32,32,0.0,0
realworld_completed,bio_celegans,SASB-candidate,sasb,SASB-structured,20260513,1315,middle,0.5540838852097131,0.5540838852097131,0.0,50,50,0,0.6493827160493827,0.6498765432098765,372,82,372--82,5,9,5,9,45,0,0.0,0,17,17,32,"[""96"", ""53"", ""60"", ""373"", ""51"", ""62"", ""411"", ""375"", ""445"", ""401"", ""409"", ""376"", ""440"", ""154"", ""32"", ""348"", ""82"", ""83"", ""85"", ""109"", ""343"", ""52"", ""364"", ""220"", ""56"", ""421"", ""353"", ""404"", ""21"", ""67"", ""29"", ""323""]",0897cd59f9301aae3327ac9f4546e5569ad9ad94123cac73e966fda0005f8518,"{""boundary"": 12, ""community_rep"": 6, ""degree_core"": 10, ""random_fill"": 4}","{""degree_2"": 3, ""degree_3_4"": 4, ""degree_5_8"": 13, ""degree_9_plus"": 12}","{""0"": 1, ""1"": 2, ""10"": 1, ""11"": 3, ""12"": 1, ""15"": 1, ""16"": 2, ""17"": 2, ""19"": 1, ""2"": 3, ""20"": 1, ""3"": 2, ""4"": 1, ""5"": 1, ""6"": 5, ""7"": 1, ""8"": 1, ""9"": 3}",117,"{""backend"": ""evaluate_m19_theory_calibrated.candidate_features"", ""delta_mode"": ""none"", ""k_max"": 512, ""k_min"": 64, ""variant"": ""conservative""}",117,0.2611607142857143,0.48717948717948717,0.48717948717948717,0.11965811965811966,1.0,"{""dp_17_64"": 0.4700854700854701, ""dp_257_plus"": 0.05128205128205128, ""dp_5_16"": 0.008547008547008548, ""dp_65_256"": 0.4700854700854701}","{""cn_0"": 1.0}",0.0,101.1880341880342,sasb_candidate_builder,912b8ec5a33144c94977eb53080d3f7ccf9834cf2346575c10b8102e9ca3298d,117,912b8ec5a33144c94977eb53080d3f7ccf9834cf2346575c10b8102e9ca3298d,"{""sasb_builder"": 117}",0,0,0,0,{},0.0,"{""common_neighbor_bin_l1"": 0.0, ""degree_product_bin_l1"": 0.0, ""is_boundary_edge_l1"": 0.0, ""is_bridge_edge_l1"": 0.0, ""is_inter_community_edge_l1"": 0.0, ""is_low_common_neighbor_edge_l1"": 0.0, ""mean_l1"": 0.0}",1,32,32,0.0,0
realworld_completed,bio_celegans,SASB-candidate,sasb,SASB-structured,20260513,1316,middle,0.5540838852097131,0.5540838852097131,0.0,50,50,0,0.6498765432098765,0.6503703703703704,372,83,372--83,4,9,4,9,36,0,0.0,1,7,6,32,"[""96"", ""53"", ""60"", ""373"", ""51"", ""62"", ""411"", ""375"", ""445"", ""401"", ""409"", ""376"", ""440"", ""154"", ""32"", ""348"", ""83"", ""85"", ""109"", ""343"", ""52"", ""82"", ""364"", ""220"", ""56"", ""421"", ""353"", ""404"", ""47"", ""423"", ""12"", ""102""]",a8ccf6882af6154021a23edd28c2cd8cff43b9d5ea9cb650529b3f851a3d42e3,"{""boundary"": 12, ""community_rep"": 6, ""degree_core"": 10, ""random_fill"": 4}","{""degree_0_1"": 1, ""degree_2"": 2, ""degree_3_4"": 4, ""degree_5_8"": 14, ""degree_9_plus"": 11}","{""0"": 1, ""1"": 2, ""10"": 2, ""11"": 4, ""12"": 1, ""14"": 1, ""16"": 2, ""17"": 2, ""19"": 1, ""2"": 2, ""20"": 1, ""3"": 2, ""4"": 1, ""5"": 1, ""6"": 4, ""7"": 1, ""8"": 1, ""9"": 3}",117,"{""backend"": ""evaluate_m19_theory_calibrated.candidate_features"", ""delta_mode"": ""none"", ""k_max"": 512, ""k_min"": 64, ""variant"": ""conservative""}",117,0.26174496644295303,0.48717948717948717,0.48717948717948717,0.11965811965811966,1.0,"{""dp_17_64"": 0.4700854700854701, ""dp_257_plus"": 0.05128205128205128, ""dp_5_16"": 0.008547008547008548, ""dp_65_256"": 0.4700854700854701}","{""cn_0"": 1.0}",0.0,100.94871794871794,sasb_candidate_builder,6eb5c9584f2e4269d3478ebad0e544c9b493f786c781240d8b9df17ab8068a99,117,6eb5c9584f2e4269d3478ebad0e544c9b493f786c781240d8b9df17ab8068a99,"{""sasb_builder"": 117}",0,0,0,0,{},0.0,"{""common_neighbor_bin_l1"": 0.0, ""degree_product_bin_l1"": 0.0, ""is_boundary_edge_l1"": 0.0, ""is_bridge_edge_l1"": 0.0, ""is_inter_community_edge_l1"": 0.0, ""is_low_common_neighbor_edge_l1"": 0.0, ""mean_l1"": 0.0}",1,32,32,0.0,0
realworld_completed,bio_celegans,SASB-candidate,sasb,SASB-structured,20260513,1317,middle,0.5540838852097131,0.5540838852097131,0.0,50,50,0,0.6503703703703704,0.6508641975308642,373,62,373--62,6,12,6,12,72,0,0.0,1,12,18,32,"[""96"", ""53"", ""60"", ""373"", ""51"", ""62"", ""411"", ""375"", ""445"", ""401"", ""409"", ""376"", ""440"", ""154"", ""32"", ""348"", ""85"", ""109"", ""343"", ""52"", ""82"", ""83"", ""364"", ""220"", ""56"", ""421"", ""353"", ""404"", ""268"", ""447"", ""187"", ""428""]",f2c65fb7508f615dc207dd0c00bdec8d8d79403417e55d69f6cadf373c98b40e,"{""boundary"": 12, ""community_rep"": 6, ""degree_core"": 10, ""random_fill"": 4}","{""degree_0_1"": 1, ""degree_2"": 2, ""degree_3_4"": 4, ""degree_5_8"": 15, ""degree_9_plus"": 10}","{""0"": 1, ""1"": 2, ""10"": 1, ""11"": 3, ""12"": 2, ""16"": 2, ""17"": 3, ""19"": 1, ""2"": 2, ""20"": 1, ""3"": 3, ""4"": 1, ""5"": 1, ""6"": 4, ""7"": 1, ""8"": 1, ""9"": 3}",117,"{""backend"": ""evaluate_m19_theory_calibrated.candidate_features"", ""delta_mode"": ""none"", ""k_max"": 512, ""k_min"": 64, ""variant"": ""conservative""}",117,0.2623318385650224,0.48717948717948717,0.48717948717948717,0.11965811965811966,1.0,"{""dp_17_64"": 0.4700854700854701, ""dp_257_plus"": 0.05128205128205128, ""dp_5_16"": 0.008547008547008548, ""dp_65_256"": 0.4700854700854701}","{""cn_0"": 1.0}",0.0,100.7948717948718,sasb_candidate_builder,a24bba79d6b34b388a0db96b8893a413bb621779ef3499fec071a2d73e2b8e66,117,a24bba79d6b34b388a0db96b8893a413bb621779ef3499fec071a2d73e2b8e66,"{""sasb_builder"": 117}",0,0,0,0,{},0.0,"{""common_neighbor_bin_l1"": 0.0, ""degree_product_bin_l1"": 0.0, ""is_boundary_edge_l1"": 0.0, ""is_bridge_edge_l1"": 0.0, ""is_inter_community_edge_l1"": 0.0, ""is_low_common_neighbor_edge_l1"": 0.0, ""mean_l1"": 0.0}",1,32,32,0.0,0
realworld_completed,bio_celegans,SASB-candidate,sasb,SASB-structured,20260513,1318,middle,0.5540838852097131,0.5540838852097131,0.0,50,50,0,0.6508641975308642,0.6513580246913581,149,435,149--435,5,6,5,6,30,1,0.25,0,0,0,32,"[""96"", ""53"", ""60"", ""373"", ""51"", ""62"", ""411"", ""375"", ""445"", ""401"", ""409"", ""376"", ""440"", ""154"", ""32"", ""348"", ""85"", ""109"", ""343"", ""52"", ""82"", ""83"", ""364"", ""220"", ""56"", ""421"", ""353"", ""404"", ""116"", ""50"", ""191"", ""27""]",35c899ff1f608c46df7178a2f5be66a5a108c68f79130f1f601adf7e9af00367,"{""boundary"": 12, ""community_rep"": 6, ""degree_core"": 10, ""random_fill"": 4}","{""degree_0_1"": 1, ""degree_2"": 2, ""degree_3_4"": 4, ""degree_5_8"": 15, ""degree_9_plus"": 10}","{""0"": 1, ""1"": 2, ""10"": 2, ""11"": 3, ""12"": 1, ""16"": 2, ""17"": 3, ""19"": 1, ""2"": 2, ""20"": 1, ""3"": 2, ""4"": 1, ""5"": 2, ""6"": 3, ""7"": 2, ""8"": 1, ""9"": 3}",117,"{""backend"": ""evaluate_m19_theory_calibrated.candidate_features"", ""delta_mode"": ""none"", ""k_max"": 512, ""k_min"": 64, ""variant"": ""conservative""}",117,0.26292134831460673,0.47863247863247865,0.47863247863247865,0.11965811965811966,1.0,"{""dp_17_64"": 0.47863247863247865, ""dp_257_plus"": 0.042735042735042736, ""dp_5_16"": 0.008547008547008548, ""dp_65_256"": 0.4700854700854701}","{""cn_0"": 0.9914529914529915, ""cn_1"": 0.008547008547008548}",0.008547008547008548,99.52991452991454,sasb_candidate_builder,4d935f3227552dc1a314c32435441fb0a9c80aab51f0c4dcd95e3c94c6e0fc2b,117,4d935f3227552dc1a314c32435441fb0a9c80aab51f0c4dcd95e3c94c6e0fc2b,"{""sasb_builder"": 117}",0,0,0,0,{},0.0,"{""common_neighbor_bin_l1"": 0.0, ""degree_product_bin_l1"": 0.0, ""is_boundary_edge_l1"": 0.0, ""is_bridge_edge_l1"": 0.0, ""is_inter_community_edge_l1"": 0.0, ""is_low_common_neighbor_edge_l1"": 0.0, ""mean_l1"": 0.0}",1,32,32,214.62639204545454,0
realworld_completed,bio_celegans,SASB-candidate,sasb,SASB-structured,20260513,1319,middle,0.5540838852097131,0.5540838852097131,0.0,50,50,0,0.6513580246913581,0.6518518518518519,154,409,154--409,9,5,5,9,45,2,0.5,0,1,1,32,"[""96"", ""53"", ""60"", ""373"", ""51"", ""62"", ""411"", ""375"", ""445"", ""401"", ""409"", ""376"", ""440"", ""154"", ""32"", ""348"", ""85"", ""109"", ""343"", ""52"", ""82"", ""83"", ""364"", ""220"", ""56"", ""421"", ""353"", ""404"", ""257"", ""412"", ""182"", ""7""]",e0d603ac3b1cfaa2d3fd996761fc390af19fa5c4a831c4107d85c71b950a9c24,"{""boundary"": 12, ""community_rep"": 6, ""degree_core"": 10, ""random_fill"": 4}","{""degree_0_1"": 1, ""degree_2"": 2, ""degree_3_4"": 4, ""degree_5_8"": 15, ""degree_9_plus"": 10}","{""0"": 1, ""1"": 2, ""10"": 1, ""11"": 3, ""12"": 1, ""16"": 2, ""17"": 2, ""19"": 1, ""2"": 3, ""20"": 1, ""3"": 2, ""4"": 1, ""5"": 2, ""6"": 4, ""7"": 1, ""8"": 1, ""9"": 4}",117,"{""backend"": ""evaluate_m19_theory_calibrated.candidate_features"", ""delta_mode"": ""none"", ""k_max"": 512, ""k_min"": 64, ""variant"": ""conservative""}",117,0.2635135135135135,0.47863247863247865,0.47863247863247865,0.11965811965811966,0.9914529914529915,"{""dp_17_64"": 0.47863247863247865, ""dp_257_plus"": 0.03418803418803419, ""dp_5_16"": 0.008547008547008548, ""dp_65_256"": 0.47863247863247865}","{""cn_0"": 0.9914529914529915, ""cn_2_3"": 0.008547008547008548}",0.017094017094017096,99.24786324786325,sasb_candidate_builder,a1ef2dfe6e9253f0e5054666b09aea2b9d4a75ab3edc842bb28077ff1e4e8fd7,117,a1ef2dfe6e9253f0e5054666b09aea2b9d4a75ab3edc842bb28077ff1e4e8fd7,"{""sasb_builder"": 117}",0,0,0,0,{},0.0,"{""common_neighbor_bin_l1"": 0.0, ""degree_product_bin_l1"": 0.0, ""is_boundary_edge_l1"": 0.0, ""is_bridge_edge_l1"": 0.0, ""is_inter_community_edge_l1"": 0.0, ""is_low_common_neighbor_edge_l1"": 0.0, ""mean_l1"": 0.0}",1,32,32,3219.859375,0
realworld_completed,bio_celegans,SASB-candidate,sasb,SASB-structured,20260513,1320,middle,0.5540838852097131,0.5540838852097131,0.0,50,50,0,0.6518518518518519,0.6523456790123456,112,154,112--154,4,8,4,8,32,1,0.3333333333333333,0,1,1,32,"[""96"", ""53"", ""60"", ""373"", ""51"", ""62"", ""411"", ""375"", ""445"", ""401"", ""376"", ""409"", ""440"", ""32"", ""348"", ""85"", ""109"", ""154"", ""343"", ""52"", ""82"", ""83"", ""364"", ""220"", ""56"", ""421"", ""353"", ""404"", ""407"", ""107"", ""437"", ""385""]",1af457531d26f9ffafc057276acc4fedd608aef691f1d1bf9045389d591dea62,"{""boundary"": 12, ""community_rep"": 6, ""degree_core"": 10, ""random_fill"": 4}","{""degree_3_4"": 8, ""degree_5_8"": 15, ""degree_9_plus"": 9}","{""0"": 1, ""1"": 2, ""10"": 1, ""11"": 4, ""12"": 1, ""16"": 2, ""17"": 2, ""19"": 1, ""2"": 2, ""20"": 1, ""3"": 3, ""4"": 1, ""5"": 1, ""6"": 3, ""7"": 1, ""8"": 2, ""9"": 4}",117,"{""backend"": ""evaluate_m19_theory_calibrated.candidate_features"", ""delta_mode"": ""none"", ""k_max"": 512, ""k_min"": 64, ""variant"": ""conservative""}",117,0.26410835214446954,0.47863247863247865,0.47863247863247865,0.11965811965811966,1.0,"{""dp_17_64"": 0.48717948717948717, ""dp_257_plus"": 0.03418803418803419, ""dp_5_16"": 0.008547008547008548, ""dp_65_256"": 0.4700854700854701}","{""cn_0"": 0.9914529914529915, ""cn_1"": 0.008547008547008548}",0.008547008547008548,98.87179487179488,sasb_candidate_builder,43c872d29c6e8333596513c8ad5ecd8bef4af8a914aa36aee28717ae4d172a0b,117,43c872d29c6e8333596513c8ad5ecd8bef4af8a914aa36aee28717ae4d172a0b,"{""sasb_builder"": 117}",0,0,0,0,{},0.0,"{""common_neighbor_bin_l1"": 0.0, ""degree_product_bin_l1"": 0.0, ""is_boundary_edge_l1"": 0.0, ""is_bridge_edge_l1"": 0.0, ""is_inter_community_edge_l1"": 0.0, ""is_low_common_neighbor_edge_l1"": 0.0, ""mean_l1"": 0.0}",1,32,32,1321.671875,0
realworld_completed,bio_celegans,SASB-candidate,sasb,SASB-structured,20260513,1321,middle,0.5540838852097131,0.5540838852097131,0.0,50,50,0,0.6523456790123456,0.6528395061728395,160,409,160--409,7,4,4,7,28,1,0.3333333333333333,1,1,9,32,"[""96"", ""60"", ""53"", ""373"", ""62"", ""51"", ""440"", ""411"", ""375"", ""445"", ""401"", ""376"", ""32"", ""348"", ""85"", ""109"", ""343"", ""52"", ""82"", ""83"", ""147"", ""154"", ""193"", ""160"", ""364"", ""220"", ""56"", ""353"", ""327"", ""377"", ""239"", ""412""]",93451db3fa485944e90942b20635aca0c1a23d9fb6c54a3f6bd599240fd88b51,"{""boundary"": 12, ""community_rep"": 6, ""degree_core"": 10, ""random_fill"": 4}","{""degree_2"": 1, ""degree_3_4"": 5, ""degree_5_8"": 17, ""degree_9_plus"": 9}","{""0"": 4, ""1"": 2, ""10"": 1, ""11"": 1, ""12"": 3, ""13"": 1, ""17"": 3, ""18"": 2, ""2"": 3, ""20"": 2, ""3"": 1, ""4"": 1, ""5"": 1, ""6"": 1, ""7"": 1, ""8"": 1, ""9"": 4}",117,"{""backend"": ""evaluate_m19_theory_calibrated.candidate_features"", ""delta_mode"": ""none"", ""k_max"": 512, ""k_min"": 64, ""variant"": ""conservative""}",117,0.2647058823529412,0.48717948717948717,0.48717948717948717,0.11965811965811966,1.0,"{""dp_17_64"": 0.47863247863247865, ""dp_257_plus"": 0.03418803418803419, ""dp_5_16"": 0.017094017094017096, ""dp_65_256"": 0.4700854700854701}","{""cn_0"": 0.9829059829059829, ""cn_1"": 0.017094017094017096}",0.017094017094017096,98.66666666666667,sasb_candidate_builder,392aeec3809445b72b95bf5146dde334998efd89b7dad354ba4e04b540362749,117,392aeec3809445b72b95bf5146dde334998efd89b7dad354ba4e04b540362749,"{""sasb_builder"": 117}",0,0,0,0,{},0.0,"{""common_neighbor_bin_l1"": 0.0, ""degree_product_bin_l1"": 0.0, ""is_boundary_edge_l1"": 0.0, ""is_bridge_edge_l1"": 0.0, ""is_inter_community_edge_l1"": 0.0, ""is_low_common_neighbor_edge_l1"": 0.0, ""mean_l1"": 0.0}",1,32,32,5882.8125,0
realworld_completed,bio_celegans,SASB-candidate,sasb,SASB-structured,20260513,1322,middle,0.5540838852097131,0.5298013245033113,0.02428256070640178,50,51,1,0.6528395061728395,0.6533333333333333,112,409,112--409,3,3,3,3,9,0,0.0,1,1,9,32,"[""96"", ""60"", ""53"", ""373"", ""62"", ""51"", ""440"", ""411"", ""375"", ""445"", ""401"", ""376"", ""32"", ""348"", ""85"", ""109"", ""343"", ""52"", ""82"", ""83"", ""147"", ""154"", ""193"", ""364"", ""220"", ""56"", ""353"", ""392"", ""206"", ""452"", ""438"", ""387""]",287f5c3fd09dd2b89e5d58ba8459866a4e343c1f29d0bff00d04e02913f1dc04,"{""boundary"": 12, ""community_rep"": 6, ""degree_core"": 10, ""random_fill"": 4}","{""degree_2"": 2, ""degree_3_4"": 4, ""degree_5_8"": 17, ""degree_9_plus"": 9}","{""0"": 3, ""1"": 1, ""10"": 1, ""11"": 1, ""12"": 3, ""13"": 2, ""14"": 1, ""15"": 1, ""17"": 2, ""18"": 2, ""2"": 3, ""20"": 1, ""3"": 1, ""4"": 1, ""5"": 1, ""6"": 1, ""7"": 1, ""8"": 3, ""9"": 3}",117,"{""backend"": ""evaluate_m19_theory_calibrated.candidate_features"", ""delta_mode"": ""none"", ""k_max"": 512, ""k_min"": 64, ""variant"": ""conservative""}",117,0.2653061224489796,0.47863247863247865,0.47863247863247865,0.13675213675213677,1.0,"{""dp_17_64"": 0.48717948717948717, ""dp_257_plus"": 0.03418803418803419, ""dp_5_16"": 0.017094017094017096, ""dp_65_256"": 0.46153846153846156}","{""cn_0"": 1.0}",0.0,98.2905982905983,sasb_candidate_builder,be5325c12eb7fd4091f55dff69c1c4152cf6167da5a706c68b8e73605a47e289,117,be5325c12eb7fd4091f55dff69c1c4152cf6167da5a706c68b8e73605a47e289,"{""sasb_builder"": 117}",0,0,0,0,{},0.0,"{""common_neighbor_bin_l1"": 0.0, ""degree_product_bin_l1"": 0.0, ""is_boundary_edge_l1"": 0.0, ""is_bridge_edge_l1"": 0.0, ""is_inter_community_edge_l1"": 0.0, ""is_low_common_neighbor_edge_l1"": 0.0, ""mean_l1"": 0.0}",1,32,32,4557.21875,0
realworld_completed,bio_celegans,SASB-candidate,sasb,SASB-structured,20260513,1323,middle,0.5298013245033113,0.5298013245033113,0.0,51,51,0,0.6533333333333333,0.6538271604938272,373,82,373--82,5,8,5,8,40,0,0.0,1,10,15,32,"[""96"", ""60"", ""53"", ""373"", ""62"", ""51"", ""440"", ""411"", ""375"", ""445"", ""401"", ""376"", ""32"", ""348"", ""85"", ""109"", ""343"", ""52"", ""82"", ""83"", ""147"", ""192"", ""193"", ""364"", ""220"", ""56"", ""353"", ""392"", ""405"", ""379"", ""209"", ""331""]",9a5b56288d79ec318d12fe86152600b476f3116e6d01a19467ecb51fcfd2c6c5,"{""boundary"": 12, ""community_rep"": 6, ""degree_core"": 10, ""random_fill"": 4}","{""degree_0_1"": 1, ""degree_2"": 1, ""degree_3_4"": 5, ""degree_5_8"": 16, ""degree_9_plus"": 9}","{""0"": 3, ""10"": 2, ""11"": 1, ""12"": 3, ""13"": 1, ""14"": 1, ""17"": 3, ""18"": 2, ""2"": 3, ""20"": 1, ""3"": 1, ""4"": 1, ""5"": 2, ""6"": 1, ""7"": 2, ""8"": 2, ""9"": 3}",113,"{""backend"": ""evaluate_m19_theory_calibrated.candidate_features"", ""delta_mode"": ""none"", ""k_max"": 512, ""k_min"": 64, ""variant"": ""conservative""}",113,0.26713947990543735,0.48672566371681414,0.48672566371681414,0.12389380530973451,1.0,"{""dp_17_64"": 0.4778761061946903, ""dp_257_plus"": 0.035398230088495575, ""dp_5_16"": 0.008849557522123894, ""dp_65_256"": 0.4778761061946903}","{""cn_0"": 1.0}",0.0,100.69026548672566,sasb_candidate_builder,3836d72f0ca96e5091ef6f0b59465b71acd388138b524ba347e2751d46d8102c,113,3836d72f0ca96e5091ef6f0b59465b71acd388138b524ba347e2751d46d8102c,"{""sasb_builder"": 113}",0,0,0,0,{},0.0,"{""common_neighbor_bin_l1"": 0.0, ""degree_product_bin_l1"": 0.0, ""is_boundary_edge_l1"": 0.0, ""is_bridge_edge_l1"": 0.0, ""is_inter_community_edge_l1"": 0.0, ""is_low_common_neighbor_edge_l1"": 0.0, ""mean_l1"": 0.0}",1,32,32,0.0,0
realworld_completed,bio_celegans,SASB-candidate,sasb,SASB-structured,20260513,1324,middle,0.5298013245033113,0.5298013245033113,0.0,51,51,0,0.6538271604938272,0.654320987654321,373,83,373--83,4,8,4,8,32,0,0.0,1,11,17,32,"[""96"", ""60"", ""53"", ""62"", ""373"", ""51"", ""440"", ""411"", ""375"", ""445"", ""401"", ""376"", ""32"", ""348"", ""85"", ""109"", ""343"", ""52"", ""83"", ""147"", ""192"", ""193"", ""364"", ""220"", ""56"", ""353"", ""392"", ""72"", ""412"", ""16"", ""294"", ""389""]",091563428d47bdf4d50d09f495ae8ed491c7b4cd0fb4034d87485adac0a2f8cd,"{""boundary"": 12, ""community_rep"": 6, ""degree_core"": 10, ""random_fill"": 4}","{""degree_0_1"": 1, ""degree_2"": 1, ""degree_3_4"": 7, ""degree_5_8"": 14, ""degree_9_plus"": 9}","{""0"": 3, ""10"": 2, ""11"": 1, ""12"": 3, ""13"": 1, ""14"": 2, ""16"": 1, ""17"": 1, ""18"": 2, ""19"": 1, ""2"": 3, ""20"": 1, ""3"": 1, ""4"": 1, ""5"": 1, ""6"": 1, ""7"": 1, ""8"": 1, ""9"": 5}",113,"{""backend"": ""evaluate_m19_theory_calibrated.candidate_features"", ""delta_mode"": ""none"", ""k_max"": 512, ""k_min"": 64, ""variant"": ""conservative""}",113,0.2677725118483412,0.4778761061946903,0.4778761061946903,0.12389380530973451,1.0,"{""dp_17_64"": 0.4778761061946903, ""dp_257_plus"": 0.035398230088495575, ""dp_5_16"": 0.008849557522123894, ""dp_65_256"": 0.4778761061946903}","{""cn_0"": 1.0}",0.0,100.0,sasb_candidate_builder,850c8750a35f8dfc897a8953d48ed378b6243764628f6d62925065c341743731,113,850c8750a35f8dfc897a8953d48ed378b6243764628f6d62925065c341743731,"{""sasb_builder"": 113}",0,0,0,0,{},0.0,"{""common_neighbor_bin_l1"": 0.0, ""degree_product_bin_l1"": 0.0, ""is_boundary_edge_l1"": 0.0, ""is_bridge_edge_l1"": 0.0, ""is_inter_community_edge_l1"": 0.0, ""is_low_common_neighbor_edge_l1"": 0.0, ""mean_l1"": 0.0}",1,32,32,0.0,0
realworld_completed,bio_celegans,SASB-candidate,sasb,SASB-structured,20260513,1325,middle,0.5298013245033113,0.5298013245033113,0.0,51,51,0,0.654320987654321,0.6548148148148148,271,375,271--375,5,6,5,6,30,1,0.25,0,18,18,32,"[""96"", ""60"", ""53"", ""62"", ""51"", ""440"", ""411"", ""375"", ""445"", ""401"", ""376"", ""425"", ""32"", ""348"", ""85"", ""109"", ""343"", ""52"", ""147"", ""192"", ""193"", ""220"", ""83"", ""364"", ""56"", ""353"", ""392"", ""72"", ""397"", ""182"", ""443"", ""427""]",16c3cf50339ec66562f74aa64736bff1611dbc75addd100234802931296a41a5,"{""boundary"": 12, ""community_rep"": 6, ""degree_core"": 10, ""random_fill"": 4}","{""degree_2"": 4, ""degree_3_4"": 5, ""degree_5_8"": 14, ""degree_9_plus"": 9}","{""0"": 4, ""10"": 2, ""11"": 2, ""12"": 2, ""13"": 1, ""14"": 1, ""16"": 1, ""17"": 1, ""18"": 2, ""2"": 4, ""20"": 1, ""3"": 1, ""4"": 2, ""5"": 1, ""6"": 1, ""7"": 2, ""8"": 1, ""9"": 3}",113,"{""backend"": ""evaluate_m19_theory_calibrated.candidate_features"", ""delta_mode"": ""none"", ""k_max"": 512, ""k_min"": 64, ""variant"": ""conservative""}",113,0.2684085510688836,0.4690265486725664,0.4690265486725664,0.12389380530973451,1.0,"{""dp_17_64"": 0.4690265486725664, ""dp_257_plus"": 0.035398230088495575, ""dp_5_16"": 0.017699115044247787, ""dp_65_256"": 0.4778761061946903}","{""cn_0"": 0.9911504424778761, ""cn_1"": 0.008849557522123894}",0.008849557522123894,99.36283185840708,sasb_candidate_builder,781540811d8df1781d3bf0d3f5e8b8d549e640a7e3764e92c478ec23b3d0cd06,113,781540811d8df1781d3bf0d3f5e8b8d549e640a7e3764e92c478ec23b3d0cd06,"{""sasb_builder"": 113}",0,0,0,0,{},0.0,"{""common_neighbor_bin_l1"": 0.0, ""degree_product_bin_l1"": 0.0, ""is_boundary_edge_l1"": 0.0, ""is_bridge_edge_l1"": 0.0, ""is_inter_community_edge_l1"": 0.0, ""is_low_common_neighbor_edge_l1"": 0.0, ""mean_l1"": 0.0}",1,32,32,1200.0,0
realworld_completed,bio_celegans,SASB-candidate,sasb,SASB-structured,20260513,1326,middle,0.5298013245033113,0.5298013245033113,0.0,51,51,0,0.6548148148148148,0.6553086419753087,373,85,373--85,3,9,3,9,27,0,0.0,1,10,17,32,"[""96"", ""60"", ""53"", ""62"", ""51"", ""440"", ""411"", ""445"", ""375"", ""401"", ""376"", ""425"", ""32"", ""348"", ""85"", ""109"", ""343"", ""52"", ""147"", ""192"", ""193"", ""220"", ""83"", ""364"", ""56"", ""353"", ""392"", ""72"", ""407"", ""50"", ""38"", ""344""]",81a412ae9737614d6108f42c2d4a738fd3accdaf1e2741a91641c2c407ec718b,"{""boundary"": 12, ""community_rep"": 6, ""degree_core"": 10, ""random_fill"": 4}","{""degree_2"": 2, ""degree_3_4"": 7, ""degree_5_8"": 14, ""degree_9_plus"": 9}","{""0"": 3, ""10"": 2, ""11"": 2, ""12"": 2, ""13"": 1, ""14"": 1, ""16"": 1, ""17"": 1, ""18"": 2, ""2"": 3, ""20"": 1, ""3"": 1, ""4"": 3, ""5"": 1, ""6"": 2, ""7"": 1, ""8"": 1, ""9"": 4}",113,"{""backend"": ""evaluate_m19_theory_calibrated.candidate_features"", ""delta_mode"": ""none"", ""k_max"": 512, ""k_min"": 64, ""variant"": ""conservative""}",113,0.26904761904761904,0.4690265486725664,0.4690265486725664,0.12389380530973451,1.0,"{""dp_17_64"": 0.4778761061946903, ""dp_257_plus"": 0.035398230088495575, ""dp_5_16"": 0.017699115044247787, ""dp_65_256"": 0.4690265486725664}","{""cn_0"": 1.0}",0.0,99.12389380530973,sasb_candidate_builder,9f5c76b23c5be653c82f5f24a9e7b4103f7441e7ac537dadd4f73637348ad481,113,9f5c76b23c5be653c82f5f24a9e7b4103f7441e7ac537dadd4f73637348ad481,"{""sasb_builder"": 113}",0,0,0,0,{},0.0,"{""common_neighbor_bin_l1"": 0.0, ""degree_product_bin_l1"": 0.0, ""is_boundary_edge_l1"": 0.0, ""is_bridge_edge_l1"": 0.0, ""is_inter_community_edge_l1"": 0.0, ""is_low_common_neighbor_edge_l1"": 0.0, ""mean_l1"": 0.0}",1,32,32,0.0,0
realworld_completed,bio_celegans,SASB-candidate,sasb,SASB-structured,20260513,1327,middle,0.5298013245033113,0.5298013245033113,0.0,51,51,0,0.6553086419753087,0.6558024691358024,192,433,192--433,7,6,6,7,42,2,0.4,0,0,0,32,"[""96"", ""60"", ""53"", ""62"", ""51"", ""440"", ""411"", ""445"", ""375"", ""401"", ""376"", ""425"", ""32"", ""348"", ""109"", ""343"", ""52"", ""85"", ""147"", ""192"", ""193"", ""220"", ""83"", ""364"", ""56"", ""353"", ""392"", ""72"", ""325"", ""63"", ""366"", ""317""]",71b62dc5f37a3b8fafaab6c1d36ec45991254b0b90e7839ebccddf863f43d825,"{""boundary"": 12, ""community_rep"": 6, ""degree_core"": 10, ""random_fill"": 4}","{""degree_2"": 1, ""degree_3_4"": 8, ""degree_5_8"": 15, ""degree_9_plus"": 8}","{""0"": 4, ""10"": 4, ""11"": 1, ""12"": 2, ""13"": 1, ""14"": 1, ""16"": 1, ""17"": 1, ""18"": 2, ""2"": 3, ""20"": 1, ""3"": 1, ""4"": 3, ""5"": 1, ""6"": 1, ""7"": 1, ""8"": 1, ""9"": 3}",113,"{""backend"": ""evaluate_m19_theory_calibrated.candidate_features"", ""delta_mode"": ""none"", ""k_max"": 512, ""k_min"": 64, ""variant"": ""conservative""}",113,0.26968973747016706,0.46017699115044247,0.46017699115044247,0.13274336283185842,0.9911504424778761,"{""dp_17_64"": 0.48672566371681414, ""dp_257_plus"": 0.035398230088495575, ""dp_5_16"": 0.008849557522123894, ""dp_65_256"": 0.4690265486725664}","{""cn_0"": 0.9911504424778761, ""cn_2_3"": 0.008849557522123894}",0.017699115044247787,98.90265486725664,sasb_candidate_builder,c4c1401f6ef11cd29a74fdbc3e7fe142d0dd3ac03c17312b9da322e19e5c9e60,113,c4c1401f6ef11cd29a74fdbc3e7fe142d0dd3ac03c17312b9da322e19e5c9e60,"{""sasb_builder"": 113}",0,0,0,0,{},0.0,"{""common_neighbor_bin_l1"": 0.0, ""degree_product_bin_l1"": 0.0, ""is_boundary_edge_l1"": 0.0, ""is_bridge_edge_l1"": 0.0, ""is_inter_community_edge_l1"": 0.0, ""is_low_common_neighbor_edge_l1"": 0.0, ""mean_l1"": 0.0}",1,32,32,582.199300699301,0
realworld_completed,bio_celegans,SASB-candidate,sasb,SASB-structured,20260513,1328,middle,0.5298013245033113,0.5298013245033113,0.0,51,51,0,0.6558024691358024,0.6562962962962963,193,433,193--433,7,5,5,7,35,1,0.25,0,0,0,32,"[""96"", ""60"", ""53"", ""62"", ""51"", ""440"", ""411"", ""445"", ""375"", ""401"", ""376"", ""425"", ""32"", ""348"", ""109"", ""343"", ""52"", ""85"", ""147"", ""193"", ""220"", ""382"", ""83"", ""364"", ""56"", ""353"", ""392"", ""72"", ""270"", ""28"", ""249"", ""408""]",8e810708e49cd71af47166d966a21f9c41ba221b0940a9086de2408688f4889c,"{""boundary"": 12, ""community_rep"": 6, ""degree_core"": 10, ""random_fill"": 4}","{""degree_2"": 1, ""degree_3_4"": 8, ""degree_5_8"": 15, ""degree_9_plus"": 8}","{""0"": 5, ""10"": 1, ""11"": 1, ""12"": 2, ""13"": 1, ""14"": 1, ""16"": 1, ""17"": 1, ""18"": 2, ""2"": 4, ""20"": 1, ""3"": 1, ""4"": 2, ""5"": 1, ""6"": 2, ""7"": 1, ""8"": 1, ""9"": 4}",113,"{""backend"": ""evaluate_m19_theory_calibrated.candidate_features"", ""delta_mode"": ""none"", ""k_max"": 512, ""k_min"": 64, ""variant"": ""conservative""}",113,0.2703349282296651,0.46017699115044247,0.46017699115044247,0.13274336283185842,1.0,"{""dp_17_64"": 0.48672566371681414, ""dp_257_plus"": 0.02654867256637168, ""dp_5_16"": 0.008849557522123894, ""dp_65_256"": 0.4778761061946903}","{""cn_0"": 0.9911504424778761, ""cn_1"": 0.008849557522123894}",0.008849557522123894,98.41592920353982,sasb_candidate_builder,89ca8a8aa6bded308f634c46c20ba7645ff3ae2204fd320804a459f9619a4e0c,113,89ca8a8aa6bded308f634c46c20ba7645ff3ae2204fd320804a459f9619a4e0c,"{""sasb_builder"": 113}",0,0,0,0,{},0.0,"{""common_neighbor_bin_l1"": 0.0, ""degree_product_bin_l1"": 0.0, ""is_boundary_edge_l1"": 0.0, ""is_bridge_edge_l1"": 0.0, ""is_inter_community_edge_l1"": 0.0, ""is_low_common_neighbor_edge_l1"": 0.0, ""mean_l1"": 0.0}",1,32,32,538.136363636364,0
realworld_completed,bio_celegans,SASB-candidate,sasb,SASB-structured,20260513,1329,middle,0.5298013245033113,0.5298013245033113,0.0,51,51,0,0.6562962962962963,0.6567901234567901,373,96,373--96,2,48,2,48,96,0,0.0,1,11,0,32,"[""96"", ""60"", ""53"", ""62"", ""51"", ""440"", ""411"", ""445"", ""375"", ""401"", ""376"", ""425"", ""32"", ""348"", ""109"", ""343"", ""52"", ""85"", ""147"", ""220"", ""382"", ""82"", ""83"", ""193"", ""364"", ""56"", ""353"", ""392"", ""406"", ""94"", ""377"", ""63""]",2e7c99919bfc7be8074f68735b22d6ce6d23555bbb82f599bae72bdac61ba2bd,"{""boundary"": 12, ""community_rep"": 6, ""degree_core"": 10, ""random_fill"": 4}","{""degree_3_4"": 7, ""degree_5_8"": 17, ""degree_9_plus"": 8}","{""0"": 5, ""10"": 2, ""11"": 1, ""12"": 3, ""13"": 1, ""14"": 1, ""17"": 2, ""18"": 2, ""2"": 3, ""20"": 1, ""3"": 1, ""4"": 2, ""5"": 1, ""6"": 1, ""7"": 1, ""8"": 1, ""9"": 4}",112,"{""backend"": ""evaluate_m19_theory_calibrated.candidate_features"", ""delta_mode"": ""none"", ""k_max"": 512, ""k_min"": 64, ""variant"": ""conservative""}",112,0.2685851318944844,0.4642857142857143,0.4642857142857143,0.13392857142857142,1.0,"{""dp_17_64"": 0.48214285714285715, ""dp_257_plus"": 0.026785714285714284, ""dp_5_16"": 0.008928571428571428, ""dp_65_256"": 0.48214285714285715}","{""cn_0"": 1.0}",0.0,98.55357142857143,sasb_candidate_builder,75b9ade4256906f4a810687459f88d69b469d090d23d6c05f780327ca7fd3204,112,75b9ade4256906f4a810687459f88d69b469d090d23d6c05f780327ca7fd3204,"{""sasb_builder"": 112}",0,0,0,0,{},0.0,"{""common_neighbor_bin_l1"": 0.0, ""degree_product_bin_l1"": 0.0, ""is_boundary_edge_l1"": 0.0, ""is_bridge_edge_l1"": 0.0, ""is_inter_community_edge_l1"": 0.0, ""is_low_common_neighbor_edge_l1"": 0.0, ""mean_l1"": 0.0}",1,32,32,0.0,0
realworld_completed,bio_celegans,SASB-candidate,sasb,SASB-structured,20260513,1330,middle,0.5298013245033113,0.5298013245033113,0.0,51,51,0,0.6567901234567901,0.657283950617284,220,425,220--425,7,4,4,7,28,1,0.3333333333333333,0,3,3,32,"[""96"", ""60"", ""53"", ""62"", ""51"", ""440"", ""411"", ""445"", ""375"", ""401"", ""376"", ""425"", ""32"", ""348"", ""109"", ""343"", ""52"", ""85"", ""147"", ""220"", ""382"", ""82"", ""83"", ""193"", ""364"", ""56"", ""353"", ""392"", ""301"", ""92"", ""6"", ""319""]",2873d980da536714a40a1aa0b1f168fdeba9131533516c0de86cf9bbf3595ed5,"{""boundary"": 12, ""community_rep"": 6, ""degree_core"": 10, ""random_fill"": 4}","{""degree_0_1"": 2, ""degree_3_4"": 5, ""degree_5_8"": 17, ""degree_9_plus"": 8}","{""0"": 5, ""10"": 1, ""11"": 1, ""12"": 2, ""13"": 1, ""14"": 1, ""17"": 2, ""18"": 3, ""2"": 3, ""20"": 1, ""3"": 1, ""4"": 2, ""5"": 1, ""6"": 2, ""7"": 1, ""8"": 2, ""9"": 3}",112,"{""backend"": ""evaluate_m19_theory_calibrated.candidate_features"", ""delta_mode"": ""none"", ""k_max"": 512, ""k_min"": 64, ""variant"": ""conservative""}",112,0.2692307692307692,0.45535714285714285,0.45535714285714285,0.13392857142857142,1.0,"{""dp_17_64"": 0.49107142857142855, ""dp_257_plus"": 0.026785714285714284, ""dp_5_16"": 0.008928571428571428, ""dp_65_256"": 0.4732142857142857}","{""cn_0"": 0.9910714285714286, ""cn_1"": 0.008928571428571428}",0.008928571428571428,96.45535714285714,sasb_candidate_builder,b13d0fe2057ee3aaa39868412222e9460f39c63053d47f3e183a10c15ebeada8,112,b13d0fe2057ee3aaa39868412222e9460f39c63053d47f3e183a10c15ebeada8,"{""sasb_builder"": 112}",0,0,0,0,{},0.0,"{""common_neighbor_bin_l1"": 0.0, ""degree_product_bin_l1"": 0.0, ""is_boundary_edge_l1"": 0.0, ""is_bridge_edge_l1"": 0.0, ""is_inter_community_edge_l1"": 0.0, ""is_low_common_neighbor_edge_l1"": 0.0, ""mean_l1"": 0.0}",1,32,32,3026.25,0
realworld_completed,bio_celegans,SASB-candidate,sasb,SASB-structured,20260513,1331,middle,0.5298013245033113,0.5298013245033113,0.0,51,51,0,0.657283950617284,0.6577777777777778,348,445,348--445,9,6,6,9,54,3,0.6,0,14,14,32,"[""96"", ""53"", ""60"", ""62"", ""51"", ""411"", ""445"", ""375"", ""401"", ""376"", ""436"", ""425"", ""440"", ""32"", ""348"", ""109"", ""343"", ""52"", ""85"", ""147"", ""382"", ""82"", ""83"", ""193"", ""364"", ""220"", ""56"", ""353"", ""427"", ""174"", ""126"", ""407""]",a20f48dff9b43008f442e25855ca01ed534eac8cc8bf8678c3d4ee589c247f07,"{""boundary"": 12, ""community_rep"": 6, ""degree_core"": 10, ""random_fill"": 4}","{""degree_2"": 3, ""degree_3_4"": 5, ""degree_5_8"": 16, ""degree_9_plus"": 8}","{""0"": 1, ""1"": 3, ""10"": 2, ""11"": 1, ""14"": 3, ""15"": 1, ""16"": 2, ""17"": 2, ""2"": 3, ""3"": 2, ""4"": 1, ""5"": 2, ""6"": 2, ""7"": 4, ""8"": 2, ""9"": 1}",112,"{""backend"": ""evaluate_m19_theory_calibrated.candidate_features"", ""delta_mode"": ""none"", ""k_max"": 512, ""k_min"": 64, ""variant"": ""conservative""}",112,0.26987951807228916,0.44642857142857145,0.44642857142857145,0.13392857142857142,0.9910714285714286,"{""dp_17_64"": 0.49107142857142855, ""dp_257_plus"": 0.026785714285714284, ""dp_5_16"": 0.008928571428571428, ""dp_65_256"": 0.4732142857142857}","{""cn_0"": 0.9910714285714286, ""cn_2_3"": 0.008928571428571428}",0.026785714285714284,96.16964285714286,sasb_candidate_builder,ca7936a88bbb71c61e69f6a2c3ab02fe5f1bdddc9c35d8028c272fd0c1129c41,112,ca7936a88bbb71c61e69f6a2c3ab02fe5f1bdddc9c35d8028c272fd0c1129c41,"{""sasb_builder"": 112}",0,0,0,0,{},0.0,"{""common_neighbor_bin_l1"": 0.0, ""degree_product_bin_l1"": 0.0, ""is_boundary_edge_l1"": 0.0, ""is_bridge_edge_l1"": 0.0, ""is_inter_community_edge_l1"": 0.0, ""is_low_common_neighbor_edge_l1"": 0.0, ""mean_l1"": 0.0}",1,32,32,693.5288682679549,0
realworld_completed,bio_celegans,SASB-candidate,sasb,SASB-structured,20260513,1332,middle,0.5298013245033113,0.5298013245033113,0.0,51,51,0,0.6577777777777778,0.6582716049382716,32,411,32--411,9,7,7,9,63,4,0.6666666666666666,0,1,1,32,"[""96"", ""53"", ""60"", ""62"", ""51"", ""411"", ""375"", ""401"", ""445"", ""376"", ""436"", ""425"", ""440"", ""32"", ""109"", ""343"", ""348"", ""52"", ""85"", ""147"", ""382"", ""82"", ""83"", ""193"", ""364"", ""220"", ""56"", ""353"", ""344"", ""389"", ""92"", ""305""]",15a984fcc1279412b5ff51875312427eae9858e0dce049ff329d964e963a3e68,"{""boundary"": 12, ""community_rep"": 6, ""degree_core"": 10, ""random_fill"": 4}","{""degree_0_1"": 1, ""degree_3_4"": 6, ""degree_5_8"": 18, ""degree_9_plus"": 7}","{""0"": 2, ""1"": 3, ""10"": 2, ""11"": 1, ""14"": 3, ""15"": 1, ""16"": 3, ""17"": 1, ""2"": 2, ""3"": 3, ""4"": 1, ""5"": 3, ""6"": 1, ""7"": 3, ""8"": 2, ""9"": 1}",112,"{""backend"": ""evaluate_m19_theory_calibrated.candidate_features"", ""delta_mode"": ""none"", ""k_max"": 512, ""k_min"": 64, ""variant"": ""conservative""}",112,0.27053140096618356,0.44642857142857145,0.44642857142857145,0.13392857142857142,0.9910714285714286,"{""dp_17_64"": 0.49107142857142855, ""dp_257_plus"": 0.026785714285714284, ""dp_5_16"": 0.008928571428571428, ""dp_65_256"": 0.4732142857142857}","{""cn_0"": 0.9910714285714286, ""cn_4_8"": 0.008928571428571428}",0.03571428571428571,95.97321428571429,sasb_candidate_builder,bd81ae1d74365ab35575961955d52f50cdad4d99a4b010e251e7066209950afe,112,bd81ae1d74365ab35575961955d52f50cdad4d99a4b010e251e7066209950afe,"{""sasb_builder"": 112}",0,0,0,0,{},0.0,"{""common_neighbor_bin_l1"": 0.0, ""degree_product_bin_l1"": 0.0, ""is_boundary_edge_l1"": 0.0, ""is_bridge_edge_l1"": 0.0, ""is_inter_community_edge_l1"": 0.0, ""is_low_common_neighbor_edge_l1"": 0.0, ""mean_l1"": 0.0}",1,32,32,5625.0,0
realworld_completed,bio_celegans,SASB-candidate,sasb,SASB-structured,20260513,1333,middle,0.5298013245033113,0.5298013245033113,0.0,51,51,0,0.6582716049382716,0.6587654320987655,28,32,28--32,4,8,4,8,32,1,0.3333333333333333,0,1,1,32,"[""96"", ""53"", ""60"", ""62"", ""51"", ""411"", ""375"", ""401"", ""445"", ""376"", ""436"", ""425"", ""440"", ""109"", ""32"", ""343"", ""348"", ""52"", ""85"", ""147"", ""382"", ""82"", ""83"", ""193"", ""364"", ""220"", ""56"", ""353"", ""325"", ""2"", ""397"", ""242""]",616c339d8cc8e2dcc1ace0023bf3a217c338c714470e7b2937b71cefca264b3e,"{""boundary"": 12, ""community_rep"": 6, ""degree_core"": 10, ""random_fill"": 4}","{""degree_2"": 2, ""degree_3_4"": 6, ""degree_5_8"": 18, ""degree_9_plus"": 6}","{""0"": 2, ""1"": 3, ""10"": 2, ""11"": 1, ""14"": 3, ""15"": 2, ""16"": 2, ""17"": 1, ""2"": 2, ""3"": 4, ""4"": 1, ""5"": 2, ""6"": 1, ""7"": 3, ""8"": 2, ""9"": 1}",112,"{""backend"": ""evaluate_m19_theory_calibrated.candidate_features"", ""delta_mode"": ""none"", ""k_max"": 512, ""k_min"": 64, ""variant"": ""conservative""}",112,0.2711864406779661,0.44642857142857145,0.44642857142857145,0.13392857142857142,1.0,"{""dp_17_64"": 0.49107142857142855, ""dp_257_plus"": 0.026785714285714284, ""dp_5_16"": 0.008928571428571428, ""dp_65_256"": 0.4732142857142857}","{""cn_0"": 0.9910714285714286, ""cn_1"": 0.008928571428571428}",0.008928571428571428,95.41964285714286,sasb_candidate_builder,323febe87eca69e9b69afb1e31e31afe3f79f0e23a131d782da74afbc7e654fb,112,323febe87eca69e9b69afb1e31e31afe3f79f0e23a131d782da74afbc7e654fb,"{""sasb_builder"": 112}",0,0,0,0,{},0.0,"{""common_neighbor_bin_l1"": 0.0, ""degree_product_bin_l1"": 0.0, ""is_boundary_edge_l1"": 0.0, ""is_bridge_edge_l1"": 0.0, ""is_inter_community_edge_l1"": 0.0, ""is_low_common_neighbor_edge_l1"": 0.0, ""mean_l1"": 0.0}",1,32,32,1436.25,0
realworld_completed,bio_celegans,SASB-candidate,sasb,SASB-structured,20260513,1334,middle,0.5298013245033113,0.5298013245033113,0.0,51,51,0,0.6587654320987655,0.6592592592592592,32,37,32--37,7,3,3,7,21,0,0.0,1,1,8,32,"[""96"", ""53"", ""60"", ""62"", ""51"", ""411"", ""375"", ""401"", ""445"", ""376"", ""436"", ""425"", ""440"", ""109"", ""343"", ""348"", ""52"", ""85"", ""147"", ""32"", ""382"", ""82"", ""83"", ""193"", ""364"", ""220"", ""56"", ""353"", ""412"", ""443"", ""402"", ""174""]",0b0b37853071f245baec736eb7f675988f2a2aa59e79500ae7bd973cae6cd306,"{""boundary"": 12, ""community_rep"": 6, ""degree_core"": 10, ""random_fill"": 4}","{""degree_2"": 2, ""degree_3_4"": 6, ""degree_5_8"": 18, ""degree_9_plus"": 6}","{""0"": 1, ""1"": 3, ""10"": 2, ""11"": 1, ""14"": 3, ""15"": 1, ""16"": 2, ""17"": 2, ""2"": 2, ""3"": 2, ""4"": 1, ""5"": 2, ""6"": 1, ""7"": 5, ""8"": 2, ""9"": 2}",112,"{""backend"": ""evaluate_m19_theory_calibrated.candidate_features"", ""delta_mode"": ""none"", ""k_max"": 512, ""k_min"": 64, ""variant"": ""conservative""}",112,0.27184466019417475,0.44642857142857145,0.44642857142857145,0.13392857142857142,1.0,"{""dp_17_64"": 0.49107142857142855, ""dp_257_plus"": 0.026785714285714284, ""dp_5_16"": 0.008928571428571428, ""dp_65_256"": 0.4732142857142857}","{""cn_0"": 1.0}",0.0,95.32142857142857,sasb_candidate_builder,3e8489c0497acd3f6b05d5765cd037e59cd14f3c148882388de5d27f6bf3a8c1,112,3e8489c0497acd3f6b05d5765cd037e59cd14f3c148882388de5d27f6bf3a8c1,"{""sasb_builder"": 112}",0,0,0,0,{},0.0,"{""common_neighbor_bin_l1"": 0.0, ""degree_product_bin_l1"": 0.0, ""is_boundary_edge_l1"": 0.0, ""is_bridge_edge_l1"": 0.0, ""is_inter_community_edge_l1"": 0.0, ""is_low_common_neighbor_edge_l1"": 0.0, ""mean_l1"": 0.0}",1,32,32,1920.000000000001,0
realworld_completed,bio_celegans,SASB-candidate,sasb,SASB-structured,20260513,1335,middle,0.5298013245033113,0.5298013245033113,0.0,51,51,0,0.6592592592592592,0.659753086419753,226,94,226--94,5,5,5,5,25,1,0.25,0,10,10,32,"[""96"", ""53"", ""60"", ""62"", ""51"", ""411"", ""375"", ""401"", ""445"", ""376"", ""436"", ""425"", ""440"", ""109"", ""343"", ""348"", ""52"", ""85"", ""147"", ""382"", ""82"", ""83"", ""193"", ""364"", ""220"", ""56"", ""353"", ""392"", ""74"", ""435"", ""421"", ""434""]",cee554f7e0778a712b72e0b170557e6e176a7ccebe37582e987fdb19ccc1de90,"{""boundary"": 12, ""community_rep"": 6, ""degree_core"": 10, ""random_fill"": 4}","{""degree_3_4"": 6, ""degree_5_8"": 20, ""degree_9_plus"": 6}","{""0"": 2, ""1"": 2, ""10"": 2, ""11"": 1, ""12"": 1, ""14"": 3, ""15"": 1, ""16"": 2, ""17"": 1, ""2"": 2, ""3"": 2, ""4"": 2, ""5"": 2, ""6"": 1, ""7"": 3, ""8"": 4, ""9"": 1}",112,"{""backend"": ""evaluate_m19_theory_calibrated.candidate_features"", ""delta_mode"": ""none"", ""k_max"": 512, ""k_min"": 64, ""variant"": ""conservative""}",112,0.2725060827250608,0.44642857142857145,0.44642857142857145,0.13392857142857142,1.0,"{""dp_17_64"": 0.49107142857142855, ""dp_257_plus"": 0.026785714285714284, ""dp_5_16"": 0.008928571428571428, ""dp_65_256"": 0.4732142857142857}","{""cn_0"": 1.0}",0.0,95.35714285714286,sasb_candidate_builder,a7732517d1751133764b234245bd09775d4a9da0340e35e0da68501dc76ac8b3,112,a7732517d1751133764b234245bd09775d4a9da0340e35e0da68501dc76ac8b3,"{""sasb_builder"": 112}",0,0,0,0,{},0.0,"{""common_neighbor_bin_l1"": 0.0, ""degree_product_bin_l1"": 0.0, ""is_boundary_edge_l1"": 0.0, ""is_bridge_edge_l1"": 0.0, ""is_inter_community_edge_l1"": 0.0, ""is_low_common_neighbor_edge_l1"": 0.0, ""mean_l1"": 0.0}",1,32,32,0.0,0
realworld_completed,bio_celegans,SASB-candidate,sasb,SASB-structured,20260513,1336,middle,0.5298013245033113,0.5298013245033113,0.0,51,51,0,0.659753086419753,0.6602469135802469,94,98,94--98,4,4,4,4,16,0,0.0,1,17,10,32,"[""96"", ""53"", ""60"", ""62"", ""51"", ""411"", ""375"", ""401"", ""445"", ""376"", ""436"", ""425"", ""440"", ""109"", ""343"", ""348"", ""52"", ""85"", ""147"", ""382"", ""82"", ""83"", ""193"", ""364"", ""220"", ""56"", ""353"", ""392"", ""207"", ""423"", ""236"", ""225""]",5bd560f36b24cc592e00fcfa894d4dd8f24225d8daab660fa91f5ced4d4f6258,"{""boundary"": 12, ""community_rep"": 6, ""degree_core"": 10, ""random_fill"": 4}","{""degree_3_4"": 9, ""degree_5_8"": 17, ""degree_9_plus"": 6}","{""0"": 1, ""1"": 2, ""10"": 4, ""11"": 1, ""12"": 1, ""14"": 4, ""15"": 1, ""16"": 2, ""17"": 1, ""2"": 2, ""3"": 2, ""4"": 1, ""5"": 3, ""6"": 1, ""7"": 3, ""8"": 2, ""9"": 1}",111,"{""backend"": ""evaluate_m19_theory_calibrated.candidate_features"", ""delta_mode"": ""none"", ""k_max"": 512, ""k_min"": 64, ""variant"": ""conservative""}",111,0.2707317073170732,0.45045045045045046,0.45045045045045046,0.13513513513513514,1.0,"{""dp_17_64"": 0.4774774774774775, ""dp_257_plus"": 0.02702702702702703, ""dp_5_16"": 0.018018018018018018, ""dp_65_256"": 0.4774774774774775}","{""cn_0"": 1.0}",0.0,95.83783783783784,sasb_candidate_builder,c7bc447cc3893097d0404c72d43749e68dfb209ff40f59cce6ba4749b9eaa852,111,c7bc447cc3893097d0404c72d43749e68dfb209ff40f59cce6ba4749b9eaa852,"{""sasb_builder"": 111}",0,0,0,0,{},0.0,"{""common_neighbor_bin_l1"": 0.0, ""degree_product_bin_l1"": 0.0, ""is_boundary_edge_l1"": 0.0, ""is_bridge_edge_l1"": 0.0, ""is_inter_community_edge_l1"": 0.0, ""is_low_common_neighbor_edge_l1"": 0.0, ""mean_l1"": 0.0}",1,32,32,1419.1751135861043,0
realworld_completed,bio_celegans,SASB-candidate,sasb,SASB-structured,20260513,1337,middle,0.5298013245033113,0.5298013245033113,0.0,51,51,0,0.6602469135802469,0.6607407407407407,374,96,374--96,3,47,3,47,141,1,0.5,1,2,0,32,"[""96"", ""53"", ""60"", ""62"", ""51"", ""411"", ""375"", ""401"", ""445"", ""376"", ""436"", ""425"", ""440"", ""109"", ""343"", ""348"", ""52"", ""85"", ""147"", ""382"", ""82"", ""83"", ""193"", ""364"", ""220"", ""56"", ""353"", ""392"", ""45"", ""432"", ""211"", ""373""]",65afa5e5d40c50dc0748b58707fc9e1648048a1015641f8eb0fed07acdb1a8b3,"{""boundary"": 12, ""community_rep"": 6, ""degree_core"": 10, ""random_fill"": 4}","{""degree_0_1"": 3, ""degree_3_4"": 5, ""degree_5_8"": 18, ""degree_9_plus"": 6}","{""0"": 1, ""1"": 2, ""10"": 3, ""11"": 1, ""12"": 1, ""13"": 1, ""14"": 3, ""15"": 1, ""16"": 2, ""17"": 1, ""2"": 2, ""3"": 2, ""4"": 1, ""5"": 2, ""6"": 2, ""7"": 3, ""8"": 3, ""9"": 1}",111,"{""backend"": ""evaluate_m19_theory_calibrated.candidate_features"", ""delta_mode"": ""none"", ""k_max"": 512, ""k_min"": 64, ""variant"": ""conservative""}",111,0.2713936430317848,0.45045045045045046,0.45045045045045046,0.15315315315315314,1.0,"{""dp_17_64"": 0.4774774774774775, ""dp_257_plus"": 0.02702702702702703, ""dp_5_16"": 0.018018018018018018, ""dp_65_256"": 0.4774774774774775}","{""cn_0"": 1.0}",0.0,95.90090090090091,sasb_candidate_builder,22a2f8062d1e0f370a2a5a9bf3ec49166a02065dbd9ca0bb678634a6e5f63b5b,111,22a2f8062d1e0f370a2a5a9bf3ec49166a02065dbd9ca0bb678634a6e5f63b5b,"{""sasb_builder"": 111}",0,0,0,0,{},0.0,"{""common_neighbor_bin_l1"": 0.0, ""degree_product_bin_l1"": 0.0, ""is_boundary_edge_l1"": 0.0, ""is_bridge_edge_l1"": 0.0, ""is_inter_community_edge_l1"": 0.0, ""is_low_common_neighbor_edge_l1"": 0.0, ""mean_l1"": 0.0}",1,32,32,0.0,0
realworld_completed,bio_celegans,SASB-candidate,sasb,SASB-structured,20260513,1338,middle,0.5298013245033113,0.5298013245033113,0.0,51,51,0,0.6607407407407407,0.6612345679012346,316,343,316--343,3,8,3,8,24,1,0.5,0,6,6,32,"[""96"", ""53"", ""60"", ""62"", ""51"", ""411"", ""375"", ""401"", ""445"", ""376"", ""436"", ""425"", ""440"", ""109"", ""343"", ""348"", ""52"", ""85"", ""147"", ""382"", ""82"", ""83"", ""193"", ""364"", ""220"", ""56"", ""353"", ""392"", ""371"", ""222"", ""206"", ""397""]",ef4c10b6b1d3e1ac1ae4e857e58cc9a938d80ea00770ecf70ce237d35a78199e,"{""boundary"": 12, ""community_rep"": 6, ""degree_core"": 10, ""random_fill"": 4}","{""degree_2"": 1, ""degree_3_4"": 7, ""degree_5_8"": 18, ""degree_9_plus"": 6}","{""0"": 2, ""1"": 2, ""10"": 2, ""11"": 2, ""12"": 1, ""14"": 3, ""15"": 2, ""16"": 2, ""17"": 1, ""2"": 3, ""3"": 2, ""4"": 1, ""5"": 2, ""6"": 1, ""7"": 3, ""8"": 2, ""9"": 1}",111,"{""backend"": ""evaluate_m19_theory_calibrated.candidate_features"", ""delta_mode"": ""none"", ""k_max"": 512, ""k_min"": 64, ""variant"": ""conservative""}",111,0.27205882352941174,0.44144144144144143,0.44144144144144143,0.15315315315315314,1.0,"{""dp_17_64"": 0.4864864864864865, ""dp_257_plus"": 0.02702702702702703, ""dp_5_16"": 0.018018018018018018, ""dp_65_256"": 0.46846846846846846}","{""cn_0"": 0.990990990990991, ""cn_1"": 0.009009009009009009}",0.009009009009009009,93.37837837837837,sasb_candidate_builder,5c82d126c22bab340f22bb93b5dd338eef1908f1de30b04109b6c4360a4bf686,111,5c82d126c22bab340f22bb93b5dd338eef1908f1de30b04109b6c4360a4bf686,"{""sasb_builder"": 111}",0,0,0,0,{},0.0,"{""common_neighbor_bin_l1"": 0.0, ""degree_product_bin_l1"": 0.0, ""is_boundary_edge_l1"": 0.0, ""is_bridge_edge_l1"": 0.0, ""is_inter_community_edge_l1"": 0.0, ""is_low_common_neighbor_edge_l1"": 0.0, ""mean_l1"": 0.0}",1,32,32,1359.9999999999998,0
realworld_completed,bio_celegans,SASB-candidate,sasb,SASB-structured,20260513,1339,middle,0.5298013245033113,0.5298013245033113,0.0,51,51,0,0.6612345679012346,0.6617283950617284,348,378,348--378,8,6,6,8,48,3,0.6,0,16,16,32,"[""96"", ""53"", ""60"", ""62"", ""51"", ""411"", ""375"", ""401"", ""445"", ""376"", ""436"", ""425"", ""440"", ""109"", ""348"", ""52"", ""85"", ""147"", ""343"", ""382"", ""82"", ""83"", ""193"", ""364"", ""220"", ""56"", ""353"", ""392"", ""136"", ""74"", ""272"", ""31""]",668fa825021d48b958bb0255439a6ec2ac63bad345f95c651dd784e1ad3921c6,"{""boundary"": 12, ""community_rep"": 6, ""degree_core"": 10, ""random_fill"": 4}","{""degree_0_1"": 1, ""degree_3_4"": 7, ""degree_5_8"": 18, ""degree_9_plus"": 6}","{""0"": 1, ""1"": 4, ""10"": 2, ""11"": 1, ""12"": 1, ""14"": 3, ""15"": 1, ""16"": 2, ""17"": 1, ""2"": 3, ""3"": 2, ""4"": 2, ""5"": 2, ""6"": 1, ""7"": 3, ""8"": 2, ""9"": 1}",111,"{""backend"": ""evaluate_m19_theory_calibrated.candidate_features"", ""delta_mode"": ""none"", ""k_max"": 512, ""k_min"": 64, ""variant"": ""conservative""}",111,0.2727272727272727,0.44144144144144143,0.44144144144144143,0.15315315315315314,0.990990990990991,"{""dp_17_64"": 0.4864864864864865, ""dp_257_plus"": 0.02702702702702703, ""dp_5_16"": 0.018018018018018018, ""dp_65_256"": 0.46846846846846846}","{""cn_0"": 0.990990990990991, ""cn_2_3"": 0.009009009009009009}",0.02702702702702703,93.5945945945946,sasb_candidate_builder,aa19103fa72f84c9992e792ad1e997edfe0810c49f2bcf422a74b0cc6dc6eb48,111,aa19103fa72f84c9992e792ad1e997edfe0810c49f2bcf422a74b0cc6dc6eb48,"{""sasb_builder"": 111}",0,0,0,0,{},0.0,"{""common_neighbor_bin_l1"": 0.0, ""degree_product_bin_l1"": 0.0, ""is_boundary_edge_l1"": 0.0, ""is_bridge_edge_l1"": 0.0, ""is_inter_community_edge_l1"": 0.0, ""is_low_common_neighbor_edge_l1"": 0.0, ""mean_l1"": 0.0}",1,32,32,866.25,0
realworld_completed,bio_celegans,SASB-candidate,sasb,SASB-structured,20260513,1340,middle,0.5298013245033113,0.5298013245033113,0.0,51,51,0,0.6617283950617284,0.6622222222222223,225,348,225--348,4,7,4,7,28,1,0.3333333333333333,0,16,16,32,"[""96"", ""53"", ""60"", ""62"", ""51"", ""411"", ""375"", ""401"", ""445"", ""376"", ""436"", ""425"", ""440"", ""109"", ""52"", ""85"", ""147"", ""343"", ""348"", ""382"", ""82"", ""83"", ""193"", ""364"", ""220"", ""56"", ""353"", ""392"", ""320"", ""232"", ""136"", ""185""]",4e7f055cd3ba98cca26d19763935c92198c9c38e4894d6bc4154aa65a1a01b19,"{""boundary"": 12, ""community_rep"": 6, ""degree_core"": 10, ""random_fill"": 4}","{""degree_0_1"": 2, ""degree_2"": 1, ""degree_3_4"": 6, ""degree_5_8"": 17, ""degree_9_plus"": 6}","{""0"": 2, ""1"": 2, ""10"": 2, ""11"": 1, ""12"": 1, ""14"": 3, ""15"": 1, ""16"": 3, ""17"": 1, ""2"": 3, ""3"": 2, ""4"": 1, ""5"": 2, ""6"": 1, ""7"": 3, ""8"": 2, ""9"": 2}",111,"{""backend"": ""evaluate_m19_theory_calibrated.candidate_features"", ""delta_mode"": ""none"", ""k_max"": 512, ""k_min"": 64, ""variant"": ""conservative""}",111,0.2733990147783251,0.44144144144144143,0.44144144144144143,0.15315315315315314,1.0,"{""dp_17_64"": 0.4864864864864865, ""dp_257_plus"": 0.018018018018018018, ""dp_5_16"": 0.018018018018018018, ""dp_65_256"": 0.4774774774774775}","{""cn_0"": 0.990990990990991, ""cn_1"": 0.009009009009009009}",0.009009009009009009,93.0,sasb_candidate_builder,ff5a51a70a4dba48b4d3b6638e5bdab67fca0d2bfdaf33541d34c8b9606fbdfb,111,ff5a51a70a4dba48b4d3b6638e5bdab67fca0d2bfdaf33541d34c8b9606fbdfb,"{""sasb_builder"": 111}",0,0,0,0,{},0.0,"{""common_neighbor_bin_l1"": 0.0, ""degree_product_bin_l1"": 0.0, ""is_boundary_edge_l1"": 0.0, ""is_bridge_edge_l1"": 0.0, ""is_inter_community_edge_l1"": 0.0, ""is_low_common_neighbor_edge_l1"": 0.0, ""mean_l1"": 0.0}",1,32,32,229.375,0
realworld_completed,bio_celegans,SASB-candidate,sasb,SASB-structured,20260513,1341,middle,0.5298013245033113,0.5298013245033113,0.0,51,51,0,0.6622222222222223,0.662716049382716,348,382,348--382,6,7,6,7,42,2,0.4,0,16,16,32,"[""96"", ""60"", ""53"", ""62"", ""51"", ""440"", ""411"", ""445"", ""376"", ""436"", ""425"", ""444"", ""109"", ""52"", ""85"", ""147"", ""343"", ""382"", ""82"", ""83"", ""92"", ""192"", ""193"", ""364"", ""220"", ""353"", ""392"", ""72"", ""409"", ""49"", ""327"", ""88""]",8f409c3ef864a43823d63086394ee3581ef794b789487194f1505c850b6cc62d,"{""boundary"": 12, ""community_rep"": 6, ""degree_core"": 10, ""random_fill"": 4}","{""degree_0_1"": 1, ""degree_2"": 3, ""degree_3_4"": 7, ""degree_5_8"": 15, ""degree_9_plus"": 6}","{""0"": 1, ""1"": 3, ""10"": 1, ""11"": 3, ""12"": 3, ""13"": 1, ""14"": 1, ""15"": 1, ""16"": 2, ""17"": 3, ""2"": 1, ""3"": 2, ""4"": 1, ""5"": 1, ""6"": 1, ""7"": 1, ""8"": 3, ""9"": 3}",111,"{""backend"": ""evaluate_m19_theory_calibrated.candidate_features"", ""delta_mode"": ""none"", ""k_max"": 512, ""k_min"": 64, ""variant"": ""conservative""}",111,0.2740740740740741,0.43243243243243246,0.43243243243243246,0.15315315315315314,0.990990990990991,"{""dp_17_64"": 0.4864864864864865, ""dp_257_plus"": 0.018018018018018018, ""dp_5_16"": 0.018018018018018018, ""dp_65_256"": 0.4774774774774775}","{""cn_0"": 0.990990990990991, ""cn_2_3"": 0.009009009009009009}",0.018018018018018018,93.12612612612612,sasb_candidate_builder,929cffa256532a06c6549f60f560dad723b79520c0b63556ebbc2871a9f775d4,111,929cffa256532a06c6549f60f560dad723b79520c0b63556ebbc2871a9f775d4,"{""sasb_builder"": 111}",0,0,0,0,{},0.0,"{""common_neighbor_bin_l1"": 0.0, ""degree_product_bin_l1"": 0.0, ""is_boundary_edge_l1"": 0.0, ""is_bridge_edge_l1"": 0.0, ""is_inter_community_edge_l1"": 0.0, ""is_low_common_neighbor_edge_l1"": 0.0, ""mean_l1"": 0.0}",1,32,32,540.0000000000001,0
realworld_completed,bio_celegans,SASB-candidate,sasb,SASB-structured,20260513,1342,middle,0.5298013245033113,0.5298013245033113,0.0,51,51,0,0.662716049382716,0.6632098765432098,348,377,348--377,5,4,4,5,20,0,0.0,0,16,16,32,"[""96"", ""60"", ""53"", ""62"", ""51"", ""440"", ""411"", ""445"", ""376"", ""436"", ""425"", ""444"", ""109"", ""52"", ""85"", ""147"", ""343"", ""82"", ""83"", ""92"", ""192"", ""193"", ""364"", ""382"", ""220"", ""353"", ""392"", ""72"", ""417"", ""88"", ""407"", ""400""]",14e8a294b4d88f5ed53ae5bff82f2fa808ef9bda13e5f2a54fb25d600d773c06,"{""boundary"": 12, ""community_rep"": 6, ""degree_core"": 10, ""random_fill"": 4}","{""degree_0_1"": 1, ""degree_2"": 1, ""degree_3_4"": 8, ""degree_5_8"": 16, ""degree_9_plus"": 6}","{""0"": 2, ""1"": 2, ""10"": 1, ""11"": 3, ""12"": 3, ""13"": 1, ""14"": 1, ""15"": 1, ""16"": 2, ""17"": 2, ""2"": 1, ""3"": 2, ""4"": 1, ""5"": 1, ""6"": 1, ""7"": 1, ""8"": 4, ""9"": 3}",111,"{""backend"": ""evaluate_m19_theory_calibrated.candidate_features"", ""delta_mode"": ""none"", ""k_max"": 512, ""k_min"": 64, ""variant"": ""conservative""}",111,0.2747524752475248,0.43243243243243246,0.43243243243243246,0.15315315315315314,1.0,"{""dp_17_64"": 0.4864864864864865, ""dp_257_plus"": 0.018018018018018018, ""dp_5_16"": 0.018018018018018018, ""dp_65_256"": 0.4774774774774775}","{""cn_0"": 1.0}",0.0,92.45045045045045,sasb_candidate_builder,baebcb8253e02ece8650d2935b45a40d6f720047fad0768830b8999a90e33232,111,baebcb8253e02ece8650d2935b45a40d6f720047fad0768830b8999a90e33232,"{""sasb_builder"": 111}",0,0,0,0,{},0.0,"{""common_neighbor_bin_l1"": 0.0, ""degree_product_bin_l1"": 0.0, ""is_boundary_edge_l1"": 0.0, ""is_bridge_edge_l1"": 0.0, ""is_inter_community_edge_l1"": 0.0, ""is_low_common_neighbor_edge_l1"": 0.0, ""mean_l1"": 0.0}",1,32,32,754.2811808934099,0
realworld_completed,bio_celegans,SASB-candidate,sasb,SASB-structured,20260513,1343,middle,0.5298013245033113,0.5187637969094923,0.011037527593819041,51,52,1,0.6632098765432098,0.6637037037037037,261,382,261--382,3,6,3,6,18,0,0.0,0,16,16,32,"[""96"", ""60"", ""53"", ""62"", ""51"", ""440"", ""411"", ""445"", ""376"", ""436"", ""425"", ""444"", ""109"", ""52"", ""85"", ""147"", ""343"", ""82"", ""83"", ""92"", ""192"", ""193"", ""364"", ""382"", ""220"", ""353"", ""392"", ""72"", ""25"", ""13"", ""356"", ""348""]",6353e933a34f0b84d5a6427c4514d62beeaf8d86dcda3351e596502f79ac9851,"{""boundary"": 12, ""community_rep"": 6, ""degree_core"": 10, ""random_fill"": 4}","{""degree_0_1"": 2, ""degree_3_4"": 9, ""degree_5_8"": 15, ""degree_9_plus"": 6}","{""0"": 1, ""1"": 2, ""10"": 1, ""11"": 3, ""12"": 4, ""13"": 1, ""14"": 1, ""15"": 1, ""16"": 3, ""17"": 2, ""2"": 2, ""3"": 2, ""4"": 1, ""5"": 1, ""6"": 1, ""7"": 1, ""8"": 2, ""9"": 3}",111,"{""backend"": ""evaluate_m19_theory_calibrated.candidate_features"", ""delta_mode"": ""none"", ""k_max"": 512, ""k_min"": 64, ""variant"": ""conservative""}",111,0.27543424317617865,0.43243243243243246,0.43243243243243246,0.16216216216216217,1.0,"{""dp_17_64"": 0.4864864864864865, ""dp_257_plus"": 0.018018018018018018, ""dp_5_16"": 0.018018018018018018, ""dp_65_256"": 0.4774774774774775}","{""cn_0"": 1.0}",0.0,92.08108108108108,sasb_candidate_builder,a69c9bb60a6ce417902516aaac47ebe94102d8ae96af16a3803dc1bc1623271e,111,a69c9bb60a6ce417902516aaac47ebe94102d8ae96af16a3803dc1bc1623271e,"{""sasb_builder"": 111}",0,0,0,0,{},0.0,"{""common_neighbor_bin_l1"": 0.0, ""degree_product_bin_l1"": 0.0, ""is_boundary_edge_l1"": 0.0, ""is_bridge_edge_l1"": 0.0, ""is_inter_community_edge_l1"": 0.0, ""is_low_common_neighbor_edge_l1"": 0.0, ""mean_l1"": 0.0}",1,32,32,2925.0,0
realworld_completed,bio_celegans,SASB-candidate,sasb,SASB-structured,20260513,1344,middle,0.5187637969094923,0.4746136865342163,0.04415011037527594,52,53,1,0.6637037037037037,0.6641975308641975,375,62,375--62,5,11,5,11,55,0,0.0,1,19,6,32,"[""96"", ""60"", ""53"", ""62"", ""51"", ""440"", ""411"", ""445"", ""376"", ""436"", ""425"", ""444"", ""109"", ""52"", ""85"", ""147"", ""343"", ""82"", ""83"", ""92"", ""192"", ""193"", ""364"", ""220"", ""353"", ""392"", ""72"", ""383"", ""394"", ""356"", ""2"", ""191""]",2eb58ce19fe257a9cafa497670d4766169b95fddf948030f6cd74f6b1393e210,"{""boundary"": 12, ""community_rep"": 5, ""degree_core"": 10, ""random_fill"": 5}","{""degree_0_1"": 2, ""degree_2"": 1, ""degree_3_4"": 9, ""degree_5_8"": 14, ""degree_9_plus"": 6}","{""0"": 1, ""1"": 2, ""10"": 1, ""11"": 3, ""12"": 4, ""13"": 1, ""14"": 2, ""15"": 1, ""16"": 1, ""17"": 2, ""2"": 1, ""3"": 2, ""4"": 1, ""5"": 1, ""6"": 2, ""7"": 1, ""8"": 3, ""9"": 3}",109,"{""backend"": ""evaluate_m19_theory_calibrated.candidate_features"", ""delta_mode"": ""none"", ""k_max"": 512, ""k_min"": 64, ""variant"": ""conservative""}",109,0.2766497461928934,0.44036697247706424,0.44036697247706424,0.1559633027522936,1.0,"{""dp_17_64"": 0.47706422018348627, ""dp_257_plus"": 0.009174311926605505, ""dp_5_16"": 0.01834862385321101, ""dp_65_256"": 0.4954128440366973}","{""cn_0"": 1.0}",0.0,92.95412844036697,sasb_candidate_builder,c1ed223aabe9d1c5653f66627340dc81ca0d5d059735fd0d87cf6ad5547e3e6e,109,c1ed223aabe9d1c5653f66627340dc81ca0d5d059735fd0d87cf6ad5547e3e6e,"{""sasb_builder"": 109}",0,0,0,0,{},0.0,"{""common_neighbor_bin_l1"": 0.0, ""degree_product_bin_l1"": 0.0, ""is_boundary_edge_l1"": 0.0, ""is_bridge_edge_l1"": 0.0, ""is_inter_community_edge_l1"": 0.0, ""is_low_common_neighbor_edge_l1"": 0.0, ""mean_l1"": 0.0}",1,32,32,0.0,0
realworld_completed,bio_celegans,SASB-candidate,sasb,SASB-structured,20260513,1345,middle,0.4746136865342163,0.4746136865342163,0.0,53,53,0,0.6641975308641975,0.6646913580246914,376,53,376--53,4,17,4,17,68,0,0.0,1,10,11,32,"[""96"", ""60"", ""53"", ""51"", ""440"", ""62"", ""411"", ""401"", ""445"", ""376"", ""436"", ""425"", ""109"", ""52"", ""147"", ""343"", ""82"", ""83"", ""192"", ""193"", ""220"", ""32"", ""364"", ""56"", ""421"", ""353"", ""392"", ""72"", ""24"", ""388"", ""221"", ""430""]",457b3a9f68c942e0f16add2d1c58debbb72ca08ad004f9aaba43a6d88102f7c1,"{""boundary"": 12, ""community_rep"": 6, ""degree_core"": 10, ""random_fill"": 4}","{""degree_2"": 1, ""degree_3_4"": 8, ""degree_5_8"": 17, ""degree_9_plus"": 6}","{""0"": 1, ""1"": 2, ""10"": 1, ""11"": 3, ""12"": 3, ""13"": 1, ""14"": 1, ""15"": 2, ""16"": 1, ""17"": 1, ""2"": 2, ""3"": 1, ""4"": 1, ""5"": 4, ""6"": 1, ""7"": 1, ""8"": 2, ""9"": 4}",103,"{""backend"": ""evaluate_m19_theory_calibrated.candidate_features"", ""delta_mode"": ""none"", ""k_max"": 512, ""k_min"": 64, ""variant"": ""conservative""}",103,0.28296703296703296,0.4854368932038835,0.4854368932038835,0.13592233009708737,1.0,"{""dp_17_64"": 0.4563106796116505, ""dp_257_plus"": 0.009708737864077669, ""dp_5_16"": 0.009708737864077669, ""dp_65_256"": 0.5242718446601942}","{""cn_0"": 1.0}",0.0,96.25242718446601,sasb_candidate_builder,5360451cd7e5bf26969184bc0d86d22896e5a1f046aeda39c7272bb3d37d662f,103,5360451cd7e5bf26969184bc0d86d22896e5a1f046aeda39c7272bb3d37d662f,"{""sasb_builder"": 103}",0,0,0,0,{},0.0,"{""common_neighbor_bin_l1"": 0.0, ""degree_product_bin_l1"": 0.0, ""is_boundary_edge_l1"": 0.0, ""is_bridge_edge_l1"": 0.0, ""is_inter_community_edge_l1"": 0.0, ""is_low_common_neighbor_edge_l1"": 0.0, ""mean_l1"": 0.0}",1,32,32,0.0,0
realworld_completed,bio_celegans,SASB-candidate,sasb,SASB-structured,20260513,1346,middle,0.4746136865342163,0.46357615894039733,0.011037527593818985,53,54,1,0.6646913580246914,0.6651851851851852,376,96,376--96,3,46,3,46,138,0,0.0,1,5,2,32,"[""96"", ""60"", ""53"", ""51"", ""440"", ""62"", ""411"", ""401"", ""445"", ""436"", ""425"", ""444"", ""109"", ""52"", ""147"", ""343"", ""82"", ""83"", ""192"", ""193"", ""220"", ""32"", ""364"", ""56"", ""421"", ""353"", ""239"", ""392"", ""323"", ""432"", ""400"", ""45""]",52678e523bb2df787865f7b46ddedd546f791dd226cd62034ff9e10b78824018,"{""boundary"": 12, ""community_rep"": 6, ""degree_core"": 10, ""random_fill"": 4}","{""degree_0_1"": 1, ""degree_2"": 1, ""degree_3_4"": 6, ""degree_5_8"": 18, ""degree_9_plus"": 6}","{""0"": 1, ""1"": 2, ""10"": 1, ""11"": 3, ""12"": 1, ""13"": 1, ""14"": 2, ""15"": 3, ""16"": 1, ""17"": 1, ""2"": 2, ""3"": 1, ""4"": 1, ""5"": 3, ""6"": 1, ""7"": 1, ""8"": 3, ""9"": 4}",103,"{""backend"": ""evaluate_m19_theory_calibrated.candidate_features"", ""delta_mode"": ""none"", ""k_max"": 512, ""k_min"": 64, ""variant"": ""conservative""}",103,0.2837465564738292,0.47572815533980584,0.47572815533980584,0.14563106796116504,1.0,"{""dp_17_64"": 0.49514563106796117, ""dp_257_plus"": 0.009708737864077669, ""dp_5_16"": 0.009708737864077669, ""dp_65_256"": 0.4854368932038835}","{""cn_0"": 1.0}",0.0,94.89320388349515,sasb_candidate_builder,6e799db1511a416a1a312edf949f58dec0a44fda7057b51a86a6e166eecaaeb0,103,6e799db1511a416a1a312edf949f58dec0a44fda7057b51a86a6e166eecaaeb0,"{""sasb_builder"": 103}",0,0,0,0,{},0.0,"{""common_neighbor_bin_l1"": 0.0, ""degree_product_bin_l1"": 0.0, ""is_boundary_edge_l1"": 0.0, ""is_bridge_edge_l1"": 0.0, ""is_inter_community_edge_l1"": 0.0, ""is_low_common_neighbor_edge_l1"": 0.0, ""mean_l1"": 0.0}",1,32,32,0.0,0
realworld_completed,bio_celegans,SASB-candidate,sasb,SASB-structured,20260513,1347,middle,0.46357615894039733,0.46357615894039733,0.0,54,54,0,0.6651851851851852,0.665679012345679,377,96,377--96,3,45,3,45,135,2,1.0,1,5,2,32,"[""96"", ""60"", ""53"", ""51"", ""440"", ""62"", ""411"", ""401"", ""445"", ""436"", ""425"", ""444"", ""109"", ""52"", ""147"", ""343"", ""82"", ""83"", ""192"", ""193"", ""220"", ""32"", ""364"", ""56"", ""421"", ""353"", ""392"", ""72"", ""6"", ""397"", ""341"", ""195""]",177c8fb1090a167e464d5a14e154559e90d5ce55bb6e320f36bf5fe45194f4d1,"{""boundary"": 12, ""community_rep"": 6, ""degree_core"": 10, ""random_fill"": 4}","{""degree_0_1"": 2, ""degree_2"": 1, ""degree_3_4"": 7, ""degree_5_8"": 16, ""degree_9_plus"": 6}","{""0"": 1, ""1"": 2, ""11"": 3, ""12"": 1, ""13"": 1, ""14"": 1, ""15"": 3, ""16"": 1, ""17"": 1, ""2"": 5, ""3"": 1, ""4"": 1, ""5"": 4, ""6"": 1, ""7"": 1, ""8"": 2, ""9"": 3}",101,"{""backend"": ""evaluate_m19_theory_calibrated.candidate_features"", ""delta_mode"": ""none"", ""k_max"": 512, ""k_min"": 64, ""variant"": ""conservative""}",101,0.28370786516853935,0.4752475247524752,0.4752475247524752,0.13861386138613863,1.0,"{""dp_17_64"": 0.49504950495049505, ""dp_257_plus"": 0.009900990099009901, ""dp_5_16"": 0.009900990099009901, ""dp_65_256"": 0.48514851485148514}","{""cn_0"": 1.0}",0.0,93.5940594059406,sasb_candidate_builder,e6c6b36f6d6cbc0ccfd0a80a51a21ea3e02a4ad28b3edc099a20d7831f0650dc,101,e6c6b36f6d6cbc0ccfd0a80a51a21ea3e02a4ad28b3edc099a20d7831f0650dc,"{""sasb_builder"": 101}",0,0,0,0,{},0.0,"{""common_neighbor_bin_l1"": 0.0, ""degree_product_bin_l1"": 0.0, ""is_boundary_edge_l1"": 0.0, ""is_bridge_edge_l1"": 0.0, ""is_inter_community_edge_l1"": 0.0, ""is_low_common_neighbor_edge_l1"": 0.0, ""mean_l1"": 0.0}",1,32,32,0.0,0
realworld_completed,bio_celegans,SASB-candidate,sasb,SASB-structured,20260513,1348,middle,0.46357615894039733,0.46357615894039733,0.0,54,54,0,0.665679012345679,0.6661728395061728,378,96,378--96,5,44,5,44,220,1,0.25,1,5,2,32,"[""96"", ""60"", ""53"", ""51"", ""440"", ""62"", ""411"", ""401"", ""445"", ""436"", ""425"", ""444"", ""109"", ""52"", ""147"", ""343"", ""82"", ""83"", ""192"", ""193"", ""220"", ""32"", ""364"", ""56"", ""421"", ""353"", ""392"", ""72"", ""59"", ""288"", ""2"", ""389""]",b6bd05b5b1896a35976fc7f6394a0e0a338ad9956cd30a57604a791ba5a2b34d,"{""boundary"": 12, ""community_rep"": 6, ""degree_core"": 10, ""random_fill"": 4}","{""degree_3_4"": 10, ""degree_5_8"": 16, ""degree_9_plus"": 6}","{""0"": 1, ""1"": 2, ""11"": 3, ""12"": 2, ""13"": 1, ""14"": 1, ""15"": 3, ""16"": 2, ""17"": 1, ""2"": 4, ""3"": 1, ""4"": 1, ""5"": 3, ""6"": 1, ""7"": 1, ""8"": 2, ""9"": 3}",101,"{""backend"": ""evaluate_m19_theory_calibrated.candidate_features"", ""delta_mode"": ""none"", ""k_max"": 512, ""k_min"": 64, ""variant"": ""conservative""}",101,0.28450704225352114,0.4752475247524752,0.4752475247524752,0.13861386138613863,1.0,"{""dp_17_64"": 0.504950495049505, ""dp_257_plus"": 0.009900990099009901, ""dp_5_16"": 0.009900990099009901, ""dp_65_256"": 0.4752475247524752}","{""cn_0"": 1.0}",0.0,91.02970297029702,sasb_candidate_builder,b27bfe75a3fc673b62b65391ab1bb54b01be17c62b8288dd7581a68d42e4a9a7,101,b27bfe75a3fc673b62b65391ab1bb54b01be17c62b8288dd7581a68d42e4a9a7,"{""sasb_builder"": 101}",0,0,0,0,{},0.0,"{""common_neighbor_bin_l1"": 0.0, ""degree_product_bin_l1"": 0.0, ""is_boundary_edge_l1"": 0.0, ""is_bridge_edge_l1"": 0.0, ""is_inter_community_edge_l1"": 0.0, ""is_low_common_neighbor_edge_l1"": 0.0, ""mean_l1"": 0.0}",1,32,32,0.0,0
realworld_completed,bio_celegans,SASB-candidate,sasb,SASB-structured,20260513,1349,middle,0.46357615894039733,0.46357615894039733,0.0,54,54,0,0.6661728395061728,0.6666666666666666,379,62,379--62,3,10,3,10,30,0,0.0,0,3,3,32,"[""96"", ""60"", ""53"", ""51"", ""440"", ""62"", ""411"", ""401"", ""445"", ""436"", ""425"", ""444"", ""109"", ""52"", ""147"", ""343"", ""82"", ""83"", ""192"", ""193"", ""220"", ""32"", ""364"", ""56"", ""421"", ""353"", ""392"", ""72"", ""80"", ""225"", ""424"", ""49""]",8b62ac16e8e654221c3321c914874952f9c320747fc975aa590b68d7824f6a2b,"{""boundary"": 12, ""community_rep"": 6, ""degree_core"": 10, ""random_fill"": 4}","{""degree_2"": 2, ""degree_3_4"": 7, ""degree_5_8"": 17, ""degree_9_plus"": 6}","{""0"": 1, ""1"": 2, ""11"": 3, ""12"": 2, ""13"": 1, ""14"": 1, ""15"": 3, ""16"": 1, ""17"": 1, ""2"": 3, ""3"": 1, ""4"": 1, ""5"": 4, ""6"": 1, ""7"": 2, ""8"": 2, ""9"": 3}",101,"{""backend"": ""evaluate_m19_theory_calibrated.candidate_features"", ""delta_mode"": ""none"", ""k_max"": 512, ""k_min"": 64, ""variant"": ""conservative""}",101,0.2853107344632768,0.4752475247524752,0.4752475247524752,0.13861386138613863,1.0,"{""dp_17_64"": 0.5148514851485149, ""dp_257_plus"": 0.009900990099009901, ""dp_5_16"": 0.009900990099009901, ""dp_65_256"": 0.46534653465346537}","{""cn_0"": 1.0}",0.0,87.67326732673267,sasb_candidate_builder,2c6c605fc43dccb328d93e0db0f0b818f00d81637855e6149e80e549f7707440,101,2c6c605fc43dccb328d93e0db0f0b818f00d81637855e6149e80e549f7707440,"{""sasb_builder"": 101}",0,0,0,0,{},0.0,"{""common_neighbor_bin_l1"": 0.0, ""degree_product_bin_l1"": 0.0, ""is_boundary_edge_l1"": 0.0, ""is_bridge_edge_l1"": 0.0, ""is_inter_community_edge_l1"": 0.0, ""is_low_common_neighbor_edge_l1"": 0.0, ""mean_l1"": 0.0}",1,32,32,0.0,0
realworld_completed,bio_celegans,SASB-candidate,sasb,SASB-structured,20260513,1350,late,0.46357615894039733,0.45695364238410596,0.006622516556291369,54,55,1,0.6666666666666666,0.6671604938271605,379,96,379--96,2,43,2,43,86,0,0.0,0,2,2,32,"[""96"", ""60"", ""53"", ""51"", ""440"", ""62"", ""411"", ""401"", ""445"", ""436"", ""425"", ""444"", ""109"", ""52"", ""147"", ""343"", ""82"", ""83"", ""192"", ""193"", ""220"", ""32"", ""364"", ""56"", ""421"", ""353"", ""392"", ""72"", ""399"", ""195"", ""400"", ""187""]",9752157bed3c4550f98570d74a692fd1e9fa372fb103e9fac35e26dc0a48d2b7,"{""boundary"": 12, ""community_rep"": 6, ""degree_core"": 10, ""random_fill"": 4}","{""degree_2"": 1, ""degree_3_4"": 8, ""degree_5_8"": 17, ""degree_9_plus"": 6}","{""0"": 1, ""1"": 2, ""11"": 3, ""12"": 1, ""13"": 1, ""14"": 2, ""15"": 3, ""16"": 1, ""17"": 1, ""2"": 3, ""3"": 1, ""4"": 1, ""5"": 4, ""6"": 1, ""7"": 2, ""8"": 2, ""9"": 3}",101,"{""backend"": ""evaluate_m19_theory_calibrated.candidate_features"", ""delta_mode"": ""none"", ""k_max"": 512, ""k_min"": 64, ""variant"": ""conservative""}",101,0.28611898016997167,0.4752475247524752,0.4752475247524752,0.1485148514851485,1.0,"{""dp_17_64"": 0.5148514851485149, ""dp_257_plus"": 0.009900990099009901, ""dp_5_16"": 0.009900990099009901, ""dp_65_256"": 0.46534653465346537}","{""cn_0"": 1.0}",0.0,87.04950495049505,sasb_candidate_builder,df6f4e13324dae20ddc1aa3dbc225afd74837df80fa6526d879506cb5574c03f,101,df6f4e13324dae20ddc1aa3dbc225afd74837df80fa6526d879506cb5574c03f,"{""sasb_builder"": 101}",0,0,0,0,{},0.0,"{""common_neighbor_bin_l1"": 0.0, ""degree_product_bin_l1"": 0.0, ""is_boundary_edge_l1"": 0.0, ""is_bridge_edge_l1"": 0.0, ""is_inter_community_edge_l1"": 0.0, ""is_low_common_neighbor_edge_l1"": 0.0, ""mean_l1"": 0.0}",1,32,32,0.0,0
realworld_completed,bio_celegans,SASB-candidate,sasb,SASB-structured,20260513,1351,late,0.45695364238410596,0.45695364238410596,0.0,55,55,0,0.6671604938271605,0.6676543209876543,380,51,380--51,2,14,2,14,28,0,0.0,0,11,11,32,"[""96"", ""60"", ""53"", ""51"", ""440"", ""62"", ""411"", ""401"", ""445"", ""436"", ""425"", ""444"", ""109"", ""52"", ""147"", ""343"", ""82"", ""83"", ""192"", ""193"", ""220"", ""32"", ""364"", ""56"", ""421"", ""353"", ""392"", ""72"", ""404"", ""415"", ""371"", ""30""]",4765f9bdcfbf2887a0a2831c8d1db84d2ed251276f5ba419bad73599ab8c24be,"{""boundary"": 12, ""community_rep"": 6, ""degree_core"": 10, ""random_fill"": 4}","{""degree_2"": 1, ""degree_3_4"": 9, ""degree_5_8"": 16, ""degree_9_plus"": 6}","{""0"": 3, ""1"": 2, ""11"": 3, ""12"": 2, ""13"": 1, ""14"": 1, ""15"": 3, ""16"": 1, ""17"": 1, ""2"": 3, ""3"": 1, ""4"": 1, ""5"": 3, ""6"": 1, ""7"": 1, ""8"": 2, ""9"": 3}",100,"{""backend"": ""evaluate_m19_theory_calibrated.candidate_features"", ""delta_mode"": ""none"", ""k_max"": 512, ""k_min"": 64, ""variant"": ""conservative""}",100,0.2857142857142857,0.47,0.47,0.14,1.0,"{""dp_17_64"": 0.52, ""dp_257_plus"": 0.01, ""dp_5_16"": 0.01, ""dp_65_256"": 0.46}","{""cn_0"": 1.0}",0.0,85.62,sasb_candidate_builder,7da5b90724428385423b15c34f46182d65df4377273a1caa832554a6f9380ad4,100,7da5b90724428385423b15c34f46182d65df4377273a1caa832554a6f9380ad4,"{""sasb_builder"": 100}",0,0,0,0,{},0.0,"{""common_neighbor_bin_l1"": 0.0, ""degree_product_bin_l1"": 0.0, ""is_boundary_edge_l1"": 0.0, ""is_bridge_edge_l1"": 0.0, ""is_inter_community_edge_l1"": 0.0, ""is_low_common_neighbor_edge_l1"": 0.0, ""mean_l1"": 0.0}",1,32,32,0.0,0
realworld_completed,bio_celegans,SASB-candidate,sasb,SASB-structured,20260513,1352,late,0.45695364238410596,0.45474613686534215,0.002207505518763808,55,56,1,0.6676543209876543,0.6681481481481482,380,53,380--53,1,16,1,16,16,0,0.0,0,11,11,32,"[""96"", ""60"", ""53"", ""51"", ""440"", ""62"", ""411"", ""401"", ""445"", ""436"", ""425"", ""444"", ""109"", ""52"", ""147"", ""343"", ""82"", ""83"", ""192"", ""193"", ""220"", ""32"", ""364"", ""56"", ""421"", ""353"", ""392"", ""72"", ""140"", ""165"", ""136"", ""426""]",b52274f7a77fc4ab2015f11751701788997bfc9b1e037490b11d887ffe8361b7,"{""boundary"": 12, ""community_rep"": 6, ""degree_core"": 10, ""random_fill"": 4}","{""degree_0_1"": 2, ""degree_3_4"": 8, ""degree_5_8"": 16, ""degree_9_plus"": 6}","{""0"": 3, ""1"": 2, ""11"": 3, ""12"": 1, ""13"": 1, ""14"": 1, ""15"": 3, ""16"": 1, ""17"": 1, ""2"": 3, ""3"": 1, ""4"": 1, ""5"": 4, ""6"": 1, ""7"": 1, ""8"": 2, ""9"": 3}",100,"{""backend"": ""evaluate_m19_theory_calibrated.candidate_features"", ""delta_mode"": ""none"", ""k_max"": 512, ""k_min"": 64, ""variant"": ""conservative""}",100,0.28653295128939826,0.47,0.47,0.15,1.0,"{""dp_17_64"": 0.51, ""dp_257_plus"": 0.01, ""dp_5_16"": 0.02, ""dp_65_256"": 0.46}","{""cn_0"": 1.0}",0.0,85.01,sasb_candidate_builder,7700c1510405946bb467fa733e9879a08e64afb13ede17ff0a86b79ded929bf3,100,7700c1510405946bb467fa733e9879a08e64afb13ede17ff0a86b79ded929bf3,"{""sasb_builder"": 100}",0,0,0,0,{},0.0,"{""common_neighbor_bin_l1"": 0.0, ""degree_product_bin_l1"": 0.0, ""is_boundary_edge_l1"": 0.0, ""is_bridge_edge_l1"": 0.0, ""is_inter_community_edge_l1"": 0.0, ""is_low_common_neighbor_edge_l1"": 0.0, ""mean_l1"": 0.0}",1,32,32,0.0,0
realworld_completed,bio_celegans,SASB-candidate,sasb,SASB-structured,20260513,1353,late,0.45474613686534215,0.45474613686534215,0.0,56,56,0,0.6681481481481482,0.668641975308642,147,31,147--31,7,5,5,7,35,2,0.5,0,11,11,32,"[""96"", ""60"", ""53"", ""51"", ""440"", ""62"", ""411"", ""401"", ""445"", ""436"", ""425"", ""444"", ""109"", ""52"", ""147"", ""343"", ""82"", ""83"", ""192"", ""193"", ""220"", ""32"", ""364"", ""56"", ""421"", ""353"", ""392"", ""72"", ""447"", ""350"", ""136"", ""441""]",8131590635313491187e88585eeb523a576787770cce104aa4d6c04da3d35ce3,"{""boundary"": 12, ""community_rep"": 6, ""degree_core"": 10, ""random_fill"": 4}","{""degree_0_1"": 1, ""degree_2"": 1, ""degree_3_4"": 8, ""degree_5_8"": 16, ""degree_9_plus"": 6}","{""0"": 2, ""1"": 2, ""11"": 3, ""12"": 1, ""13"": 1, ""14"": 1, ""15"": 3, ""16"": 2, ""17"": 1, ""2"": 2, ""3"": 2, ""4"": 1, ""5"": 3, ""6"": 1, ""7"": 2, ""8"": 2, ""9"": 3}",100,"{""backend"": ""evaluate_m19_theory_calibrated.candidate_features"", ""delta_mode"": ""none"", ""k_max"": 512, ""k_min"": 64, ""variant"": ""conservative""}",100,0.28735632183908044,0.47,0.47,0.14,1.0,"{""dp_17_64"": 0.52, ""dp_257_plus"": 0.01, ""dp_5_16"": 0.01, ""dp_65_256"": 0.46}","{""cn_0"": 1.0}",0.0,84.68,sasb_candidate_builder,ca90c2e930e57253228f8df5a4c89728ff8d221e659701ca26a8e01d6c4aa359,100,ca90c2e930e57253228f8df5a4c89728ff8d221e659701ca26a8e01d6c4aa359,"{""sasb_builder"": 100}",0,0,0,0,{},0.0,"{""common_neighbor_bin_l1"": 0.0, ""degree_product_bin_l1"": 0.0, ""is_boundary_edge_l1"": 0.0, ""is_bridge_edge_l1"": 0.0, ""is_inter_community_edge_l1"": 0.0, ""is_low_common_neighbor_edge_l1"": 0.0, ""mean_l1"": 0.0}",1,32,32,0.0,0
realworld_completed,bio_celegans,SASB-candidate,sasb,SASB-structured,20260513,1354,late,0.45474613686534215,0.45474613686534215,0.0,56,56,0,0.668641975308642,0.6691358024691358,147,195,147--195,6,4,4,6,24,1,0.3333333333333333,0,11,11,32,"[""96"", ""60"", ""53"", ""51"", ""440"", ""62"", ""411"", ""401"", ""445"", ""436"", ""425"", ""444"", ""109"", ""52"", ""343"", ""82"", ""83"", ""147"", ""192"", ""193"", ""220"", ""32"", ""364"", ""56"", ""421"", ""353"", ""392"", ""72"", ""344"", ""12"", ""383"", ""222""]",5cdff4ba0275b623e75b1a6987b002f822bfe1d76dd02016cdc0932bd575d68a,"{""boundary"": 12, ""community_rep"": 6, ""degree_core"": 10, ""random_fill"": 4}","{""degree_2"": 1, ""degree_3_4"": 9, ""degree_5_8"": 16, ""degree_9_plus"": 6}","{""0"": 1, ""1"": 3, ""11"": 4, ""12"": 2, ""13"": 1, ""14"": 1, ""15"": 3, ""16"": 1, ""17"": 1, ""2"": 2, ""3"": 1, ""4"": 2, ""5"": 3, ""6"": 1, ""7"": 1, ""8"": 2, ""9"": 3}",100,"{""backend"": ""evaluate_m19_theory_calibrated.candidate_features"", ""delta_mode"": ""none"", ""k_max"": 512, ""k_min"": 64, ""variant"": ""conservative""}",100,0.2881844380403458,0.47,0.47,0.14,1.0,"{""dp_17_64"": 0.52, ""dp_257_plus"": 0.01, ""dp_5_16"": 0.01, ""dp_65_256"": 0.46}","{""cn_0"": 0.99, ""cn_1"": 0.01}",0.01,84.57,sasb_candidate_builder,77aaa979a62df9368ea0df3018697f62c5fe16c92ff0ca6fd974688b88c7f325,100,77aaa979a62df9368ea0df3018697f62c5fe16c92ff0ca6fd974688b88c7f325,"{""sasb_builder"": 100}",0,0,0,0,{},0.0,"{""common_neighbor_bin_l1"": 0.0, ""degree_product_bin_l1"": 0.0, ""is_boundary_edge_l1"": 0.0, ""is_bridge_edge_l1"": 0.0, ""is_inter_community_edge_l1"": 0.0, ""is_low_common_neighbor_edge_l1"": 0.0, ""mean_l1"": 0.0}",1,32,32,1145.8749999999998,0
realworld_completed,bio_celegans,SASB-candidate,sasb,SASB-structured,20260513,1355,late,0.45474613686534215,0.44370860927152317,0.011037527593818985,56,57,1,0.6691358024691358,0.6696296296296296,147,272,147--272,5,4,4,5,20,0,0.0,0,5,5,32,"[""96"", ""60"", ""53"", ""440"", ""62"", ""411"", ""401"", ""436"", ""425"", ""444"", ""51"", ""56"", ""109"", ""52"", ""343"", ""82"", ""83"", ""192"", ""193"", ""220"", ""32"", ""364"", ""353"", ""392"", ""72"", ""389"", ""417"", ""25"", ""391"", ""291"", ""226"", ""80""]",6a4859253c214ede58571d926f16a75014f2576fdab2e31ce7189789a4735ed3,"{""boundary"": 12, ""community_rep"": 4, ""degree_core"": 10, ""random_fill"": 6}","{""degree_0_1"": 1, ""degree_2"": 2, ""degree_3_4"": 10, ""degree_5_8"": 13, ""degree_9_plus"": 6}","{""0"": 1, ""1"": 2, ""10"": 2, ""11"": 1, ""12"": 1, ""13"": 1, ""14"": 5, ""15"": 4, ""16"": 1, ""2"": 1, ""3"": 1, ""4"": 1, ""5"": 2, ""6"": 1, ""7"": 3, ""8"": 2, ""9"": 3}",100,"{""backend"": ""evaluate_m19_theory_calibrated.candidate_features"", ""delta_mode"": ""none"", ""k_max"": 512, ""k_min"": 64, ""variant"": ""conservative""}",100,0.28901734104046245,0.43,0.43,0.15,1.0,"{""dp_17_64"": 0.52, ""dp_257_plus"": 0.01, ""dp_5_16"": 0.01, ""dp_65_256"": 0.46}","{""cn_0"": 1.0}",0.0,84.53,sasb_candidate_builder,1f9cc2a12a33788c00bd0c4351bec55498e9eba7aa47bb790d281e6183262392,100,1f9cc2a12a33788c00bd0c4351bec55498e9eba7aa47bb790d281e6183262392,"{""sasb_builder"": 100}",0,0,0,0,{},0.0,"{""common_neighbor_bin_l1"": 0.0, ""degree_product_bin_l1"": 0.0, ""is_boundary_edge_l1"": 0.0, ""is_bridge_edge_l1"": 0.0, ""is_inter_community_edge_l1"": 0.0, ""is_low_common_neighbor_edge_l1"": 0.0, ""mean_l1"": 0.0}",1,32,32,1030.0,0
realworld_completed,bio_celegans,SASB-candidate,sasb,SASB-structured,20260513,1356,late,0.44370860927152317,0.4216335540838852,0.02207505518763797,57,58,1,0.6696296296296296,0.6701234567901234,381,96,381--96,3,42,3,42,126,0,0.0,1,16,2,32,"[""96"", ""60"", ""53"", ""440"", ""62"", ""411"", ""401"", ""436"", ""425"", ""444"", ""51"", ""56"", ""109"", ""52"", ""343"", ""82"", ""83"", ""192"", ""193"", ""220"", ""32"", ""364"", ""353"", ""392"", ""72"", ""389"", ""315"", ""140"", ""386"", ""294"", ""187"", ""288""]",2adabc656af4890f6d8577f80963f6a606382c14257f3155aff6b57fcf57039b,"{""boundary"": 12, ""community_rep"": 4, ""degree_core"": 10, ""random_fill"": 6}","{""degree_0_1"": 1, ""degree_2"": 1, ""degree_3_4"": 10, ""degree_5_8"": 14, ""degree_9_plus"": 6}","{""0"": 2, ""1"": 2, ""10"": 1, ""11"": 2, ""12"": 1, ""13"": 1, ""14"": 4, ""15"": 3, ""16"": 1, ""2"": 3, ""3"": 1, ""4"": 1, ""5"": 2, ""6"": 1, ""7"": 2, ""8"": 2, ""9"": 3}",98,"{""backend"": ""evaluate_m19_theory_calibrated.candidate_features"", ""delta_mode"": ""none"", ""k_max"": 512, ""k_min"": 64, ""variant"": ""conservative""}",98,0.2890855457227139,0.4387755102040816,0.4387755102040816,0.14285714285714285,1.0,"{""dp_17_64"": 0.5102040816326531, ""dp_257_plus"": 0.01020408163265306, ""dp_5_16"": 0.01020408163265306, ""dp_65_256"": 0.46938775510204084}","{""cn_0"": 1.0}",0.0,85.76530612244898,sasb_candidate_builder,bb350b9d1a1a27b31504705f2153562e3588b65db698358d704b06db060c014f,98,bb350b9d1a1a27b31504705f2153562e3588b65db698358d704b06db060c014f,"{""sasb_builder"": 98}",0,0,0,0,{},0.0,"{""common_neighbor_bin_l1"": 0.0, ""degree_product_bin_l1"": 0.0, ""is_boundary_edge_l1"": 0.0, ""is_bridge_edge_l1"": 0.0, ""is_inter_community_edge_l1"": 0.0, ""is_low_common_neighbor_edge_l1"": 0.0, ""mean_l1"": 0.0}",1,32,32,0.0,0
realworld_completed,bio_celegans,SASB-candidate,sasb,SASB-structured,20260513,1357,late,0.4216335540838852,0.4216335540838852,0.0,58,58,0,0.6701234567901234,0.6706172839506173,382,96,382--96,5,41,5,41,205,0,0.0,1,12,2,32,"[""96"", ""60"", ""53"", ""440"", ""62"", ""411"", ""401"", ""436"", ""425"", ""444"", ""51"", ""56"", ""109"", ""52"", ""343"", ""82"", ""83"", ""192"", ""193"", ""220"", ""32"", ""206"", ""353"", ""392"", ""72"", ""389"", ""7"", ""435"", ""390"", ""300"", ""42"", ""61""]",59a1215a5cd409e4926673e654bf6b6e1744e674215375ec0868579e78a26de5,"{""boundary"": 12, ""community_rep"": 4, ""degree_core"": 10, ""random_fill"": 6}","{""degree_0_1"": 1, ""degree_2"": 3, ""degree_3_4"": 7, ""degree_5_8"": 15, ""degree_9_plus"": 6}","{""0"": 1, ""1"": 2, ""11"": 1, ""12"": 1, ""13"": 1, ""14"": 3, ""15"": 3, ""16"": 3, ""2"": 3, ""3"": 2, ""4"": 1, ""5"": 2, ""6"": 1, ""7"": 1, ""8"": 3, ""9"": 4}",95,"{""backend"": ""evaluate_m19_theory_calibrated.candidate_features"", ""delta_mode"": ""none"", ""k_max"": 512, ""k_min"": 64, ""variant"": ""conservative""}",95,0.29411764705882354,0.4421052631578947,0.4421052631578947,0.1368421052631579,1.0,"{""dp_17_64"": 0.5052631578947369, ""dp_257_plus"": 0.010526315789473684, ""dp_5_16"": 0.010526315789473684, ""dp_65_256"": 0.47368421052631576}","{""cn_0"": 1.0}",0.0,85.07368421052631,sasb_candidate_builder,9ac90e6036518430ceb7b33a403c429ac3546b14a2173f9609c46880b76831ac,95,9ac90e6036518430ceb7b33a403c429ac3546b14a2173f9609c46880b76831ac,"{""sasb_builder"": 95}",0,0,0,0,{},0.0,"{""common_neighbor_bin_l1"": 0.0, ""degree_product_bin_l1"": 0.0, ""is_boundary_edge_l1"": 0.0, ""is_bridge_edge_l1"": 0.0, ""is_inter_community_edge_l1"": 0.0, ""is_low_common_neighbor_edge_l1"": 0.0, ""mean_l1"": 0.0}",1,32,32,0.0,0
realworld_completed,bio_celegans,SASB-candidate,sasb,SASB-structured,20260513,1358,late,0.4216335540838852,0.4216335540838852,0.0,58,58,0,0.6706172839506173,0.6711111111111111,383,51,383--51,3,13,3,13,39,0,0.0,0,11,11,32,"[""96"", ""60"", ""53"", ""440"", ""62"", ""411"", ""401"", ""436"", ""425"", ""444"", ""51"", ""56"", ""109"", ""52"", ""343"", ""82"", ""83"", ""192"", ""193"", ""220"", ""32"", ""206"", ""353"", ""392"", ""72"", ""389"", ""288"", ""267"", ""397"", ""317"", ""346"", ""50""]",3cddee6a87a9ae3059717cbc42daefbf0eedf3dc1a0bfc3ad32c41175af89e35,"{""boundary"": 12, ""community_rep"": 4, ""degree_core"": 10, ""random_fill"": 6}","{""degree_2"": 4, ""degree_3_4"": 9, ""degree_5_8"": 13, ""degree_9_plus"": 6}","{""0"": 2, ""1"": 2, ""11"": 1, ""12"": 1, ""13"": 1, ""14"": 3, ""15"": 3, ""16"": 2, ""2"": 3, ""3"": 2, ""4"": 2, ""5"": 2, ""6"": 1, ""7"": 1, ""8"": 2, ""9"": 4}",95,"{""backend"": ""evaluate_m19_theory_calibrated.candidate_features"", ""delta_mode"": ""none"", ""k_max"": 512, ""k_min"": 64, ""variant"": ""conservative""}",95,0.2950310559006211,0.43157894736842106,0.43157894736842106,0.1368421052631579,1.0,"{""dp_17_64"": 0.5157894736842106, ""dp_257_plus"": 0.010526315789473684, ""dp_5_16"": 0.010526315789473684, ""dp_65_256"": 0.4631578947368421}","{""cn_0"": 1.0}",0.0,81.77894736842106,sasb_candidate_builder,7d5d761fbd4133706074156f5b439e9e21a851e6e02d2c9c42bbbc2668c5beeb,95,7d5d761fbd4133706074156f5b439e9e21a851e6e02d2c9c42bbbc2668c5beeb,"{""sasb_builder"": 95}",0,0,0,0,{},0.0,"{""common_neighbor_bin_l1"": 0.0, ""degree_product_bin_l1"": 0.0, ""is_boundary_edge_l1"": 0.0, ""is_bridge_edge_l1"": 0.0, ""is_inter_community_edge_l1"": 0.0, ""is_low_common_neighbor_edge_l1"": 0.0, ""mean_l1"": 0.0}",1,32,32,0.0,0
realworld_completed,bio_celegans,SASB-candidate,sasb,SASB-structured,20260513,1359,late,0.4216335540838852,0.41280353200883,0.008830022075055177,58,59,1,0.6711111111111111,0.671604938271605,383,53,383--53,2,15,2,15,30,0,0.0,0,11,11,32,"[""96"", ""60"", ""53"", ""440"", ""62"", ""411"", ""401"", ""436"", ""425"", ""444"", ""51"", ""56"", ""109"", ""52"", ""343"", ""82"", ""83"", ""192"", ""193"", ""220"", ""32"", ""206"", ""353"", ""392"", ""72"", ""389"", ""350"", ""399"", ""400"", ""359"", ""122"", ""126""]",9708df6ca6f7cf006652f7932095addc9abbbd74bf4dcdefb2460d27bcbeb598,"{""boundary"": 12, ""community_rep"": 4, ""degree_core"": 10, ""random_fill"": 6}","{""degree_0_1"": 1, ""degree_2"": 1, ""degree_3_4"": 10, ""degree_5_8"": 14, ""degree_9_plus"": 6}","{""0"": 1, ""1"": 2, ""11"": 1, ""12"": 1, ""13"": 1, ""14"": 3, ""15"": 3, ""16"": 2, ""2"": 3, ""3"": 3, ""4"": 1, ""5"": 2, ""6"": 2, ""7"": 2, ""8"": 2, ""9"": 3}",95,"{""backend"": ""evaluate_m19_theory_calibrated.candidate_features"", ""delta_mode"": ""none"", ""k_max"": 512, ""k_min"": 64, ""variant"": ""conservative""}",95,0.29595015576323985,0.43157894736842106,0.43157894736842106,0.14736842105263157,1.0,"{""dp_17_64"": 0.5368421052631579, ""dp_257_plus"": 0.010526315789473684, ""dp_5_16"": 0.010526315789473684, ""dp_65_256"": 0.4421052631578947}","{""cn_0"": 1.0}",0.0,81.06315789473685,sasb_candidate_builder,4f65e2f4311a5da9523f4a0d3a854e01274a598c7ccd184c9823a669697dbbe0,95,4f65e2f4311a5da9523f4a0d3a854e01274a598c7ccd184c9823a669697dbbe0,"{""sasb_builder"": 95}",0,0,0,0,{},0.0,"{""common_neighbor_bin_l1"": 0.0, ""degree_product_bin_l1"": 0.0, ""is_boundary_edge_l1"": 0.0, ""is_bridge_edge_l1"": 0.0, ""is_inter_community_edge_l1"": 0.0, ""is_low_common_neighbor_edge_l1"": 0.0, ""mean_l1"": 0.0}",1,32,32,0.0,0
realworld_completed,bio_celegans,SASB-candidate,sasb,SASB-structured,20260513,1360,late,0.41280353200883,0.41280353200883,0.0,59,59,0,0.671604938271605,0.6720987654320988,385,96,385--96,4,40,4,40,160,2,0.6666666666666666,0,2,2,32,"[""96"", ""60"", ""53"", ""440"", ""62"", ""411"", ""401"", ""436"", ""425"", ""444"", ""51"", ""56"", ""109"", ""52"", ""343"", ""82"", ""83"", ""192"", ""193"", ""220"", ""32"", ""206"", ""353"", ""392"", ""72"", ""389"", ""50"", ""315"", ""42"", ""408"", ""202"", ""61""]",6dc9361291a4a69ae97a7da3d0606962bc02e0f67e1645200415b1e29bb8350d,"{""boundary"": 12, ""community_rep"": 4, ""degree_core"": 10, ""random_fill"": 6}","{""degree_2"": 4, ""degree_3_4"": 7, ""degree_5_8"": 15, ""degree_9_plus"": 6}","{""0"": 2, ""1"": 2, ""11"": 1, ""12"": 1, ""13"": 1, ""14"": 4, ""15"": 4, ""16"": 3, ""2"": 2, ""3"": 1, ""4"": 2, ""5"": 2, ""6"": 1, ""7"": 1, ""8"": 2, ""9"": 3}",94,"{""backend"": ""evaluate_m19_theory_calibrated.candidate_features"", ""delta_mode"": ""none"", ""k_max"": 512, ""k_min"": 64, ""variant"": ""conservative""}",94,0.29652996845425866,0.43617021276595747,0.43617021276595747,0.13829787234042554,1.0,"{""dp_17_64"": 0.5319148936170213, ""dp_257_plus"": 0.010638297872340425, ""dp_5_16"": 0.010638297872340425, ""dp_65_256"": 0.44680851063829785}","{""cn_0"": 1.0}",0.0,81.08510638297872,sasb_candidate_builder,4198506f9b75807b56b1cc138584049897bb3a56ba8be7893421b15d471cff38,94,4198506f9b75807b56b1cc138584049897bb3a56ba8be7893421b15d471cff38,"{""sasb_builder"": 94}",0,0,0,0,{},0.0,"{""common_neighbor_bin_l1"": 0.0, ""degree_product_bin_l1"": 0.0, ""is_boundary_edge_l1"": 0.0, ""is_bridge_edge_l1"": 0.0, ""is_inter_community_edge_l1"": 0.0, ""is_low_common_neighbor_edge_l1"": 0.0, ""mean_l1"": 0.0}",1,32,32,0.0,0
realworld_completed,bio_celegans,SASB-candidate,sasb,SASB-structured,20260513,1361,late,0.41280353200883,0.41280353200883,0.0,59,59,0,0.6720987654320988,0.6725925925925926,386,96,386--96,3,39,3,39,117,1,0.5,0,2,2,32,"[""96"", ""60"", ""53"", ""440"", ""62"", ""411"", ""401"", ""436"", ""425"", ""444"", ""51"", ""56"", ""109"", ""52"", ""343"", ""82"", ""83"", ""192"", ""193"", ""220"", ""32"", ""206"", ""353"", ""392"", ""72"", ""389"", ""221"", ""442"", ""47"", ""185"", ""20"", ""402""]",6f1a1ad8cd9d9869410f62058c4af10a0b2403be5cacda1195b2308ff0b6ce1b,"{""boundary"": 12, ""community_rep"": 4, ""degree_core"": 10, ""random_fill"": 6}","{""degree_0_1"": 1, ""degree_2"": 2, ""degree_3_4"": 10, ""degree_5_8"": 13, ""degree_9_plus"": 6}","{""0"": 3, ""1"": 2, ""11"": 1, ""12"": 1, ""13"": 1, ""14"": 4, ""15"": 3, ""16"": 2, ""2"": 2, ""3"": 1, ""4"": 2, ""5"": 2, ""6"": 1, ""7"": 2, ""8"": 2, ""9"": 3}",93,"{""backend"": ""evaluate_m19_theory_calibrated.candidate_features"", ""delta_mode"": ""none"", ""k_max"": 512, ""k_min"": 64, ""variant"": ""conservative""}",93,0.29430379746835444,0.44086021505376344,0.44086021505376344,0.13978494623655913,1.0,"{""dp_17_64"": 0.5376344086021505, ""dp_257_plus"": 0.010752688172043012, ""dp_5_16"": 0.010752688172043012, ""dp_65_256"": 0.44086021505376344}","{""cn_0"": 1.0}",0.0,78.81720430107526,sasb_candidate_builder,973bd184021f968ea4561f4a4fbcc28792f7a436dc80107ed78c9647ea92a3c9,93,973bd184021f968ea4561f4a4fbcc28792f7a436dc80107ed78c9647ea92a3c9,"{""sasb_builder"": 93}",0,0,0,0,{},0.0,"{""common_neighbor_bin_l1"": 0.0, ""degree_product_bin_l1"": 0.0, ""is_boundary_edge_l1"": 0.0, ""is_bridge_edge_l1"": 0.0, ""is_inter_community_edge_l1"": 0.0, ""is_low_common_neighbor_edge_l1"": 0.0, ""mean_l1"": 0.0}",1,32,32,0.0,0
realworld_completed,bio_celegans,SASB-candidate,sasb,SASB-structured,20260513,1362,late,0.41280353200883,0.40618101545253865,0.006622516556291369,59,60,1,0.6725925925925926,0.6730864197530865,387,96,387--96,3,38,3,38,114,0,0.0,0,4,4,32,"[""96"", ""60"", ""53"", ""440"", ""62"", ""411"", ""401"", ""436"", ""425"", ""444"", ""51"", ""56"", ""109"", ""52"", ""343"", ""82"", ""83"", ""192"", ""193"", ""220"", ""32"", ""206"", ""353"", ""392"", ""72"", ""389"", ""413"", ""226"", ""207"", ""417"", ""399"", ""315""]",9acf9462d4093d8d1b0b11b5c5eec19f498f65faf1e9f96db7a103717dd5848f,"{""boundary"": 12, ""community_rep"": 4, ""degree_core"": 10, ""random_fill"": 6}","{""degree_2"": 2, ""degree_3_4"": 10, ""degree_5_8"": 14, ""degree_9_plus"": 6}","{""0"": 2, ""1"": 2, ""11"": 1, ""12"": 1, ""13"": 1, ""14"": 4, ""15"": 4, ""16"": 2, ""2"": 3, ""3"": 1, ""4"": 1, ""5"": 2, ""6"": 1, ""7"": 1, ""8"": 3, ""9"": 3}",93,"{""backend"": ""evaluate_m19_theory_calibrated.candidate_features"", ""delta_mode"": ""none"", ""k_max"": 512, ""k_min"": 64, ""variant"": ""conservative""}",93,0.29523809523809524,0.44086021505376344,0.44086021505376344,0.13978494623655913,1.0,"{""dp_17_64"": 0.5483870967741935, ""dp_257_plus"": 0.010752688172043012, ""dp_5_16"": 0.010752688172043012, ""dp_65_256"": 0.43010752688172044}","{""cn_0"": 1.0}",0.0,76.47311827956989,sasb_candidate_builder,780fe3d692ef39b9ed4caf4af73fe25022debbcb8cf6834a90a283f46242e3af,93,780fe3d692ef39b9ed4caf4af73fe25022debbcb8cf6834a90a283f46242e3af,"{""sasb_builder"": 93}",0,0,0,0,{},0.0,"{""common_neighbor_bin_l1"": 0.0, ""degree_product_bin_l1"": 0.0, ""is_boundary_edge_l1"": 0.0, ""is_bridge_edge_l1"": 0.0, ""is_inter_community_edge_l1"": 0.0, ""is_low_common_neighbor_edge_l1"": 0.0, ""mean_l1"": 0.0}",1,32,32,0.0,0
realworld_completed,bio_celegans,SASB-candidate,sasb,SASB-structured,20260513,1363,late,0.40618101545253865,0.3708609271523179,0.035320088300220764,60,61,1,0.6730864197530865,0.6735802469135802,388,96,388--96,4,37,4,37,148,0,0.0,1,11,4,32,"[""96"", ""60"", ""53"", ""440"", ""62"", ""411"", ""401"", ""436"", ""425"", ""444"", ""51"", ""56"", ""109"", ""52"", ""343"", ""82"", ""83"", ""192"", ""193"", ""220"", ""32"", ""206"", ""353"", ""392"", ""72"", ""389"", ""73"", ""452"", ""38"", ""301"", ""237"", ""414""]",a8273206979710b5bbadae6e379a2300386dee01af005f2ed8cf630394e17975,"{""boundary"": 12, ""community_rep"": 4, ""degree_core"": 10, ""random_fill"": 6}","{""degree_0_1"": 2, ""degree_2"": 2, ""degree_3_4"": 8, ""degree_5_8"": 14, ""degree_9_plus"": 6}","{""0"": 2, ""1"": 2, ""11"": 3, ""12"": 1, ""13"": 1, ""14"": 3, ""15"": 3, ""16"": 2, ""2"": 3, ""3"": 1, ""4"": 1, ""5"": 2, ""6"": 1, ""7"": 2, ""8"": 2, ""9"": 3}",92,"{""backend"": ""evaluate_m19_theory_calibrated.candidate_features"", ""delta_mode"": ""none"", ""k_max"": 512, ""k_min"": 64, ""variant"": ""conservative""}",92,0.2958199356913183,0.44565217391304346,0.44565217391304346,0.13043478260869565,1.0,"{""dp_17_64"": 0.5543478260869565, ""dp_257_plus"": 0.010869565217391304, ""dp_5_16"": 0.010869565217391304, ""dp_65_256"": 0.42391304347826086}","{""cn_0"": 1.0}",0.0,74.69565217391305,sasb_candidate_builder,65bd531501e7c24c6c5e4a29d9bae3e1bc8519618fbc307072affebc6d09c971,92,65bd531501e7c24c6c5e4a29d9bae3e1bc8519618fbc307072affebc6d09c971,"{""sasb_builder"": 92}",0,0,0,0,{},0.0,"{""common_neighbor_bin_l1"": 0.0, ""degree_product_bin_l1"": 0.0, ""is_boundary_edge_l1"": 0.0, ""is_bridge_edge_l1"": 0.0, ""is_inter_community_edge_l1"": 0.0, ""is_low_common_neighbor_edge_l1"": 0.0, ""mean_l1"": 0.0}",1,32,32,0.0,0
realworld_completed,bio_celegans,SASB-candidate,sasb,SASB-structured,20260513,1364,late,0.3708609271523179,0.36423841059602646,0.0066225165562914245,61,62,1,0.6735802469135802,0.674074074074074,389,96,389--96,3,36,3,36,108,0,0.0,0,7,7,32,"[""96"", ""60"", ""53"", ""440"", ""62"", ""411"", ""401"", ""425"", ""444"", ""51"", ""52"", ""56"", ""109"", ""82"", ""83"", ""192"", ""193"", ""220"", ""32"", ""206"", ""237"", ""400"", ""421"", ""353"", ""392"", ""399"", ""72"", ""423"", ""300"", ""389"", ""224"", ""406""]",8e35f721207eb4439da9e691f538d66feb92e7201b44d0620425071889bdfbca,"{""boundary"": 12, ""community_rep"": 5, ""degree_core"": 10, ""random_fill"": 5}","{""degree_2"": 2, ""degree_3_4"": 9, ""degree_5_8"": 15, ""degree_9_plus"": 6}","{""0"": 2, ""1"": 3, ""10"": 1, ""11"": 4, ""12"": 3, ""13"": 2, ""14"": 1, ""2"": 1, ""3"": 1, ""4"": 1, ""5"": 2, ""6"": 3, ""7"": 5, ""8"": 1, ""9"": 2}",87,"{""backend"": ""evaluate_m19_theory_calibrated.candidate_features"", ""delta_mode"": ""none"", ""k_max"": 512, ""k_min"": 64, ""variant"": ""conservative""}",87,0.30851063829787234,0.4367816091954023,0.4367816091954023,0.12643678160919541,1.0,"{""dp_17_64"": 0.5402298850574713, ""dp_257_plus"": 0.011494252873563218, ""dp_5_16"": 0.011494252873563218, ""dp_65_256"": 0.4367816091954023}","{""cn_0"": 1.0}",0.0,74.59770114942529,sasb_candidate_builder,5733d692cb2fb67794397e90964c2a66e191597426b9e6830dddbdce1b2fb985,87,5733d692cb2fb67794397e90964c2a66e191597426b9e6830dddbdce1b2fb985,"{""sasb_builder"": 87}",0,0,0,0,{},0.0,"{""common_neighbor_bin_l1"": 0.0, ""degree_product_bin_l1"": 0.0, ""is_boundary_edge_l1"": 0.0, ""is_bridge_edge_l1"": 0.0, ""is_inter_community_edge_l1"": 0.0, ""is_low_common_neighbor_edge_l1"": 0.0, ""mean_l1"": 0.0}",1,32,32,0.0,0
realworld_completed,bio_celegans,SASB-candidate,sasb,SASB-structured,20260513,1365,late,0.36423841059602646,0.3598233995584989,0.004415011037527561,62,63,1,0.674074074074074,0.6745679012345679,390,96,390--96,2,35,2,35,70,0,0.0,0,1,1,32,"[""96"", ""60"", ""53"", ""440"", ""62"", ""411"", ""401"", ""425"", ""444"", ""51"", ""52"", ""56"", ""109"", ""82"", ""83"", ""192"", ""193"", ""220"", ""32"", ""206"", ""237"", ""400"", ""421"", ""353"", ""392"", ""399"", ""72"", ""432"", ""403"", ""443"", ""140"", ""5""]",c98f486ca54e7b1c76a9b12ca3a30066ddf6b57efd4440e99028f91e275e9f26,"{""boundary"": 12, ""community_rep"": 5, ""degree_core"": 10, ""random_fill"": 5}","{""degree_0_1"": 1, ""degree_2"": 2, ""degree_3_4"": 7, ""degree_5_8"": 16, ""degree_9_plus"": 6}","{""0"": 3, ""1"": 3, ""10"": 1, ""11"": 3, ""12"": 2, ""13"": 3, ""14"": 1, ""2"": 1, ""3"": 2, ""4"": 1, ""5"": 1, ""6"": 2, ""7"": 5, ""8"": 2, ""9"": 2}",86,"{""backend"": ""evaluate_m19_theory_calibrated.candidate_features"", ""delta_mode"": ""none"", ""k_max"": 512, ""k_min"": 64, ""variant"": ""conservative""}",86,0.30935251798561153,0.4418604651162791,0.4418604651162791,0.11627906976744186,1.0,"{""dp_17_64"": 0.5465116279069767, ""dp_257_plus"": 0.011627906976744186, ""dp_5_16"": 0.011627906976744186, ""dp_65_256"": 0.43023255813953487}","{""cn_0"": 1.0}",0.0,72.82558139534883,sasb_candidate_builder,bccc48cd91f5d7affdcc298ee18c47856c392e0aa11d81af5edeebfe8e926c62,86,bccc48cd91f5d7affdcc298ee18c47856c392e0aa11d81af5edeebfe8e926c62,"{""sasb_builder"": 86}",0,0,0,0,{},0.0,"{""common_neighbor_bin_l1"": 0.0, ""degree_product_bin_l1"": 0.0, ""is_boundary_edge_l1"": 0.0, ""is_bridge_edge_l1"": 0.0, ""is_inter_community_edge_l1"": 0.0, ""is_low_common_neighbor_edge_l1"": 0.0, ""mean_l1"": 0.0}",1,32,32,0.0,0
realworld_completed,bio_celegans,SASB-candidate,sasb,SASB-structured,20260513,1366,late,0.3598233995584989,0.3598233995584989,0.0,63,63,0,0.6745679012345679,0.6750617283950617,391,51,391--51,3,12,3,12,36,0,0.0,0,10,10,32,"[""96"", ""60"", ""53"", ""440"", ""62"", ""411"", ""401"", ""425"", ""444"", ""51"", ""52"", ""56"", ""109"", ""82"", ""83"", ""192"", ""193"", ""220"", ""32"", ""206"", ""237"", ""400"", ""421"", ""353"", ""392"", ""399"", ""72"", ""409"", ""325"", ""410"", ""194"", ""126""]",cb2ddee2bd8c544e28a85b217a273472a1dc5e198104ed1a934bc21800c19895,"{""boundary"": 12, ""community_rep"": 5, ""degree_core"": 10, ""random_fill"": 5}","{""degree_2"": 2, ""degree_3_4"": 9, ""degree_5_8"": 15, ""degree_9_plus"": 6}","{""0"": 3, ""1"": 3, ""10"": 1, ""11"": 4, ""12"": 2, ""13"": 2, ""14"": 1, ""2"": 1, ""3"": 1, ""4"": 1, ""5"": 2, ""6"": 2, ""7"": 4, ""8"": 3, ""9"": 2}",85,"{""backend"": ""evaluate_m19_theory_calibrated.candidate_features"", ""delta_mode"": ""none"", ""k_max"": 512, ""k_min"": 64, ""variant"": ""conservative""}",85,0.3079710144927536,0.4470588235294118,0.4470588235294118,0.10588235294117647,1.0,"{""dp_17_64"": 0.5529411764705883, ""dp_257_plus"": 0.011764705882352941, ""dp_5_16"": 0.011764705882352941, ""dp_65_256"": 0.4235294117647059}","{""cn_0"": 1.0}",0.0,71.48235294117647,sasb_candidate_builder,6a02c9cf2e0d222c919555f170936310435a3230cde240cb9db14fedad99e310,85,6a02c9cf2e0d222c919555f170936310435a3230cde240cb9db14fedad99e310,"{""sasb_builder"": 85}",0,0,0,0,{},0.0,"{""common_neighbor_bin_l1"": 0.0, ""degree_product_bin_l1"": 0.0, ""is_boundary_edge_l1"": 0.0, ""is_bridge_edge_l1"": 0.0, ""is_inter_community_edge_l1"": 0.0, ""is_low_common_neighbor_edge_l1"": 0.0, ""mean_l1"": 0.0}",1,32,32,0.0,0
realworld_completed,bio_celegans,SASB-candidate,sasb,SASB-structured,20260513,1367,late,0.3598233995584989,0.3598233995584989,0.0,63,63,0,0.6750617283950617,0.6755555555555556,391,53,391--53,2,14,2,14,28,0,0.0,1,13,10,32,"[""96"", ""60"", ""53"", ""440"", ""62"", ""411"", ""401"", ""425"", ""444"", ""51"", ""52"", ""56"", ""109"", ""82"", ""83"", ""192"", ""193"", ""220"", ""32"", ""206"", ""237"", ""400"", ""421"", ""353"", ""392"", ""399"", ""72"", ""272"", ""415"", ""426"", ""417"", ""378""]",480df64692c7eb3a9d3f16415ffcaed57a94cd65c719bbbdf4b3b03b8e26392a,"{""boundary"": 12, ""community_rep"": 5, ""degree_core"": 10, ""random_fill"": 5}","{""degree_0_1"": 1, ""degree_2"": 1, ""degree_3_4"": 9, ""degree_5_8"": 15, ""degree_9_plus"": 6}","{""0"": 2, ""1"": 3, ""10"": 1, ""11"": 5, ""12"": 2, ""13"": 2, ""14"": 1, ""2"": 1, ""3"": 1, ""4"": 1, ""5"": 1, ""6"": 2, ""7"": 6, ""8"": 1, ""9"": 3}",85,"{""backend"": ""evaluate_m19_theory_calibrated.candidate_features"", ""delta_mode"": ""none"", ""k_max"": 512, ""k_min"": 64, ""variant"": ""conservative""}",85,0.3090909090909091,0.4470588235294118,0.4470588235294118,0.10588235294117647,1.0,"{""dp_17_64"": 0.5529411764705883, ""dp_257_plus"": 0.011764705882352941, ""dp_5_16"": 0.011764705882352941, ""dp_65_256"": 0.4235294117647059}","{""cn_0"": 1.0}",0.0,70.36470588235294,sasb_candidate_builder,80509795318fdbbe5ecb44124738311719fdd2bd5c8deb4140d9281ae3bc8d1a,85,80509795318fdbbe5ecb44124738311719fdd2bd5c8deb4140d9281ae3bc8d1a,"{""sasb_builder"": 85}",0,0,0,0,{},0.0,"{""common_neighbor_bin_l1"": 0.0, ""degree_product_bin_l1"": 0.0, ""is_boundary_edge_l1"": 0.0, ""is_bridge_edge_l1"": 0.0, ""is_inter_community_edge_l1"": 0.0, ""is_low_common_neighbor_edge_l1"": 0.0, ""mean_l1"": 0.0}",1,32,32,0.0,0
realworld_completed,bio_celegans,SASB-candidate,sasb,SASB-structured,20260513,1368,late,0.3598233995584989,0.3576158940397351,0.002207505518763808,63,64,1,0.6755555555555556,0.6760493827160494,391,96,391--96,1,34,1,34,34,0,0.0,0,6,6,32,"[""96"", ""60"", ""53"", ""440"", ""62"", ""411"", ""401"", ""425"", ""444"", ""51"", ""52"", ""56"", ""109"", ""82"", ""83"", ""192"", ""193"", ""220"", ""32"", ""206"", ""237"", ""400"", ""421"", ""353"", ""392"", ""399"", ""72"", ""305"", ""73"", ""195"", ""350"", ""111""]",9f223f6d50fd8356c943cd3f899c686cd1368e0f8a34e3c940bcef3f41ae2483,"{""boundary"": 12, ""community_rep"": 5, ""degree_core"": 10, ""random_fill"": 5}","{""degree_0_1"": 1, ""degree_3_4"": 10, ""degree_5_8"": 15, ""degree_9_plus"": 6}","{""0"": 2, ""1"": 3, ""10"": 1, ""11"": 3, ""12"": 3, ""13"": 2, ""14"": 2, ""2"": 1, ""3"": 1, ""4"": 1, ""5"": 2, ""6"": 3, ""7"": 4, ""8"": 1, ""9"": 3}",85,"{""backend"": ""evaluate_m19_theory_calibrated.candidate_features"", ""delta_mode"": ""none"", ""k_max"": 512, ""k_min"": 64, ""variant"": ""conservative""}",85,0.3102189781021898,0.4470588235294118,0.4470588235294118,0.11764705882352941,1.0,"{""dp_17_64"": 0.5647058823529412, ""dp_257_plus"": 0.011764705882352941, ""dp_5_16"": 0.011764705882352941, ""dp_65_256"": 0.4117647058823529}","{""cn_0"": 1.0}",0.0,69.4235294117647,sasb_candidate_builder,e04589232d49f842d86f47262edf67fd12c44ec602007785bfc18be3717ec7c9,85,e04589232d49f842d86f47262edf67fd12c44ec602007785bfc18be3717ec7c9,"{""sasb_builder"": 85}",0,0,0,0,{},0.0,"{""common_neighbor_bin_l1"": 0.0, ""degree_product_bin_l1"": 0.0, ""is_boundary_edge_l1"": 0.0, ""is_bridge_edge_l1"": 0.0, ""is_inter_community_edge_l1"": 0.0, ""is_low_common_neighbor_edge_l1"": 0.0, ""mean_l1"": 0.0}",1,32,32,0.0,0
realworld_completed,bio_celegans,SASB-candidate,sasb,SASB-structured,20260513,1369,late,0.3576158940397351,0.3487858719646799,0.008830022075055177,64,65,1,0.6760493827160494,0.6765432098765433,392,96,392--96,3,33,3,33,99,0,0.0,1,3,13,32,"[""96"", ""60"", ""53"", ""440"", ""62"", ""411"", ""401"", ""425"", ""444"", ""51"", ""52"", ""56"", ""109"", ""82"", ""83"", ""192"", ""193"", ""220"", ""32"", ""206"", ""237"", ""400"", ""421"", ""353"", ""392"", ""399"", ""72"", ""20"", ""29"", ""340"", ""181"", ""12""]",6a007eaf46a5472bd9479761c8862ea60da771ba6ca0133cdc35d448e35ce2cd,"{""boundary"": 12, ""community_rep"": 5, ""degree_core"": 10, ""random_fill"": 5}","{""degree_0_1"": 3, ""degree_2"": 1, ""degree_3_4"": 7, ""degree_5_8"": 15, ""degree_9_plus"": 6}","{""0"": 2, ""1"": 3, ""10"": 2, ""11"": 3, ""12"": 2, ""13"": 2, ""14"": 1, ""2"": 1, ""3"": 2, ""4"": 2, ""5"": 2, ""6"": 2, ""7"": 4, ""8"": 1, ""9"": 3}",85,"{""backend"": ""evaluate_m19_theory_calibrated.candidate_features"", ""delta_mode"": ""none"", ""k_max"": 512, ""k_min"": 64, ""variant"": ""conservative""}",85,0.31135531135531136,0.43529411764705883,0.43529411764705883,0.10588235294117647,1.0,"{""dp_17_64"": 0.5647058823529412, ""dp_257_plus"": 0.011764705882352941, ""dp_5_16"": 0.011764705882352941, ""dp_65_256"": 0.4117647058823529}","{""cn_0"": 1.0}",0.0,68.01176470588236,sasb_candidate_builder,e70ad7d0ee701abd385814c03c42eaa8015e5fa330502047474ba3321d5af480,85,e70ad7d0ee701abd385814c03c42eaa8015e5fa330502047474ba3321d5af480,"{""sasb_builder"": 85}",0,0,0,0,{},0.0,"{""common_neighbor_bin_l1"": 0.0, ""degree_product_bin_l1"": 0.0, ""is_boundary_edge_l1"": 0.0, ""is_bridge_edge_l1"": 0.0, ""is_inter_community_edge_l1"": 0.0, ""is_low_common_neighbor_edge_l1"": 0.0, ""mean_l1"": 0.0}",1,32,32,0.0,0
realworld_completed,bio_celegans,SASB-candidate,sasb,SASB-structured,20260513,1370,late,0.3487858719646799,0.3487858719646799,0.0,65,65,0,0.6765432098765433,0.677037037037037,394,96,394--96,2,32,2,32,64,0,0.0,1,1,13,32,"[""96"", ""60"", ""53"", ""440"", ""62"", ""411"", ""401"", ""425"", ""444"", ""51"", ""52"", ""56"", ""109"", ""82"", ""83"", ""192"", ""193"", ""220"", ""32"", ""206"", ""237"", ""400"", ""421"", ""353"", ""399"", ""72"", ""430"", ""446"", ""323"", ""340"", ""29"", ""408""]",54745432544d3e0bb41ef0eafab595203e5625a0bdd7cb53016e05ca0cb913a0,"{""boundary"": 12, ""community_rep"": 4, ""degree_core"": 10, ""random_fill"": 6}","{""degree_0_1"": 1, ""degree_2"": 2, ""degree_3_4"": 6, ""degree_5_8"": 17, ""degree_9_plus"": 6}","{""0"": 2, ""1"": 3, ""10"": 2, ""11"": 4, ""12"": 2, ""13"": 3, ""14"": 1, ""2"": 1, ""3"": 1, ""5"": 1, ""6"": 3, ""7"": 5, ""8"": 1, ""9"": 3}",84,"{""backend"": ""evaluate_m19_theory_calibrated.candidate_features"", ""delta_mode"": ""none"", ""k_max"": 512, ""k_min"": 64, ""variant"": ""conservative""}",84,0.31226765799256506,0.42857142857142855,0.42857142857142855,0.09523809523809523,1.0,"{""dp_17_64"": 0.6785714285714286, ""dp_257_plus"": 0.011904761904761904, ""dp_5_16"": 0.011904761904761904, ""dp_65_256"": 0.2976190476190476}","{""cn_0"": 1.0}",0.0,66.32142857142857,sasb_candidate_builder,1787b978297065839e56bd8edda9ad716f3be792bfc0cf43c5da6a2f9e64de44,84,1787b978297065839e56bd8edda9ad716f3be792bfc0cf43c5da6a2f9e64de44,"{""sasb_builder"": 84}",0,0,0,0,{},0.0,"{""common_neighbor_bin_l1"": 0.0, ""degree_product_bin_l1"": 0.0, ""is_boundary_edge_l1"": 0.0, ""is_bridge_edge_l1"": 0.0, ""is_inter_community_edge_l1"": 0.0, ""is_low_common_neighbor_edge_l1"": 0.0, ""mean_l1"": 0.0}",1,32,32,0.0,0
realworld_completed,bio_celegans,SASB-candidate,sasb,SASB-structured,20260513,1371,late,0.3487858719646799,0.3487858719646799,0.0,65,65,0,0.677037037037037,0.6775308641975308,395,96,395--96,2,31,2,31,62,0,0.0,1,1,13,32,"[""96"", ""60"", ""53"", ""440"", ""62"", ""411"", ""401"", ""425"", ""444"", ""51"", ""52"", ""56"", ""109"", ""82"", ""83"", ""192"", ""193"", ""220"", ""32"", ""206"", ""237"", ""400"", ""421"", ""353"", ""399"", ""72"", ""224"", ""452"", ""295"", ""202"", ""49"", ""37""]",aef99c7c1bdc03cc9a6399f883f594fe46cbe46d310506724a4bd64075c56512,"{""boundary"": 12, ""community_rep"": 4, ""degree_core"": 10, ""random_fill"": 6}","{""degree_2"": 5, ""degree_3_4"": 6, ""degree_5_8"": 15, ""degree_9_plus"": 6}","{""0"": 2, ""1"": 3, ""10"": 1, ""11"": 3, ""12"": 4, ""13"": 2, ""14"": 1, ""2"": 1, ""3"": 1, ""5"": 2, ""6"": 2, ""7"": 4, ""8"": 2, ""9"": 4}",83,"{""backend"": ""evaluate_m19_theory_calibrated.candidate_features"", ""delta_mode"": ""none"", ""k_max"": 512, ""k_min"": 64, ""variant"": ""conservative""}",83,0.30970149253731344,0.42168674698795183,0.42168674698795183,0.10843373493975904,1.0,"{""dp_17_64"": 0.6746987951807228, ""dp_257_plus"": 0.012048192771084338, ""dp_5_16"": 0.012048192771084338, ""dp_65_256"": 0.30120481927710846}","{""cn_0"": 1.0}",0.0,65.03614457831326,sasb_candidate_builder,a92061ac74a23d117c078667cd334924e316c42e13e775a7ebc79f34ce8a58a1,83,a92061ac74a23d117c078667cd334924e316c42e13e775a7ebc79f34ce8a58a1,"{""sasb_builder"": 83}",0,0,0,0,{},0.0,"{""common_neighbor_bin_l1"": 0.0, ""degree_product_bin_l1"": 0.0, ""is_boundary_edge_l1"": 0.0, ""is_bridge_edge_l1"": 0.0, ""is_inter_community_edge_l1"": 0.0, ""is_low_common_neighbor_edge_l1"": 0.0, ""mean_l1"": 0.0}",1,32,32,0.0,0
realworld_completed,bio_celegans,SASB-candidate,sasb,SASB-structured,20260513,1372,late,0.3487858719646799,0.3487858719646799,0.0,65,65,0,0.6775308641975308,0.6780246913580247,396,60,396--60,4,12,4,12,48,0,0.0,1,1,3,32,"[""96"", ""60"", ""53"", ""440"", ""62"", ""411"", ""401"", ""425"", ""444"", ""51"", ""52"", ""56"", ""109"", ""82"", ""83"", ""192"", ""193"", ""220"", ""32"", ""206"", ""237"", ""400"", ""421"", ""353"", ""399"", ""72"", ""323"", ""98"", ""447"", ""413"", ""288"", ""419""]",a5465ae848444d11e5c743b1125ac2f49a55ef59c1e85a35c1a5c76e0077b9b3,"{""boundary"": 12, ""community_rep"": 4, ""degree_core"": 10, ""random_fill"": 6}","{""degree_2"": 3, ""degree_3_4"": 8, ""degree_5_8"": 15, ""degree_9_plus"": 6}","{""0"": 2, ""1"": 3, ""10"": 1, ""11"": 4, ""12"": 3, ""13"": 3, ""14"": 1, ""2"": 2, ""3"": 1, ""5"": 1, ""6"": 3, ""7"": 5, ""8"": 1, ""9"": 2}",83,"{""backend"": ""evaluate_m19_theory_calibrated.candidate_features"", ""delta_mode"": ""none"", ""k_max"": 512, ""k_min"": 64, ""variant"": ""conservative""}",83,0.31086142322097376,0.40963855421686746,0.40963855421686746,0.12048192771084337,1.0,"{""dp_17_64"": 0.6746987951807228, ""dp_257_plus"": 0.012048192771084338, ""dp_5_16"": 0.012048192771084338, ""dp_65_256"": 0.30120481927710846}","{""cn_0"": 1.0}",0.0,63.33734939759036,sasb_candidate_builder,d4fd6ec6c27501e700f933c4759927aa6440a70266cb4889199c7b13a753eb69,83,d4fd6ec6c27501e700f933c4759927aa6440a70266cb4889199c7b13a753eb69,"{""sasb_builder"": 83}",0,0,0,0,{},0.0,"{""common_neighbor_bin_l1"": 0.0, ""degree_product_bin_l1"": 0.0, ""is_boundary_edge_l1"": 0.0, ""is_bridge_edge_l1"": 0.0, ""is_inter_community_edge_l1"": 0.0, ""is_low_common_neighbor_edge_l1"": 0.0, ""mean_l1"": 0.0}",1,32,32,0.0,0
realworld_completed,bio_celegans,SASB-candidate,sasb,SASB-structured,20260513,1373,late,0.3487858719646799,0.3487858719646799,0.0,65,65,0,0.6780246913580247,0.6785185185185185,109,52,109--52,8,8,8,8,64,5,0.7142857142857143,0,10,10,32,"[""96"", ""60"", ""53"", ""440"", ""62"", ""411"", ""401"", ""425"", ""444"", ""51"", ""52"", ""56"", ""109"", ""82"", ""83"", ""192"", ""193"", ""220"", ""32"", ""206"", ""237"", ""400"", ""421"", ""353"", ""399"", ""72"", ""341"", ""50"", ""429"", ""323"", ""404"", ""374""]",ccc228339a73eaded542560c2bf683a2624f0b50d648a1d3d342566c9bc03f76,"{""boundary"": 12, ""community_rep"": 4, ""degree_core"": 10, ""random_fill"": 6}","{""degree_0_1"": 1, ""degree_2"": 3, ""degree_3_4"": 7, ""degree_5_8"": 15, ""degree_9_plus"": 6}","{""0"": 2, ""1"": 3, ""10"": 1, ""11"": 3, ""12"": 2, ""13"": 2, ""14"": 1, ""2"": 1, ""3"": 2, ""5"": 2, ""6"": 4, ""7"": 5, ""8"": 2, ""9"": 2}",83,"{""backend"": ""evaluate_m19_theory_calibrated.candidate_features"", ""delta_mode"": ""none"", ""k_max"": 512, ""k_min"": 64, ""variant"": ""conservative""}",83,0.31203007518796994,0.39759036144578314,0.39759036144578314,0.12048192771084337,1.0,"{""dp_17_64"": 0.6746987951807228, ""dp_257_plus"": 0.012048192771084338, ""dp_5_16"": 0.012048192771084338, ""dp_65_256"": 0.30120481927710846}","{""cn_0"": 1.0}",0.0,62.89156626506024,sasb_candidate_builder,065ddb0aa4f2f79e556c8da45574362549af12ef16de4d6bb1a8bf36b071bf4a,83,065ddb0aa4f2f79e556c8da45574362549af12ef16de4d6bb1a8bf36b071bf4a,"{""sasb_builder"": 83}",0,0,0,0,{},0.0,"{""common_neighbor_bin_l1"": 0.0, ""degree_product_bin_l1"": 0.0, ""is_boundary_edge_l1"": 0.0, ""is_bridge_edge_l1"": 0.0, ""is_inter_community_edge_l1"": 0.0, ""is_low_common_neighbor_edge_l1"": 0.0, ""mean_l1"": 0.0}",1,32,32,0.0,0
realworld_completed,bio_celegans,SASB-candidate,sasb,SASB-structured,20260513,1374,late,0.3487858719646799,0.3487858719646799,0.0,65,65,0,0.6785185185185185,0.6790123456790124,433,435,433--435,4,5,4,5,20,1,0.3333333333333333,1,5,12,32,"[""96"", ""60"", ""53"", ""440"", ""62"", ""411"", ""401"", ""435"", ""433"", ""436"", ""425"", ""444"", ""51"", ""109"", ""52"", ""82"", ""83"", ""192"", ""193"", ""220"", ""32"", ""56"", ""353"", ""72"", ""58"", ""445"", ""405"", ""446"", ""432"", ""277"", ""336"", ""417""]",3065b49a89e470d38f96b586d4fadd4b0dc3edffe215f91f331a9475037f15e9,"{""boundary"": 12, ""community_rep"": 2, ""degree_core"": 10, ""random_fill"": 8}","{""degree_2"": 4, ""degree_3_4"": 7, ""degree_5_8"": 15, ""degree_9_plus"": 6}","{""0"": 2, ""1"": 3, ""10"": 4, ""11"": 3, ""12"": 4, ""13"": 1, ""2"": 1, ""3"": 1, ""4"": 1, ""5"": 2, ""6"": 2, ""7"": 2, ""8"": 1, ""9"": 5}",83,"{""backend"": ""evaluate_m19_theory_calibrated.candidate_features"", ""delta_mode"": ""none"", ""k_max"": 512, ""k_min"": 64, ""variant"": ""conservative""}",83,0.3132075471698113,0.42168674698795183,0.42168674698795183,0.12048192771084337,1.0,"{""dp_17_64"": 0.6746987951807228, ""dp_257_plus"": 0.012048192771084338, ""dp_5_16"": 0.012048192771084338, ""dp_65_256"": 0.30120481927710846}","{""cn_0"": 0.9879518072289156, ""cn_1"": 0.012048192771084338}",0.012048192771084338,62.28915662650602,sasb_candidate_builder,a0f4c4113d173b5944d50d59ec6cfccf05bd378ca3bacb829a6587dc676a6e8e,83,a0f4c4113d173b5944d50d59ec6cfccf05bd378ca3bacb829a6587dc676a6e8e,"{""sasb_builder"": 83}",0,0,0,0,{},0.0,"{""common_neighbor_bin_l1"": 0.0, ""degree_product_bin_l1"": 0.0, ""is_boundary_edge_l1"": 0.0, ""is_bridge_edge_l1"": 0.0, ""is_inter_community_edge_l1"": 0.0, ""is_low_common_neighbor_edge_l1"": 0.0, ""mean_l1"": 0.0}",1,32,32,106.06034992784993,0
realworld_completed,bio_celegans,SASB-candidate,sasb,SASB-structured,20260513,1375,late,0.3487858719646799,0.3487858719646799,0.0,65,65,0,0.6790123456790124,0.6795061728395062,111,52,111--52,4,7,4,7,28,1,0.3333333333333333,0,10,10,32,"[""96"", ""60"", ""53"", ""440"", ""62"", ""411"", ""401"", ""436"", ""425"", ""444"", ""51"", ""56"", ""109"", ""52"", ""82"", ""83"", ""192"", ""193"", ""220"", ""32"", ""206"", ""237"", ""353"", ""72"", ""211"", ""29"", ""288"", ""359"", ""5"", ""395"", ""445"", ""419""]",4aeea956b9adf7ea801907b0f660eccbfa459506bffee94131554e61ad20b146,"{""boundary"": 12, ""community_rep"": 2, ""degree_core"": 10, ""random_fill"": 8}","{""degree_0_1"": 3, ""degree_3_4"": 9, ""degree_5_8"": 14, ""degree_9_plus"": 6}","{""0"": 3, ""1"": 2, ""10"": 3, ""11"": 2, ""12"": 2, ""13"": 4, ""2"": 1, ""3"": 1, ""4"": 3, ""5"": 1, ""6"": 1, ""7"": 3, ""8"": 1, ""9"": 5}",83,"{""backend"": ""evaluate_m19_theory_calibrated.candidate_features"", ""delta_mode"": ""none"", ""k_max"": 512, ""k_min"": 64, ""variant"": ""conservative""}",83,0.3143939393939394,0.40963855421686746,0.40963855421686746,0.12048192771084337,1.0,"{""dp_17_64"": 0.6746987951807228, ""dp_257_plus"": 0.012048192771084338, ""dp_5_16"": 0.012048192771084338, ""dp_65_256"": 0.30120481927710846}","{""cn_0"": 1.0}",0.0,61.65060240963855,sasb_candidate_builder,598b77a33dea6f3278b69f349672a821335350b975398331e1c25cbe7c0bf7b0,83,598b77a33dea6f3278b69f349672a821335350b975398331e1c25cbe7c0bf7b0,"{""sasb_builder"": 83}",0,0,0,0,{},0.0,"{""common_neighbor_bin_l1"": 0.0, ""degree_product_bin_l1"": 0.0, ""is_boundary_edge_l1"": 0.0, ""is_bridge_edge_l1"": 0.0, ""is_inter_community_edge_l1"": 0.0, ""is_low_common_neighbor_edge_l1"": 0.0, ""mean_l1"": 0.0}",1,32,32,0.0,0
realworld_completed,bio_celegans,SASB-candidate,sasb,SASB-structured,20260513,1376,late,0.3487858719646799,0.3487858719646799,0.0,65,65,0,0.6795061728395062,0.68,107,52,107--52,4,6,4,6,24,1,0.3333333333333333,0,10,10,32,"[""96"", ""60"", ""53"", ""440"", ""62"", ""411"", ""401"", ""436"", ""425"", ""444"", ""51"", ""56"", ""109"", ""82"", ""83"", ""192"", ""193"", ""220"", ""32"", ""52"", ""206"", ""237"", ""353"", ""72"", ""7"", ""305"", ""325"", ""28"", ""50"", ""422"", ""288"", ""418""]",8c6599ca1c0a2fcf063d33a10131911518833684fdb8d97a7dcc3e05476fe5d3,"{""boundary"": 12, ""community_rep"": 2, ""degree_core"": 10, ""random_fill"": 8}","{""degree_0_1"": 2, ""degree_2"": 1, ""degree_3_4"": 9, ""degree_5_8"": 14, ""degree_9_plus"": 6}","{""0"": 3, ""1"": 3, ""10"": 3, ""11"": 2, ""12"": 2, ""13"": 2, ""2"": 2, ""3"": 1, ""4"": 5, ""5"": 1, ""6"": 1, ""7"": 3, ""8"": 1, ""9"": 3}",83,"{""backend"": ""evaluate_m19_theory_calibrated.candidate_features"", ""delta_mode"": ""none"", ""k_max"": 512, ""k_min"": 64, ""variant"": ""conservative""}",83,0.3155893536121673,0.40963855421686746,0.40963855421686746,0.12048192771084337,1.0,"{""dp_17_64"": 0.6746987951807228, ""dp_257_plus"": 0.012048192771084338, ""dp_5_16"": 0.012048192771084338, ""dp_65_256"": 0.30120481927710846}","{""cn_0"": 1.0}",0.0,61.51807228915663,sasb_candidate_builder,d0e9cd8e743fde9b10aca27b2fb0030c3a2532d19773fa770d381c70f54c8997,83,d0e9cd8e743fde9b10aca27b2fb0030c3a2532d19773fa770d381c70f54c8997,"{""sasb_builder"": 83}",0,0,0,0,{},0.0,"{""common_neighbor_bin_l1"": 0.0, ""degree_product_bin_l1"": 0.0, ""is_boundary_edge_l1"": 0.0, ""is_bridge_edge_l1"": 0.0, ""is_inter_community_edge_l1"": 0.0, ""is_low_common_neighbor_edge_l1"": 0.0, ""mean_l1"": 0.0}",1,32,32,0.0,0
realworld_completed,bio_celegans,SASB-candidate,sasb,SASB-structured,20260513,1377,late,0.3487858719646799,0.3487858719646799,0.0,65,65,0,0.68,0.6804938271604938,396,62,396--62,3,9,3,9,27,1,0.5,0,13,13,32,"[""96"", ""60"", ""53"", ""440"", ""62"", ""411"", ""401"", ""436"", ""425"", ""444"", ""51"", ""56"", ""109"", ""82"", ""83"", ""192"", ""193"", ""220"", ""32"", ""206"", ""237"", ""400"", ""353"", ""72"", ""31"", ""81"", ""45"", ""346"", ""350"", ""185"", ""195"", ""73""]",de79c2134a366cb6c3547e005dba6dd7e6e6f81f741b26ba70ce8dea81af0a65,"{""boundary"": 12, ""community_rep"": 2, ""degree_core"": 10, ""random_fill"": 8}","{""degree_0_1"": 1, ""degree_2"": 3, ""degree_3_4"": 9, ""degree_5_8"": 13, ""degree_9_plus"": 6}","{""0"": 2, ""1"": 2, ""10"": 2, ""11"": 2, ""12"": 2, ""13"": 4, ""2"": 2, ""3"": 2, ""4"": 3, ""5"": 1, ""6"": 1, ""7"": 4, ""8"": 2, ""9"": 3}",82,"{""backend"": ""evaluate_m19_theory_calibrated.candidate_features"", ""delta_mode"": ""none"", ""k_max"": 512, ""k_min"": 64, ""variant"": ""conservative""}",82,0.31297709923664124,0.4146341463414634,0.4146341463414634,0.12195121951219512,1.0,"{""dp_17_64"": 0.6585365853658537, ""dp_257_plus"": 0.012195121951219513, ""dp_5_16"": 0.024390243902439025, ""dp_65_256"": 0.3048780487804878}","{""cn_0"": 1.0}",0.0,61.890243902439025,sasb_candidate_builder,126b6372c69290a101950c4c3613406409622ac0e84b5ae1c263928449eabaa3,82,126b6372c69290a101950c4c3613406409622ac0e84b5ae1c263928449eabaa3,"{""sasb_builder"": 82}",0,0,0,0,{},0.0,"{""common_neighbor_bin_l1"": 0.0, ""degree_product_bin_l1"": 0.0, ""is_boundary_edge_l1"": 0.0, ""is_bridge_edge_l1"": 0.0, ""is_inter_community_edge_l1"": 0.0, ""is_low_common_neighbor_edge_l1"": 0.0, ""mean_l1"": 0.0}",1,32,32,0.0,0
realworld_completed,bio_celegans,SASB-candidate,sasb,SASB-structured,20260513,1378,late,0.3487858719646799,0.3487858719646799,0.0,65,65,0,0.6804938271604938,0.6809876543209876,359,62,359--62,3,8,3,8,24,1,0.5,0,13,13,32,"[""96"", ""60"", ""53"", ""440"", ""62"", ""411"", ""401"", ""436"", ""425"", ""444"", ""51"", ""56"", ""109"", ""82"", ""83"", ""192"", ""193"", ""220"", ""32"", ""206"", ""237"", ""400"", ""353"", ""72"", ""236"", ""20"", ""27"", ""430"", ""336"", ""165"", ""194"", ""410""]",7187bed27211dea0d92c60fb500bbbf44d2b51a7702a5a781289eb10b9886881,"{""boundary"": 12, ""community_rep"": 2, ""degree_core"": 10, ""random_fill"": 8}","{""degree_0_1"": 1, ""degree_2"": 1, ""degree_3_4"": 10, ""degree_5_8"": 15, ""degree_9_plus"": 5}","{""0"": 2, ""1"": 3, ""10"": 3, ""11"": 2, ""12"": 3, ""13"": 1, ""2"": 1, ""3"": 2, ""4"": 3, ""5"": 1, ""6"": 4, ""7"": 3, ""8"": 1, ""9"": 3}",82,"{""backend"": ""evaluate_m19_theory_calibrated.candidate_features"", ""delta_mode"": ""none"", ""k_max"": 512, ""k_min"": 64, ""variant"": ""conservative""}",82,0.31417624521072796,0.4146341463414634,0.4146341463414634,0.12195121951219512,1.0,"{""dp_17_64"": 0.6341463414634146, ""dp_257_plus"": 0.012195121951219513, ""dp_5_16"": 0.04878048780487805, ""dp_65_256"": 0.3048780487804878}","{""cn_0"": 1.0}",0.0,61.68292682926829,sasb_candidate_builder,c1f9154a4633582b6875a2a4f6f28e91776dcf2b4f4fe10ade54e4a26498deeb,82,c1f9154a4633582b6875a2a4f6f28e91776dcf2b4f4fe10ade54e4a26498deeb,"{""sasb_builder"": 82}",0,0,0,0,{},0.0,"{""common_neighbor_bin_l1"": 0.0, ""degree_product_bin_l1"": 0.0, ""is_boundary_edge_l1"": 0.0, ""is_bridge_edge_l1"": 0.0, ""is_inter_community_edge_l1"": 0.0, ""is_low_common_neighbor_edge_l1"": 0.0, ""mean_l1"": 0.0}",1,32,32,0.0,0
realworld_completed,bio_celegans,SASB-candidate,sasb,SASB-structured,20260513,1379,late,0.3487858719646799,0.3443708609271523,0.004415011037527616,65,66,1,0.6809876543209876,0.6814814814814815,397,96,397--96,2,30,2,30,60,0,0.0,0,13,13,32,"[""96"", ""60"", ""53"", ""440"", ""62"", ""411"", ""401"", ""436"", ""425"", ""444"", ""51"", ""56"", ""109"", ""82"", ""83"", ""192"", ""193"", ""220"", ""32"", ""206"", ""237"", ""400"", ""353"", ""72"", ""434"", ""428"", ""12"", ""185"", ""37"", ""423"", ""180"", ""448""]",468fd48c612f1a401865c53f7a72beaa4b608077811da7e2ee7d70bec40b8808,"{""boundary"": 12, ""community_rep"": 2, ""degree_core"": 10, ""random_fill"": 8}","{""degree_2"": 4, ""degree_3_4"": 8, ""degree_5_8"": 15, ""degree_9_plus"": 5}","{""0"": 2, ""1"": 3, ""10"": 4, ""11"": 2, ""12"": 3, ""13"": 2, ""2"": 3, ""3"": 1, ""4"": 3, ""5"": 1, ""6"": 1, ""7"": 3, ""8"": 1, ""9"": 3}",82,"{""backend"": ""evaluate_m19_theory_calibrated.candidate_features"", ""delta_mode"": ""none"", ""k_max"": 512, ""k_min"": 64, ""variant"": ""conservative""}",82,0.3153846153846154,0.4146341463414634,0.4146341463414634,0.13414634146341464,1.0,"{""dp_17_64"": 0.6219512195121951, ""dp_257_plus"": 0.012195121951219513, ""dp_5_16"": 0.06097560975609756, ""dp_65_256"": 0.3048780487804878}","{""cn_0"": 1.0}",0.0,61.390243902439025,sasb_candidate_builder,ebfc0b45f4368edd3253e6fed857f22fa72c49861cb4c1bde55771f7531e1fe1,82,ebfc0b45f4368edd3253e6fed857f22fa72c49861cb4c1bde55771f7531e1fe1,"{""sasb_builder"": 82}",0,0,0,0,{},0.0,"{""common_neighbor_bin_l1"": 0.0, ""degree_product_bin_l1"": 0.0, ""is_boundary_edge_l1"": 0.0, ""is_bridge_edge_l1"": 0.0, ""is_inter_community_edge_l1"": 0.0, ""is_low_common_neighbor_edge_l1"": 0.0, ""mean_l1"": 0.0}",1,32,32,0.0,0
realworld_completed,bio_celegans,SASB-candidate,sasb,SASB-structured,20260513,1380,late,0.3443708609271523,0.3443708609271523,0.0,66,66,0,0.6814814814814815,0.6819753086419753,109,98,109--98,7,3,3,7,21,1,0.5,0,10,10,32,"[""96"", ""60"", ""53"", ""440"", ""62"", ""411"", ""401"", ""436"", ""425"", ""444"", ""51"", ""56"", ""109"", ""82"", ""83"", ""192"", ""193"", ""220"", ""32"", ""206"", ""237"", ""400"", ""353"", ""72"", ""49"", ""385"", ""194"", ""209"", ""449"", ""126"", ""432"", ""111""]",c38268a1c2c2674fac860fbdfaf17149a3e220dfd084994ac59571f713c198c0,"{""boundary"": 12, ""community_rep"": 2, ""degree_core"": 10, ""random_fill"": 8}","{""degree_2"": 4, ""degree_3_4"": 8, ""degree_5_8"": 15, ""degree_9_plus"": 5}","{""0"": 2, ""1"": 3, ""10"": 3, ""11"": 2, ""12"": 3, ""13"": 1, ""2"": 2, ""3"": 2, ""4"": 4, ""5"": 1, ""6"": 2, ""7"": 3, ""8"": 1, ""9"": 3}",82,"{""backend"": ""evaluate_m19_theory_calibrated.candidate_features"", ""delta_mode"": ""none"", ""k_max"": 512, ""k_min"": 64, ""variant"": ""conservative""}",82,0.3178294573643411,0.4146341463414634,0.4146341463414634,0.12195121951219512,1.0,"{""dp_17_64"": 0.6219512195121951, ""dp_257_plus"": 0.012195121951219513, ""dp_5_16"": 0.06097560975609756, ""dp_65_256"": 0.3048780487804878}","{""cn_0"": 1.0}",0.0,59.65853658536585,sasb_candidate_builder,ae369cb483919cec82712fad65ae62a57ca103a9bdf9abac63481b247af301aa,82,ae369cb483919cec82712fad65ae62a57ca103a9bdf9abac63481b247af301aa,"{""sasb_builder"": 82}",0,0,0,0,{},0.0,"{""common_neighbor_bin_l1"": 0.0, ""degree_product_bin_l1"": 0.0, ""is_boundary_edge_l1"": 0.0, ""is_bridge_edge_l1"": 0.0, ""is_inter_community_edge_l1"": 0.0, ""is_low_common_neighbor_edge_l1"": 0.0, ""mean_l1"": 0.0}",1,32,32,0.0,0
realworld_completed,bio_celegans,SASB-candidate,sasb,SASB-structured,20260513,1381,late,0.3443708609271523,0.3443708609271523,0.0,66,66,0,0.6819753086419753,0.6824691358024692,399,96,399--96,4,29,4,29,116,1,0.3333333333333333,0,12,12,32,"[""96"", ""60"", ""53"", ""440"", ""62"", ""411"", ""401"", ""436"", ""425"", ""444"", ""51"", ""56"", ""82"", ""83"", ""109"", ""192"", ""193"", ""220"", ""32"", ""206"", ""237"", ""400"", ""353"", ""72"", ""394"", ""277"", ""61"", ""327"", ""432"", ""202"", ""136"", ""67""]",b630651c917f0cf526c71c3fb440a622acb6382a16652c41e7dfe223965ecfbc,"{""boundary"": 12, ""community_rep"": 2, ""degree_core"": 10, ""random_fill"": 8}","{""degree_0_1"": 2, ""degree_2"": 4, ""degree_3_4"": 5, ""degree_5_8"": 16, ""degree_9_plus"": 5}","{""0"": 2, ""1"": 3, ""10"": 4, ""11"": 3, ""12"": 3, ""13"": 2, ""2"": 1, ""3"": 1, ""4"": 3, ""5"": 1, ""6"": 2, ""7"": 2, ""8"": 2, ""9"": 3}",81,"{""backend"": ""evaluate_m19_theory_calibrated.candidate_features"", ""delta_mode"": ""none"", ""k_max"": 512, ""k_min"": 64, ""variant"": ""conservative""}",81,0.3151750972762646,0.41975308641975306,0.41975308641975306,0.12345679012345678,1.0,"{""dp_17_64"": 0.6172839506172839, ""dp_257_plus"": 0.012345679012345678, ""dp_5_16"": 0.06172839506172839, ""dp_65_256"": 0.30864197530864196}","{""cn_0"": 1.0}",0.0,60.135802469135804,sasb_candidate_builder,43d090aaed504bb3e9f2e86e1e3f734af7aeac58af32a361d6feddf677d17cdf,81,43d090aaed504bb3e9f2e86e1e3f734af7aeac58af32a361d6feddf677d17cdf,"{""sasb_builder"": 81}",0,0,0,0,{},0.0,"{""common_neighbor_bin_l1"": 0.0, ""degree_product_bin_l1"": 0.0, ""is_boundary_edge_l1"": 0.0, ""is_bridge_edge_l1"": 0.0, ""is_inter_community_edge_l1"": 0.0, ""is_low_common_neighbor_edge_l1"": 0.0, ""mean_l1"": 0.0}",1,32,32,0.0,0
realworld_completed,bio_celegans,SASB-candidate,sasb,SASB-structured,20260513,1382,late,0.3443708609271523,0.3443708609271523,0.0,66,66,0,0.6824691358024692,0.682962962962963,109,226,109--226,6,4,4,6,24,1,0.3333333333333333,0,10,10,32,"[""96"", ""60"", ""53"", ""440"", ""62"", ""411"", ""401"", ""436"", ""425"", ""444"", ""51"", ""56"", ""82"", ""83"", ""109"", ""192"", ""193"", ""220"", ""32"", ""206"", ""237"", ""400"", ""353"", ""72"", ""195"", ""452"", ""21"", ""140"", ""128"", ""300"", ""417"", ""36""]",91a159d85782b1c37536bf158544ab1788a6abf888f8e58a0e438b6abebc516a,"{""boundary"": 12, ""community_rep"": 2, ""degree_core"": 10, ""random_fill"": 8}","{""degree_0_1"": 1, ""degree_2"": 5, ""degree_3_4"": 7, ""degree_5_8"": 14, ""degree_9_plus"": 5}","{""0"": 2, ""1"": 4, ""10"": 2, ""11"": 2, ""12"": 2, ""13"": 1, ""2"": 1, ""3"": 2, ""4"": 3, ""5"": 1, ""6"": 3, ""7"": 4, ""8"": 1, ""9"": 4}",81,"{""backend"": ""evaluate_m19_theory_calibrated.candidate_features"", ""delta_mode"": ""none"", ""k_max"": 512, ""k_min"": 64, ""variant"": ""conservative""}",81,0.31640625,0.41975308641975306,0.41975308641975306,0.13580246913580246,1.0,"{""dp_17_64"": 0.6296296296296297, ""dp_257_plus"": 0.012345679012345678, ""dp_5_16"": 0.06172839506172839, ""dp_65_256"": 0.2962962962962963}","{""cn_0"": 0.9876543209876543, ""cn_1"": 0.012345679012345678}",0.012345679012345678,57.77777777777778,sasb_candidate_builder,eb2e6652c6eea8fb5fc558ddd4f849dbd7891e3e2b0c67693293866662c7cd01,81,eb2e6652c6eea8fb5fc558ddd4f849dbd7891e3e2b0c67693293866662c7cd01,"{""sasb_builder"": 81}",0,0,0,0,{},0.0,"{""common_neighbor_bin_l1"": 0.0, ""degree_product_bin_l1"": 0.0, ""is_boundary_edge_l1"": 0.0, ""is_bridge_edge_l1"": 0.0, ""is_inter_community_edge_l1"": 0.0, ""is_low_common_neighbor_edge_l1"": 0.0, ""mean_l1"": 0.0}",1,32,32,647.5624999999998,0
realworld_completed,bio_celegans,SASB-candidate,sasb,SASB-structured,20260513,1383,late,0.3443708609271523,0.3443708609271523,0.0,66,66,0,0.682962962962963,0.6834567901234568,17,440,17--440,2,10,2,10,20,1,1.0,0,3,3,32,"[""96"", ""60"", ""53"", ""440"", ""62"", ""411"", ""401"", ""436"", ""425"", ""444"", ""51"", ""56"", ""82"", ""83"", ""192"", ""193"", ""220"", ""32"", ""109"", ""206"", ""237"", ""400"", ""52"", ""353"", ""72"", ""61"", ""185"", ""394"", ""5"", ""417"", ""340"", ""50""]",bce087c20cca07db5a85ffea47d942b91ed02f00800ee94de6ac904f785a09bd,"{""boundary"": 12, ""community_rep"": 3, ""degree_core"": 10, ""random_fill"": 7}","{""degree_0_1"": 3, ""degree_2"": 3, ""degree_3_4"": 5, ""degree_5_8"": 16, ""degree_9_plus"": 5}","{""0"": 3, ""1"": 2, ""10"": 3, ""11"": 3, ""12"": 2, ""13"": 2, ""2"": 3, ""3"": 1, ""4"": 3, ""5"": 1, ""6"": 1, ""7"": 2, ""8"": 2, ""9"": 4}",81,"{""backend"": ""evaluate_m19_theory_calibrated.candidate_features"", ""delta_mode"": ""none"", ""k_max"": 512, ""k_min"": 64, ""variant"": ""conservative""}",81,0.3176470588235294,0.41975308641975306,0.41975308641975306,0.13580246913580246,1.0,"{""dp_17_64"": 0.6296296296296297, ""dp_257_plus"": 0.012345679012345678, ""dp_5_16"": 0.06172839506172839, ""dp_65_256"": 0.2962962962962963}","{""cn_0"": 0.9876543209876543, ""cn_1"": 0.012345679012345678}",0.012345679012345678,57.72839506172839,sasb_candidate_builder,4076991c7a7dda5e0d7fbfeb668812f39f83a182aa6b6c9bf88e57c95116956c,81,4076991c7a7dda5e0d7fbfeb668812f39f83a182aa6b6c9bf88e57c95116956c,"{""sasb_builder"": 81}",0,0,0,0,{},0.0,"{""common_neighbor_bin_l1"": 0.0, ""degree_product_bin_l1"": 0.0, ""is_boundary_edge_l1"": 0.0, ""is_bridge_edge_l1"": 0.0, ""is_inter_community_edge_l1"": 0.0, ""is_low_common_neighbor_edge_l1"": 0.0, ""mean_l1"": 0.0}",1,32,32,156.0,0
realworld_completed,bio_celegans,SASB-candidate,sasb,SASB-structured,20260513,1384,late,0.3443708609271523,0.33995584988962474,0.004415011037527561,66,67,1,0.6834567901234568,0.6839506172839506,374,440,374--440,2,9,2,9,18,0,0.0,0,3,3,32,"[""96"", ""60"", ""53"", ""440"", ""62"", ""411"", ""401"", ""436"", ""444"", ""51"", ""56"", ""400"", ""82"", ""83"", ""192"", ""193"", ""220"", ""32"", ""109"", ""206"", ""237"", ""418"", ""52"", ""421"", ""404"", ""422"", ""72"", ""107"", ""327"", ""434"", ""382"", ""435""]",7cbe930678df4286745b5d268f5471d9012f833bcfb22c07a2215d4823c72432,"{""boundary"": 12, ""community_rep"": 5, ""degree_core"": 10, ""random_fill"": 5}","{""degree_2"": 1, ""degree_3_4"": 8, ""degree_5_8"": 18, ""degree_9_plus"": 5}","{""0"": 4, ""1"": 2, ""10"": 4, ""11"": 2, ""12"": 3, ""13"": 5, ""2"": 1, ""3"": 1, ""4"": 1, ""5"": 1, ""6"": 1, ""7"": 2, ""8"": 1, ""9"": 4}",81,"{""backend"": ""evaluate_m19_theory_calibrated.candidate_features"", ""delta_mode"": ""none"", ""k_max"": 512, ""k_min"": 64, ""variant"": ""conservative""}",81,0.3188976377952756,0.3950617283950617,0.3950617283950617,0.14814814814814814,1.0,"{""dp_17_64"": 0.6296296296296297, ""dp_5_16"": 0.06172839506172839, ""dp_65_256"": 0.30864197530864196}","{""cn_0"": 1.0}",0.0,57.160493827160494,sasb_candidate_builder,15fead33492fc98ee551fd16dfcc8b9b63fb663783e6ee43c1870eb18f4d7a8f,81,15fead33492fc98ee551fd16dfcc8b9b63fb663783e6ee43c1870eb18f4d7a8f,"{""sasb_builder"": 81}",0,0,0,0,{},0.0,"{""common_neighbor_bin_l1"": 0.0, ""degree_product_bin_l1"": 0.0, ""is_boundary_edge_l1"": 0.0, ""is_bridge_edge_l1"": 0.0, ""is_inter_community_edge_l1"": 0.0, ""is_low_common_neighbor_edge_l1"": 0.0, ""mean_l1"": 0.0}",1,32,32,312.0,0
realworld_completed,bio_celegans,SASB-candidate,sasb,SASB-structured,20260513,1385,late,0.33995584988962474,0.33995584988962474,0.0,67,67,0,0.6839506172839506,0.6844444444444444,400,96,400--96,5,28,5,28,140,2,0.5,1,14,12,32,"[""96"", ""60"", ""53"", ""440"", ""62"", ""411"", ""401"", ""436"", ""444"", ""51"", ""56"", ""400"", ""82"", ""83"", ""192"", ""193"", ""220"", ""32"", ""109"", ""206"", ""237"", ""418"", ""52"", ""421"", ""404"", ""422"", ""72"", ""300"", ""405"", ""129"", ""427"", ""417""]",1cb754510ec4156ea1442fafa80f1c75db69dd9ee6d3ced89556e21d865ff941,"{""boundary"": 12, ""community_rep"": 5, ""degree_core"": 10, ""random_fill"": 5}","{""degree_2"": 4, ""degree_3_4"": 6, ""degree_5_8"": 18, ""degree_9_plus"": 4}","{""0"": 4, ""1"": 4, ""10"": 3, ""11"": 2, ""12"": 3, ""13"": 3, ""2"": 1, ""3"": 1, ""4"": 2, ""5"": 1, ""6"": 1, ""7"": 2, ""8"": 1, ""9"": 4}",80,"{""backend"": ""evaluate_m19_theory_calibrated.candidate_features"", ""delta_mode"": ""none"", ""k_max"": 512, ""k_min"": 64, ""variant"": ""conservative""}",80,0.31746031746031744,0.4,0.4,0.1375,1.0,"{""dp_17_64"": 0.6125, ""dp_5_16"": 0.075, ""dp_65_256"": 0.3125}","{""cn_0"": 1.0}",0.0,57.1,sasb_candidate_builder,e6cb8589397dbbe996036304986572daa765784be277e4527f9f86615f064f64,80,e6cb8589397dbbe996036304986572daa765784be277e4527f9f86615f064f64,"{""sasb_builder"": 80}",0,0,0,0,{},0.0,"{""common_neighbor_bin_l1"": 0.0, ""degree_product_bin_l1"": 0.0, ""is_boundary_edge_l1"": 0.0, ""is_bridge_edge_l1"": 0.0, ""is_inter_community_edge_l1"": 0.0, ""is_low_common_neighbor_edge_l1"": 0.0, ""mean_l1"": 0.0}",1,32,32,0.0,0
realworld_completed,bio_celegans,SASB-candidate,sasb,SASB-structured,20260513,1386,late,0.33995584988962474,0.33995584988962474,0.0,67,67,0,0.6844444444444444,0.6849382716049383,295,52,295--52,4,5,4,5,20,1,0.3333333333333333,0,10,10,32,"[""96"", ""60"", ""53"", ""440"", ""62"", ""411"", ""401"", ""436"", ""444"", ""51"", ""56"", ""418"", ""82"", ""83"", ""192"", ""193"", ""220"", ""32"", ""109"", ""206"", ""237"", ""421"", ""52"", ""404"", ""422"", ""72"", ""195"", ""323"", ""226"", ""304"", ""443"", ""29""]",edb2df9f875cc9c0906d35ba343bd71d652eea2f14b75fab975a6a87af2a83b7,"{""boundary"": 12, ""community_rep"": 4, ""degree_core"": 10, ""random_fill"": 6}","{""degree_2"": 2, ""degree_3_4"": 9, ""degree_5_8"": 17, ""degree_9_plus"": 4}","{""0"": 4, ""1"": 2, ""10"": 4, ""11"": 2, ""12"": 3, ""13"": 4, ""2"": 1, ""3"": 1, ""4"": 1, ""5"": 1, ""6"": 1, ""7"": 4, ""8"": 1, ""9"": 3}",80,"{""backend"": ""evaluate_m19_theory_calibrated.candidate_features"", ""delta_mode"": ""none"", ""k_max"": 512, ""k_min"": 64, ""variant"": ""conservative""}",80,0.3187250996015936,0.3875,0.3875,0.1375,1.0,"{""dp_17_64"": 0.625, ""dp_5_16"": 0.075, ""dp_65_256"": 0.3}","{""cn_0"": 1.0}",0.0,54.45,sasb_candidate_builder,b8ec0ae7ff1e1a84784d0acd5675a5d22054744979448a9add15e01357cdd456,80,b8ec0ae7ff1e1a84784d0acd5675a5d22054744979448a9add15e01357cdd456,"{""sasb_builder"": 80}",0,0,0,0,{},0.0,"{""common_neighbor_bin_l1"": 0.0, ""degree_product_bin_l1"": 0.0, ""is_boundary_edge_l1"": 0.0, ""is_bridge_edge_l1"": 0.0, ""is_inter_community_edge_l1"": 0.0, ""is_low_common_neighbor_edge_l1"": 0.0, ""mean_l1"": 0.0}",1,32,32,0.0,0
realworld_completed,bio_celegans,SASB-candidate,sasb,SASB-structured,20260513,1387,late,0.33995584988962474,0.33995584988962474,0.0,67,67,0,0.6849382716049383,0.6854320987654321,401,51,401--51,5,11,5,11,55,1,0.25,0,9,9,32,"[""96"", ""60"", ""53"", ""440"", ""62"", ""411"", ""401"", ""436"", ""444"", ""51"", ""56"", ""418"", ""82"", ""83"", ""192"", ""193"", ""220"", ""32"", ""109"", ""206"", ""237"", ""421"", ""404"", ""422"", ""72"", ""443"", ""23"", ""27"", ""359"", ""344"", ""405"", ""61""]",3b4c6c7738fa6291a17a72515055a5d5e8002d096fd578744ce686969a12afb6,"{""boundary"": 12, ""community_rep"": 3, ""degree_core"": 10, ""random_fill"": 7}","{""degree_2"": 3, ""degree_3_4"": 8, ""degree_5_8"": 17, ""degree_9_plus"": 4}","{""0"": 3, ""1"": 4, ""10"": 2, ""11"": 3, ""12"": 2, ""13"": 4, ""2"": 1, ""3"": 1, ""4"": 2, ""5"": 2, ""6"": 2, ""7"": 2, ""8"": 1, ""9"": 3}",80,"{""backend"": ""evaluate_m19_theory_calibrated.candidate_features"", ""delta_mode"": ""none"", ""k_max"": 512, ""k_min"": 64, ""variant"": ""conservative""}",80,0.32,0.3875,0.3875,0.1375,1.0,"{""dp_17_64"": 0.6125, ""dp_5_16"": 0.0875, ""dp_65_256"": 0.3}","{""cn_0"": 1.0}",0.0,54.4875,sasb_candidate_builder,d3413d8f43e86e317b3ac26a3d23798c84fe2e31a46fb1a9cb28b8bde02c3b2a,80,d3413d8f43e86e317b3ac26a3d23798c84fe2e31a46fb1a9cb28b8bde02c3b2a,"{""sasb_builder"": 80}",0,0,0,0,{},0.0,"{""common_neighbor_bin_l1"": 0.0, ""degree_product_bin_l1"": 0.0, ""is_boundary_edge_l1"": 0.0, ""is_bridge_edge_l1"": 0.0, ""is_inter_community_edge_l1"": 0.0, ""is_low_common_neighbor_edge_l1"": 0.0, ""mean_l1"": 0.0}",1,32,32,0.0,0
realworld_completed,bio_celegans,SASB-candidate,sasb,SASB-structured,20260513,1388,late,0.33995584988962474,0.33995584988962474,0.0,67,67,0,0.6854320987654321,0.6859259259259259,28,411,28--411,3,6,3,6,18,1,0.5,0,7,7,32,"[""96"", ""60"", ""53"", ""440"", ""62"", ""411"", ""401"", ""436"", ""444"", ""51"", ""56"", ""418"", ""82"", ""83"", ""192"", ""193"", ""220"", ""32"", ""109"", ""206"", ""237"", ""421"", ""404"", ""422"", ""72"", ""399"", ""232"", ""25"", ""377"", ""50"", ""378"", ""98""]",795e1dcbe7751e99c024ee79374ed657ef2b1e49e19d5cfdd1160cdc689120d0,"{""boundary"": 12, ""community_rep"": 3, ""degree_core"": 10, ""random_fill"": 7}","{""degree_0_1"": 2, ""degree_2"": 3, ""degree_3_4"": 8, ""degree_5_8"": 15, ""degree_9_plus"": 4}","{""0"": 4, ""1"": 2, ""10"": 3, ""11"": 2, ""12"": 2, ""13"": 4, ""2"": 2, ""3"": 2, ""4"": 1, ""5"": 1, ""6"": 1, ""7"": 2, ""8"": 1, ""9"": 5}",80,"{""backend"": ""evaluate_m19_theory_calibrated.candidate_features"", ""delta_mode"": ""none"", ""k_max"": 512, ""k_min"": 64, ""variant"": ""conservative""}",80,0.321285140562249,0.3875,0.3875,0.1375,1.0,"{""dp_17_64"": 0.6375, ""dp_5_16"": 0.0875, ""dp_65_256"": 0.275}","{""cn_0"": 0.9875, ""cn_1"": 0.0125}",0.0125,53.3,sasb_candidate_builder,00563a391264e63bfb0de870f90e9adad8bbb98294686ee41b931bd98140fa0c,80,00563a391264e63bfb0de870f90e9adad8bbb98294686ee41b931bd98140fa0c,"{""sasb_builder"": 80}",0,0,0,0,{},0.0,"{""common_neighbor_bin_l1"": 0.0, ""degree_product_bin_l1"": 0.0, ""is_boundary_edge_l1"": 0.0, ""is_bridge_edge_l1"": 0.0, ""is_inter_community_edge_l1"": 0.0, ""is_low_common_neighbor_edge_l1"": 0.0, ""mean_l1"": 0.0}",1,32,32,308.0,0
realworld_completed,bio_celegans,SASB-candidate,sasb,SASB-structured,20260513,1389,late,0.33995584988962474,0.3333333333333333,0.0066225165562914245,67,68,1,0.6859259259259259,0.6864197530864198,37,411,37--411,2,5,2,5,10,0,0.0,0,7,7,32,"[""96"", ""60"", ""53"", ""440"", ""62"", ""411"", ""401"", ""436"", ""444"", ""51"", ""56"", ""418"", ""82"", ""83"", ""192"", ""193"", ""220"", ""32"", ""109"", ""206"", ""237"", ""421"", ""404"", ""422"", ""72"", ""149"", ""452"", ""37"", ""445"", ""107"", ""300"", ""272""]",71c7986d7550b8b1d1e34525252eace7c13ed43c5070db6f4d3b1382da2be7f2,"{""boundary"": 12, ""community_rep"": 3, ""degree_core"": 10, ""random_fill"": 7}","{""degree_2"": 3, ""degree_3_4"": 9, ""degree_5_8"": 16, ""degree_9_plus"": 4}","{""0"": 3, ""1"": 2, ""10"": 3, ""11"": 2, ""12"": 3, ""13"": 3, ""2"": 1, ""3"": 1, ""4"": 2, ""5"": 2, ""6"": 1, ""7"": 4, ""8"": 1, ""9"": 4}",80,"{""backend"": ""evaluate_m19_theory_calibrated.candidate_features"", ""delta_mode"": ""none"", ""k_max"": 512, ""k_min"": 64, ""variant"": ""conservative""}",80,0.3225806451612903,0.3875,0.3875,0.15,1.0,"{""dp_17_64"": 0.625, ""dp_5_16"": 0.1, ""dp_65_256"": 0.275}","{""cn_0"": 1.0}",0.0,52.9125,sasb_candidate_builder,6a90054605dc4dd07b321e0e6ebd2e24933726c9e0b31f7d8f5d218c796387b1,80,6a90054605dc4dd07b321e0e6ebd2e24933726c9e0b31f7d8f5d218c796387b1,"{""sasb_builder"": 80}",0,0,0,0,{},0.0,"{""common_neighbor_bin_l1"": 0.0, ""degree_product_bin_l1"": 0.0, ""is_boundary_edge_l1"": 0.0, ""is_bridge_edge_l1"": 0.0, ""is_inter_community_edge_l1"": 0.0, ""is_low_common_neighbor_edge_l1"": 0.0, ""mean_l1"": 0.0}",1,32,32,1174.25,0
realworld_completed,bio_celegans,SASB-candidate,sasb,SASB-structured,20260513,1390,late,0.3333333333333333,0.3333333333333333,0.0,68,68,0,0.6864197530864198,0.6869135802469136,401,53,401--53,4,13,4,13,52,1,0.3333333333333333,1,10,6,32,"[""96"", ""60"", ""53"", ""440"", ""62"", ""401"", ""411"", ""436"", ""444"", ""51"", ""56"", ""418"", ""82"", ""83"", ""192"", ""193"", ""220"", ""32"", ""109"", ""206"", ""237"", ""421"", ""404"", ""422"", ""72"", ""405"", ""81"", ""415"", ""9"", ""443"", ""435"", ""194""]",a98cfa7072ba3ccae44cd4844ab06b947552b97fb4a4ff04aa8efb1687744042,"{""boundary"": 12, ""community_rep"": 3, ""degree_core"": 10, ""random_fill"": 7}","{""degree_2"": 3, ""degree_3_4"": 11, ""degree_5_8"": 14, ""degree_9_plus"": 4}","{""0"": 3, ""1"": 3, ""10"": 2, ""11"": 2, ""12"": 2, ""13"": 6, ""2"": 1, ""3"": 1, ""4"": 3, ""5"": 1, ""6"": 2, ""7"": 2, ""8"": 1, ""9"": 3}",79,"{""backend"": ""evaluate_m19_theory_calibrated.candidate_features"", ""delta_mode"": ""none"", ""k_max"": 512, ""k_min"": 64, ""variant"": ""conservative""}",79,0.3224489795918367,0.3924050632911392,0.3924050632911392,0.13924050632911392,1.0,"{""dp_17_64"": 0.6455696202531646, ""dp_5_16"": 0.08860759493670886, ""dp_65_256"": 0.26582278481012656}","{""cn_0"": 1.0}",0.0,53.164556962025316,sasb_candidate_builder,0770993af4977295e8dea99ebb83169ccc94c702ca8d529523943bd5ed32f02f,79,0770993af4977295e8dea99ebb83169ccc94c702ca8d529523943bd5ed32f02f,"{""sasb_builder"": 79}",0,0,0,0,{},0.0,"{""common_neighbor_bin_l1"": 0.0, ""degree_product_bin_l1"": 0.0, ""is_boundary_edge_l1"": 0.0, ""is_bridge_edge_l1"": 0.0, ""is_inter_community_edge_l1"": 0.0, ""is_low_common_neighbor_edge_l1"": 0.0, ""mean_l1"": 0.0}",1,32,32,0.0,0
realworld_completed,bio_celegans,SASB-candidate,sasb,SASB-structured,20260513,1391,late,0.3333333333333333,0.3333333333333333,0.0,68,68,0,0.6869135802469136,0.6874074074074074,29,32,29--32,3,6,3,6,18,1,0.5,0,7,7,32,"[""96"", ""60"", ""53"", ""440"", ""62"", ""411"", ""436"", ""401"", ""444"", ""51"", ""56"", ""418"", ""82"", ""83"", ""192"", ""193"", ""220"", ""32"", ""109"", ""206"", ""237"", ""421"", ""404"", ""422"", ""72"", ""52"", ""183"", ""428"", ""435"", ""371"", ""301"", ""107""]",42f6310626793981a674a4423f1cf1e646348c12ba32f943c90e84e35abe155c,"{""boundary"": 12, ""community_rep"": 3, ""degree_core"": 10, ""random_fill"": 7}","{""degree_0_1"": 1, ""degree_2"": 1, ""degree_3_4"": 12, ""degree_5_8"": 14, ""degree_9_plus"": 4}","{""0"": 3, ""1"": 2, ""10"": 4, ""11"": 2, ""12"": 3, ""13"": 4, ""2"": 1, ""3"": 1, ""4"": 3, ""5"": 1, ""6"": 2, ""7"": 2, ""8"": 1, ""9"": 3}",79,"{""backend"": ""evaluate_m19_theory_calibrated.candidate_features"", ""delta_mode"": ""none"", ""k_max"": 512, ""k_min"": 64, ""variant"": ""conservative""}",79,0.3237704918032787,0.3924050632911392,0.3924050632911392,0.13924050632911392,1.0,"{""dp_17_64"": 0.6455696202531646, ""dp_5_16"": 0.10126582278481013, ""dp_65_256"": 0.25316455696202533}","{""cn_0"": 0.9873417721518988, ""cn_1"": 0.012658227848101266}",0.012658227848101266,52.10126582278481,sasb_candidate_builder,eead3a3c00fba2d8fcd8bba62c35dfe73d3c8f88f4d019c4ab2e398040705782,79,eead3a3c00fba2d8fcd8bba62c35dfe73d3c8f88f4d019c4ab2e398040705782,"{""sasb_builder"": 79}",0,0,0,0,{},0.0,"{""common_neighbor_bin_l1"": 0.0, ""degree_product_bin_l1"": 0.0, ""is_boundary_edge_l1"": 0.0, ""is_bridge_edge_l1"": 0.0, ""is_inter_community_edge_l1"": 0.0, ""is_low_common_neighbor_edge_l1"": 0.0, ""mean_l1"": 0.0}",1,32,32,710.171875,0
realworld_completed,bio_celegans,SASB-candidate,sasb,SASB-structured,20260513,1392,late,0.3333333333333333,0.32229580573951433,0.011037527593818985,68,69,1,0.6874074074074074,0.6879012345679012,165,32,165--32,3,5,3,5,15,0,0.0,1,7,8,32,"[""96"", ""60"", ""53"", ""440"", ""62"", ""411"", ""436"", ""401"", ""444"", ""51"", ""56"", ""418"", ""82"", ""83"", ""192"", ""193"", ""220"", ""109"", ""206"", ""237"", ""32"", ""421"", ""404"", ""422"", ""72"", ""288"", ""417"", ""428"", ""9"", ""438"", ""185"", ""277""]",1c219d4412e2764e5db99a5ef215abd3e1aabc1a538f960c032db3b5314d4785,"{""boundary"": 12, ""community_rep"": 3, ""degree_core"": 10, ""random_fill"": 7}","{""degree_2"": 5, ""degree_3_4"": 9, ""degree_5_8"": 14, ""degree_9_plus"": 4}","{""0"": 3, ""1"": 3, ""10"": 3, ""11"": 2, ""12"": 3, ""13"": 4, ""2"": 2, ""3"": 1, ""4"": 2, ""5"": 1, ""6"": 1, ""7"": 2, ""8"": 1, ""9"": 4}",79,"{""backend"": ""evaluate_m19_theory_calibrated.candidate_features"", ""delta_mode"": ""none"", ""k_max"": 512, ""k_min"": 64, ""variant"": ""conservative""}",79,0.32510288065843623,0.3924050632911392,0.3924050632911392,0.1518987341772152,1.0,"{""dp_17_64"": 0.6329113924050633, ""dp_5_16"": 0.11392405063291139, ""dp_65_256"": 0.25316455696202533}","{""cn_0"": 1.0}",0.0,52.063291139240505,sasb_candidate_builder,2e8f6f17493924a0723c44ebd9f1d847755e7b4099b5622eeb4df2855c7ca1f1,79,2e8f6f17493924a0723c44ebd9f1d847755e7b4099b5622eeb4df2855c7ca1f1,"{""sasb_builder"": 79}",0,0,0,0,{},0.0,"{""common_neighbor_bin_l1"": 0.0, ""degree_product_bin_l1"": 0.0, ""is_boundary_edge_l1"": 0.0, ""is_bridge_edge_l1"": 0.0, ""is_inter_community_edge_l1"": 0.0, ""is_low_common_neighbor_edge_l1"": 0.0, ""mean_l1"": 0.0}",1,32,32,0.0,0
realworld_completed,bio_celegans,SASB-candidate,sasb,SASB-structured,20260513,1393,late,0.32229580573951433,0.32229580573951433,0.0,69,69,0,0.6879012345679012,0.688395061728395,401,56,401--56,3,6,3,6,18,1,0.5,0,10,10,32,"[""96"", ""60"", ""53"", ""440"", ""62"", ""411"", ""436"", ""401"", ""444"", ""51"", ""56"", ""418"", ""82"", ""83"", ""192"", ""193"", ""220"", ""109"", ""206"", ""237"", ""421"", ""430"", ""404"", ""422"", ""72"", ""187"", ""202"", ""399"", ""59"", ""50"", ""224"", ""432""]",cb97dc4d39fe6950d39ff8be579b4bd882b561931e9c13f5de42bd5de1b3a607,"{""boundary"": 12, ""community_rep"": 3, ""degree_core"": 10, ""random_fill"": 7}","{""degree_2"": 4, ""degree_3_4"": 9, ""degree_5_8"": 15, ""degree_9_plus"": 4}","{""0"": 3, ""1"": 2, ""10"": 3, ""11"": 3, ""12"": 2, ""13"": 6, ""2"": 2, ""3"": 3, ""4"": 1, ""5"": 1, ""6"": 1, ""7"": 1, ""8"": 1, ""9"": 3}",77,"{""backend"": ""evaluate_m19_theory_calibrated.candidate_features"", ""delta_mode"": ""none"", ""k_max"": 512, ""k_min"": 64, ""variant"": ""conservative""}",77,0.32905982905982906,0.4025974025974026,0.4025974025974026,0.14285714285714285,1.0,"{""dp_17_64"": 0.6363636363636364, ""dp_5_16"": 0.1038961038961039, ""dp_65_256"": 0.2597402597402597}","{""cn_0"": 1.0}",0.0,52.83116883116883,sasb_candidate_builder,8ad876ccd35c9130aa88da9b49b649ca1ab6f99157b27fda32c90a02dbb7620d,77,8ad876ccd35c9130aa88da9b49b649ca1ab6f99157b27fda32c90a02dbb7620d,"{""sasb_builder"": 77}",0,0,0,0,{},0.0,"{""common_neighbor_bin_l1"": 0.0, ""degree_product_bin_l1"": 0.0, ""is_boundary_edge_l1"": 0.0, ""is_bridge_edge_l1"": 0.0, ""is_inter_community_edge_l1"": 0.0, ""is_low_common_neighbor_edge_l1"": 0.0, ""mean_l1"": 0.0}",1,32,32,0.0,0
realworld_completed,bio_celegans,SASB-candidate,sasb,SASB-structured,20260513,1394,late,0.32229580573951433,0.32229580573951433,0.0,69,69,0,0.688395061728395,0.6888888888888889,401,402,401--402,2,3,2,3,6,0,0.0,1,10,7,32,"[""96"", ""60"", ""53"", ""440"", ""62"", ""445"", ""436"", ""444"", ""448"", ""51"", ""418"", ""421"", ""82"", ""83"", ""192"", ""193"", ""220"", ""109"", ""206"", ""237"", ""430"", ""432"", ""446"", ""353"", ""422"", ""72"", ""165"", ""149"", ""382"", ""441"", ""128"", ""434""]",0947d379f84945d1578a37bfe72ba3ba0bf1a8cca6e28d18628c835057d6cbcf,"{""boundary"": 12, ""community_rep"": 4, ""degree_core"": 10, ""random_fill"": 6}","{""degree_2"": 2, ""degree_3_4"": 9, ""degree_5_8"": 17, ""degree_9_plus"": 4}","{""0"": 1, ""1"": 2, ""10"": 2, ""11"": 6, ""12"": 1, ""13"": 2, ""14"": 2, ""2"": 1, ""3"": 3, ""4"": 3, ""5"": 2, ""6"": 1, ""7"": 3, ""8"": 1, ""9"": 2}",77,"{""backend"": ""evaluate_m19_theory_calibrated.candidate_features"", ""delta_mode"": ""none"", ""k_max"": 512, ""k_min"": 64, ""variant"": ""conservative""}",77,0.33047210300429186,0.4155844155844156,0.4155844155844156,0.14285714285714285,1.0,"{""dp_17_64"": 0.6233766233766234, ""dp_5_16"": 0.11688311688311688, ""dp_65_256"": 0.2597402597402597}","{""cn_0"": 1.0}",0.0,52.61038961038961,sasb_candidate_builder,24844193aba37582e3c294b37b42b9e577241c0d45bd7e9914e6898be30f41d7,77,24844193aba37582e3c294b37b42b9e577241c0d45bd7e9914e6898be30f41d7,"{""sasb_builder"": 77}",0,0,0,0,{},0.0,"{""common_neighbor_bin_l1"": 0.0, ""degree_product_bin_l1"": 0.0, ""is_boundary_edge_l1"": 0.0, ""is_bridge_edge_l1"": 0.0, ""is_inter_community_edge_l1"": 0.0, ""is_low_common_neighbor_edge_l1"": 0.0, ""mean_l1"": 0.0}",1,32,32,236.85224358974367,0
realworld_completed,bio_celegans,SASB-candidate,sasb,SASB-structured,20260513,1395,late,0.32229580573951433,0.32229580573951433,0.0,69,69,0,0.6888888888888889,0.6893827160493827,220,325,220--325,6,3,3,6,18,1,0.5,0,0,0,32,"[""96"", ""60"", ""53"", ""440"", ""62"", ""445"", ""436"", ""444"", ""448"", ""51"", ""418"", ""421"", ""82"", ""83"", ""192"", ""193"", ""220"", ""109"", ""206"", ""237"", ""430"", ""432"", ""446"", ""353"", ""422"", ""72"", ""452"", ""61"", ""5"", ""447"", ""437"", ""427""]",4ec83439ede1118231a572d42decd911e1fb566d07605cdda65c08ddaf53526a,"{""boundary"": 12, ""community_rep"": 4, ""degree_core"": 10, ""random_fill"": 6}","{""degree_0_1"": 1, ""degree_2"": 3, ""degree_3_4"": 7, ""degree_5_8"": 17, ""degree_9_plus"": 4}","{""0"": 1, ""1"": 4, ""10"": 4, ""11"": 5, ""12"": 1, ""13"": 2, ""14"": 1, ""2"": 1, ""3"": 2, ""4"": 3, ""5"": 1, ""6"": 2, ""7"": 2, ""8"": 1, ""9"": 2}",76,"{""backend"": ""evaluate_m19_theory_calibrated.candidate_features"", ""delta_mode"": ""none"", ""k_max"": 512, ""k_min"": 64, ""variant"": ""conservative""}",76,0.3275862068965517,0.40789473684210525,0.40789473684210525,0.14473684210526316,1.0,"{""dp_17_64"": 0.6447368421052632, ""dp_5_16"": 0.09210526315789473, ""dp_65_256"": 0.2631578947368421}","{""cn_0"": 0.9868421052631579, ""cn_1"": 0.013157894736842105}",0.013157894736842105,53.03947368421053,sasb_candidate_builder,75b6877f7acb808dc280557a4614d79a5beebc1f41d712f52e73c30ca72034a5,76,75b6877f7acb808dc280557a4614d79a5beebc1f41d712f52e73c30ca72034a5,"{""sasb_builder"": 76}",0,0,0,0,{},0.0,"{""common_neighbor_bin_l1"": 0.0, ""degree_product_bin_l1"": 0.0, ""is_boundary_edge_l1"": 0.0, ""is_bridge_edge_l1"": 0.0, ""is_inter_community_edge_l1"": 0.0, ""is_low_common_neighbor_edge_l1"": 0.0, ""mean_l1"": 0.0}",1,32,32,1961.875,0
realworld_completed,bio_celegans,SASB-candidate,sasb,SASB-structured,20260513,1396,late,0.32229580573951433,0.31125827814569534,0.011037527593818985,69,70,1,0.6893827160493827,0.6898765432098766,220,235,220--235,5,2,2,5,10,0,0.0,0,1,1,32,"[""96"", ""60"", ""53"", ""440"", ""62"", ""445"", ""436"", ""444"", ""448"", ""51"", ""418"", ""421"", ""82"", ""83"", ""192"", ""193"", ""109"", ""206"", ""220"", ""237"", ""430"", ""432"", ""446"", ""353"", ""422"", ""72"", ""226"", ""67"", ""126"", ""406"", ""224"", ""304""]",7e611c177941ec63bd27cf9f581f146f1466cce57ffca335bb468b2292ea40d2,"{""boundary"": 12, ""community_rep"": 4, ""degree_core"": 10, ""random_fill"": 6}","{""degree_2"": 3, ""degree_3_4"": 9, ""degree_5_8"": 16, ""degree_9_plus"": 4}","{""0"": 1, ""1"": 2, ""10"": 2, ""11"": 5, ""12"": 1, ""13"": 2, ""14"": 1, ""2"": 1, ""3"": 3, ""4"": 4, ""5"": 1, ""6"": 1, ""7"": 3, ""8"": 2, ""9"": 3}",76,"{""backend"": ""evaluate_m19_theory_calibrated.candidate_features"", ""delta_mode"": ""none"", ""k_max"": 512, ""k_min"": 64, ""variant"": ""conservative""}",76,0.329004329004329,0.40789473684210525,0.40789473684210525,0.15789473684210525,1.0,"{""dp_17_64"": 0.631578947368421, ""dp_5_16"": 0.10526315789473684, ""dp_65_256"": 0.2631578947368421}","{""cn_0"": 1.0}",0.0,52.93421052631579,sasb_candidate_builder,83494643b00d13c7e08d48afa248e1842a1d8f203b2ca6faa90490d478ea15e5,76,83494643b00d13c7e08d48afa248e1842a1d8f203b2ca6faa90490d478ea15e5,"{""sasb_builder"": 76}",0,0,0,0,{},0.0,"{""common_neighbor_bin_l1"": 0.0, ""degree_product_bin_l1"": 0.0, ""is_boundary_edge_l1"": 0.0, ""is_bridge_edge_l1"": 0.0, ""is_inter_community_edge_l1"": 0.0, ""is_low_common_neighbor_edge_l1"": 0.0, ""mean_l1"": 0.0}",1,32,32,1350.5,0
realworld_completed,bio_celegans,SASB-candidate,sasb,SASB-structured,20260513,1397,late,0.31125827814569534,0.31125827814569534,0.0,70,70,0,0.6898765432098766,0.6903703703703704,402,51,402--51,2,10,2,10,20,0,0.0,0,6,6,32,"[""96"", ""60"", ""53"", ""440"", ""62"", ""445"", ""436"", ""444"", ""448"", ""51"", ""418"", ""421"", ""82"", ""83"", ""192"", ""193"", ""109"", ""206"", ""237"", ""430"", ""432"", ""434"", ""446"", ""353"", ""422"", ""72"", ""213"", ""406"", ""235"", ""395"", ""452"", ""180""]",e10effd84d211db5e8ef7f9c3a8fa84fa77005a32c3b90d239d23cb2f999061c,"{""boundary"": 12, ""community_rep"": 4, ""degree_core"": 10, ""random_fill"": 6}","{""degree_0_1"": 2, ""degree_2"": 3, ""degree_3_4"": 7, ""degree_5_8"": 16, ""degree_9_plus"": 4}","{""0"": 1, ""1"": 3, ""10"": 2, ""11"": 6, ""12"": 1, ""13"": 3, ""14"": 1, ""2"": 1, ""3"": 1, ""4"": 3, ""5"": 1, ""6"": 2, ""7"": 3, ""8"": 1, ""9"": 3}",75,"{""backend"": ""evaluate_m19_theory_calibrated.candidate_features"", ""delta_mode"": ""none"", ""k_max"": 512, ""k_min"": 64, ""variant"": ""conservative""}",75,0.33482142857142855,0.41333333333333333,0.41333333333333333,0.14666666666666667,1.0,"{""dp_17_64"": 0.64, ""dp_5_16"": 0.09333333333333334, ""dp_65_256"": 0.26666666666666666}","{""cn_0"": 1.0}",0.0,53.50666666666667,sasb_candidate_builder,61d183994375e5d210deb10e81e8f9e900869498f26e55dcf193d2aa29cd2c8d,75,61d183994375e5d210deb10e81e8f9e900869498f26e55dcf193d2aa29cd2c8d,"{""sasb_builder"": 75}",0,0,0,0,{},0.0,"{""common_neighbor_bin_l1"": 0.0, ""degree_product_bin_l1"": 0.0, ""is_boundary_edge_l1"": 0.0, ""is_bridge_edge_l1"": 0.0, ""is_inter_community_edge_l1"": 0.0, ""is_low_common_neighbor_edge_l1"": 0.0, ""mean_l1"": 0.0}",1,32,32,0.0,0
realworld_completed,bio_celegans,SASB-candidate,sasb,SASB-structured,20260513,1398,late,0.31125827814569534,0.3090507726269316,0.0022075055187637527,70,71,1,0.6903703703703704,0.6908641975308641,402,53,402--53,1,12,1,12,12,0,0.0,0,6,6,32,"[""96"", ""60"", ""53"", ""440"", ""62"", ""445"", ""436"", ""444"", ""448"", ""51"", ""418"", ""421"", ""82"", ""83"", ""192"", ""193"", ""109"", ""206"", ""237"", ""430"", ""432"", ""434"", ""446"", ""353"", ""422"", ""72"", ""417"", ""52"", ""395"", ""225"", ""394"", ""412""]",2bde3c2700d0ca250477a3d4709e034f5f9f1d74915c9c9e59ac74480fef7a1b,"{""boundary"": 12, ""community_rep"": 4, ""degree_core"": 10, ""random_fill"": 6}","{""degree_0_1"": 2, ""degree_2"": 1, ""degree_3_4"": 9, ""degree_5_8"": 16, ""degree_9_plus"": 4}","{""0"": 1, ""1"": 3, ""10"": 2, ""11"": 6, ""12"": 1, ""13"": 2, ""14"": 2, ""2"": 1, ""3"": 1, ""4"": 3, ""5"": 1, ""6"": 1, ""7"": 4, ""8"": 1, ""9"": 3}",74,"{""backend"": ""evaluate_m19_theory_calibrated.candidate_features"", ""delta_mode"": ""none"", ""k_max"": 512, ""k_min"": 64, ""variant"": ""conservative""}",74,0.33183856502242154,0.4189189189189189,0.4189189189189189,0.16216216216216217,1.0,"{""dp_17_64"": 0.6216216216216216, ""dp_5_16"": 0.10810810810810811, ""dp_65_256"": 0.2702702702702703}","{""cn_0"": 1.0}",0.0,53.4054054054054,sasb_candidate_builder,3f2dae9598c25eb5e4339521ec2ca385d11431852d5e4dcbb91848c6a28d9f30,74,3f2dae9598c25eb5e4339521ec2ca385d11431852d5e4dcbb91848c6a28d9f30,"{""sasb_builder"": 74}",0,0,0,0,{},0.0,"{""common_neighbor_bin_l1"": 0.0, ""degree_product_bin_l1"": 0.0, ""is_boundary_edge_l1"": 0.0, ""is_bridge_edge_l1"": 0.0, ""is_inter_community_edge_l1"": 0.0, ""is_low_common_neighbor_edge_l1"": 0.0, ""mean_l1"": 0.0}",1,32,32,0.0,0
realworld_completed,bio_celegans,SASB-candidate,sasb,SASB-structured,20260513,1399,late,0.3090507726269316,0.2958057395143488,0.013245033112582794,71,72,1,0.6908641975308641,0.691358024691358,226,295,226--295,3,3,3,3,9,0,0.0,0,8,8,32,"[""96"", ""60"", ""53"", ""440"", ""62"", ""445"", ""436"", ""444"", ""448"", ""51"", ""418"", ""421"", ""82"", ""83"", ""192"", ""193"", ""109"", ""206"", ""237"", ""430"", ""432"", ""434"", ""446"", ""353"", ""422"", ""72"", ""294"", ""395"", ""236"", ""413"", ""385"", ""377""]",50e75e4a1d7b1dd0b00af1d1fdb662c00f4dd6ae36c24aee94961f6bfd0a9807,"{""boundary"": 12, ""community_rep"": 4, ""degree_core"": 10, ""random_fill"": 6}","{""degree_0_1"": 2, ""degree_2"": 2, ""degree_3_4"": 8, ""degree_5_8"": 16, ""degree_9_plus"": 4}","{""0"": 1, ""1"": 2, ""10"": 2, ""11"": 7, ""12"": 1, ""13"": 2, ""14"": 2, ""2"": 1, ""3"": 1, ""4"": 4, ""5"": 1, ""6"": 1, ""7"": 3, ""8"": 1, ""9"": 3}",74,"{""backend"": ""evaluate_m19_theory_calibrated.candidate_features"", ""delta_mode"": ""none"", ""k_max"": 512, ""k_min"": 64, ""variant"": ""conservative""}",74,0.3333333333333333,0.4189189189189189,0.4189189189189189,0.16216216216216217,1.0,"{""dp_17_64"": 0.6216216216216216, ""dp_5_16"": 0.10810810810810811, ""dp_65_256"": 0.2702702702702703}","{""cn_0"": 1.0}",0.0,52.87837837837838,sasb_candidate_builder,a4e6ce899b28515806c25e2c6f95a9e67e38db604d91a40ef068a3aa8df15610,74,a4e6ce899b28515806c25e2c6f95a9e67e38db604d91a40ef068a3aa8df15610,"{""sasb_builder"": 74}",0,0,0,0,{},0.0,"{""common_neighbor_bin_l1"": 0.0, ""degree_product_bin_l1"": 0.0, ""is_boundary_edge_l1"": 0.0, ""is_bridge_edge_l1"": 0.0, ""is_inter_community_edge_l1"": 0.0, ""is_low_common_neighbor_edge_l1"": 0.0, ""mean_l1"": 0.0}",1,32,32,1960.0,0
realworld_completed,bio_celegans,SASB-candidate,sasb,SASB-structured,20260513,1400,late,0.2958057395143488,0.2847682119205298,0.011037527593818985,72,73,1,0.691358024691358,0.6918518518518518,404,60,404--60,4,11,4,11,44,0,0.0,1,5,6,32,"[""96"", ""60"", ""53"", ""440"", ""62"", ""445"", ""436"", ""444"", ""448"", ""51"", ""418"", ""421"", ""82"", ""83"", ""192"", ""193"", ""206"", ""237"", ""430"", ""432"", ""434"", ""446"", ""423"", ""353"", ""422"", ""72"", ""50"", ""235"", ""128"", ""56"", ""441"", ""20""]",7fd44398a216f01a609b97624e7027a74c58bffc752259adef577af629eb2716,"{""boundary"": 12, ""community_rep"": 4, ""degree_core"": 10, ""random_fill"": 6}","{""degree_0_1"": 2, ""degree_2"": 2, ""degree_3_4"": 8, ""degree_5_8"": 16, ""degree_9_plus"": 4}","{""0"": 1, ""1"": 2, ""10"": 3, ""11"": 6, ""12"": 1, ""13"": 2, ""14"": 1, ""2"": 2, ""3"": 4, ""4"": 3, ""5"": 1, ""6"": 1, ""7"": 2, ""8"": 1, ""9"": 2}",72,"{""backend"": ""evaluate_m19_theory_calibrated.candidate_features"", ""delta_mode"": ""none"", ""k_max"": 512, ""k_min"": 64, ""variant"": ""conservative""}",72,0.33962264150943394,0.4305555555555556,0.4305555555555556,0.1527777777777778,1.0,"{""dp_17_64"": 0.6388888888888888, ""dp_5_16"": 0.08333333333333333, ""dp_65_256"": 0.2777777777777778}","{""cn_0"": 1.0}",0.0,54.05555555555556,sasb_candidate_builder,83d9f0d4b74b6c9b7eac3e0bdd86488b09ec928b09c473b005cee40b769ef893,72,83d9f0d4b74b6c9b7eac3e0bdd86488b09ec928b09c473b005cee40b769ef893,"{""sasb_builder"": 72}",0,0,0,0,{},0.0,"{""common_neighbor_bin_l1"": 0.0, ""degree_product_bin_l1"": 0.0, ""is_boundary_edge_l1"": 0.0, ""is_bridge_edge_l1"": 0.0, ""is_inter_community_edge_l1"": 0.0, ""is_low_common_neighbor_edge_l1"": 0.0, ""mean_l1"": 0.0}",1,32,32,0.0,0
realworld_completed,bio_celegans,SASB-candidate,sasb,SASB-structured,20260513,1401,late,0.2847682119205298,0.2847682119205298,0.0,73,73,0,0.6918518518518518,0.6923456790123457,405,60,405--60,3,10,3,10,30,1,0.5,0,0,0,32,"[""96"", ""60"", ""53"", ""440"", ""62"", ""445"", ""436"", ""444"", ""448"", ""51"", ""418"", ""421"", ""82"", ""83"", ""192"", ""193"", ""206"", ""237"", ""430"", ""432"", ""434"", ""446"", ""423"", ""353"", ""422"", ""72"", ""406"", ""67"", ""207"", ""25"", ""226"", ""357""]",8b4ec0428b19e733b8c1826007ab433e4731e0b00cf2d2a864f542e7a1515f0f,"{""boundary"": 12, ""community_rep"": 4, ""degree_core"": 10, ""random_fill"": 6}","{""degree_0_1"": 2, ""degree_2"": 2, ""degree_3_4"": 9, ""degree_5_8"": 15, ""degree_9_plus"": 4}","{""0"": 1, ""1"": 2, ""10"": 2, ""11"": 6, ""12"": 1, ""13"": 3, ""14"": 1, ""2"": 1, ""3"": 2, ""4"": 3, ""5"": 1, ""6"": 1, ""7"": 3, ""8"": 2, ""9"": 3}",70,"{""backend"": ""evaluate_m19_theory_calibrated.candidate_features"", ""delta_mode"": ""none"", ""k_max"": 512, ""k_min"": 64, ""variant"": ""conservative""}",70,0.3465346534653465,0.44285714285714284,0.44285714285714284,0.14285714285714285,1.0,"{""dp_17_64"": 0.6285714285714286, ""dp_5_16"": 0.08571428571428572, ""dp_65_256"": 0.2857142857142857}","{""cn_0"": 1.0}",0.0,54.02857142857143,sasb_candidate_builder,1e00a0d8e76569d445ed0e1a2b5eaa32b69aed7d18b2fb41fbf121c0a8c2b51c,70,1e00a0d8e76569d445ed0e1a2b5eaa32b69aed7d18b2fb41fbf121c0a8c2b51c,"{""sasb_builder"": 70}",0,0,0,0,{},0.0,"{""common_neighbor_bin_l1"": 0.0, ""degree_product_bin_l1"": 0.0, ""is_boundary_edge_l1"": 0.0, ""is_bridge_edge_l1"": 0.0, ""is_inter_community_edge_l1"": 0.0, ""is_low_common_neighbor_edge_l1"": 0.0, ""mean_l1"": 0.0}",1,32,32,0.0,0
realworld_completed,bio_celegans,SASB-candidate,sasb,SASB-structured,20260513,1402,late,0.2847682119205298,0.2847682119205298,0.0,73,73,0,0.6923456790123457,0.6928395061728395,405,96,405--96,2,27,2,27,54,1,1.0,0,12,12,32,"[""96"", ""60"", ""53"", ""440"", ""62"", ""445"", ""436"", ""444"", ""448"", ""51"", ""418"", ""421"", ""82"", ""83"", ""192"", ""193"", ""206"", ""237"", ""430"", ""432"", ""434"", ""446"", ""423"", ""353"", ""422"", ""72"", ""410"", ""226"", ""73"", ""382"", ""7"", ""323""]",e2380ad0d7eb80322187c51b8635b4a9fef3276a87d690e1b32fa387a8b95b25,"{""boundary"": 12, ""community_rep"": 4, ""degree_core"": 10, ""random_fill"": 6}","{""degree_0_1"": 1, ""degree_2"": 2, ""degree_3_4"": 10, ""degree_5_8"": 15, ""degree_9_plus"": 4}","{""0"": 1, ""1"": 2, ""10"": 2, ""11"": 6, ""12"": 1, ""13"": 3, ""14"": 2, ""2"": 1, ""3"": 2, ""4"": 3, ""5"": 1, ""6"": 2, ""7"": 2, ""8"": 1, ""9"": 3}",69,"{""backend"": ""evaluate_m19_theory_calibrated.candidate_features"", ""delta_mode"": ""none"", ""k_max"": 512, ""k_min"": 64, ""variant"": ""conservative""}",69,0.34328358208955223,0.4492753623188406,0.4492753623188406,0.14492753623188406,1.0,"{""dp_17_64"": 0.6376811594202898, ""dp_5_16"": 0.08695652173913043, ""dp_65_256"": 0.2753623188405797}","{""cn_0"": 1.0}",0.0,53.47826086956522,sasb_candidate_builder,1c2d3a27720068bd4e411a1797bf74812d3cb98bcbc3b5dcf8d8ed546aa458de,69,1c2d3a27720068bd4e411a1797bf74812d3cb98bcbc3b5dcf8d8ed546aa458de,"{""sasb_builder"": 69}",0,0,0,0,{},0.0,"{""common_neighbor_bin_l1"": 0.0, ""degree_product_bin_l1"": 0.0, ""is_boundary_edge_l1"": 0.0, ""is_bridge_edge_l1"": 0.0, ""is_inter_community_edge_l1"": 0.0, ""is_low_common_neighbor_edge_l1"": 0.0, ""mean_l1"": 0.0}",1,32,32,0.0,0
realworld_completed,bio_celegans,SASB-candidate,sasb,SASB-structured,20260513,1403,late,0.2847682119205298,0.2847682119205298,0.0,73,73,0,0.6928395061728395,0.6933333333333334,406,51,406--51,4,9,4,9,36,1,0.3333333333333333,0,5,5,32,"[""96"", ""60"", ""53"", ""440"", ""62"", ""445"", ""436"", ""444"", ""448"", ""51"", ""418"", ""421"", ""82"", ""83"", ""192"", ""193"", ""206"", ""237"", ""430"", ""432"", ""434"", ""446"", ""423"", ""353"", ""422"", ""72"", ""408"", ""409"", ""317"", ""20"", ""294"", ""406""]",dcef6ce20aae8abb4d6a8c78e9ca08aea38f5ec4a148de1e132501c7df464d31,"{""boundary"": 12, ""community_rep"": 4, ""degree_core"": 10, ""random_fill"": 6}","{""degree_0_1"": 2, ""degree_2"": 3, ""degree_3_4"": 8, ""degree_5_8"": 15, ""degree_9_plus"": 4}","{""0"": 1, ""1"": 1, ""10"": 2, ""11"": 6, ""12"": 1, ""13"": 2, ""14"": 1, ""2"": 1, ""3"": 2, ""4"": 3, ""5"": 2, ""6"": 1, ""7"": 6, ""8"": 1, ""9"": 2}",69,"{""backend"": ""evaluate_m19_theory_calibrated.candidate_features"", ""delta_mode"": ""none"", ""k_max"": 512, ""k_min"": 64, ""variant"": ""conservative""}",69,0.345,0.43478260869565216,0.43478260869565216,0.14492753623188406,1.0,"{""dp_17_64"": 0.6376811594202898, ""dp_5_16"": 0.08695652173913043, ""dp_65_256"": 0.2753623188405797}","{""cn_0"": 1.0}",0.0,51.81159420289855,sasb_candidate_builder,ced3fa2b3ca84f23fffad443f439a16a5a311e00f824f93d2327b1590c673f46,69,ced3fa2b3ca84f23fffad443f439a16a5a311e00f824f93d2327b1590c673f46,"{""sasb_builder"": 69}",0,0,0,0,{},0.0,"{""common_neighbor_bin_l1"": 0.0, ""degree_product_bin_l1"": 0.0, ""is_boundary_edge_l1"": 0.0, ""is_bridge_edge_l1"": 0.0, ""is_inter_community_edge_l1"": 0.0, ""is_low_common_neighbor_edge_l1"": 0.0, ""mean_l1"": 0.0}",1,32,32,0.0,0
realworld_completed,bio_celegans,SASB-candidate,sasb,SASB-structured,20260513,1404,late,0.2847682119205298,0.2847682119205298,0.0,73,73,0,0.6933333333333334,0.6938271604938272,446,447,446--447,5,2,2,5,10,1,1.0,1,8,9,32,"[""96"", ""53"", ""60"", ""62"", ""446"", ""407"", ""436"", ""444"", ""448"", ""440"", ""51"", ""418"", ""82"", ""83"", ""192"", ""193"", ""206"", ""237"", ""421"", ""430"", ""432"", ""434"", ""423"", ""353"", ""72"", ""438"", ""417"", ""209"", ""306"", ""441"", ""447"", ""435""]",52fc8cdf2791f833d781910166347e0f2f45ff523d24c4af37e9dce0f29d736b,"{""boundary"": 12, ""community_rep"": 3, ""degree_core"": 10, ""random_fill"": 7}","{""degree_2"": 5, ""degree_3_4"": 9, ""degree_5_8"": 15, ""degree_9_plus"": 3}","{""0"": 1, ""1"": 1, ""10"": 1, ""11"": 4, ""2"": 5, ""3"": 3, ""4"": 1, ""5"": 3, ""6"": 1, ""7"": 2, ""8"": 2, ""9"": 8}",69,"{""backend"": ""evaluate_m19_theory_calibrated.candidate_features"", ""delta_mode"": ""none"", ""k_max"": 512, ""k_min"": 64, ""variant"": ""conservative""}",69,0.34673366834170855,0.37681159420289856,0.37681159420289856,0.14492753623188406,1.0,"{""dp_17_64"": 0.5797101449275363, ""dp_5_16"": 0.14492753623188406, ""dp_65_256"": 0.2753623188405797}","{""cn_0"": 0.9855072463768116, ""cn_1"": 0.014492753623188406}",0.014492753623188406,50.78260869565217,sasb_candidate_builder,1a2ac4551750c7b4a9b4ef0d2767102658cf8813fb083c7bd23859b27ae63529,69,1a2ac4551750c7b4a9b4ef0d2767102658cf8813fb083c7bd23859b27ae63529,"{""sasb_builder"": 69}",0,0,0,0,{},0.0,"{""common_neighbor_bin_l1"": 0.0, ""degree_product_bin_l1"": 0.0, ""is_boundary_edge_l1"": 0.0, ""is_bridge_edge_l1"": 0.0, ""is_inter_community_edge_l1"": 0.0, ""is_low_common_neighbor_edge_l1"": 0.0, ""mean_l1"": 0.0}",1,32,32,40.3125,0
realworld_completed,bio_celegans,SASB-candidate,sasb,SASB-structured,20260513,1405,late,0.2847682119205298,0.2847682119205298,0.0,73,73,0,0.6938271604938272,0.694320987654321,406,53,406--53,3,11,3,11,33,1,0.5,1,9,5,32,"[""96"", ""53"", ""60"", ""62"", ""407"", ""436"", ""444"", ""448"", ""440"", ""51"", ""418"", ""421"", ""82"", ""83"", ""192"", ""193"", ""206"", ""237"", ""430"", ""432"", ""434"", ""445"", ""61"", ""423"", ""353"", ""72"", ""12"", ""52"", ""128"", ""399"", ""405"", ""233""]",044e762b1464c7f9b8785c08f7136ea4f29de1273f5aa2c1e39b0541eebecbaa,"{""boundary"": 12, ""community_rep"": 4, ""degree_core"": 10, ""random_fill"": 6}","{""degree_0_1"": 1, ""degree_2"": 3, ""degree_3_4"": 9, ""degree_5_8"": 16, ""degree_9_plus"": 3}","{""0"": 1, ""1"": 2, ""10"": 1, ""11"": 3, ""2"": 5, ""3"": 3, ""4"": 1, ""5"": 3, ""6"": 1, ""7"": 3, ""8"": 2, ""9"": 7}",69,"{""backend"": ""evaluate_m19_theory_calibrated.candidate_features"", ""delta_mode"": ""none"", ""k_max"": 512, ""k_min"": 64, ""variant"": ""conservative""}",69,0.3484848484848485,0.36231884057971014,0.36231884057971014,0.17391304347826086,1.0,"{""dp_17_64"": 0.5797101449275363, ""dp_5_16"": 0.14492753623188406, ""dp_65_256"": 0.2753623188405797}","{""cn_0"": 1.0}",0.0,50.05797101449275,sasb_candidate_builder,821c8cc378f292d91b14b1c3485e74708cb6aae14edcf753ecdba7dd845bd41f,69,821c8cc378f292d91b14b1c3485e74708cb6aae14edcf753ecdba7dd845bd41f,"{""sasb_builder"": 69}",0,0,0,0,{},0.0,"{""common_neighbor_bin_l1"": 0.0, ""degree_product_bin_l1"": 0.0, ""is_boundary_edge_l1"": 0.0, ""is_bridge_edge_l1"": 0.0, ""is_inter_community_edge_l1"": 0.0, ""is_low_common_neighbor_edge_l1"": 0.0, ""mean_l1"": 0.0}",1,32,32,0.0,0
realworld_completed,bio_celegans,SASB-candidate,sasb,SASB-structured,20260513,1406,late,0.2847682119205298,0.2847682119205298,0.0,73,73,0,0.694320987654321,0.6948148148148148,56,61,56--61,5,5,5,5,25,2,0.5,0,8,8,32,"[""96"", ""53"", ""60"", ""62"", ""407"", ""436"", ""444"", ""448"", ""440"", ""51"", ""418"", ""421"", ""82"", ""83"", ""192"", ""193"", ""206"", ""237"", ""430"", ""432"", ""434"", ""445"", ""61"", ""423"", ""353"", ""72"", ""45"", ""401"", ""408"", ""327"", ""405"", ""277""]",9315fd3d5fbe0248b44428c0ed059b39948570181274f96d4ecd1f7003f00a48,"{""boundary"": 12, ""community_rep"": 4, ""degree_core"": 10, ""random_fill"": 6}","{""degree_0_1"": 3, ""degree_2"": 3, ""degree_3_4"": 7, ""degree_5_8"": 16, ""degree_9_plus"": 3}","{""0"": 1, ""1"": 1, ""10"": 1, ""11"": 3, ""2"": 4, ""3"": 3, ""4"": 1, ""5"": 4, ""6"": 2, ""7"": 3, ""8"": 3, ""9"": 6}",69,"{""backend"": ""evaluate_m19_theory_calibrated.candidate_features"", ""delta_mode"": ""none"", ""k_max"": 512, ""k_min"": 64, ""variant"": ""conservative""}",69,0.350253807106599,0.34782608695652173,0.34782608695652173,0.17391304347826086,0.9855072463768116,"{""dp_17_64"": 0.5797101449275363, ""dp_5_16"": 0.14492753623188406, ""dp_65_256"": 0.2753623188405797}","{""cn_0"": 0.9855072463768116, ""cn_2_3"": 0.014492753623188406}",0.028985507246376812,49.34782608695652,sasb_candidate_builder,dfcb89945fcc64f3712b9a1de5818e9780332d4c8920e6db9c455d8988f92340,69,dfcb89945fcc64f3712b9a1de5818e9780332d4c8920e6db9c455d8988f92340,"{""sasb_builder"": 69}",0,0,0,0,{},0.0,"{""common_neighbor_bin_l1"": 0.0, ""degree_product_bin_l1"": 0.0, ""is_boundary_edge_l1"": 0.0, ""is_bridge_edge_l1"": 0.0, ""is_inter_community_edge_l1"": 0.0, ""is_low_common_neighbor_edge_l1"": 0.0, ""mean_l1"": 0.0}",1,32,32,620.8125,0
realworld_completed,bio_celegans,SASB-candidate,sasb,SASB-structured,20260513,1407,late,0.2847682119205298,0.2847682119205298,0.0,73,73,0,0.6948148148148148,0.6953086419753086,206,61,206--61,5,4,4,5,20,1,0.3333333333333333,0,8,8,32,"[""96"", ""53"", ""60"", ""62"", ""407"", ""436"", ""444"", ""448"", ""440"", ""51"", ""418"", ""421"", ""82"", ""83"", ""192"", ""193"", ""206"", ""237"", ""430"", ""432"", ""434"", ""445"", ""423"", ""353"", ""72"", ""372"", ""187"", ""408"", ""400"", ""185"", ""325"", ""213""]",2132e02c8ac668b0dff6c65c7dfa0056c10469a2897f8e5d85936024eaab61f4,"{""boundary"": 12, ""community_rep"": 3, ""degree_core"": 10, ""random_fill"": 7}","{""degree_2"": 5, ""degree_3_4"": 9, ""degree_5_8"": 15, ""degree_9_plus"": 3}","{""0"": 2, ""1"": 2, ""10"": 2, ""11"": 4, ""2"": 4, ""3"": 3, ""4"": 1, ""5"": 4, ""6"": 1, ""7"": 2, ""8"": 1, ""9"": 6}",69,"{""backend"": ""evaluate_m19_theory_calibrated.candidate_features"", ""delta_mode"": ""none"", ""k_max"": 512, ""k_min"": 64, ""variant"": ""conservative""}",69,0.3520408163265306,0.34782608695652173,0.34782608695652173,0.17391304347826086,1.0,"{""dp_17_64"": 0.5797101449275363, ""dp_5_16"": 0.14492753623188406, ""dp_65_256"": 0.2753623188405797}","{""cn_0"": 1.0}",0.0,49.27536231884058,sasb_candidate_builder,43d9c320469305c3b1be2d731b875bbe95d96f3d9f29c6e81ce417c2e9508864,69,43d9c320469305c3b1be2d731b875bbe95d96f3d9f29c6e81ce417c2e9508864,"{""sasb_builder"": 69}",0,0,0,0,{},0.0,"{""common_neighbor_bin_l1"": 0.0, ""degree_product_bin_l1"": 0.0, ""is_boundary_edge_l1"": 0.0, ""is_bridge_edge_l1"": 0.0, ""is_inter_community_edge_l1"": 0.0, ""is_low_common_neighbor_edge_l1"": 0.0, ""mean_l1"": 0.0}",1,32,32,0.0,0
realworld_completed,bio_celegans,SASB-candidate,sasb,SASB-structured,20260513,1408,late,0.2847682119205298,0.2847682119205298,0.0,73,73,0,0.6953086419753086,0.6958024691358025,406,60,406--60,2,9,2,9,18,1,1.0,0,5,5,32,"[""96"", ""53"", ""60"", ""62"", ""407"", ""436"", ""444"", ""448"", ""440"", ""51"", ""418"", ""421"", ""82"", ""83"", ""192"", ""193"", ""237"", ""430"", ""432"", ""434"", ""445"", ""149"", ""446"", ""423"", ""353"", ""72"", ""19"", ""59"", ""304"", ""428"", ""412"", ""413""]",2510b5fcbdf9206e5e3479fbeed4e8691d6728fde1bb809791b37ff37970367e,"{""boundary"": 12, ""community_rep"": 4, ""degree_core"": 10, ""random_fill"": 6}","{""degree_2"": 2, ""degree_3_4"": 13, ""degree_5_8"": 14, ""degree_9_plus"": 3}","{""0"": 1, ""1"": 1, ""10"": 1, ""11"": 4, ""2"": 4, ""3"": 3, ""4"": 2, ""5"": 4, ""6"": 1, ""7"": 2, ""8"": 2, ""9"": 7}",68,"{""backend"": ""evaluate_m19_theory_calibrated.candidate_features"", ""delta_mode"": ""none"", ""k_max"": 512, ""k_min"": 64, ""variant"": ""conservative""}",68,0.3487179487179487,0.35294117647058826,0.35294117647058826,0.17647058823529413,1.0,"{""dp_17_64"": 0.5735294117647058, ""dp_5_16"": 0.14705882352941177, ""dp_65_256"": 0.27941176470588236}","{""cn_0"": 1.0}",0.0,49.705882352941174,sasb_candidate_builder,88c8661c97d96607d2a51fc81ac71c8b20b61df5cc2122366d79216d3b7d0ba1,68,88c8661c97d96607d2a51fc81ac71c8b20b61df5cc2122366d79216d3b7d0ba1,"{""sasb_builder"": 68}",0,0,0,0,{},0.0,"{""common_neighbor_bin_l1"": 0.0, ""degree_product_bin_l1"": 0.0, ""is_boundary_edge_l1"": 0.0, ""is_bridge_edge_l1"": 0.0, ""is_inter_community_edge_l1"": 0.0, ""is_low_common_neighbor_edge_l1"": 0.0, ""mean_l1"": 0.0}",1,32,32,0.0,0
realworld_completed,bio_celegans,SASB-candidate,sasb,SASB-structured,20260513,1409,late,0.2847682119205298,0.2847682119205298,0.0,73,73,0,0.6958024691358025,0.6962962962962963,353,50,353--50,4,2,2,4,8,0,0.0,0,1,1,32,"[""96"", ""53"", ""60"", ""62"", ""407"", ""436"", ""444"", ""448"", ""440"", ""51"", ""418"", ""421"", ""82"", ""83"", ""192"", ""193"", ""237"", ""430"", ""432"", ""434"", ""445"", ""149"", ""446"", ""423"", ""353"", ""72"", ""415"", ""288"", ""325"", ""209"", ""357"", ""419""]",7b49ab6f2b38e40c899adc6f7265ea57fefbf77e69f46c01442bffa20d386ce5,"{""boundary"": 12, ""community_rep"": 4, ""degree_core"": 10, ""random_fill"": 6}","{""degree_0_1"": 1, ""degree_2"": 2, ""degree_3_4"": 12, ""degree_5_8"": 15, ""degree_9_plus"": 2}","{""0"": 3, ""1"": 1, ""10"": 1, ""11"": 3, ""2"": 3, ""3"": 3, ""4"": 2, ""5"": 4, ""6"": 1, ""7"": 2, ""8"": 1, ""9"": 8}",68,"{""backend"": ""evaluate_m19_theory_calibrated.candidate_features"", ""delta_mode"": ""none"", ""k_max"": 512, ""k_min"": 64, ""variant"": ""conservative""}",68,0.35051546391752575,0.35294117647058826,0.35294117647058826,0.17647058823529413,1.0,"{""dp_17_64"": 0.5588235294117647, ""dp_5_16"": 0.17647058823529413, ""dp_65_256"": 0.2647058823529412}","{""cn_0"": 1.0}",0.0,49.10294117647059,sasb_candidate_builder,4065115d89e491446c58287b30e946c1cc41361a035e1cd32c997b966a95a9b1,68,4065115d89e491446c58287b30e946c1cc41361a035e1cd32c997b966a95a9b1,"{""sasb_builder"": 68}",0,0,0,0,{},0.0,"{""common_neighbor_bin_l1"": 0.0, ""degree_product_bin_l1"": 0.0, ""is_boundary_edge_l1"": 0.0, ""is_bridge_edge_l1"": 0.0, ""is_inter_community_edge_l1"": 0.0, ""is_low_common_neighbor_edge_l1"": 0.0, ""mean_l1"": 0.0}",1,32,32,0.0,0
realworld_completed,bio_celegans,SASB-candidate,sasb,SASB-structured,20260513,1410,late,0.2847682119205298,0.2847682119205298,0.0,73,73,0,0.6962962962962963,0.6967901234567901,403,56,403--56,2,4,2,4,8,0,0.0,0,7,7,32,"[""96"", ""53"", ""60"", ""62"", ""407"", ""436"", ""444"", ""448"", ""440"", ""51"", ""418"", ""421"", ""82"", ""83"", ""192"", ""193"", ""237"", ""430"", ""432"", ""434"", ""445"", ""149"", ""446"", ""423"", ""353"", ""72"", ""399"", ""128"", ""435"", ""429"", ""20"", ""417""]",5af99cbeadf224d05dfd75a2b578727c69dcb91139fb8abda3103199f506f7d1,"{""boundary"": 12, ""community_rep"": 4, ""degree_core"": 10, ""random_fill"": 6}","{""degree_0_1"": 1, ""degree_2"": 2, ""degree_3_4"": 12, ""degree_5_8"": 15, ""degree_9_plus"": 2}","{""0"": 1, ""1"": 1, ""10"": 1, ""11"": 3, ""2"": 5, ""3"": 3, ""4"": 2, ""5"": 4, ""6"": 1, ""7"": 2, ""8"": 1, ""9"": 8}",68,"{""backend"": ""evaluate_m19_theory_calibrated.candidate_features"", ""delta_mode"": ""none"", ""k_max"": 512, ""k_min"": 64, ""variant"": ""conservative""}",68,0.35233160621761656,0.35294117647058826,0.35294117647058826,0.20588235294117646,1.0,"{""dp_17_64"": 0.5588235294117647, ""dp_5_16"": 0.17647058823529413, ""dp_65_256"": 0.2647058823529412}","{""cn_0"": 1.0}",0.0,49.10294117647059,sasb_candidate_builder,b192da87327bc24b4fae26591bea3dd2ea7b34d724f76a177e311d447f96d55d,68,b192da87327bc24b4fae26591bea3dd2ea7b34d724f76a177e311d447f96d55d,"{""sasb_builder"": 68}",0,0,0,0,{},0.0,"{""common_neighbor_bin_l1"": 0.0, ""degree_product_bin_l1"": 0.0, ""is_boundary_edge_l1"": 0.0, ""is_bridge_edge_l1"": 0.0, ""is_inter_community_edge_l1"": 0.0, ""is_low_common_neighbor_edge_l1"": 0.0, ""mean_l1"": 0.0}",1,32,32,0.0,0
realworld_completed,bio_celegans,SASB-candidate,sasb,SASB-structured,20260513,1411,late,0.2847682119205298,0.27593818984547464,0.008830022075055177,73,74,1,0.6967901234567901,0.697283950617284,206,58,206--58,4,2,2,4,8,0,0.0,0,7,7,32,"[""96"", ""53"", ""60"", ""62"", ""407"", ""436"", ""444"", ""448"", ""440"", ""51"", ""418"", ""421"", ""82"", ""83"", ""192"", ""193"", ""237"", ""430"", ""432"", ""434"", ""445"", ""149"", ""446"", ""423"", ""353"", ""72"", ""98"", ""128"", ""232"", ""233"", ""422"", ""19""]",7ea4ec57ec47e97c94c61396717dbb9bbb46cf9c83d6dedc5227de830d1e93a9,"{""boundary"": 12, ""community_rep"": 4, ""degree_core"": 10, ""random_fill"": 6}","{""degree_0_1"": 1, ""degree_2"": 4, ""degree_3_4"": 10, ""degree_5_8"": 15, ""degree_9_plus"": 2}","{""0"": 1, ""1"": 1, ""10"": 1, ""11"": 4, ""2"": 5, ""3"": 3, ""4"": 2, ""5"": 3, ""6"": 1, ""7"": 3, ""8"": 1, ""9"": 7}",68,"{""backend"": ""evaluate_m19_theory_calibrated.candidate_features"", ""delta_mode"": ""none"", ""k_max"": 512, ""k_min"": 64, ""variant"": ""conservative""}",68,0.3541666666666667,0.35294117647058826,0.35294117647058826,0.22058823529411764,1.0,"{""dp_17_64"": 0.5588235294117647, ""dp_5_16"": 0.17647058823529413, ""dp_65_256"": 0.2647058823529412}","{""cn_0"": 1.0}",0.0,49.10294117647059,sasb_candidate_builder,24b9b72364ba44ab99e903e5a6ae3edbd74f609ae5a434220992afbc7e04d048,68,24b9b72364ba44ab99e903e5a6ae3edbd74f609ae5a434220992afbc7e04d048,"{""sasb_builder"": 68}",0,0,0,0,{},0.0,"{""common_neighbor_bin_l1"": 0.0, ""degree_product_bin_l1"": 0.0, ""is_boundary_edge_l1"": 0.0, ""is_bridge_edge_l1"": 0.0, ""is_inter_community_edge_l1"": 0.0, ""is_low_common_neighbor_edge_l1"": 0.0, ""mean_l1"": 0.0}",1,32,32,0.0,0
realworld_completed,bio_celegans,SASB-candidate,sasb,SASB-structured,20260513,1412,late,0.27593818984547464,0.27593818984547464,0.0,74,74,0,0.697283950617284,0.6977777777777778,407,51,407--51,4,8,4,8,32,0,0.0,0,5,5,32,"[""96"", ""53"", ""60"", ""62"", ""407"", ""436"", ""444"", ""448"", ""440"", ""51"", ""418"", ""421"", ""82"", ""83"", ""192"", ""193"", ""237"", ""430"", ""432"", ""434"", ""445"", ""149"", ""423"", ""353"", ""446"", ""72"", ""288"", ""377"", ""23"", ""395"", ""226"", ""45""]",bf314de0dbc7170f9a04fda31dbf4c9d69c2520c5db3106ab727a21ef6d3cc0a,"{""boundary"": 12, ""community_rep"": 4, ""degree_core"": 10, ""random_fill"": 6}","{""degree_0_1"": 2, ""degree_2"": 3, ""degree_3_4"": 10, ""degree_5_8"": 15, ""degree_9_plus"": 2}","{""0"": 2, ""1"": 1, ""10"": 1, ""11"": 3, ""2"": 3, ""3"": 2, ""4"": 3, ""5"": 4, ""6"": 2, ""7"": 3, ""8"": 1, ""9"": 7}",67,"{""backend"": ""evaluate_m19_theory_calibrated.candidate_features"", ""delta_mode"": ""none"", ""k_max"": 512, ""k_min"": 64, ""variant"": ""conservative""}",67,0.35638297872340424,0.3582089552238806,0.3582089552238806,0.208955223880597,1.0,"{""dp_17_64"": 0.5671641791044776, ""dp_5_16"": 0.16417910447761194, ""dp_65_256"": 0.26865671641791045}","{""cn_0"": 1.0}",0.0,49.71641791044776,sasb_candidate_builder,1a6a09d35fea4ba28a5b3ee23be0950fa69d1afae1462559a4a21094cfc1b002,67,1a6a09d35fea4ba28a5b3ee23be0950fa69d1afae1462559a4a21094cfc1b002,"{""sasb_builder"": 67}",0,0,0,0,{},0.0,"{""common_neighbor_bin_l1"": 0.0, ""degree_product_bin_l1"": 0.0, ""is_boundary_edge_l1"": 0.0, ""is_bridge_edge_l1"": 0.0, ""is_inter_community_edge_l1"": 0.0, ""is_low_common_neighbor_edge_l1"": 0.0, ""mean_l1"": 0.0}",1,32,32,0.0,0
realworld_completed,bio_celegans,SASB-candidate,sasb,SASB-structured,20260513,1413,late,0.27593818984547464,0.27593818984547464,0.0,74,74,0,0.6977777777777778,0.6982716049382716,126,440,126--440,2,8,2,8,16,1,1.0,0,2,2,32,"[""96"", ""53"", ""60"", ""62"", ""436"", ""444"", ""448"", ""440"", ""418"", ""421"", ""423"", ""428"", ""51"", ""82"", ""83"", ""192"", ""193"", ""237"", ""430"", ""432"", ""434"", ""445"", ""353"", ""446"", ""72"", ""435"", ""413"", ""226"", ""416"", ""437"", ""126"", ""357""]",40e9071a7ce5222d64be6b3327b09863398938083f7badf601e551cf16e5980b,"{""boundary"": 12, ""community_rep"": 3, ""degree_core"": 10, ""random_fill"": 7}","{""degree_0_1"": 1, ""degree_2"": 4, ""degree_3_4"": 10, ""degree_5_8"": 15, ""degree_9_plus"": 2}","{""0"": 2, ""1"": 1, ""10"": 1, ""11"": 3, ""2"": 4, ""3"": 3, ""4"": 1, ""5"": 3, ""6"": 1, ""7"": 3, ""8"": 1, ""9"": 9}",67,"{""backend"": ""evaluate_m19_theory_calibrated.candidate_features"", ""delta_mode"": ""none"", ""k_max"": 512, ""k_min"": 64, ""variant"": ""conservative""}",67,0.3582887700534759,0.34328358208955223,0.34328358208955223,0.208955223880597,1.0,"{""dp_17_64"": 0.5522388059701493, ""dp_5_16"": 0.1791044776119403, ""dp_65_256"": 0.26865671641791045}","{""cn_0"": 0.9850746268656716, ""cn_1"": 0.014925373134328358}",0.014925373134328358,48.8955223880597,sasb_candidate_builder,39264bf56546cf069e1f232c6d7839ca4c8ab3bf875fc6f301061d2d07b3f030,67,39264bf56546cf069e1f232c6d7839ca4c8ab3bf875fc6f301061d2d07b3f030,"{""sasb_builder"": 67}",0,0,0,0,{},0.0,"{""common_neighbor_bin_l1"": 0.0, ""degree_product_bin_l1"": 0.0, ""is_boundary_edge_l1"": 0.0, ""is_bridge_edge_l1"": 0.0, ""is_inter_community_edge_l1"": 0.0, ""is_low_common_neighbor_edge_l1"": 0.0, ""mean_l1"": 0.0}",1,32,32,601.5625,0
realworld_completed,bio_celegans,SASB-candidate,sasb,SASB-structured,20260513,1414,late,0.27593818984547464,0.271523178807947,0.004415011037527616,74,75,1,0.6982716049382716,0.6987654320987654,224,440,224--440,2,7,2,7,14,0,0.0,0,2,2,32,"[""96"", ""53"", ""60"", ""436"", ""444"", ""440"", ""62"", ""418"", ""421"", ""423"", ""428"", ""429"", ""51"", ""82"", ""83"", ""192"", ""193"", ""237"", ""430"", ""432"", ""434"", ""445"", ""353"", ""446"", ""422"", ""72"", ""350"", ""128"", ""437"", ""372"", ""357"", ""340""]",b3649c87a0ea90fab063b2548b237c2c3a78e3d0d7f5fe94759434bc5affb747,"{""boundary"": 12, ""community_rep"": 4, ""degree_core"": 10, ""random_fill"": 6}","{""degree_0_1"": 2, ""degree_2"": 1, ""degree_3_4"": 12, ""degree_5_8"": 15, ""degree_9_plus"": 2}","{""0"": 1, ""1"": 1, ""10"": 4, ""11"": 3, ""2"": 4, ""3"": 4, ""4"": 1, ""5"": 3, ""6"": 2, ""7"": 6, ""8"": 2, ""9"": 1}",66,"{""backend"": ""evaluate_m19_theory_calibrated.candidate_features"", ""delta_mode"": ""none"", ""k_max"": 512, ""k_min"": 64, ""variant"": ""conservative""}",66,0.3548387096774194,0.3333333333333333,0.3333333333333333,0.22727272727272727,1.0,"{""dp_17_64"": 0.5454545454545454, ""dp_5_16"": 0.18181818181818182, ""dp_65_256"": 0.2727272727272727}","{""cn_0"": 1.0}",0.0,48.65151515151515,sasb_candidate_builder,1ca97f83fcc0121ec7c6e18581166d5da63e4a52abe91d03ce51a76bcc6ad958,66,1ca97f83fcc0121ec7c6e18581166d5da63e4a52abe91d03ce51a76bcc6ad958,"{""sasb_builder"": 66}",0,0,0,0,{},0.0,"{""common_neighbor_bin_l1"": 0.0, ""degree_product_bin_l1"": 0.0, ""is_boundary_edge_l1"": 0.0, ""is_bridge_edge_l1"": 0.0, ""is_inter_community_edge_l1"": 0.0, ""is_low_common_neighbor_edge_l1"": 0.0, ""mean_l1"": 0.0}",1,32,32,250.0,0
realworld_completed,bio_celegans,SASB-candidate,sasb,SASB-structured,20260513,1415,late,0.271523178807947,0.271523178807947,0.0,75,75,0,0.6987654320987654,0.6992592592592592,407,53,407--53,3,10,3,10,30,0,0.0,1,2,5,32,"[""96"", ""53"", ""60"", ""436"", ""444"", ""62"", ""440"", ""418"", ""421"", ""423"", ""428"", ""429"", ""51"", ""82"", ""83"", ""192"", ""193"", ""237"", ""430"", ""432"", ""434"", ""445"", ""353"", ""446"", ""422"", ""72"", ""378"", ""377"", ""304"", ""449"", ""399"", ""443""]",51833b96968c1ce68cedce23229a41e382638367f6de528f4f44fb6a705e50df,"{""boundary"": 12, ""community_rep"": 4, ""degree_core"": 10, ""random_fill"": 6}","{""degree_2"": 3, ""degree_3_4"": 12, ""degree_5_8"": 15, ""degree_9_plus"": 2}","{""0"": 2, ""1"": 2, ""10"": 4, ""11"": 4, ""2"": 2, ""3"": 1, ""4"": 1, ""5"": 5, ""6"": 1, ""7"": 7, ""8"": 2, ""9"": 1}",66,"{""backend"": ""evaluate_m19_theory_calibrated.candidate_features"", ""delta_mode"": ""none"", ""k_max"": 512, ""k_min"": 64, ""variant"": ""conservative""}",66,0.358695652173913,0.3333333333333333,0.3333333333333333,0.21212121212121213,1.0,"{""dp_17_64"": 0.5606060606060606, ""dp_5_16"": 0.16666666666666666, ""dp_65_256"": 0.2727272727272727}","{""cn_0"": 1.0}",0.0,48.21212121212121,sasb_candidate_builder,bd9f2caf43c07f900486d26a050d3fdd165f0cc912e3fe3a1b271624bc6fa319,66,bd9f2caf43c07f900486d26a050d3fdd165f0cc912e3fe3a1b271624bc6fa319,"{""sasb_builder"": 66}",0,0,0,0,{},0.0,"{""common_neighbor_bin_l1"": 0.0, ""degree_product_bin_l1"": 0.0, ""is_boundary_edge_l1"": 0.0, ""is_bridge_edge_l1"": 0.0, ""is_inter_community_edge_l1"": 0.0, ""is_low_common_neighbor_edge_l1"": 0.0, ""mean_l1"": 0.0}",1,32,32,0.0,0
realworld_completed,bio_celegans,SASB-candidate,sasb,SASB-structured,20260513,1416,late,0.271523178807947,0.271523178807947,0.0,75,75,0,0.6992592592592592,0.6997530864197531,149,436,149--436,4,4,4,4,16,1,0.3333333333333333,0,4,4,32,"[""96"", ""53"", ""60"", ""436"", ""444"", ""62"", ""440"", ""418"", ""421"", ""423"", ""428"", ""429"", ""51"", ""82"", ""83"", ""192"", ""193"", ""237"", ""430"", ""432"", ""434"", ""445"", ""353"", ""446"", ""422"", ""72"", ""59"", ""441"", ""149"", ""80"", ""350"", ""400""]",5d970606ff5196e25b9413ccdb61a130475ff957a9ce66bf319198939426217d,"{""boundary"": 12, ""community_rep"": 4, ""degree_core"": 10, ""random_fill"": 6}","{""degree_2"": 1, ""degree_3_4"": 14, ""degree_5_8"": 15, ""degree_9_plus"": 2}","{""0"": 1, ""1"": 1, ""10"": 4, ""11"": 4, ""2"": 4, ""3"": 2, ""4"": 2, ""5"": 3, ""6"": 1, ""7"": 6, ""8"": 2, ""9"": 2}",66,"{""backend"": ""evaluate_m19_theory_calibrated.candidate_features"", ""delta_mode"": ""none"", ""k_max"": 512, ""k_min"": 64, ""variant"": ""conservative""}",66,0.36065573770491804,0.3181818181818182,0.3181818181818182,0.22727272727272727,1.0,"{""dp_17_64"": 0.5303030303030303, ""dp_5_16"": 0.19696969696969696, ""dp_65_256"": 0.2727272727272727}","{""cn_0"": 0.9848484848484849, ""cn_1"": 0.015151515151515152}",0.015151515151515152,47.45454545454545,sasb_candidate_builder,b3910acf1b9c8a36ba08d7b6e4a53febd0180b73d917c022e43fe7ff0bb76c6c,66,b3910acf1b9c8a36ba08d7b6e4a53febd0180b73d917c022e43fe7ff0bb76c6c,"{""sasb_builder"": 66}",0,0,0,0,{},0.0,"{""common_neighbor_bin_l1"": 0.0, ""degree_product_bin_l1"": 0.0, ""is_boundary_edge_l1"": 0.0, ""is_bridge_edge_l1"": 0.0, ""is_inter_community_edge_l1"": 0.0, ""is_low_common_neighbor_edge_l1"": 0.0, ""mean_l1"": 0.0}",1,32,32,475.6640625,0
realworld_completed,bio_celegans,SASB-candidate,sasb,SASB-structured,20260513,1417,late,0.271523178807947,0.2671081677704194,0.004415011037527616,75,76,1,0.6997530864197531,0.7002469135802469,407,60,407--60,2,8,2,8,16,0,0.0,0,2,2,32,"[""96"", ""53"", ""60"", ""436"", ""444"", ""62"", ""440"", ""418"", ""421"", ""423"", ""428"", ""429"", ""51"", ""82"", ""83"", ""192"", ""193"", ""237"", ""430"", ""432"", ""434"", ""445"", ""353"", ""446"", ""422"", ""72"", ""414"", ""382"", ""233"", ""301"", ""63"", ""20""]",4f1950dfaf5a8182435f8a166efeeff8211280bf95aa2e9b4e81afb1a259fb01,"{""boundary"": 12, ""community_rep"": 4, ""degree_core"": 10, ""random_fill"": 6}","{""degree_0_1"": 3, ""degree_2"": 1, ""degree_3_4"": 11, ""degree_5_8"": 15, ""degree_9_plus"": 2}","{""0"": 1, ""1"": 1, ""10"": 5, ""11"": 3, ""2"": 4, ""3"": 1, ""4"": 1, ""5"": 4, ""6"": 1, ""7"": 8, ""8"": 2, ""9"": 1}",65,"{""backend"": ""evaluate_m19_theory_calibrated.candidate_features"", ""delta_mode"": ""none"", ""k_max"": 512, ""k_min"": 64, ""variant"": ""conservative""}",65,0.35714285714285715,0.3230769230769231,0.3230769230769231,0.23076923076923078,1.0,"{""dp_17_64"": 0.5384615384615384, ""dp_5_16"": 0.18461538461538463, ""dp_65_256"": 0.27692307692307694}","{""cn_0"": 1.0}",0.0,47.41538461538462,sasb_candidate_builder,8c933907e835873e1ee721519a60472f9a6ca424d2422bbc30549c95a109b4ab,65,8c933907e835873e1ee721519a60472f9a6ca424d2422bbc30549c95a109b4ab,"{""sasb_builder"": 65}",0,0,0,0,{},0.0,"{""common_neighbor_bin_l1"": 0.0, ""degree_product_bin_l1"": 0.0, ""is_boundary_edge_l1"": 0.0, ""is_bridge_edge_l1"": 0.0, ""is_inter_community_edge_l1"": 0.0, ""is_low_common_neighbor_edge_l1"": 0.0, ""mean_l1"": 0.0}",1,32,32,0.0,0
realworld_completed,bio_celegans,SASB-candidate,sasb,SASB-structured,20260513,1418,late,0.2671081677704194,0.26048565121412803,0.006622516556291369,76,77,1,0.7002469135802469,0.7007407407407408,149,433,149--433,3,3,3,3,9,0,0.0,0,4,4,32,"[""96"", ""53"", ""60"", ""436"", ""444"", ""62"", ""440"", ""418"", ""421"", ""423"", ""428"", ""429"", ""51"", ""82"", ""83"", ""192"", ""193"", ""237"", ""430"", ""432"", ""434"", ""445"", ""353"", ""446"", ""422"", ""72"", ""63"", ""411"", ""12"", ""317"", ""187"", ""359""]",5ada9c421e293e5ef5e433e33ccd2634eb80a87b4cc3f11f05a96ee2bf39e10e,"{""boundary"": 12, ""community_rep"": 4, ""degree_core"": 10, ""random_fill"": 6}","{""degree_2"": 4, ""degree_3_4"": 11, ""degree_5_8"": 15, ""degree_9_plus"": 2}","{""0"": 1, ""1"": 2, ""10"": 4, ""11"": 3, ""2"": 3, ""3"": 2, ""4"": 2, ""5"": 4, ""6"": 1, ""7"": 7, ""8"": 2, ""9"": 1}",65,"{""backend"": ""evaluate_m19_theory_calibrated.candidate_features"", ""delta_mode"": ""none"", ""k_max"": 512, ""k_min"": 64, ""variant"": ""conservative""}",65,0.3611111111111111,0.3230769230769231,0.3230769230769231,0.23076923076923078,1.0,"{""dp_17_64"": 0.5384615384615384, ""dp_5_16"": 0.18461538461538463, ""dp_65_256"": 0.27692307692307694}","{""cn_0"": 1.0}",0.0,46.93846153846154,sasb_candidate_builder,2778ca7c32d044f230963050206c0678fa59a4e3747f842f3e29cf6d42b1bf2c,65,2778ca7c32d044f230963050206c0678fa59a4e3747f842f3e29cf6d42b1bf2c,"{""sasb_builder"": 65}",0,0,0,0,{},0.0,"{""common_neighbor_bin_l1"": 0.0, ""degree_product_bin_l1"": 0.0, ""is_boundary_edge_l1"": 0.0, ""is_bridge_edge_l1"": 0.0, ""is_inter_community_edge_l1"": 0.0, ""is_low_common_neighbor_edge_l1"": 0.0, ""mean_l1"": 0.0}",1,32,32,797.84375,0
realworld_completed,bio_celegans,SASB-candidate,sasb,SASB-structured,20260513,1419,late,0.26048565121412803,0.26048565121412803,0.0,77,77,0,0.7007407407407408,0.7012345679012346,408,51,408--51,2,7,2,7,14,0,0.0,0,4,4,32,"[""96"", ""53"", ""60"", ""436"", ""444"", ""62"", ""440"", ""418"", ""421"", ""423"", ""428"", ""429"", ""51"", ""82"", ""83"", ""192"", ""193"", ""237"", ""430"", ""432"", ""434"", ""445"", ""353"", ""446"", ""422"", ""72"", ""433"", ""128"", ""382"", ""80"", ""449"", ""226""]",22109e71ed6de96a4190f32637dc1017a590397c1602afb40765fda499329a0e,"{""boundary"": 12, ""community_rep"": 4, ""degree_core"": 10, ""random_fill"": 6}","{""degree_2"": 5, ""degree_3_4"": 10, ""degree_5_8"": 15, ""degree_9_plus"": 2}","{""0"": 1, ""1"": 1, ""10"": 4, ""11"": 3, ""2"": 4, ""3"": 1, ""4"": 2, ""5"": 4, ""6"": 1, ""7"": 7, ""8"": 3, ""9"": 1}",64,"{""backend"": ""evaluate_m19_theory_calibrated.candidate_features"", ""delta_mode"": ""none"", ""k_max"": 512, ""k_min"": 64, ""variant"": ""conservative""}",64,0.36363636363636365,0.328125,0.328125,0.21875,1.0,"{""dp_17_64"": 0.5625, ""dp_5_16"": 0.171875, ""dp_65_256"": 0.265625}","{""cn_0"": 1.0}",0.0,47.125,sasb_candidate_builder,11547a552f63c46f0b1846cb8aa41a0bd7583462162d436d9e22ab494eae5d76,64,11547a552f63c46f0b1846cb8aa41a0bd7583462162d436d9e22ab494eae5d76,"{""sasb_builder"": 64}",0,0,0,0,{},0.0,"{""common_neighbor_bin_l1"": 0.0, ""degree_product_bin_l1"": 0.0, ""is_boundary_edge_l1"": 0.0, ""is_bridge_edge_l1"": 0.0, ""is_inter_community_edge_l1"": 0.0, ""is_low_common_neighbor_edge_l1"": 0.0, ""mean_l1"": 0.0}",1,32,32,0.0,0
realworld_completed,bio_celegans,SASB-candidate,sasb,SASB-structured,20260513,1420,late,0.26048565121412803,0.26048565121412803,0.0,77,77,0,0.7012345679012346,0.7017283950617283,192,435,192--435,6,4,4,6,24,2,0.6666666666666666,0,6,6,32,"[""96"", ""53"", ""60"", ""436"", ""444"", ""62"", ""440"", ""418"", ""421"", ""423"", ""428"", ""429"", ""82"", ""83"", ""192"", ""193"", ""51"", ""237"", ""430"", ""432"", ""434"", ""445"", ""353"", ""446"", ""422"", ""72"", ""400"", ""394"", ""73"", ""412"", ""19"", ""419""]",882d0c5b1dc6dff9374bf6c9a261e6bb30d933451716f6f72a22d32e4ae033d6,"{""boundary"": 12, ""community_rep"": 4, ""degree_core"": 10, ""random_fill"": 6}","{""degree_0_1"": 1, ""degree_2"": 1, ""degree_3_4"": 13, ""degree_5_8"": 15, ""degree_9_plus"": 2}","{""0"": 1, ""1"": 1, ""10"": 4, ""11"": 4, ""2"": 4, ""3"": 2, ""4"": 1, ""5"": 5, ""6"": 1, ""7"": 6, ""8"": 2, ""9"": 1}",64,"{""backend"": ""evaluate_m19_theory_calibrated.candidate_features"", ""delta_mode"": ""none"", ""k_max"": 512, ""k_min"": 64, ""variant"": ""conservative""}",64,0.3657142857142857,0.328125,0.328125,0.234375,0.984375,"{""dp_17_64"": 0.5625, ""dp_5_16"": 0.171875, ""dp_65_256"": 0.265625}","{""cn_0"": 0.984375, ""cn_2_3"": 0.015625}",0.03125,46.84375,sasb_candidate_builder,73e1b3b62c60a3065ed099f780ebf8bcf824fe92fb884c8f526433459ffcc481,64,73e1b3b62c60a3065ed099f780ebf8bcf824fe92fb884c8f526433459ffcc481,"{""sasb_builder"": 64}",0,0,0,0,{},0.0,"{""common_neighbor_bin_l1"": 0.0, ""degree_product_bin_l1"": 0.0, ""is_boundary_edge_l1"": 0.0, ""is_bridge_edge_l1"": 0.0, ""is_inter_community_edge_l1"": 0.0, ""is_low_common_neighbor_edge_l1"": 0.0, ""mean_l1"": 0.0}",1,32,32,133.05729166666669,0
realworld_completed,bio_celegans,SASB-candidate,sasb,SASB-structured,20260513,1421,late,0.26048565121412803,0.26048565121412803,0.0,77,77,0,0.7017283950617283,0.7022222222222222,193,435,193--435,6,3,3,6,18,1,0.5,0,6,6,32,"[""96"", ""53"", ""60"", ""436"", ""444"", ""62"", ""440"", ""418"", ""421"", ""423"", ""428"", ""429"", ""82"", ""83"", ""193"", ""51"", ""192"", ""237"", ""430"", ""432"", ""434"", ""445"", ""353"", ""446"", ""422"", ""72"", ""435"", ""395"", ""385"", ""50"", ""372"", ""357""]",485b9f42a52142efd642930060fbdce4e3c7d73506e69d3b8becb92e8c2eae60,"{""boundary"": 12, ""community_rep"": 4, ""degree_core"": 10, ""random_fill"": 6}","{""degree_0_1"": 3, ""degree_3_4"": 12, ""degree_5_8"": 15, ""degree_9_plus"": 2}","{""0"": 1, ""1"": 1, ""10"": 4, ""11"": 4, ""2"": 2, ""3"": 4, ""4"": 1, ""5"": 3, ""6"": 1, ""7"": 8, ""8"": 2, ""9"": 1}",64,"{""backend"": ""evaluate_m19_theory_calibrated.candidate_features"", ""delta_mode"": ""none"", ""k_max"": 512, ""k_min"": 64, ""variant"": ""conservative""}",64,0.367816091954023,0.328125,0.328125,0.234375,1.0,"{""dp_17_64"": 0.5625, ""dp_5_16"": 0.171875, ""dp_65_256"": 0.265625}","{""cn_0"": 0.984375, ""cn_1"": 0.015625}",0.015625,46.34375,sasb_candidate_builder,5c9ac07d9aee09029ed660ac6964b81c79c701adb9509ca7ab2e47157b58f474,64,5c9ac07d9aee09029ed660ac6964b81c79c701adb9509ca7ab2e47157b58f474,"{""sasb_builder"": 64}",0,0,0,0,{},0.0,"{""common_neighbor_bin_l1"": 0.0, ""degree_product_bin_l1"": 0.0, ""is_boundary_edge_l1"": 0.0, ""is_bridge_edge_l1"": 0.0, ""is_inter_community_edge_l1"": 0.0, ""is_low_common_neighbor_edge_l1"": 0.0, ""mean_l1"": 0.0}",1,32,32,147.19270833333334,0
realworld_completed,bio_celegans,SASB-candidate,sasb,SASB-structured,20260513,1422,late,0.26048565121412803,0.26048565121412803,0.0,77,77,0,0.7022222222222222,0.702716049382716,192,434,192--434,5,5,5,5,25,2,0.5,0,6,6,32,"[""96"", ""53"", ""60"", ""436"", ""444"", ""62"", ""440"", ""418"", ""421"", ""423"", ""428"", ""429"", ""82"", ""83"", ""51"", ""192"", ""193"", ""237"", ""430"", ""432"", ""434"", ""445"", ""353"", ""446"", ""422"", ""72"", ""29"", ""304"", ""336"", ""288"", ""59"", ""396""]",bfdb881f35de9f8a4c854e31c46b4e6cb574f6b45fffac3817b37f9a63189041,"{""boundary"": 12, ""community_rep"": 4, ""degree_core"": 10, ""random_fill"": 6}","{""degree_2"": 3, ""degree_3_4"": 12, ""degree_5_8"": 15, ""degree_9_plus"": 2}","{""0"": 2, ""1"": 1, ""10"": 5, ""11"": 4, ""2"": 2, ""3"": 2, ""4"": 1, ""5"": 4, ""6"": 1, ""7"": 6, ""8"": 2, ""9"": 2}",64,"{""backend"": ""evaluate_m19_theory_calibrated.candidate_features"", ""delta_mode"": ""none"", ""k_max"": 512, ""k_min"": 64, ""variant"": ""conservative""}",64,0.3699421965317919,0.328125,0.328125,0.234375,0.984375,"{""dp_17_64"": 0.578125, ""dp_5_16"": 0.171875, ""dp_65_256"": 0.25}","{""cn_0"": 0.984375, ""cn_2_3"": 0.015625}",0.03125,46.046875,sasb_candidate_builder,bc03535741d6e8882240d0dff0236189e1bed596942a78ebdf83f498432ee240,64,bc03535741d6e8882240d0dff0236189e1bed596942a78ebdf83f498432ee240,"{""sasb_builder"": 64}",0,0,0,0,{},0.0,"{""common_neighbor_bin_l1"": 0.0, ""degree_product_bin_l1"": 0.0, ""is_boundary_edge_l1"": 0.0, ""is_bridge_edge_l1"": 0.0, ""is_inter_community_edge_l1"": 0.0, ""is_low_common_neighbor_edge_l1"": 0.0, ""mean_l1"": 0.0}",1,32,32,184.37500000000014,0
realworld_completed,bio_celegans,SASB-candidate,sasb,SASB-structured,20260513,1423,late,0.26048565121412803,0.26048565121412803,0.0,77,77,0,0.702716049382716,0.7032098765432099,193,434,193--434,5,4,4,5,20,1,0.3333333333333333,0,6,6,32,"[""96"", ""53"", ""60"", ""436"", ""444"", ""62"", ""440"", ""418"", ""421"", ""423"", ""428"", ""429"", ""82"", ""83"", ""51"", ""193"", ""237"", ""430"", ""432"", ""445"", ""192"", ""378"", ""353"", ""446"", ""422"", ""72"", ""325"", ""411"", ""213"", ""52"", ""20"", ""416""]",23a6b1f0c86b5f7b5feee84eb9a04c7acac469fb409c95c15223e0ce9f4dafd2,"{""boundary"": 12, ""community_rep"": 4, ""degree_core"": 10, ""random_fill"": 6}","{""degree_0_1"": 1, ""degree_2"": 3, ""degree_3_4"": 13, ""degree_5_8"": 13, ""degree_9_plus"": 2}","{""0"": 1, ""1"": 1, ""10"": 5, ""11"": 3, ""2"": 3, ""3"": 2, ""4"": 1, ""5"": 5, ""6"": 1, ""7"": 6, ""8"": 3, ""9"": 1}",64,"{""backend"": ""evaluate_m19_theory_calibrated.candidate_features"", ""delta_mode"": ""none"", ""k_max"": 512, ""k_min"": 64, ""variant"": ""conservative""}",64,0.37209302325581395,0.328125,0.328125,0.234375,1.0,"{""dp_17_64"": 0.578125, ""dp_5_16"": 0.171875, ""dp_65_256"": 0.25}","{""cn_0"": 0.984375, ""cn_1"": 0.015625}",0.015625,45.5625,sasb_candidate_builder,b78c46ef70cbff15e68b25d87811ea4233082d2c9fe291542585981b44bfe22f,64,b78c46ef70cbff15e68b25d87811ea4233082d2c9fe291542585981b44bfe22f,"{""sasb_builder"": 64}",0,0,0,0,{},0.0,"{""common_neighbor_bin_l1"": 0.0, ""degree_product_bin_l1"": 0.0, ""is_boundary_edge_l1"": 0.0, ""is_bridge_edge_l1"": 0.0, ""is_inter_community_edge_l1"": 0.0, ""is_low_common_neighbor_edge_l1"": 0.0, ""mean_l1"": 0.0}",1,32,32,182.22395833333348,0
realworld_completed,bio_celegans,SASB-candidate,sasb,SASB-structured,20260513,1424,late,0.26048565121412803,0.26048565121412803,0.0,77,77,0,0.7032098765432099,0.7037037037037037,237,304,237--304,5,3,3,5,15,1,0.5,0,11,11,32,"[""96"", ""53"", ""60"", ""62"", ""444"", ""448"", ""440"", ""418"", ""421"", ""423"", ""428"", ""429"", ""82"", ""83"", ""51"", ""237"", ""430"", ""432"", ""445"", ""192"", ""193"", ""378"", ""353"", ""446"", ""422"", ""72"", ""128"", ""434"", ""359"", ""346"", ""277"", ""20""]",f969ccd92bc496878b0b0afbd8996d6c7eb0c14929882266e968cbc9dc0c7ba5,"{""boundary"": 12, ""community_rep"": 4, ""degree_core"": 10, ""random_fill"": 6}","{""degree_0_1"": 1, ""degree_2"": 4, ""degree_3_4"": 13, ""degree_5_8"": 12, ""degree_9_plus"": 2}","{""0"": 1, ""1"": 1, ""10"": 3, ""11"": 3, ""2"": 4, ""3"": 4, ""4"": 4, ""5"": 1, ""6"": 6, ""7"": 3, ""8"": 1, ""9"": 1}",64,"{""backend"": ""evaluate_m19_theory_calibrated.candidate_features"", ""delta_mode"": ""none"", ""k_max"": 512, ""k_min"": 64, ""variant"": ""conservative""}",64,0.3742690058479532,0.3125,0.3125,0.234375,1.0,"{""dp_17_64"": 0.5625, ""dp_5_16"": 0.1875, ""dp_65_256"": 0.25}","{""cn_0"": 0.984375, ""cn_1"": 0.015625}",0.015625,45.078125,sasb_candidate_builder,49dc330333c7f410c2a665a30d4360eb184c3a658ba7f5f2dfdaecc7d697e66c,64,49dc330333c7f410c2a665a30d4360eb184c3a658ba7f5f2dfdaecc7d697e66c,"{""sasb_builder"": 64}",0,0,0,0,{},0.0,"{""common_neighbor_bin_l1"": 0.0, ""degree_product_bin_l1"": 0.0, ""is_boundary_edge_l1"": 0.0, ""is_bridge_edge_l1"": 0.0, ""is_inter_community_edge_l1"": 0.0, ""is_low_common_neighbor_edge_l1"": 0.0, ""mean_l1"": 0.0}",1,32,32,16.59375,0
realworld_completed,bio_celegans,SASB-candidate,sasb,SASB-structured,20260513,1425,late,0.26048565121412803,0.25386313465783666,0.006622516556291369,77,78,1,0.7037037037037037,0.7041975308641976,304,421,304--421,2,5,2,5,10,0,0.0,0,11,11,32,"[""96"", ""53"", ""60"", ""62"", ""444"", ""448"", ""440"", ""418"", ""421"", ""423"", ""428"", ""429"", ""82"", ""83"", ""51"", ""430"", ""432"", ""445"", ""192"", ""193"", ""237"", ""378"", ""353"", ""446"", ""422"", ""72"", ""443"", ""128"", ""409"", ""411"", ""50"", ""98""]",85d060eb44c6cce6c683d9f0bc2aa41349e48e443955d5359e2acc444db8022c,"{""boundary"": 12, ""community_rep"": 4, ""degree_core"": 10, ""random_fill"": 6}","{""degree_0_1"": 1, ""degree_2"": 4, ""degree_3_4"": 14, ""degree_5_8"": 11, ""degree_9_plus"": 2}","{""0"": 1, ""1"": 2, ""10"": 1, ""11"": 3, ""2"": 3, ""3"": 4, ""4"": 6, ""5"": 1, ""6"": 6, ""7"": 3, ""8"": 1, ""9"": 1}",64,"{""backend"": ""evaluate_m19_theory_calibrated.candidate_features"", ""delta_mode"": ""none"", ""k_max"": 512, ""k_min"": 64, ""variant"": ""conservative""}",64,0.3764705882352941,0.3125,0.3125,0.25,1.0,"{""dp_17_64"": 0.5625, ""dp_5_16"": 0.1875, ""dp_65_256"": 0.25}","{""cn_0"": 1.0}",0.0,45.0,sasb_candidate_builder,8cd6cee6e327d5390edd02946a883f12c94dc43db7197eaf3e9ab9d9d5827915,64,8cd6cee6e327d5390edd02946a883f12c94dc43db7197eaf3e9ab9d9d5827915,"{""sasb_builder"": 64}",0,0,0,0,{},0.0,"{""common_neighbor_bin_l1"": 0.0, ""degree_product_bin_l1"": 0.0, ""is_boundary_edge_l1"": 0.0, ""is_bridge_edge_l1"": 0.0, ""is_inter_community_edge_l1"": 0.0, ""is_low_common_neighbor_edge_l1"": 0.0, ""mean_l1"": 0.0}",1,32,32,354.0,0
realworld_completed,bio_celegans,SASB-candidate,sasb,SASB-structured,20260513,1426,late,0.25386313465783666,0.25386313465783666,0.0,78,78,0,0.7041975308641976,0.7046913580246914,432,434,432--434,5,3,3,5,15,1,0.5,1,9,6,32,"[""96"", ""53"", ""60"", ""62"", ""444"", ""448"", ""440"", ""418"", ""421"", ""423"", ""428"", ""429"", ""82"", ""83"", ""51"", ""430"", ""432"", ""445"", ""192"", ""193"", ""237"", ""378"", ""353"", ""446"", ""422"", ""72"", ""7"", ""377"", ""235"", ""416"", ""400"", ""21""]",91793c2b4e79393d33e096cc5dbb6ffe9f89afd07d19eb4018c46fb0032872e7,"{""boundary"": 12, ""community_rep"": 4, ""degree_core"": 10, ""random_fill"": 6}","{""degree_0_1"": 2, ""degree_2"": 3, ""degree_3_4"": 15, ""degree_5_8"": 10, ""degree_9_plus"": 2}","{""0"": 1, ""1"": 1, ""10"": 3, ""11"": 4, ""2"": 2, ""3"": 5, ""4"": 5, ""5"": 1, ""6"": 6, ""7"": 2, ""8"": 1, ""9"": 1}",64,"{""backend"": ""evaluate_m19_theory_calibrated.candidate_features"", ""delta_mode"": ""none"", ""k_max"": 512, ""k_min"": 64, ""variant"": ""conservative""}",64,0.38323353293413176,0.3125,0.3125,0.234375,1.0,"{""dp_17_64"": 0.5625, ""dp_5_16"": 0.1875, ""dp_65_256"": 0.25}","{""cn_0"": 0.984375, ""cn_1"": 0.015625}",0.015625,44.671875,sasb_candidate_builder,1e1e9c8c97ea80b1dbb406e10cf28ee5b92912a567c6d5470de580b6cab21a76,64,1e1e9c8c97ea80b1dbb406e10cf28ee5b92912a567c6d5470de580b6cab21a76,"{""sasb_builder"": 64}",0,0,0,0,{},0.0,"{""common_neighbor_bin_l1"": 0.0, ""degree_product_bin_l1"": 0.0, ""is_boundary_edge_l1"": 0.0, ""is_bridge_edge_l1"": 0.0, ""is_inter_community_edge_l1"": 0.0, ""is_low_common_neighbor_edge_l1"": 0.0, ""mean_l1"": 0.0}",1,32,32,16.770833333333332,0
realworld_completed,bio_celegans,SASB-candidate,sasb,SASB-structured,20260513,1427,late,0.25386313465783666,0.25165562913907286,0.002207505518763808,78,79,1,0.7046913580246914,0.7051851851851851,408,53,408--53,1,9,1,9,9,0,0.0,0,4,4,32,"[""96"", ""53"", ""60"", ""62"", ""444"", ""448"", ""440"", ""418"", ""421"", ""423"", ""428"", ""429"", ""82"", ""83"", ""51"", ""430"", ""445"", ""192"", ""193"", ""237"", ""378"", ""382"", ""353"", ""446"", ""422"", ""72"", ""80"", ""438"", ""408"", ""336"", ""409"", ""325""]",515dfea63cfa85abd81cd0b244034de0261a31e9041bcfc88dfe23c73b5e54d0,"{""boundary"": 12, ""community_rep"": 4, ""degree_core"": 10, ""random_fill"": 6}","{""degree_0_1"": 1, ""degree_2"": 5, ""degree_3_4"": 15, ""degree_5_8"": 9, ""degree_9_plus"": 2}","{""0"": 1, ""1"": 1, ""10"": 2, ""11"": 3, ""2"": 4, ""3"": 5, ""4"": 7, ""5"": 1, ""6"": 4, ""7"": 2, ""8"": 1, ""9"": 1}",64,"{""backend"": ""evaluate_m19_theory_calibrated.candidate_features"", ""delta_mode"": ""none"", ""k_max"": 512, ""k_min"": 64, ""variant"": ""conservative""}",64,0.3855421686746988,0.3125,0.3125,0.25,1.0,"{""dp_17_64"": 0.578125, ""dp_5_16"": 0.1875, ""dp_65_256"": 0.234375}","{""cn_0"": 1.0}",0.0,43.734375,sasb_candidate_builder,75aed60d15eb76dfc9e36a6e08b849e095f89c8a0feb06f6bdd556260728fa39,64,75aed60d15eb76dfc9e36a6e08b849e095f89c8a0feb06f6bdd556260728fa39,"{""sasb_builder"": 64}",0,0,0,0,{},0.0,"{""common_neighbor_bin_l1"": 0.0, ""degree_product_bin_l1"": 0.0, ""is_boundary_edge_l1"": 0.0, ""is_bridge_edge_l1"": 0.0, ""is_inter_community_edge_l1"": 0.0, ""is_low_common_neighbor_edge_l1"": 0.0, ""mean_l1"": 0.0}",1,32,32,0.0,0
realworld_completed,bio_celegans,SASB-candidate,sasb,SASB-structured,20260513,1428,late,0.25165562913907286,0.25165562913907286,0.0,79,79,0,0.7051851851851851,0.705679012345679,21,83,21--83,2,7,2,7,14,1,1.0,0,12,12,32,"[""96"", ""53"", ""60"", ""62"", ""444"", ""448"", ""440"", ""418"", ""421"", ""423"", ""428"", ""429"", ""82"", ""83"", ""51"", ""430"", ""445"", ""192"", ""193"", ""237"", ""378"", ""382"", ""353"", ""446"", ""422"", ""72"", ""433"", ""427"", ""399"", ""211"", ""419"", ""21""]",4ed9a75f27d2e5737837dea0c47ec9c1d5d6ae76c228e803764c6b06adedc033,"{""boundary"": 12, ""community_rep"": 4, ""degree_core"": 10, ""random_fill"": 6}","{""degree_0_1"": 1, ""degree_2"": 3, ""degree_3_4"": 17, ""degree_5_8"": 10, ""degree_9_plus"": 1}","{""0"": 2, ""1"": 1, ""10"": 2, ""11"": 3, ""2"": 2, ""3"": 5, ""4"": 6, ""5"": 1, ""6"": 5, ""7"": 2, ""8"": 1, ""9"": 2}",64,"{""backend"": ""evaluate_m19_theory_calibrated.candidate_features"", ""delta_mode"": ""none"", ""k_max"": 512, ""k_min"": 64, ""variant"": ""conservative""}",64,0.3878787878787879,0.3125,0.3125,0.234375,1.0,"{""dp_17_64"": 0.546875, ""dp_5_16"": 0.21875, ""dp_65_256"": 0.234375}","{""cn_0"": 0.984375, ""cn_1"": 0.015625}",0.015625,43.40625,sasb_candidate_builder,22effb26a384dc641c4fc77ef35b0d9e682d611057cb9f0f4b8d436ea5ed7835,64,22effb26a384dc641c4fc77ef35b0d9e682d611057cb9f0f4b8d436ea5ed7835,"{""sasb_builder"": 64}",0,0,0,0,{},0.0,"{""common_neighbor_bin_l1"": 0.0, ""degree_product_bin_l1"": 0.0, ""is_boundary_edge_l1"": 0.0, ""is_bridge_edge_l1"": 0.0, ""is_inter_community_edge_l1"": 0.0, ""is_low_common_neighbor_edge_l1"": 0.0, ""mean_l1"": 0.0}",1,32,32,509.4375,0
realworld_completed,bio_celegans,SASB-candidate,sasb,SASB-structured,20260513,1429,late,0.25165562913907286,0.24724061810154527,0.004415011037527589,79,80,1,0.705679012345679,0.7061728395061728,323,83,323--83,2,6,2,6,12,0,0.0,0,3,3,32,"[""96"", ""53"", ""60"", ""62"", ""444"", ""448"", ""440"", ""418"", ""421"", ""423"", ""428"", ""429"", ""82"", ""51"", ""83"", ""430"", ""445"", ""192"", ""193"", ""237"", ""378"", ""382"", ""353"", ""446"", ""422"", ""72"", ""8"", ""426"", ""452"", ""385"", ""165"", ""50""]",f64edff682a0a92f3b12e48ae5f574a262f2d8c6e1a20766986cfbe26655ce31,"{""boundary"": 12, ""community_rep"": 4, ""degree_core"": 10, ""random_fill"": 6}","{""degree_0_1"": 2, ""degree_2"": 3, ""degree_3_4"": 16, ""degree_5_8"": 10, ""degree_9_plus"": 1}","{""0"": 1, ""1"": 1, ""10"": 2, ""11"": 4, ""2"": 3, ""3"": 4, ""4"": 6, ""5"": 1, ""6"": 6, ""7"": 2, ""8"": 1, ""9"": 1}",64,"{""backend"": ""evaluate_m19_theory_calibrated.candidate_features"", ""delta_mode"": ""none"", ""k_max"": 512, ""k_min"": 64, ""variant"": ""conservative""}",64,0.3902439024390244,0.3125,0.3125,0.25,1.0,"{""dp_17_64"": 0.546875, ""dp_5_16"": 0.21875, ""dp_65_256"": 0.234375}","{""cn_0"": 1.0}",0.0,43.25,sasb_candidate_builder,981df86e85396914b9a14eb53737fd06a9a3dfe2c0e842d08c4da67ce87de434,64,981df86e85396914b9a14eb53737fd06a9a3dfe2c0e842d08c4da67ce87de434,"{""sasb_builder"": 64}",0,0,0,0,{},0.0,"{""common_neighbor_bin_l1"": 0.0, ""degree_product_bin_l1"": 0.0, ""is_boundary_edge_l1"": 0.0, ""is_bridge_edge_l1"": 0.0, ""is_inter_community_edge_l1"": 0.0, ""is_low_common_neighbor_edge_l1"": 0.0, ""mean_l1"": 0.0}",1,32,32,0.0,0
realworld_completed,bio_celegans,SASB-candidate,sasb,SASB-structured,20260513,1430,late,0.24724061810154527,0.24724061810154527,0.0,80,80,0,0.7061728395061728,0.7066666666666667,207,82,207--82,3,7,3,7,21,2,1.0,0,12,12,32,"[""96"", ""53"", ""60"", ""62"", ""444"", ""448"", ""440"", ""418"", ""421"", ""423"", ""428"", ""429"", ""82"", ""51"", ""430"", ""445"", ""83"", ""192"", ""193"", ""237"", ""378"", ""382"", ""353"", ""446"", ""422"", ""72"", ""80"", ""56"", ""410"", ""136"", ""443"", ""63""]",5816dddc55daa12aa5df28e3d7e1c07589f576b2890a399773774b03147347e0,"{""boundary"": 12, ""community_rep"": 4, ""degree_core"": 10, ""random_fill"": 6}","{""degree_0_1"": 1, ""degree_2"": 2, ""degree_3_4"": 18, ""degree_5_8"": 10, ""degree_9_plus"": 1}","{""0"": 1, ""1"": 2, ""10"": 1, ""11"": 3, ""2"": 5, ""3"": 4, ""4"": 5, ""5"": 1, ""6"": 5, ""7"": 2, ""8"": 2, ""9"": 1}",64,"{""backend"": ""evaluate_m19_theory_calibrated.candidate_features"", ""delta_mode"": ""none"", ""k_max"": 512, ""k_min"": 64, ""variant"": ""conservative""}",64,0.3950617283950617,0.3125,0.3125,0.234375,1.0,"{""dp_17_64"": 0.5625, ""dp_5_16"": 0.203125, ""dp_65_256"": 0.234375}","{""cn_0"": 1.0}",0.0,43.265625,sasb_candidate_builder,0c388333050dbfed7a10b0309c9e8e86a6104a89820c159bf2322f66e69ff6e1,64,0c388333050dbfed7a10b0309c9e8e86a6104a89820c159bf2322f66e69ff6e1,"{""sasb_builder"": 64}",0,0,0,0,{},0.0,"{""common_neighbor_bin_l1"": 0.0, ""degree_product_bin_l1"": 0.0, ""is_boundary_edge_l1"": 0.0, ""is_bridge_edge_l1"": 0.0, ""is_inter_community_edge_l1"": 0.0, ""is_low_common_neighbor_edge_l1"": 0.0, ""mean_l1"": 0.0}",1,32,32,0.0,0
realworld_completed,bio_celegans,SASB-candidate,sasb,SASB-structured,20260513,1431,late,0.24724061810154527,0.24724061810154527,0.0,80,80,0,0.7066666666666667,0.7071604938271605,233,82,233--82,2,6,2,6,12,0,0.0,0,12,12,32,"[""96"", ""53"", ""60"", ""62"", ""444"", ""448"", ""440"", ""418"", ""421"", ""423"", ""428"", ""429"", ""51"", ""82"", ""430"", ""445"", ""83"", ""192"", ""193"", ""237"", ""378"", ""382"", ""353"", ""446"", ""422"", ""72"", ""359"", ""187"", ""414"", ""434"", ""300"", ""438""]",54ff605d1321e181730280661b8542e28ab7b904d850d458cc594661f4145878,"{""boundary"": 12, ""community_rep"": 4, ""degree_core"": 10, ""random_fill"": 6}","{""degree_0_1"": 1, ""degree_2"": 5, ""degree_3_4"": 15, ""degree_5_8"": 10, ""degree_9_plus"": 1}","{""0"": 1, ""1"": 1, ""10"": 2, ""11"": 3, ""2"": 4, ""3"": 5, ""4"": 5, ""5"": 1, ""6"": 6, ""7"": 2, ""8"": 1, ""9"": 1}",64,"{""backend"": ""evaluate_m19_theory_calibrated.candidate_features"", ""delta_mode"": ""none"", ""k_max"": 512, ""k_min"": 64, ""variant"": ""conservative""}",64,0.39751552795031053,0.3125,0.3125,0.21875,1.0,"{""dp_17_64"": 0.546875, ""dp_5_16"": 0.21875, ""dp_65_256"": 0.234375}","{""cn_0"": 1.0}",0.0,43.078125,sasb_candidate_builder,c59aabf4f28ff0a571e9d45f1dbbf6ee29fe39d82af99cf7ad8d8040fedf8d2f,64,c59aabf4f28ff0a571e9d45f1dbbf6ee29fe39d82af99cf7ad8d8040fedf8d2f,"{""sasb_builder"": 64}",0,0,0,0,{},0.0,"{""common_neighbor_bin_l1"": 0.0, ""degree_product_bin_l1"": 0.0, ""is_boundary_edge_l1"": 0.0, ""is_bridge_edge_l1"": 0.0, ""is_inter_community_edge_l1"": 0.0, ""is_low_common_neighbor_edge_l1"": 0.0, ""mean_l1"": 0.0}",1,32,32,0.0,0
realworld_completed,bio_celegans,SASB-candidate,sasb,SASB-structured,20260513,1432,late,0.24724061810154527,0.24061810154525387,0.006622516556291397,80,81,1,0.7071604938271605,0.7076543209876544,300,82,300--82,2,5,2,5,10,0,0.0,0,10,10,32,"[""96"", ""53"", ""60"", ""62"", ""444"", ""448"", ""440"", ""418"", ""421"", ""423"", ""428"", ""429"", ""51"", ""430"", ""445"", ""82"", ""83"", ""192"", ""193"", ""237"", ""378"", ""382"", ""353"", ""446"", ""422"", ""72"", ""277"", ""437"", ""7"", ""209"", ""80"", ""98""]",b95a6f8e2048ba1b0f16d6533dd814d46e22d5058785545bf99a7bf953cc11fe,"{""boundary"": 12, ""community_rep"": 4, ""degree_core"": 10, ""random_fill"": 6}","{""degree_0_1"": 1, ""degree_2"": 4, ""degree_3_4"": 16, ""degree_5_8"": 10, ""degree_9_plus"": 1}","{""0"": 1, ""1"": 1, ""10"": 2, ""11"": 3, ""2"": 4, ""3"": 5, ""4"": 5, ""5"": 1, ""6"": 4, ""7"": 4, ""8"": 1, ""9"": 1}",64,"{""backend"": ""evaluate_m19_theory_calibrated.candidate_features"", ""delta_mode"": ""none"", ""k_max"": 512, ""k_min"": 64, ""variant"": ""conservative""}",64,0.4,0.3125,0.3125,0.25,1.0,"{""dp_17_64"": 0.546875, ""dp_5_16"": 0.21875, ""dp_65_256"": 0.234375}","{""cn_0"": 1.0}",0.0,42.84375,sasb_candidate_builder,08019bff758072a9de0053104ea5f32262920edbc1a764d41240a0aaf00f1e2f,64,08019bff758072a9de0053104ea5f32262920edbc1a764d41240a0aaf00f1e2f,"{""sasb_builder"": 64}",0,0,0,0,{},0.0,"{""common_neighbor_bin_l1"": 0.0, ""degree_product_bin_l1"": 0.0, ""is_boundary_edge_l1"": 0.0, ""is_bridge_edge_l1"": 0.0, ""is_inter_community_edge_l1"": 0.0, ""is_low_common_neighbor_edge_l1"": 0.0, ""mean_l1"": 0.0}",1,32,32,0.0,0
realworld_completed,bio_celegans,SASB-candidate,sasb,SASB-structured,20260513,1433,late,0.24061810154525387,0.24061810154525387,0.0,81,81,0,0.7076543209876544,0.7081481481481482,378,445,378--445,4,5,4,5,20,2,0.6666666666666666,0,3,3,32,"[""96"", ""53"", ""60"", ""62"", ""444"", ""448"", ""440"", ""418"", ""421"", ""423"", ""428"", ""429"", ""51"", ""430"", ""445"", ""83"", ""192"", ""193"", ""237"", ""378"", ""382"", ""400"", ""353"", ""446"", ""422"", ""72"", ""436"", ""346"", ""52"", ""410"", ""413"", ""416""]",c30928a94e7eae20d57c4c23430bf1d2905b76bc1c25bd9320dedc0bbafd816a,"{""boundary"": 12, ""community_rep"": 4, ""degree_core"": 10, ""random_fill"": 6}","{""degree_2"": 3, ""degree_3_4"": 19, ""degree_5_8"": 9, ""degree_9_plus"": 1}","{""0"": 1, ""1"": 1, ""10"": 2, ""11"": 4, ""2"": 3, ""3"": 3, ""4"": 5, ""5"": 1, ""6"": 7, ""7"": 3, ""8"": 1, ""9"": 1}",64,"{""backend"": ""evaluate_m19_theory_calibrated.candidate_features"", ""delta_mode"": ""none"", ""k_max"": 512, ""k_min"": 64, ""variant"": ""conservative""}",64,0.40764331210191085,0.3125,0.3125,0.234375,0.984375,"{""dp_17_64"": 0.53125, ""dp_5_16"": 0.234375, ""dp_65_256"": 0.234375}","{""cn_0"": 0.984375, ""cn_2_3"": 0.015625}",0.03125,42.875,sasb_candidate_builder,692fc74896be89f766738e0f945d83fa6abfcad04ba2697ab4e5831240e20527,64,692fc74896be89f766738e0f945d83fa6abfcad04ba2697ab4e5831240e20527,"{""sasb_builder"": 64}",0,0,0,0,{},0.0,"{""common_neighbor_bin_l1"": 0.0, ""degree_product_bin_l1"": 0.0, ""is_boundary_edge_l1"": 0.0, ""is_bridge_edge_l1"": 0.0, ""is_inter_community_edge_l1"": 0.0, ""is_low_common_neighbor_edge_l1"": 0.0, ""mean_l1"": 0.0}",1,32,32,510.9375,0
realworld_completed,bio_celegans,SASB-candidate,sasb,SASB-structured,20260513,1434,late,0.24061810154525387,0.24061810154525387,0.0,81,81,0,0.7081481481481482,0.7086419753086419,382,445,382--445,4,4,4,4,16,1,0.3333333333333333,0,3,3,32,"[""96"", ""53"", ""60"", ""62"", ""444"", ""448"", ""440"", ""418"", ""430"", ""421"", ""423"", ""428"", ""51"", ""83"", ""192"", ""193"", ""237"", ""382"", ""400"", ""411"", ""429"", ""432"", ""353"", ""446"", ""422"", ""72"", ""439"", ""419"", ""449"", ""294"", ""340"", ""357""]",fdaa61bf885110d6cb7a34f737184b37a0f5cd4e1ce69de2baffae0276f47665,"{""boundary"": 12, ""community_rep"": 4, ""degree_core"": 10, ""random_fill"": 6}","{""degree_0_1"": 3, ""degree_2"": 1, ""degree_3_4"": 19, ""degree_5_8"": 8, ""degree_9_plus"": 1}","{""0"": 2, ""1"": 1, ""10"": 3, ""11"": 4, ""12"": 1, ""2"": 3, ""3"": 6, ""4"": 2, ""5"": 2, ""6"": 2, ""7"": 1, ""8"": 4, ""9"": 1}",64,"{""backend"": ""evaluate_m19_theory_calibrated.candidate_features"", ""delta_mode"": ""none"", ""k_max"": 512, ""k_min"": 64, ""variant"": ""conservative""}",64,0.41025641025641024,0.34375,0.34375,0.234375,1.0,"{""dp_17_64"": 0.515625, ""dp_5_16"": 0.25, ""dp_65_256"": 0.234375}","{""cn_0"": 0.984375, ""cn_1"": 0.015625}",0.015625,42.59375,sasb_candidate_builder,7916f498cf1205bcb1476fff6390db6a7d2c152d084678f2f5c6dfcee693086b,64,7916f498cf1205bcb1476fff6390db6a7d2c152d084678f2f5c6dfcee693086b,"{""sasb_builder"": 64}",0,0,0,0,{},0.0,"{""common_neighbor_bin_l1"": 0.0, ""degree_product_bin_l1"": 0.0, ""is_boundary_edge_l1"": 0.0, ""is_bridge_edge_l1"": 0.0, ""is_inter_community_edge_l1"": 0.0, ""is_low_common_neighbor_edge_l1"": 0.0, ""mean_l1"": 0.0}",1,32,32,621.640625,0
realworld_completed,bio_celegans,SASB-candidate,sasb,SASB-structured,20260513,1435,late,0.24061810154525387,0.23178807947019867,0.008830022075055205,81,82,1,0.7086419753086419,0.7091358024691358,225,445,225--445,3,3,3,3,9,0,0.0,1,10,3,32,"[""96"", ""53"", ""60"", ""62"", ""444"", ""448"", ""440"", ""418"", ""430"", ""421"", ""423"", ""428"", ""51"", ""83"", ""192"", ""193"", ""237"", ""400"", ""411"", ""429"", ""432"", ""439"", ""353"", ""446"", ""422"", ""72"", ""441"", ""52"", ""405"", ""209"", ""63"", ""301""]",b1fd01f9fb1d34c6091b37a9fdb9f9d74c08d3d8bd68b411ace5c3f0da6ef58a,"{""boundary"": 12, ""community_rep"": 4, ""degree_core"": 10, ""random_fill"": 6}","{""degree_0_1"": 2, ""degree_2"": 1, ""degree_3_4"": 20, ""degree_5_8"": 8, ""degree_9_plus"": 1}","{""0"": 1, ""1"": 1, ""10"": 4, ""11"": 4, ""12"": 1, ""2"": 6, ""3"": 3, ""4"": 1, ""5"": 1, ""6"": 3, ""7"": 1, ""8"": 5, ""9"": 1}",64,"{""backend"": ""evaluate_m19_theory_calibrated.candidate_features"", ""delta_mode"": ""none"", ""k_max"": 512, ""k_min"": 64, ""variant"": ""conservative""}",64,0.4129032258064516,0.34375,0.34375,0.25,1.0,"{""dp_17_64"": 0.515625, ""dp_5_16"": 0.25, ""dp_65_256"": 0.234375}","{""cn_0"": 1.0}",0.0,42.265625,sasb_candidate_builder,ec682502247389462187c6d6c35308d9d9d911c3ab11cfa896e7e29a800ab9a5,64,ec682502247389462187c6d6c35308d9d9d911c3ab11cfa896e7e29a800ab9a5,"{""sasb_builder"": 64}",0,0,0,0,{},0.0,"{""common_neighbor_bin_l1"": 0.0, ""degree_product_bin_l1"": 0.0, ""is_boundary_edge_l1"": 0.0, ""is_bridge_edge_l1"": 0.0, ""is_inter_community_edge_l1"": 0.0, ""is_low_common_neighbor_edge_l1"": 0.0, ""mean_l1"": 0.0}",1,32,32,436.0,0
realworld_completed,bio_celegans,SASB-candidate,sasb,SASB-structured,20260513,1436,late,0.23178807947019867,0.22737306843267108,0.004415011037527589,82,83,1,0.7091358024691358,0.7096296296296296,67,72,67--72,2,3,2,3,6,0,0.0,0,4,4,32,"[""96"", ""53"", ""60"", ""62"", ""444"", ""448"", ""440"", ""418"", ""430"", ""421"", ""423"", ""428"", ""51"", ""83"", ""192"", ""193"", ""237"", ""400"", ""411"", ""429"", ""432"", ""439"", ""353"", ""446"", ""422"", ""72"", ""20"", ""19"", ""426"", ""52"", ""452"", ""213""]",2d0e58f7c718a0484b75d9b2bc49c6fdd70b16a6cef5a3b5cbd773148da420b0,"{""boundary"": 12, ""community_rep"": 4, ""degree_core"": 10, ""random_fill"": 6}","{""degree_0_1"": 2, ""degree_2"": 3, ""degree_3_4"": 18, ""degree_5_8"": 8, ""degree_9_plus"": 1}","{""0"": 1, ""1"": 1, ""10"": 4, ""11"": 4, ""12"": 1, ""2"": 6, ""3"": 3, ""4"": 1, ""5"": 2, ""6"": 3, ""7"": 1, ""8"": 4, ""9"": 1}",64,"{""backend"": ""evaluate_m19_theory_calibrated.candidate_features"", ""delta_mode"": ""none"", ""k_max"": 512, ""k_min"": 64, ""variant"": ""conservative""}",64,0.42953020134228187,0.34375,0.34375,0.25,1.0,"{""dp_17_64"": 0.484375, ""dp_5_16"": 0.28125, ""dp_65_256"": 0.234375}","{""cn_0"": 1.0}",0.0,42.0,sasb_candidate_builder,bdc3a70f4b374a37f4d1499b90311a60950bf711b55b7202bdea0d4a56fcf2be,64,bdc3a70f4b374a37f4d1499b90311a60950bf711b55b7202bdea0d4a56fcf2be,"{""sasb_builder"": 64}",0,0,0,0,{},0.0,"{""common_neighbor_bin_l1"": 0.0, ""degree_product_bin_l1"": 0.0, ""is_boundary_edge_l1"": 0.0, ""is_bridge_edge_l1"": 0.0, ""is_inter_community_edge_l1"": 0.0, ""is_low_common_neighbor_edge_l1"": 0.0, ""mean_l1"": 0.0}",1,32,32,210.0,0
realworld_completed,bio_celegans,SASB-candidate,sasb,SASB-structured,20260513,1437,late,0.22737306843267108,0.2185430463576159,0.008830022075055177,83,84,1,0.7096296296296296,0.7101234567901235,372,81,372--81,3,2,2,3,6,0,0.0,0,8,8,32,"[""96"", ""53"", ""60"", ""62"", ""444"", ""448"", ""440"", ""418"", ""430"", ""421"", ""423"", ""428"", ""51"", ""83"", ""192"", ""193"", ""237"", ""400"", ""411"", ""429"", ""432"", ""439"", ""353"", ""446"", ""422"", ""72"", ""9"", ""357"", ""441"", ""350"", ""56"", ""8""]",9af5f7d2b57ee8b897d0fc5329d40428d5c7df9d888bd07475d17f63a2fdeb36,"{""boundary"": 12, ""community_rep"": 4, ""degree_core"": 10, ""random_fill"": 6}","{""degree_0_1"": 1, ""degree_2"": 3, ""degree_3_4"": 19, ""degree_5_8"": 8, ""degree_9_plus"": 1}","{""0"": 4, ""1"": 1, ""10"": 3, ""11"": 4, ""12"": 1, ""2"": 4, ""3"": 3, ""4"": 1, ""5"": 1, ""6"": 2, ""7"": 2, ""8"": 4, ""9"": 2}",64,"{""backend"": ""evaluate_m19_theory_calibrated.candidate_features"", ""delta_mode"": ""none"", ""k_max"": 512, ""k_min"": 64, ""variant"": ""conservative""}",64,0.43537414965986393,0.34375,0.34375,0.25,1.0,"{""dp_17_64"": 0.484375, ""dp_5_16"": 0.28125, ""dp_65_256"": 0.234375}","{""cn_0"": 1.0}",0.0,41.953125,sasb_candidate_builder,aaec0b7a57e61c6470984e6be0292305c6a78f74a892439e9259b07ee7f89a17,64,aaec0b7a57e61c6470984e6be0292305c6a78f74a892439e9259b07ee7f89a17,"{""sasb_builder"": 64}",0,0,0,0,{},0.0,"{""common_neighbor_bin_l1"": 0.0, ""degree_product_bin_l1"": 0.0, ""is_boundary_edge_l1"": 0.0, ""is_bridge_edge_l1"": 0.0, ""is_inter_community_edge_l1"": 0.0, ""is_low_common_neighbor_edge_l1"": 0.0, ""mean_l1"": 0.0}",1,32,32,0.0,0
realworld_completed,bio_celegans,SASB-candidate,sasb,SASB-structured,20260513,1438,late,0.2185430463576159,0.2185430463576159,0.0,84,84,0,0.7101234567901235,0.7106172839506173,128,440,128--440,2,6,2,6,12,1,1.0,0,2,2,32,"[""96"", ""53"", ""60"", ""62"", ""444"", ""448"", ""440"", ""418"", ""430"", ""421"", ""423"", ""428"", ""51"", ""83"", ""192"", ""193"", ""237"", ""400"", ""411"", ""429"", ""432"", ""439"", ""353"", ""446"", ""422"", ""72"", ""445"", ""399"", ""165"", ""450"", ""19"", ""327""]",45d31d8e2d18cec4273c1ddf762a73c01036fb9d13536afa72e9dd45445230ab,"{""boundary"": 12, ""community_rep"": 4, ""degree_core"": 10, ""random_fill"": 6}","{""degree_0_1"": 1, ""degree_2"": 5, ""degree_3_4"": 17, ""degree_5_8"": 8, ""degree_9_plus"": 1}","{""0"": 1, ""1"": 1, ""10"": 4, ""11"": 4, ""12"": 2, ""2"": 4, ""3"": 5, ""4"": 1, ""5"": 2, ""6"": 2, ""7"": 1, ""8"": 4, ""9"": 1}",64,"{""backend"": ""evaluate_m19_theory_calibrated.candidate_features"", ""delta_mode"": ""none"", ""k_max"": 512, ""k_min"": 64, ""variant"": ""conservative""}",64,0.4507042253521127,0.34375,0.34375,0.234375,1.0,"{""dp_17_64"": 0.484375, ""dp_5_16"": 0.28125, ""dp_65_256"": 0.234375}","{""cn_0"": 0.984375, ""cn_1"": 0.015625}",0.015625,42.046875,sasb_candidate_builder,fc82d12934ea636cba22fb205e52fd1d5c20167d5ad2e79917b643dd8f563caf,64,fc82d12934ea636cba22fb205e52fd1d5c20167d5ad2e79917b643dd8f563caf,"{""sasb_builder"": 64}",0,0,0,0,{},0.0,"{""common_neighbor_bin_l1"": 0.0, ""degree_product_bin_l1"": 0.0, ""is_boundary_edge_l1"": 0.0, ""is_bridge_edge_l1"": 0.0, ""is_inter_community_edge_l1"": 0.0, ""is_low_common_neighbor_edge_l1"": 0.0, ""mean_l1"": 0.0}",1,32,32,93.84375,0
realworld_completed,bio_celegans,SASB-candidate,sasb,SASB-structured,20260513,1439,late,0.2185430463576159,0.2185430463576159,0.0,84,84,0,0.7106172839506173,0.7111111111111111,440,441,440--441,5,3,3,5,15,1,0.5,0,2,2,32,"[""96"", ""53"", ""60"", ""62"", ""444"", ""448"", ""418"", ""430"", ""440"", ""421"", ""423"", ""428"", ""51"", ""83"", ""192"", ""193"", ""237"", ""400"", ""411"", ""429"", ""432"", ""439"", ""353"", ""446"", ""422"", ""72"", ""415"", ""449"", ""301"", ""50"", ""438"", ""394""]",173c1f69c7d758cef140a7adeac881e6442c2232eb60b593004aaf14d26af4b1,"{""boundary"": 12, ""community_rep"": 4, ""degree_core"": 10, ""random_fill"": 6}","{""degree_0_1"": 3, ""degree_2"": 3, ""degree_3_4"": 17, ""degree_5_8"": 8, ""degree_9_plus"": 1}","{""0"": 2, ""1"": 1, ""10"": 3, ""11"": 4, ""12"": 1, ""2"": 5, ""3"": 3, ""4"": 1, ""5"": 4, ""6"": 2, ""7"": 1, ""8"": 4, ""9"": 1}",64,"{""backend"": ""evaluate_m19_theory_calibrated.candidate_features"", ""delta_mode"": ""none"", ""k_max"": 512, ""k_min"": 64, ""variant"": ""conservative""}",64,0.45390070921985815,0.34375,0.34375,0.234375,1.0,"{""dp_17_64"": 0.46875, ""dp_5_16"": 0.296875, ""dp_65_256"": 0.234375}","{""cn_0"": 0.984375, ""cn_1"": 0.015625}",0.015625,41.5,sasb_candidate_builder,f171db74420e873d9071c168dff7465d9a81c16f02afb3ae2a630c9f27d2f2dd,64,f171db74420e873d9071c168dff7465d9a81c16f02afb3ae2a630c9f27d2f2dd,"{""sasb_builder"": 64}",0,0,0,0,{},0.0,"{""common_neighbor_bin_l1"": 0.0, ""degree_product_bin_l1"": 0.0, ""is_boundary_edge_l1"": 0.0, ""is_bridge_edge_l1"": 0.0, ""is_inter_community_edge_l1"": 0.0, ""is_low_common_neighbor_edge_l1"": 0.0, ""mean_l1"": 0.0}",1,32,32,151.59375,0
realworld_completed,bio_celegans,SASB-candidate,sasb,SASB-structured,20260513,1440,late,0.2185430463576159,0.2141280353200883,0.004415011037527589,84,85,1,0.7111111111111111,0.711604938271605,325,425,325--425,2,3,2,3,6,0,0.0,0,0,0,32,"[""96"", ""53"", ""60"", ""62"", ""444"", ""448"", ""418"", ""430"", ""421"", ""423"", ""428"", ""429"", ""51"", ""83"", ""192"", ""193"", ""237"", ""400"", ""411"", ""432"", ""439"", ""440"", ""353"", ""446"", ""422"", ""72"", ""357"", ""81"", ""8"", ""441"", ""98"", ""19""]",1f0476281fb8f8c633ac530b177fca2e8434f68132fb9ffcc34220b0f17390aa,"{""boundary"": 12, ""community_rep"": 4, ""degree_core"": 10, ""random_fill"": 6}","{""degree_0_1"": 2, ""degree_2"": 5, ""degree_3_4"": 17, ""degree_5_8"": 7, ""degree_9_plus"": 1}","{""0"": 3, ""1"": 1, ""10"": 3, ""11"": 4, ""12"": 1, ""2"": 5, ""3"": 3, ""4"": 1, ""5"": 1, ""6"": 3, ""7"": 1, ""8"": 4, ""9"": 2}",64,"{""backend"": ""evaluate_m19_theory_calibrated.candidate_features"", ""delta_mode"": ""none"", ""k_max"": 512, ""k_min"": 64, ""variant"": ""conservative""}",64,0.45714285714285713,0.34375,0.34375,0.265625,1.0,"{""dp_17_64"": 0.453125, ""dp_5_16"": 0.3125, ""dp_65_256"": 0.234375}","{""cn_0"": 1.0}",0.0,40.65625,sasb_candidate_builder,c77528671c83ad78c890d21a08813a06abe9e38eadccbd8cd4d7dc489d810fa0,64,c77528671c83ad78c890d21a08813a06abe9e38eadccbd8cd4d7dc489d810fa0,"{""sasb_builder"": 64}",0,0,0,0,{},0.0,"{""common_neighbor_bin_l1"": 0.0, ""degree_product_bin_l1"": 0.0, ""is_boundary_edge_l1"": 0.0, ""is_bridge_edge_l1"": 0.0, ""is_inter_community_edge_l1"": 0.0, ""is_low_common_neighbor_edge_l1"": 0.0, ""mean_l1"": 0.0}",1,32,32,198.0,0
realworld_completed,bio_celegans,SASB-candidate,sasb,SASB-structured,20260513,1441,late,0.2141280353200883,0.20750551876379691,0.006622516556291397,85,86,1,0.711604938271605,0.7120987654320987,353,443,353--443,3,2,2,3,6,0,0.0,0,1,1,32,"[""96"", ""53"", ""60"", ""62"", ""444"", ""448"", ""418"", ""430"", ""421"", ""423"", ""428"", ""429"", ""51"", ""83"", ""192"", ""193"", ""237"", ""400"", ""411"", ""432"", ""439"", ""440"", ""353"", ""446"", ""422"", ""72"", ""396"", ""63"", ""449"", ""419"", ""357"", ""213""]",436b973a77d3f26c0a0dc4496d3aa323b605bdcb3230de227c1e756ae212be65,"{""boundary"": 12, ""community_rep"": 4, ""degree_core"": 10, ""random_fill"": 6}","{""degree_0_1"": 1, ""degree_2"": 4, ""degree_3_4"": 19, ""degree_5_8"": 7, ""degree_9_plus"": 1}","{""0"": 3, ""1"": 1, ""10"": 4, ""11"": 4, ""12"": 1, ""2"": 3, ""3"": 4, ""4"": 1, ""5"": 2, ""6"": 2, ""7"": 1, ""8"": 5, ""9"": 1}",64,"{""backend"": ""evaluate_m19_theory_calibrated.candidate_features"", ""delta_mode"": ""none"", ""k_max"": 512, ""k_min"": 64, ""variant"": ""conservative""}",64,0.463768115942029,0.34375,0.34375,0.265625,1.0,"{""dp_17_64"": 0.453125, ""dp_5_16"": 0.328125, ""dp_65_256"": 0.21875}","{""cn_0"": 1.0}",0.0,40.140625,sasb_candidate_builder,606be639ae8a93f9bd6c30fd8e0fc4390909c298026800429cd2d113ec9b3c2e,64,606be639ae8a93f9bd6c30fd8e0fc4390909c298026800429cd2d113ec9b3c2e,"{""sasb_builder"": 64}",0,0,0,0,{},0.0,"{""common_neighbor_bin_l1"": 0.0, ""degree_product_bin_l1"": 0.0, ""is_boundary_edge_l1"": 0.0, ""is_bridge_edge_l1"": 0.0, ""is_inter_community_edge_l1"": 0.0, ""is_low_common_neighbor_edge_l1"": 0.0, ""mean_l1"": 0.0}",1,32,32,566.84375,0
realworld_completed,bio_celegans,SASB-candidate,sasb,SASB-structured,20260513,1442,late,0.20750551876379691,0.20750551876379691,0.0,86,86,0,0.7120987654320987,0.7125925925925926,192,432,192--432,4,4,4,4,16,2,0.6666666666666666,0,7,7,32,"[""96"", ""53"", ""60"", ""62"", ""444"", ""448"", ""418"", ""430"", ""421"", ""423"", ""428"", ""429"", ""51"", ""83"", ""192"", ""193"", ""237"", ""400"", ""411"", ""432"", ""439"", ""440"", ""446"", ""422"", ""72"", ""443"", ""357"", ""436"", ""209"", ""452"", ""437"", ""327""]",267c974e4ed4e7734a1242d13c5f0b519de6b53b4848c3d1acf498645c57ffdf,"{""boundary"": 12, ""community_rep"": 4, ""degree_core"": 10, ""random_fill"": 6}","{""degree_0_1"": 2, ""degree_2"": 4, ""degree_3_4"": 18, ""degree_5_8"": 7, ""degree_9_plus"": 1}","{""0"": 2, ""1"": 1, ""10"": 5, ""11"": 4, ""12"": 1, ""2"": 5, ""3"": 3, ""4"": 1, ""5"": 2, ""6"": 2, ""7"": 1, ""8"": 4, ""9"": 1}",64,"{""backend"": ""evaluate_m19_theory_calibrated.candidate_features"", ""delta_mode"": ""none"", ""k_max"": 512, ""k_min"": 64, ""variant"": ""conservative""}",64,0.47761194029850745,0.34375,0.34375,0.25,0.984375,"{""dp_17_64"": 0.453125, ""dp_5_16"": 0.328125, ""dp_65_256"": 0.21875}","{""cn_0"": 0.984375, ""cn_2_3"": 0.015625}",0.03125,39.890625,sasb_candidate_builder,3de16a48d15893c652d061d94f2607b414cfd4e919fe3eef60ce053e6cf953fe,64,3de16a48d15893c652d061d94f2607b414cfd4e919fe3eef60ce053e6cf953fe,"{""sasb_builder"": 64}",0,0,0,0,{},0.0,"{""common_neighbor_bin_l1"": 0.0, ""degree_product_bin_l1"": 0.0, ""is_boundary_edge_l1"": 0.0, ""is_bridge_edge_l1"": 0.0, ""is_inter_community_edge_l1"": 0.0, ""is_low_common_neighbor_edge_l1"": 0.0, ""mean_l1"": 0.0}",1,32,32,178.69791666666666,0
realworld_completed,bio_celegans,SASB-candidate,sasb,SASB-structured,20260513,1443,late,0.20750551876379691,0.20750551876379691,0.0,86,86,0,0.7125925925925926,0.7130864197530864,193,432,193--432,4,3,3,4,12,1,0.5,0,7,7,32,"[""96"", ""53"", ""60"", ""62"", ""444"", ""448"", ""418"", ""430"", ""421"", ""423"", ""428"", ""429"", ""51"", ""83"", ""193"", ""237"", ""400"", ""411"", ""439"", ""440"", ""446"", ""52"", ""422"", ""72"", ""443"", ""192"", ""82"", ""327"", ""56"", ""452"", ""441"", ""410""]",d1201eb2dd6099c771968ed1caf9e9f66149ad2a0f9be066df8b7e6aa3056eaf,"{""boundary"": 12, ""community_rep"": 3, ""degree_core"": 10, ""random_fill"": 7}","{""degree_0_1"": 1, ""degree_2"": 4, ""degree_3_4"": 19, ""degree_5_8"": 7, ""degree_9_plus"": 1}","{""0"": 1, ""1"": 1, ""10"": 5, ""11"": 4, ""12"": 1, ""2"": 6, ""3"": 3, ""4"": 1, ""5"": 1, ""6"": 3, ""7"": 2, ""8"": 3, ""9"": 1}",64,"{""backend"": ""evaluate_m19_theory_calibrated.candidate_features"", ""delta_mode"": ""none"", ""k_max"": 512, ""k_min"": 64, ""variant"": ""conservative""}",64,0.48120300751879697,0.34375,0.34375,0.25,1.0,"{""dp_17_64"": 0.453125, ""dp_5_16"": 0.328125, ""dp_65_256"": 0.21875}","{""cn_0"": 0.984375, ""cn_1"": 0.015625}",0.015625,39.421875,sasb_candidate_builder,be4d6cc3b2a47ee93bb382dc7c3bb508559a7f7101b69addf31971463351ef5d,64,be4d6cc3b2a47ee93bb382dc7c3bb508559a7f7101b69addf31971463351ef5d,"{""sasb_builder"": 64}",0,0,0,0,{},0.0,"{""common_neighbor_bin_l1"": 0.0, ""degree_product_bin_l1"": 0.0, ""is_boundary_edge_l1"": 0.0, ""is_bridge_edge_l1"": 0.0, ""is_inter_community_edge_l1"": 0.0, ""is_low_common_neighbor_edge_l1"": 0.0, ""mean_l1"": 0.0}",1,32,32,177.71874999999997,0
realworld_completed,bio_celegans,SASB-candidate,sasb,SASB-structured,20260513,1444,late,0.20750551876379691,0.20750551876379691,0.0,86,86,0,0.7130864197530864,0.7135802469135802,237,421,237--421,4,4,4,4,16,2,0.6666666666666666,0,9,9,32,"[""96"", ""60"", ""53"", ""440"", ""444"", ""62"", ""418"", ""430"", ""421"", ""423"", ""428"", ""429"", ""51"", ""83"", ""237"", ""400"", ""411"", ""439"", ""446"", ""52"", ""82"", ""192"", ""422"", ""80"", ""59"", ""357"", ""452"", ""81"", ""209"", ""202"", ""98"", ""416""]",e4703928d434d1f83328985544a700fce8ca693fbfbef8f62b7ed0f0edf1630a,"{""boundary"": 12, ""community_rep"": 1, ""degree_core"": 10, ""random_fill"": 9}","{""degree_0_1"": 2, ""degree_2"": 6, ""degree_3_4"": 16, ""degree_5_8"": 7, ""degree_9_plus"": 1}","{""0"": 3, ""1"": 2, ""10"": 1, ""2"": 3, ""3"": 2, ""4"": 5, ""5"": 2, ""6"": 3, ""7"": 2, ""8"": 5, ""9"": 4}",64,"{""backend"": ""evaluate_m19_theory_calibrated.candidate_features"", ""delta_mode"": ""none"", ""k_max"": 512, ""k_min"": 64, ""variant"": ""conservative""}",64,0.48484848484848486,0.3125,0.3125,0.25,0.984375,"{""dp_17_64"": 0.46875, ""dp_5_16"": 0.328125, ""dp_65_256"": 0.203125}","{""cn_0"": 0.984375, ""cn_2_3"": 0.015625}",0.03125,39.078125,sasb_candidate_builder,17ac5b08ddcf97bd177f921fab2c85cfdc01a633b37d4136395fdf9ffe7fc64f,64,17ac5b08ddcf97bd177f921fab2c85cfdc01a633b37d4136395fdf9ffe7fc64f,"{""sasb_builder"": 64}",0,0,0,0,{},0.0,"{""common_neighbor_bin_l1"": 0.0, ""degree_product_bin_l1"": 0.0, ""is_boundary_edge_l1"": 0.0, ""is_bridge_edge_l1"": 0.0, ""is_inter_community_edge_l1"": 0.0, ""is_low_common_neighbor_edge_l1"": 0.0, ""mean_l1"": 0.0}",1,32,32,178.69791666666669,0
realworld_completed,bio_celegans,SASB-candidate,sasb,SASB-structured,20260513,1445,late,0.20750551876379691,0.20750551876379691,0.0,86,86,0,0.7135802469135802,0.7140740740740741,400,421,400--421,4,3,3,4,12,1,0.5,0,9,9,32,"[""96"", ""60"", ""53"", ""440"", ""444"", ""62"", ""418"", ""430"", ""423"", ""428"", ""429"", ""439"", ""51"", ""83"", ""400"", ""411"", ""446"", ""52"", ""82"", ""192"", ""193"", ""206"", ""422"", ""19"", ""385"", ""8"", ""450"", ""412"", ""438"", ""59"", ""443"", ""237""]",ac39253eee5ee92faafa64d1b1af5688c75851d89daae231b691a2220fa1c227,"{""boundary"": 12, ""community_rep"": 1, ""degree_core"": 10, ""random_fill"": 9}","{""degree_0_1"": 2, ""degree_2"": 3, ""degree_3_4"": 19, ""degree_5_8"": 7, ""degree_9_plus"": 1}","{""0"": 2, ""1"": 2, ""10"": 1, ""2"": 4, ""3"": 3, ""4"": 3, ""5"": 3, ""6"": 3, ""7"": 3, ""8"": 4, ""9"": 4}",64,"{""backend"": ""evaluate_m19_theory_calibrated.candidate_features"", ""delta_mode"": ""none"", ""k_max"": 512, ""k_min"": 64, ""variant"": ""conservative""}",64,0.48854961832061067,0.3125,0.3125,0.25,1.0,"{""dp_17_64"": 0.46875, ""dp_5_16"": 0.328125, ""dp_65_256"": 0.203125}","{""cn_0"": 0.984375, ""cn_1"": 0.015625}",0.015625,38.609375,sasb_candidate_builder,c1bc405cfb85320dede7574c22057e169fd9d9178a486ade535b4fd5ff852cee,64,c1bc405cfb85320dede7574c22057e169fd9d9178a486ade535b4fd5ff852cee,"{""sasb_builder"": 64}",0,0,0,0,{},0.0,"{""common_neighbor_bin_l1"": 0.0, ""degree_product_bin_l1"": 0.0, ""is_boundary_edge_l1"": 0.0, ""is_bridge_edge_l1"": 0.0, ""is_inter_community_edge_l1"": 0.0, ""is_low_common_neighbor_edge_l1"": 0.0, ""mean_l1"": 0.0}",1,32,32,177.71875,0
realworld_completed,bio_celegans,SASB-candidate,sasb,SASB-structured,20260513,1446,late,0.20750551876379691,0.20750551876379691,0.0,86,86,0,0.7140740740740741,0.7145679012345679,428,429,428--429,4,4,4,4,16,2,0.6666666666666666,0,8,8,32,"[""96"", ""60"", ""53"", ""440"", ""444"", ""62"", ""418"", ""430"", ""423"", ""428"", ""429"", ""439"", ""51"", ""83"", ""411"", ""446"", ""52"", ""82"", ""192"", ""193"", ""206"", ""237"", ""422"", ""80"", ""7"", ""417"", ""136"", ""441"", ""450"", ""20"", ""426"", ""19""]",981874dc92a8aadaf3005a301761227593be4e764a492eeed69b2780544eaab5,"{""boundary"": 12, ""community_rep"": 1, ""degree_core"": 10, ""random_fill"": 9}","{""degree_0_1"": 5, ""degree_2"": 4, ""degree_3_4"": 15, ""degree_5_8"": 7, ""degree_9_plus"": 1}","{""0"": 2, ""1"": 4, ""10"": 1, ""2"": 4, ""3"": 3, ""4"": 3, ""5"": 2, ""6"": 4, ""7"": 3, ""8"": 4, ""9"": 2}",64,"{""backend"": ""evaluate_m19_theory_calibrated.candidate_features"", ""delta_mode"": ""none"", ""k_max"": 512, ""k_min"": 64, ""variant"": ""conservative""}",64,0.49230769230769234,0.3125,0.3125,0.25,0.984375,"{""dp_17_64"": 0.484375, ""dp_5_16"": 0.328125, ""dp_65_256"": 0.1875}","{""cn_0"": 0.984375, ""cn_2_3"": 0.015625}",0.03125,38.265625,sasb_candidate_builder,3461bd51f862e982f587e8aa97d0366a733242f1e81811b39189301fc7eebc55,64,3461bd51f862e982f587e8aa97d0366a733242f1e81811b39189301fc7eebc55,"{""sasb_builder"": 64}",0,0,0,0,{},0.0,"{""common_neighbor_bin_l1"": 0.0, ""degree_product_bin_l1"": 0.0, ""is_boundary_edge_l1"": 0.0, ""is_bridge_edge_l1"": 0.0, ""is_inter_community_edge_l1"": 0.0, ""is_low_common_neighbor_edge_l1"": 0.0, ""mean_l1"": 0.0}",1,32,32,318.71875,0
realworld_completed,bio_celegans,SASB-candidate,sasb,SASB-structured,20260513,1447,late,0.20750551876379691,0.20750551876379691,0.0,86,86,0,0.7145679012345679,0.7150617283950618,409,51,409--51,2,6,2,6,12,0,0.0,0,2,2,32,"[""96"", ""60"", ""53"", ""440"", ""444"", ""62"", ""418"", ""430"", ""423"", ""439"", ""446"", ""410"", ""51"", ""83"", ""411"", ""52"", ""82"", ""192"", ""193"", ""206"", ""237"", ""288"", ""422"", ""277"", ""416"", ""327"", ""432"", ""427"", ""435"", ""20"", ""385"", ""9""]",5ed0e48a02a26c9fbbeeb5c01705bab7c5054690a3b3252cf7f3538835526ffc,"{""boundary"": 12, ""community_rep"": 1, ""degree_core"": 10, ""random_fill"": 9}","{""degree_0_1"": 1, ""degree_2"": 7, ""degree_3_4"": 16, ""degree_5_8"": 7, ""degree_9_plus"": 1}","{""0"": 3, ""1"": 2, ""10"": 2, ""2"": 3, ""3"": 3, ""4"": 4, ""5"": 2, ""6"": 3, ""7"": 4, ""8"": 3, ""9"": 3}",64,"{""backend"": ""evaluate_m19_theory_calibrated.candidate_features"", ""delta_mode"": ""none"", ""k_max"": 512, ""k_min"": 64, ""variant"": ""conservative""}",64,0.49612403100775193,0.3125,0.3125,0.25,1.0,"{""dp_17_64"": 0.453125, ""dp_5_16"": 0.359375, ""dp_65_256"": 0.1875}","{""cn_0"": 1.0}",0.0,37.453125,sasb_candidate_builder,509ca97a988351c8d384a51d757fc54ee43578c3c53f4109ecaa47c7e0eefcb4,64,509ca97a988351c8d384a51d757fc54ee43578c3c53f4109ecaa47c7e0eefcb4,"{""sasb_builder"": 64}",0,0,0,0,{},0.0,"{""common_neighbor_bin_l1"": 0.0, ""degree_product_bin_l1"": 0.0, ""is_boundary_edge_l1"": 0.0, ""is_bridge_edge_l1"": 0.0, ""is_inter_community_edge_l1"": 0.0, ""is_low_common_neighbor_edge_l1"": 0.0, ""mean_l1"": 0.0}",1,32,32,0.0,0
realworld_completed,bio_celegans,SASB-candidate,sasb,SASB-structured,20260513,1448,late,0.20750551876379691,0.20750551876379691,0.0,86,86,0,0.7150617283950618,0.7155555555555555,213,83,213--83,2,5,2,5,10,1,1.0,0,8,8,32,"[""96"", ""60"", ""53"", ""440"", ""444"", ""62"", ""418"", ""430"", ""423"", ""439"", ""446"", ""410"", ""51"", ""83"", ""411"", ""52"", ""82"", ""192"", ""193"", ""206"", ""237"", ""288"", ""422"", ""25"", ""327"", ""441"", ""396"", ""437"", ""20"", ""429"", ""128"", ""294""]",f6b613c70c4d345e38f2759b4552c8b447453e0ebab85c6e58770b21c2249ac5,"{""boundary"": 12, ""community_rep"": 1, ""degree_core"": 10, ""random_fill"": 9}","{""degree_0_1"": 4, ""degree_2"": 3, ""degree_3_4"": 17, ""degree_5_8"": 7, ""degree_9_plus"": 1}","{""0"": 2, ""1"": 4, ""10"": 2, ""2"": 4, ""3"": 1, ""4"": 3, ""5"": 2, ""6"": 5, ""7"": 3, ""8"": 4, ""9"": 2}",64,"{""backend"": ""evaluate_m19_theory_calibrated.candidate_features"", ""delta_mode"": ""none"", ""k_max"": 512, ""k_min"": 64, ""variant"": ""conservative""}",64,0.5,0.3125,0.3125,0.265625,1.0,"{""dp_17_64"": 0.421875, ""dp_5_16"": 0.390625, ""dp_65_256"": 0.1875}","{""cn_0"": 1.0}",0.0,37.078125,sasb_candidate_builder,0243b5e86dac8520ab7193e16a97f94f3374cf1874e0aa99976c9ffac7ed4073,64,0243b5e86dac8520ab7193e16a97f94f3374cf1874e0aa99976c9ffac7ed4073,"{""sasb_builder"": 64}",0,0,0,0,{},0.0,"{""common_neighbor_bin_l1"": 0.0, ""degree_product_bin_l1"": 0.0, ""is_boundary_edge_l1"": 0.0, ""is_bridge_edge_l1"": 0.0, ""is_inter_community_edge_l1"": 0.0, ""is_low_common_neighbor_edge_l1"": 0.0, ""mean_l1"": 0.0}",1,32,32,0.0,0
realworld_completed,bio_celegans,SASB-candidate,sasb,SASB-structured,20260513,1449,late,0.20750551876379691,0.20309050772626933,0.004415011037527589,86,87,1,0.7155555555555555,0.7160493827160493,336,83,336--83,2,4,2,4,8,0,0.0,0,7,7,32,"[""96"", ""60"", ""53"", ""440"", ""444"", ""62"", ""418"", ""430"", ""423"", ""439"", ""446"", ""410"", ""51"", ""411"", ""52"", ""82"", ""83"", ""192"", ""193"", ""206"", ""237"", ""288"", ""422"", ""7"", ""396"", ""419"", ""415"", ""449"", ""209"", ""386"", ""433"", ""432""]",5bd17a2c0c3f1810f0f4ed05e182efd69547353908820b85d9d1d215eb1078ff,"{""boundary"": 12, ""community_rep"": 1, ""degree_core"": 10, ""random_fill"": 9}","{""degree_0_1"": 1, ""degree_2"": 6, ""degree_3_4"": 18, ""degree_5_8"": 6, ""degree_9_plus"": 1}","{""0"": 3, ""1"": 1, ""10"": 3, ""2"": 4, ""3"": 4, ""4"": 3, ""5"": 2, ""6"": 3, ""7"": 4, ""8"": 3, ""9"": 2}",64,"{""backend"": ""evaluate_m19_theory_calibrated.candidate_features"", ""delta_mode"": ""none"", ""k_max"": 512, ""k_min"": 64, ""variant"": ""conservative""}",64,0.5039370078740157,0.3125,0.3125,0.28125,1.0,"{""dp_17_64"": 0.421875, ""dp_5_16"": 0.390625, ""dp_65_256"": 0.1875}","{""cn_0"": 1.0}",0.0,36.953125,sasb_candidate_builder,6b31ecab052b0f11e87db3f1e789a599f30759edc2c84e722d26666eefec3e9f,64,6b31ecab052b0f11e87db3f1e789a599f30759edc2c84e722d26666eefec3e9f,"{""sasb_builder"": 64}",0,0,0,0,{},0.0,"{""common_neighbor_bin_l1"": 0.0, ""degree_product_bin_l1"": 0.0, ""is_boundary_edge_l1"": 0.0, ""is_bridge_edge_l1"": 0.0, ""is_inter_community_edge_l1"": 0.0, ""is_low_common_neighbor_edge_l1"": 0.0, ""mean_l1"": 0.0}",1,32,32,0.0,0
realworld_completed,bio_celegans,SASB-candidate,sasb,SASB-structured,20260513,1450,late,0.20309050772626933,0.20309050772626933,0.0,87,87,0,0.7160493827160493,0.7165432098765432,192,430,192--430,3,5,3,5,15,2,1.0,0,7,7,32,"[""96"", ""60"", ""53"", ""440"", ""444"", ""62"", ""418"", ""430"", ""423"", ""439"", ""446"", ""410"", ""51"", ""411"", ""52"", ""82"", ""192"", ""193"", ""206"", ""237"", ""288"", ""385"", ""422"", ""59"", ""8"", ""396"", ""414"", ""72"", ""425"", ""428"", ""433"", ""447""]",5014734fddb5ead64424226d8d318f93bb93df3f75bfae78fb47f14fd8c6135b,"{""boundary"": 12, ""community_rep"": 1, ""degree_core"": 10, ""random_fill"": 9}","{""degree_0_1"": 2, ""degree_2"": 5, ""degree_3_4"": 18, ""degree_5_8"": 6, ""degree_9_plus"": 1}","{""0"": 4, ""1"": 1, ""10"": 2, ""2"": 3, ""3"": 5, ""4"": 3, ""5"": 3, ""6"": 3, ""7"": 3, ""8"": 2, ""9"": 3}",64,"{""backend"": ""evaluate_m19_theory_calibrated.candidate_features"", ""delta_mode"": ""none"", ""k_max"": 512, ""k_min"": 64, ""variant"": ""conservative""}",64,0.512,0.3125,0.3125,0.265625,0.984375,"{""dp_17_64"": 0.421875, ""dp_5_16"": 0.390625, ""dp_65_256"": 0.1875}","{""cn_0"": 0.984375, ""cn_2_3"": 0.015625}",0.03125,36.96875,sasb_candidate_builder,9065b018658323243a3c6d4bc1e0e6988aca60472c658bd448b96885989d439d,64,9065b018658323243a3c6d4bc1e0e6988aca60472c658bd448b96885989d439d,"{""sasb_builder"": 64}",0,0,0,0,{},0.0,"{""common_neighbor_bin_l1"": 0.0, ""degree_product_bin_l1"": 0.0, ""is_boundary_edge_l1"": 0.0, ""is_bridge_edge_l1"": 0.0, ""is_inter_community_edge_l1"": 0.0, ""is_low_common_neighbor_edge_l1"": 0.0, ""mean_l1"": 0.0}",1,32,32,342.12500000000006,0
realworld_completed,bio_celegans,SASB-candidate,sasb,SASB-structured,20260513,1451,late,0.20309050772626933,0.20309050772626933,0.0,87,87,0,0.7165432098765432,0.717037037037037,193,430,193--430,3,4,3,4,12,1,0.5,0,7,7,32,"[""96"", ""60"", ""53"", ""440"", ""444"", ""62"", ""418"", ""423"", ""430"", ""439"", ""446"", ""410"", ""51"", ""411"", ""52"", ""82"", ""193"", ""206"", ""237"", ""288"", ""385"", ""399"", ""422"", ""56"", ""409"", ""416"", ""386"", ""165"", ""50"", ""417"", ""421"", ""438""]",db2ee02ae296b0677634c72c58c01428f2e83d5275c39bcc1c9fe81dca5aecb4,"{""boundary"": 12, ""community_rep"": 1, ""degree_core"": 10, ""random_fill"": 9}","{""degree_0_1"": 2, ""degree_2"": 6, ""degree_3_4"": 18, ""degree_5_8"": 5, ""degree_9_plus"": 1}","{""0"": 1, ""1"": 1, ""10"": 4, ""2"": 6, ""3"": 3, ""4"": 3, ""5"": 3, ""6"": 4, ""7"": 2, ""8"": 1, ""9"": 4}",64,"{""backend"": ""evaluate_m19_theory_calibrated.candidate_features"", ""delta_mode"": ""none"", ""k_max"": 512, ""k_min"": 64, ""variant"": ""conservative""}",64,0.5161290322580645,0.3125,0.3125,0.265625,1.0,"{""dp_17_64"": 0.421875, ""dp_5_16"": 0.390625, ""dp_65_256"": 0.1875}","{""cn_0"": 0.984375, ""cn_1"": 0.015625}",0.015625,36.46875,sasb_candidate_builder,e12f47e49fae0776087f2d3bd96e52b5ecab078ead898d5075157d4828f44a07,64,e12f47e49fae0776087f2d3bd96e52b5ecab078ead898d5075157d4828f44a07,"{""sasb_builder"": 64}",0,0,0,0,{},0.0,"{""common_neighbor_bin_l1"": 0.0, ""degree_product_bin_l1"": 0.0, ""is_boundary_edge_l1"": 0.0, ""is_bridge_edge_l1"": 0.0, ""is_inter_community_edge_l1"": 0.0, ""is_low_common_neighbor_edge_l1"": 0.0, ""mean_l1"": 0.0}",1,32,32,389.5625,0
realworld_completed,bio_celegans,SASB-candidate,sasb,SASB-structured,20260513,1452,late,0.20309050772626933,0.20309050772626933,0.0,87,87,0,0.717037037037037,0.7175308641975309,237,418,237--418,3,5,3,5,15,2,1.0,0,3,3,32,"[""96"", ""60"", ""53"", ""440"", ""444"", ""62"", ""418"", ""423"", ""439"", ""446"", ""410"", ""419"", ""51"", ""411"", ""52"", ""82"", ""206"", ""237"", ""288"", ""385"", ""399"", ""400"", ""430"", ""422"", ""20"", ""340"", ""73"", ""429"", ""165"", ""294"", ""437"", ""9""]",ceeda8f467c487e04bdfc8b54f05c82425fb3371b987899283bd2f1e370cb118,"{""boundary"": 12, ""community_rep"": 2, ""degree_core"": 10, ""random_fill"": 8}","{""degree_0_1"": 3, ""degree_2"": 2, ""degree_3_4"": 21, ""degree_5_8"": 5, ""degree_9_plus"": 1}","{""0"": 2, ""1"": 4, ""10"": 3, ""2"": 6, ""3"": 2, ""4"": 3, ""5"": 2, ""6"": 3, ""7"": 1, ""8"": 2, ""9"": 4}",64,"{""backend"": ""evaluate_m19_theory_calibrated.candidate_features"", ""delta_mode"": ""none"", ""k_max"": 512, ""k_min"": 64, ""variant"": ""conservative""}",64,0.5203252032520326,0.3125,0.3125,0.28125,0.984375,"{""dp_17_64"": 0.421875, ""dp_5_16"": 0.390625, ""dp_65_256"": 0.1875}","{""cn_0"": 0.984375, ""cn_2_3"": 0.015625}",0.03125,36.0625,sasb_candidate_builder,da1068e32edb12031eacc062fc9fc5476c51b3eaf171cb5b2a0b80c7d9d9704f,64,da1068e32edb12031eacc062fc9fc5476c51b3eaf171cb5b2a0b80c7d9d9704f,"{""sasb_builder"": 64}",0,0,0,0,{},0.0,"{""common_neighbor_bin_l1"": 0.0, ""degree_product_bin_l1"": 0.0, ""is_boundary_edge_l1"": 0.0, ""is_bridge_edge_l1"": 0.0, ""is_inter_community_edge_l1"": 0.0, ""is_low_common_neighbor_edge_l1"": 0.0, ""mean_l1"": 0.0}",1,32,32,339.25,0
realworld_completed,bio_celegans,SASB-candidate,sasb,SASB-structured,20260513,1453,late,0.20309050772626933,0.20309050772626933,0.0,87,87,0,0.7175308641975309,0.7180246913580247,385,418,385--418,3,4,3,4,12,1,0.5,0,3,3,32,"[""96"", ""60"", ""53"", ""440"", ""444"", ""62"", ""418"", ""423"", ""439"", ""446"", ""410"", ""419"", ""51"", ""411"", ""52"", ""82"", ""206"", ""288"", ""385"", ""399"", ""400"", ""412"", ""430"", ""422"", ""9"", ""417"", ""209"", ""128"", ""445"", ""63"", ""136"", ""202""]",c5c3b925f49cbaedec5fa2101d87996f483ca8b772aa42a045c3d9ec9a9114ee,"{""boundary"": 12, ""community_rep"": 2, ""degree_core"": 10, ""random_fill"": 8}","{""degree_0_1"": 2, ""degree_2"": 5, ""degree_3_4"": 20, ""degree_5_8"": 4, ""degree_9_plus"": 1}","{""0"": 2, ""1"": 1, ""10"": 3, ""2"": 7, ""3"": 1, ""4"": 4, ""5"": 2, ""6"": 5, ""7"": 2, ""8"": 2, ""9"": 3}",64,"{""backend"": ""evaluate_m19_theory_calibrated.candidate_features"", ""delta_mode"": ""none"", ""k_max"": 512, ""k_min"": 64, ""variant"": ""conservative""}",64,0.5245901639344263,0.3125,0.3125,0.28125,1.0,"{""dp_17_64"": 0.421875, ""dp_5_16"": 0.390625, ""dp_65_256"": 0.1875}","{""cn_0"": 0.984375, ""cn_1"": 0.015625}",0.015625,35.609375,sasb_candidate_builder,55f4186e89ceeec5d660648410aa1c82cb047f3396cfac67c7d697ab3f1e997c,64,55f4186e89ceeec5d660648410aa1c82cb047f3396cfac67c7d697ab3f1e997c,"{""sasb_builder"": 64}",0,0,0,0,{},0.0,"{""common_neighbor_bin_l1"": 0.0, ""degree_product_bin_l1"": 0.0, ""is_boundary_edge_l1"": 0.0, ""is_bridge_edge_l1"": 0.0, ""is_inter_community_edge_l1"": 0.0, ""is_low_common_neighbor_edge_l1"": 0.0, ""mean_l1"": 0.0}",1,32,32,385.25,0
realworld_completed,bio_celegans,SASB-candidate,sasb,SASB-structured,20260513,1454,late,0.20309050772626933,0.19646799116997793,0.006622516556291397,87,88,1,0.7180246913580247,0.7185185185185186,400,418,400--418,3,3,3,3,9,0,0.0,1,9,3,32,"[""96"", ""60"", ""53"", ""440"", ""444"", ""62"", ""423"", ""439"", ""446"", ""400"", ""410"", ""418"", ""51"", ""411"", ""52"", ""82"", ""206"", ""288"", ""399"", ""412"", ""415"", ""419"", ""430"", ""422"", ""340"", ""305"", ""346"", ""395"", ""56"", ""449"", ""434"", ""357""]",83b576b9417bb971304ff9d6271f7ceb34e2d92ed93d86da98bd833982216b92,"{""boundary"": 12, ""community_rep"": 2, ""degree_core"": 10, ""random_fill"": 8}","{""degree_0_1"": 4, ""degree_2"": 3, ""degree_3_4"": 20, ""degree_5_8"": 4, ""degree_9_plus"": 1}","{""0"": 4, ""1"": 1, ""10"": 3, ""2"": 5, ""3"": 6, ""4"": 3, ""5"": 3, ""6"": 3, ""7"": 1, ""8"": 2, ""9"": 1}",64,"{""backend"": ""evaluate_m19_theory_calibrated.candidate_features"", ""delta_mode"": ""none"", ""k_max"": 512, ""k_min"": 64, ""variant"": ""conservative""}",64,0.5289256198347108,0.296875,0.296875,0.296875,1.0,"{""dp_17_64"": 0.421875, ""dp_5_16"": 0.390625, ""dp_65_256"": 0.1875}","{""cn_0"": 1.0}",0.0,35.15625,sasb_candidate_builder,fe9a13f70ee559f7f1226515ccff5027a3d853d248263ce312bf2198b0557f37,64,fe9a13f70ee559f7f1226515ccff5027a3d853d248263ce312bf2198b0557f37,"{""sasb_builder"": 64}",0,0,0,0,{},0.0,"{""common_neighbor_bin_l1"": 0.0, ""degree_product_bin_l1"": 0.0, ""is_boundary_edge_l1"": 0.0, ""is_bridge_edge_l1"": 0.0, ""is_inter_community_edge_l1"": 0.0, ""is_low_common_neighbor_edge_l1"": 0.0, ""mean_l1"": 0.0}",1,32,32,523.25,0
realworld_completed,bio_celegans,SASB-candidate,sasb,SASB-structured,20260513,1455,late,0.19646799116997793,0.19426048565121412,0.002207505518763808,88,89,1,0.7185185185185186,0.7190123456790124,409,53,409--53,1,8,1,8,8,0,0.0,0,2,2,32,"[""96"", ""60"", ""53"", ""440"", ""444"", ""62"", ""423"", ""439"", ""446"", ""410"", ""419"", ""422"", ""51"", ""411"", ""52"", ""82"", ""206"", ""288"", ""399"", ""412"", ""415"", ""428"", ""430"", ""29"", ""202"", ""73"", ""83"", ""226"", ""438"", ""25"", ""346"", ""394""]",3168d5e12ccd6bbdee05be5d2f7921d6d26c56cd954ce6383fc7013ecbdf56cf,"{""boundary"": 12, ""community_rep"": 1, ""degree_core"": 10, ""random_fill"": 9}","{""degree_0_1"": 2, ""degree_2"": 5, ""degree_3_4"": 20, ""degree_5_8"": 4, ""degree_9_plus"": 1}","{""0"": 3, ""1"": 3, ""10"": 3, ""2"": 6, ""3"": 2, ""4"": 5, ""5"": 2, ""6"": 4, ""7"": 1, ""8"": 3}",64,"{""backend"": ""evaluate_m19_theory_calibrated.candidate_features"", ""delta_mode"": ""none"", ""k_max"": 512, ""k_min"": 64, ""variant"": ""conservative""}",64,0.5470085470085471,0.28125,0.28125,0.28125,1.0,"{""dp_17_64"": 0.4375, ""dp_5_16"": 0.390625, ""dp_65_256"": 0.171875}","{""cn_0"": 1.0}",0.0,34.75,sasb_candidate_builder,8719214d11e6d775eee6ffcec1b8c5edcd218acd5a0bb3d3b2811e396331fbd2,64,8719214d11e6d775eee6ffcec1b8c5edcd218acd5a0bb3d3b2811e396331fbd2,"{""sasb_builder"": 64}",0,0,0,0,{},0.0,"{""common_neighbor_bin_l1"": 0.0, ""degree_product_bin_l1"": 0.0, ""is_boundary_edge_l1"": 0.0, ""is_bridge_edge_l1"": 0.0, ""is_inter_community_edge_l1"": 0.0, ""is_low_common_neighbor_edge_l1"": 0.0, ""mean_l1"": 0.0}",1,32,32,0.0,0
realworld_completed,bio_celegans,SASB-candidate,sasb,SASB-structured,20260513,1456,late,0.19426048565121412,0.19426048565121412,0.0,89,89,0,0.7190123456790124,0.7195061728395061,288,422,288--422,3,3,3,3,9,1,0.5,0,0,0,32,"[""96"", ""60"", ""53"", ""440"", ""444"", ""62"", ""423"", ""439"", ""446"", ""410"", ""419"", ""422"", ""51"", ""411"", ""52"", ""82"", ""206"", ""288"", ""399"", ""412"", ""415"", ""428"", ""430"", ""340"", ""414"", ""294"", ""277"", ""432"", ""20"", ""421"", ""136"", ""449""]",a25abbcfc3bb439766450d42c5dacdebf18d081eb3e5c29fffbf2edd7a592b2b,"{""boundary"": 12, ""community_rep"": 1, ""degree_core"": 10, ""random_fill"": 9}","{""degree_0_1"": 5, ""degree_2"": 4, ""degree_3_4"": 18, ""degree_5_8"": 4, ""degree_9_plus"": 1}","{""0"": 1, ""1"": 2, ""10"": 3, ""2"": 6, ""3"": 6, ""4"": 4, ""5"": 2, ""6"": 4, ""7"": 2, ""8"": 2}",64,"{""backend"": ""evaluate_m19_theory_calibrated.candidate_features"", ""delta_mode"": ""none"", ""k_max"": 512, ""k_min"": 64, ""variant"": ""conservative""}",64,0.5517241379310345,0.28125,0.28125,0.265625,1.0,"{""dp_17_64"": 0.4375, ""dp_5_16"": 0.390625, ""dp_65_256"": 0.171875}","{""cn_0"": 0.984375, ""cn_1"": 0.015625}",0.015625,34.4375,sasb_candidate_builder,ea8415541e74784262db5adce5b97222cb34f5352a4262129103d509edc15a6e,64,ea8415541e74784262db5adce5b97222cb34f5352a4262129103d509edc15a6e,"{""sasb_builder"": 64}",0,0,0,0,{},0.0,"{""common_neighbor_bin_l1"": 0.0, ""degree_product_bin_l1"": 0.0, ""is_boundary_edge_l1"": 0.0, ""is_bridge_edge_l1"": 0.0, ""is_inter_community_edge_l1"": 0.0, ""is_low_common_neighbor_edge_l1"": 0.0, ""mean_l1"": 0.0}",1,32,32,357.5,0
realworld_completed,bio_celegans,SASB-candidate,sasb,SASB-structured,20260513,1457,late,0.19426048565121412,0.18763796909492272,0.006622516556291397,89,90,1,0.7195061728395061,0.72,399,422,399--422,3,2,2,3,6,0,0.0,0,0,0,32,"[""96"", ""60"", ""53"", ""440"", ""444"", ""62"", ""423"", ""439"", ""446"", ""410"", ""419"", ""428"", ""51"", ""411"", ""52"", ""82"", ""206"", ""399"", ""412"", ""415"", ""429"", ""430"", ""357"", ""421"", ""277"", ""202"", ""294"", ""443"", ""50"", ""19"", ""438"", ""72""]",9a70de18c6c3b9a0106a13609945527d0364657ddbedd7b38f2e48c90914d63e,"{""boundary"": 12, ""degree_core"": 10, ""random_fill"": 10}","{""degree_0_1"": 4, ""degree_2"": 6, ""degree_3_4"": 17, ""degree_5_8"": 4, ""degree_9_plus"": 1}","{""0"": 2, ""1"": 2, ""10"": 1, ""2"": 6, ""3"": 6, ""4"": 5, ""5"": 2, ""6"": 4, ""7"": 1, ""8"": 3}",64,"{""backend"": ""evaluate_m19_theory_calibrated.candidate_features"", ""delta_mode"": ""none"", ""k_max"": 512, ""k_min"": 64, ""variant"": ""conservative""}",64,0.5565217391304348,0.28125,0.28125,0.28125,1.0,"{""dp_17_64"": 0.453125, ""dp_5_16"": 0.390625, ""dp_65_256"": 0.15625}","{""cn_0"": 1.0}",0.0,33.984375,sasb_candidate_builder,8f0fdbcfd72c65e679a1ddd50546799a448d87983428f5871603866fe976ebc3,64,8f0fdbcfd72c65e679a1ddd50546799a448d87983428f5871603866fe976ebc3,"{""sasb_builder"": 64}",0,0,0,0,{},0.0,"{""common_neighbor_bin_l1"": 0.0, ""degree_product_bin_l1"": 0.0, ""is_boundary_edge_l1"": 0.0, ""is_bridge_edge_l1"": 0.0, ""is_inter_community_edge_l1"": 0.0, ""is_low_common_neighbor_edge_l1"": 0.0, ""mean_l1"": 0.0}",1,32,32,489.5,0
realworld_completed,bio_celegans,SASB-candidate,sasb,SASB-structured,20260513,1458,late,0.18763796909492272,0.18322295805739514,0.004415011037527589,90,91,1,0.72,0.7204938271604938,19,80,19--80,2,2,2,2,4,0,0.0,0,1,1,32,"[""96"", ""60"", ""53"", ""440"", ""444"", ""62"", ""423"", ""439"", ""446"", ""410"", ""419"", ""428"", ""51"", ""411"", ""52"", ""82"", ""206"", ""412"", ""415"", ""429"", ""430"", ""436"", ""422"", ""435"", ""396"", ""340"", ""359"", ""346"", ""165"", ""50"", ""305"", ""414""]",89295dd787ff0ee4f36647e74ba36088d46b90fd603f562731be25be6dbe5927,"{""boundary"": 12, ""community_rep"": 1, ""degree_core"": 10, ""random_fill"": 9}","{""degree_0_1"": 5, ""degree_2"": 5, ""degree_3_4"": 17, ""degree_5_8"": 4, ""degree_9_plus"": 1}","{""0"": 4, ""1"": 1, ""10"": 1, ""2"": 6, ""3"": 7, ""4"": 3, ""5"": 2, ""6"": 3, ""7"": 1, ""8"": 4}",64,"{""backend"": ""evaluate_m19_theory_calibrated.candidate_features"", ""delta_mode"": ""none"", ""k_max"": 512, ""k_min"": 64, ""variant"": ""conservative""}",64,0.5765765765765766,0.28125,0.28125,0.28125,1.0,"{""dp_0_4"": 0.015625, ""dp_17_64"": 0.453125, ""dp_5_16"": 0.375, ""dp_65_256"": 0.15625}","{""cn_0"": 1.0}",0.0,33.546875,sasb_candidate_builder,f08af921ef024ff1ee72217a608db3adfe5e6ee9a361f346a05aeb416fcc26cd,64,f08af921ef024ff1ee72217a608db3adfe5e6ee9a361f346a05aeb416fcc26cd,"{""sasb_builder"": 64}",0,0,0,0,{},0.0,"{""common_neighbor_bin_l1"": 0.0, ""degree_product_bin_l1"": 0.0, ""is_boundary_edge_l1"": 0.0, ""is_bridge_edge_l1"": 0.0, ""is_inter_community_edge_l1"": 0.0, ""is_low_common_neighbor_edge_l1"": 0.0, ""mean_l1"": 0.0}",1,32,32,170.0,0
realworld_completed,bio_celegans,SASB-candidate,sasb,SASB-structured,20260513,1459,late,0.18322295805739514,0.18322295805739514,0.0,91,91,0,0.7204938271604938,0.7209876543209877,29,411,29--411,2,4,2,4,8,1,1.0,0,2,2,32,"[""96"", ""60"", ""53"", ""440"", ""444"", ""62"", ""423"", ""439"", ""446"", ""410"", ""419"", ""428"", ""51"", ""411"", ""52"", ""82"", ""206"", ""412"", ""415"", ""429"", ""430"", ""436"", ""422"", ""128"", ""50"", ""73"", ""433"", ""209"", ""437"", ""421"", ""359"", ""81""]",e70741f0d8e3ac24a9dfe7aa8b461d2f01008860072545f38ffb6580219dda37,"{""boundary"": 12, ""community_rep"": 1, ""degree_core"": 10, ""random_fill"": 9}","{""degree_0_1"": 4, ""degree_2"": 4, ""degree_3_4"": 19, ""degree_5_8"": 4, ""degree_9_plus"": 1}","{""0"": 3, ""1"": 3, ""10"": 1, ""2"": 5, ""3"": 6, ""4"": 3, ""5"": 2, ""6"": 4, ""7"": 1, ""8"": 4}",64,"{""backend"": ""evaluate_m19_theory_calibrated.candidate_features"", ""delta_mode"": ""none"", ""k_max"": 512, ""k_min"": 64, ""variant"": ""conservative""}",64,0.5871559633027523,0.28125,0.28125,0.25,1.0,"{""dp_17_64"": 0.453125, ""dp_5_16"": 0.390625, ""dp_65_256"": 0.15625}","{""cn_0"": 0.96875, ""cn_1"": 0.03125}",0.03125,33.609375,sasb_candidate_builder,bf2b35636d81865a67180beb517a85d5a0958aab3b859201b5ff4f3cd08ca209,64,bf2b35636d81865a67180beb517a85d5a0958aab3b859201b5ff4f3cd08ca209,"{""sasb_builder"": 64}",0,0,0,0,{},0.0,"{""common_neighbor_bin_l1"": 0.0, ""degree_product_bin_l1"": 0.0, ""is_boundary_edge_l1"": 0.0, ""is_bridge_edge_l1"": 0.0, ""is_inter_community_edge_l1"": 0.0, ""is_low_common_neighbor_edge_l1"": 0.0, ""mean_l1"": 0.0}",1,32,32,83.0,0
realworld_completed,bio_celegans,SASB-candidate,sasb,SASB-structured,20260513,1460,late,0.18322295805739514,0.17880794701986755,0.004415011037527589,91,92,1,0.7209876543209877,0.7214814814814815,165,411,165--411,2,3,2,3,6,0,0.0,0,2,2,32,"[""96"", ""60"", ""53"", ""440"", ""444"", ""62"", ""423"", ""439"", ""446"", ""410"", ""419"", ""428"", ""51"", ""52"", ""82"", ""206"", ""411"", ""412"", ""415"", ""429"", ""430"", ""436"", ""422"", ""434"", ""346"", ""83"", ""435"", ""413"", ""202"", ""56"", ""394"", ""433""]",1c0d5c3d6fc326e6f57ddda7af8e8556db3f9830d3c8523a3afda1a735880f8f,"{""boundary"": 12, ""community_rep"": 1, ""degree_core"": 10, ""random_fill"": 9}","{""degree_0_1"": 2, ""degree_2"": 6, ""degree_3_4"": 19, ""degree_5_8"": 4, ""degree_9_plus"": 1}","{""0"": 3, ""1"": 1, ""10"": 1, ""2"": 5, ""3"": 7, ""4"": 4, ""5"": 3, ""6"": 3, ""7"": 1, ""8"": 4}",64,"{""backend"": ""evaluate_m19_theory_calibrated.candidate_features"", ""delta_mode"": ""none"", ""k_max"": 512, ""k_min"": 64, ""variant"": ""conservative""}",64,0.5925925925925926,0.28125,0.28125,0.265625,1.0,"{""dp_17_64"": 0.4375, ""dp_5_16"": 0.40625, ""dp_65_256"": 0.15625}","{""cn_0"": 0.984375, ""cn_1"": 0.015625}",0.015625,33.390625,sasb_candidate_builder,190176018e5302e570f6c1c193062571d317f067fe29ff590b8fbe4cfadd177a,64,190176018e5302e570f6c1c193062571d317f067fe29ff590b8fbe4cfadd177a,"{""sasb_builder"": 64}",0,0,0,0,{},0.0,"{""common_neighbor_bin_l1"": 0.0, ""degree_product_bin_l1"": 0.0, ""is_boundary_edge_l1"": 0.0, ""is_bridge_edge_l1"": 0.0, ""is_inter_community_edge_l1"": 0.0, ""is_low_common_neighbor_edge_l1"": 0.0, ""mean_l1"": 0.0}",1,32,32,166.0,0
realworld_completed,bio_celegans,SASB-candidate,sasb,SASB-structured,20260513,1461,late,0.17880794701986755,0.17880794701986755,0.0,92,92,0,0.7214814814814815,0.7219753086419753,52,98,52--98,4,2,2,4,8,1,1.0,0,4,4,32,"[""96"", ""60"", ""53"", ""440"", ""444"", ""62"", ""423"", ""439"", ""446"", ""410"", ""419"", ""428"", ""51"", ""52"", ""82"", ""206"", ""412"", ""415"", ""429"", ""430"", ""436"", ""437"", ""422"", ""305"", ""426"", ""441"", ""25"", ""209"", ""414"", ""416"", ""301"", ""427""]",184b1cdb0208a655caa3ed45150ca9824f9c7dc9e509a499b6dde9ad6d444c10,"{""boundary"": 12, ""community_rep"": 1, ""degree_core"": 10, ""random_fill"": 9}","{""degree_0_1"": 6, ""degree_2"": 4, ""degree_3_4"": 17, ""degree_5_8"": 4, ""degree_9_plus"": 1}","{""0"": 2, ""1"": 3, ""10"": 1, ""2"": 4, ""3"": 6, ""4"": 3, ""5"": 2, ""6"": 5, ""7"": 1, ""8"": 5}",64,"{""backend"": ""evaluate_m19_theory_calibrated.candidate_features"", ""delta_mode"": ""none"", ""k_max"": 512, ""k_min"": 64, ""variant"": ""conservative""}",64,0.6037735849056604,0.28125,0.28125,0.25,1.0,"{""dp_17_64"": 0.421875, ""dp_5_16"": 0.421875, ""dp_65_256"": 0.15625}","{""cn_0"": 0.984375, ""cn_1"": 0.015625}",0.015625,33.234375,sasb_candidate_builder,56f9d4640e6aec985e21b79909c23f9e79f6c382e256f175c9132698de5f81ac,64,56f9d4640e6aec985e21b79909c23f9e79f6c382e256f175c9132698de5f81ac,"{""sasb_builder"": 64}",0,0,0,0,{},0.0,"{""common_neighbor_bin_l1"": 0.0, ""degree_product_bin_l1"": 0.0, ""is_boundary_edge_l1"": 0.0, ""is_bridge_edge_l1"": 0.0, ""is_inter_community_edge_l1"": 0.0, ""is_low_common_neighbor_edge_l1"": 0.0, ""mean_l1"": 0.0}",1,32,32,81.0,0
realworld_completed,bio_celegans,SASB-candidate,sasb,SASB-structured,20260513,1462,late,0.17880794701986755,0.17439293598233996,0.004415011037527589,92,93,1,0.7219753086419753,0.7224691358024692,226,52,226--52,2,3,2,3,6,0,0.0,0,4,4,32,"[""96"", ""60"", ""53"", ""440"", ""444"", ""62"", ""423"", ""439"", ""446"", ""410"", ""419"", ""428"", ""51"", ""82"", ""206"", ""412"", ""415"", ""429"", ""430"", ""436"", ""437"", ""448"", ""422"", ""277"", ""59"", ""416"", ""52"", ""441"", ""83"", ""73"", ""56"", ""81""]",71efde3810e36da6a28e32c0ceb2f0cd66ba2482bc374155ad69a03fe666e24f,"{""boundary"": 12, ""community_rep"": 1, ""degree_core"": 10, ""random_fill"": 9}","{""degree_0_1"": 2, ""degree_2"": 3, ""degree_3_4"": 22, ""degree_5_8"": 4, ""degree_9_plus"": 1}","{""0"": 3, ""1"": 3, ""10"": 1, ""2"": 4, ""3"": 4, ""4"": 4, ""5"": 4, ""6"": 4, ""7"": 1, ""8"": 4}",64,"{""backend"": ""evaluate_m19_theory_calibrated.candidate_features"", ""delta_mode"": ""none"", ""k_max"": 512, ""k_min"": 64, ""variant"": ""conservative""}",64,0.6095238095238096,0.28125,0.28125,0.265625,1.0,"{""dp_17_64"": 0.421875, ""dp_5_16"": 0.421875, ""dp_65_256"": 0.15625}","{""cn_0"": 1.0}",0.0,33.15625,sasb_candidate_builder,1fe933710392c641f4b790c074ee92e6d14b893f1d8c963f713074b1502fa3f0,64,1fe933710392c641f4b790c074ee92e6d14b893f1d8c963f713074b1502fa3f0,"{""sasb_builder"": 64}",0,0,0,0,{},0.0,"{""common_neighbor_bin_l1"": 0.0, ""degree_product_bin_l1"": 0.0, ""is_boundary_edge_l1"": 0.0, ""is_bridge_edge_l1"": 0.0, ""is_inter_community_edge_l1"": 0.0, ""is_low_common_neighbor_edge_l1"": 0.0, ""mean_l1"": 0.0}",1,32,32,0.0,0
realworld_completed,bio_celegans,SASB-candidate,sasb,SASB-structured,20260513,1463,late,0.17439293598233996,0.17439293598233996,0.0,93,93,0,0.7224691358024692,0.7229629629629629,410,60,410--60,3,7,3,7,21,0,0.0,0,6,6,32,"[""96"", ""60"", ""53"", ""440"", ""444"", ""62"", ""423"", ""439"", ""446"", ""410"", ""419"", ""428"", ""51"", ""82"", ""206"", ""412"", ""415"", ""429"", ""430"", ""436"", ""437"", ""448"", ""422"", ""413"", ""346"", ""305"", ""8"", ""394"", ""301"", ""209"", ""416"", ""50""]",d275e151481fb2beb5c39182de3841a8a1b13a251fa3be5b9f24173164975015,"{""boundary"": 12, ""community_rep"": 1, ""degree_core"": 10, ""random_fill"": 9}","{""degree_0_1"": 5, ""degree_2"": 5, ""degree_3_4"": 17, ""degree_5_8"": 4, ""degree_9_plus"": 1}","{""0"": 5, ""1"": 2, ""10"": 1, ""2"": 4, ""3"": 6, ""4"": 2, ""5"": 2, ""6"": 4, ""7"": 1, ""8"": 5}",64,"{""backend"": ""evaluate_m19_theory_calibrated.candidate_features"", ""delta_mode"": ""none"", ""k_max"": 512, ""k_min"": 64, ""variant"": ""conservative""}",64,0.6213592233009708,0.28125,0.28125,0.25,1.0,"{""dp_17_64"": 0.421875, ""dp_5_16"": 0.421875, ""dp_65_256"": 0.15625}","{""cn_0"": 1.0}",0.0,33.140625,sasb_candidate_builder,e2eae5de941a536704dd82f5876a30d13a4dc4c4bf59eb0ca1f7f3a27d029c6c,64,e2eae5de941a536704dd82f5876a30d13a4dc4c4bf59eb0ca1f7f3a27d029c6c,"{""sasb_builder"": 64}",0,0,0,0,{},0.0,"{""common_neighbor_bin_l1"": 0.0, ""degree_product_bin_l1"": 0.0, ""is_boundary_edge_l1"": 0.0, ""is_bridge_edge_l1"": 0.0, ""is_inter_community_edge_l1"": 0.0, ""is_low_common_neighbor_edge_l1"": 0.0, ""mean_l1"": 0.0}",1,32,32,0.0,0
realworld_completed,bio_celegans,SASB-candidate,sasb,SASB-structured,20260513,1464,late,0.17439293598233996,0.16997792494481237,0.004415011037527589,93,94,1,0.7229629629629629,0.7234567901234568,410,96,410--96,2,26,2,26,52,0,0.0,0,2,2,32,"[""96"", ""60"", ""440"", ""62"", ""439"", ""446"", ""419"", ""428"", ""429"", ""430"", ""436"", ""444"", ""53"", ""51"", ""423"", ""82"", ""206"", ""412"", ""415"", ""437"", ""448"", ""56"", ""417"", ""422"", ""8"", ""9"", ""193"", ""447"", ""187"", ""294"", ""405"", ""421""]",767bd77429397595e0712382f7725b804f963a8bb65a00ae08461fbd2c71ac91,"{""boundary"": 12, ""degree_core"": 10, ""random_fill"": 10}","{""degree_0_1"": 4, ""degree_2"": 6, ""degree_3_4"": 17, ""degree_5_8"": 4, ""degree_9_plus"": 1}","{""0"": 3, ""1"": 3, ""2"": 7, ""3"": 4, ""4"": 8, ""5"": 3, ""6"": 2, ""7"": 2}",64,"{""backend"": ""evaluate_m19_theory_calibrated.candidate_features"", ""delta_mode"": ""none"", ""k_max"": 512, ""k_min"": 64, ""variant"": ""conservative""}",64,0.6274509803921569,0.21875,0.21875,0.28125,1.0,"{""dp_0_4"": 0.015625, ""dp_17_64"": 0.421875, ""dp_5_16"": 0.421875, ""dp_65_256"": 0.140625}","{""cn_0"": 1.0}",0.0,32.1875,sasb_candidate_builder,18bb973c161e7bdb41cd64b8763b2fcbc9b6f554a894b5cad88016cf414c76c0,64,18bb973c161e7bdb41cd64b8763b2fcbc9b6f554a894b5cad88016cf414c76c0,"{""sasb_builder"": 64}",0,0,0,0,{},0.0,"{""common_neighbor_bin_l1"": 0.0, ""degree_product_bin_l1"": 0.0, ""is_boundary_edge_l1"": 0.0, ""is_bridge_edge_l1"": 0.0, ""is_inter_community_edge_l1"": 0.0, ""is_low_common_neighbor_edge_l1"": 0.0, ""mean_l1"": 0.0}",1,32,32,0.0,0
realworld_completed,bio_celegans,SASB-candidate,sasb,SASB-structured,20260513,1465,late,0.16997792494481237,0.16997792494481237,0.0,94,94,0,0.7234567901234568,0.7239506172839506,209,82,209--82,2,4,2,4,8,1,1.0,0,0,0,32,"[""96"", ""60"", ""440"", ""62"", ""439"", ""446"", ""419"", ""428"", ""429"", ""430"", ""436"", ""444"", ""53"", ""51"", ""423"", ""82"", ""206"", ""412"", ""415"", ""437"", ""448"", ""56"", ""7"", ""72"", ""413"", ""452"", ""305"", ""433"", ""50"", ""52"", ""357"", ""73""]",49f32b6a76751a66b1a7feba81c9c06fd26070630bd8632571b0a5fd060ba1dd,"{""boundary"": 12, ""degree_core"": 10, ""random_fill"": 10}","{""degree_0_1"": 4, ""degree_2"": 5, ""degree_3_4"": 18, ""degree_5_8"": 4, ""degree_9_plus"": 1}","{""0"": 4, ""1"": 3, ""2"": 7, ""3"": 4, ""4"": 7, ""5"": 3, ""6"": 3, ""7"": 1}",64,"{""backend"": ""evaluate_m19_theory_calibrated.candidate_features"", ""delta_mode"": ""none"", ""k_max"": 512, ""k_min"": 64, ""variant"": ""conservative""}",64,0.64,0.21875,0.21875,0.265625,1.0,"{""dp_0_4"": 0.015625, ""dp_17_64"": 0.40625, ""dp_5_16"": 0.4375, ""dp_65_256"": 0.140625}","{""cn_0"": 1.0}",0.0,30.609375,sasb_candidate_builder,b955bb9025a58b086fd0cf4160c6d22567044bc092ccffbbbc99ad50dd429d22,64,b955bb9025a58b086fd0cf4160c6d22567044bc092ccffbbbc99ad50dd429d22,"{""sasb_builder"": 64}",0,0,0,0,{},0.0,"{""common_neighbor_bin_l1"": 0.0, ""degree_product_bin_l1"": 0.0, ""is_boundary_edge_l1"": 0.0, ""is_bridge_edge_l1"": 0.0, ""is_inter_community_edge_l1"": 0.0, ""is_low_common_neighbor_edge_l1"": 0.0, ""mean_l1"": 0.0}",1,32,32,0.0,0
realworld_completed,bio_celegans,SASB-candidate,sasb,SASB-structured,20260513,1466,late,0.16997792494481237,0.16556291390728478,0.004415011037527589,94,95,1,0.7239506172839506,0.7244444444444444,327,82,327--82,2,3,2,3,6,0,0.0,0,0,0,32,"[""96"", ""60"", ""440"", ""62"", ""439"", ""446"", ""419"", ""428"", ""429"", ""430"", ""436"", ""444"", ""53"", ""51"", ""423"", ""206"", ""412"", ""415"", ""437"", ""448"", ""56"", ""59"", ""427"", ""421"", ""416"", ""438"", ""449"", ""426"", ""447"", ""418"", ""7"", ""202""]",fba0bae38d7d3fe5b28dd7cd07a93c414e939dba920e4f51c8d862a76585228b,"{""boundary"": 12, ""degree_core"": 10, ""random_fill"": 10}","{""degree_0_1"": 3, ""degree_2"": 7, ""degree_3_4"": 17, ""degree_5_8"": 4, ""degree_9_plus"": 1}","{""0"": 2, ""1"": 2, ""2"": 9, ""3"": 4, ""4"": 7, ""5"": 4, ""6"": 3, ""7"": 1}",64,"{""backend"": ""evaluate_m19_theory_calibrated.candidate_features"", ""delta_mode"": ""none"", ""k_max"": 512, ""k_min"": 64, ""variant"": ""conservative""}",64,0.6464646464646465,0.21875,0.21875,0.28125,1.0,"{""dp_0_4"": 0.015625, ""dp_17_64"": 0.40625, ""dp_5_16"": 0.4375, ""dp_65_256"": 0.140625}","{""cn_0"": 1.0}",0.0,30.484375,sasb_candidate_builder,0e9ffe16f055f7719a56a29b5462a8b3e4bf57e3b237321a8265a8faa0e99f10,64,0e9ffe16f055f7719a56a29b5462a8b3e4bf57e3b237321a8265a8faa0e99f10,"{""sasb_builder"": 64}",0,0,0,0,{},0.0,"{""common_neighbor_bin_l1"": 0.0, ""degree_product_bin_l1"": 0.0, ""is_boundary_edge_l1"": 0.0, ""is_bridge_edge_l1"": 0.0, ""is_inter_community_edge_l1"": 0.0, ""is_low_common_neighbor_edge_l1"": 0.0, ""mean_l1"": 0.0}",1,32,32,0.0,0
realworld_completed,bio_celegans,SASB-candidate,sasb,SASB-structured,20260513,1467,late,0.16556291390728478,0.16335540838852097,0.002207505518763808,95,96,1,0.7244444444444444,0.7249382716049383,136,439,136--439,1,4,1,4,4,0,0.0,0,0,0,32,"[""96"", ""60"", ""440"", ""62"", ""439"", ""446"", ""419"", ""428"", ""429"", ""430"", ""436"", ""444"", ""53"", ""51"", ""423"", ""206"", ""412"", ""415"", ""437"", ""448"", ""56"", ""59"", ""305"", ""294"", ""81"", ""128"", ""52"", ""441"", ""413"", ""8"", ""357"", ""50""]",d17afbd56cd284448cc5173892a34ec3705d2d2f9cd06562ee921659bf38bb55,"{""boundary"": 12, ""degree_core"": 10, ""random_fill"": 10}","{""degree_0_1"": 6, ""degree_2"": 4, ""degree_3_4"": 17, ""degree_5_8"": 4, ""degree_9_plus"": 1}","{""0"": 3, ""1"": 2, ""2"": 5, ""3"": 5, ""4"": 8, ""5"": 4, ""6"": 4, ""7"": 1}",64,"{""backend"": ""evaluate_m19_theory_calibrated.candidate_features"", ""delta_mode"": ""none"", ""k_max"": 512, ""k_min"": 64, ""variant"": ""conservative""}",64,0.6597938144329897,0.21875,0.21875,0.28125,1.0,"{""dp_0_4"": 0.03125, ""dp_17_64"": 0.40625, ""dp_5_16"": 0.421875, ""dp_65_256"": 0.140625}","{""cn_0"": 1.0}",0.0,30.359375,sasb_candidate_builder,b3f7153e4505a5929900303197f904fecf711a05812836e01b50f47d96f329e1,64,b3f7153e4505a5929900303197f904fecf711a05812836e01b50f47d96f329e1,"{""sasb_builder"": 64}",0,0,0,0,{},0.0,"{""common_neighbor_bin_l1"": 0.0, ""degree_product_bin_l1"": 0.0, ""is_boundary_edge_l1"": 0.0, ""is_bridge_edge_l1"": 0.0, ""is_inter_community_edge_l1"": 0.0, ""is_low_common_neighbor_edge_l1"": 0.0, ""mean_l1"": 0.0}",1,32,32,75.0,0
realworld_completed,bio_celegans,SASB-candidate,sasb,SASB-structured,20260513,1468,late,0.16335540838852097,0.16335540838852097,0.0,96,96,0,0.7249382716049383,0.7254320987654321,202,423,202--423,2,4,2,4,8,1,1.0,0,3,3,32,"[""96"", ""60"", ""440"", ""62"", ""446"", ""419"", ""428"", ""429"", ""430"", ""436"", ""439"", ""444"", ""53"", ""51"", ""423"", ""206"", ""412"", ""415"", ""437"", ""448"", ""56"", ""59"", ""394"", ""421"", ""417"", ""82"", ""432"", ""305"", ""452"", ""277"", ""301"", ""411""]",0cbc6bed63aecc26dda54022a86cfaece196f5ec90afda570ed4fe287596cf86,"{""boundary"": 12, ""degree_core"": 10, ""random_fill"": 10}","{""degree_0_1"": 3, ""degree_2"": 7, ""degree_3_4"": 17, ""degree_5_8"": 4, ""degree_9_plus"": 1}","{""0"": 4, ""1"": 2, ""2"": 4, ""3"": 3, ""4"": 9, ""5"": 4, ""6"": 4, ""7"": 2}",64,"{""backend"": ""evaluate_m19_theory_calibrated.candidate_features"", ""delta_mode"": ""none"", ""k_max"": 512, ""k_min"": 64, ""variant"": ""conservative""}",64,0.6666666666666666,0.21875,0.21875,0.265625,1.0,"{""dp_0_4"": 0.015625, ""dp_17_64"": 0.40625, ""dp_5_16"": 0.4375, ""dp_65_256"": 0.140625}","{""cn_0"": 0.984375, ""cn_1"": 0.015625}",0.015625,29.9375,sasb_candidate_builder,c50a376a071fa8345e6ee9a946338a6d62054bbe5523d43167eaa0554f95a8e2,64,c50a376a071fa8345e6ee9a946338a6d62054bbe5523d43167eaa0554f95a8e2,"{""sasb_builder"": 64}",0,0,0,0,{},0.0,"{""common_neighbor_bin_l1"": 0.0, ""degree_product_bin_l1"": 0.0, ""is_boundary_edge_l1"": 0.0, ""is_bridge_edge_l1"": 0.0, ""is_inter_community_edge_l1"": 0.0, ""is_low_common_neighbor_edge_l1"": 0.0, ""mean_l1"": 0.0}",1,32,32,71.6875,0
realworld_completed,bio_celegans,SASB-candidate,sasb,SASB-structured,20260513,1469,late,0.16335540838852097,0.15894039735099338,0.004415011037527589,96,97,1,0.7254320987654321,0.725925925925926,277,423,277--423,2,3,2,3,6,0,0.0,0,3,3,32,"[""96"", ""60"", ""440"", ""62"", ""446"", ""419"", ""428"", ""429"", ""430"", ""436"", ""439"", ""444"", ""53"", ""51"", ""206"", ""412"", ""415"", ""423"", ""437"", ""448"", ""56"", ""59"", ""433"", ""82"", ""417"", ""81"", ""305"", ""294"", ""449"", ""25"", ""193"", ""452""]",49cb185319ea93374c8f0b9a9a2459aba044ec09a0404bea8e462a584d36852f,"{""boundary"": 12, ""degree_core"": 10, ""random_fill"": 10}","{""degree_0_1"": 4, ""degree_2"": 6, ""degree_3_4"": 17, ""degree_5_8"": 4, ""degree_9_plus"": 1}","{""0"": 4, ""1"": 3, ""2"": 5, ""3"": 3, ""4"": 8, ""5"": 4, ""6"": 3, ""7"": 2}",64,"{""backend"": ""evaluate_m19_theory_calibrated.candidate_features"", ""delta_mode"": ""none"", ""k_max"": 512, ""k_min"": 64, ""variant"": ""conservative""}",64,0.6736842105263158,0.21875,0.21875,0.28125,1.0,"{""dp_0_4"": 0.015625, ""dp_17_64"": 0.40625, ""dp_5_16"": 0.4375, ""dp_65_256"": 0.140625}","{""cn_0"": 1.0}",0.0,29.765625,sasb_candidate_builder,b75aed052e8477685c9687c0dbddeb99268a0b3cc9722600555c6fb9d6314fc0,64,b75aed052e8477685c9687c0dbddeb99268a0b3cc9722600555c6fb9d6314fc0,"{""sasb_builder"": 64}",0,0,0,0,{},0.0,"{""common_neighbor_bin_l1"": 0.0, ""degree_product_bin_l1"": 0.0, ""is_boundary_edge_l1"": 0.0, ""is_bridge_edge_l1"": 0.0, ""is_inter_community_edge_l1"": 0.0, ""is_low_common_neighbor_edge_l1"": 0.0, ""mean_l1"": 0.0}",1,32,32,148.0,0
realworld_completed,bio_celegans,SASB-candidate,sasb,SASB-structured,20260513,1470,late,0.15894039735099338,0.15894039735099338,0.0,97,97,0,0.725925925925926,0.7264197530864197,206,446,206--446,3,4,3,4,12,2,1.0,0,1,1,32,"[""96"", ""60"", ""440"", ""62"", ""446"", ""419"", ""428"", ""429"", ""430"", ""436"", ""439"", ""444"", ""53"", ""51"", ""206"", ""412"", ""415"", ""437"", ""448"", ""56"", ""59"", ""63"", ""445"", ""421"", ""452"", ""432"", ""438"", ""72"", ""414"", ""396"", ""187"", ""447""]",4c7992317edb341c8cc3b25b9cbbb8bfdb067e97517b186e3aea2214c1c8a50a,"{""boundary"": 12, ""degree_core"": 10, ""random_fill"": 10}","{""degree_0_1"": 2, ""degree_2"": 8, ""degree_3_4"": 17, ""degree_5_8"": 4, ""degree_9_plus"": 1}","{""0"": 2, ""1"": 3, ""2"": 7, ""3"": 3, ""4"": 6, ""5"": 4, ""6"": 4, ""7"": 3}",64,"{""backend"": ""evaluate_m19_theory_calibrated.candidate_features"", ""delta_mode"": ""none"", ""k_max"": 512, ""k_min"": 64, ""variant"": ""conservative""}",64,0.6881720430107527,0.21875,0.21875,0.265625,0.984375,"{""dp_0_4"": 0.03125, ""dp_17_64"": 0.390625, ""dp_5_16"": 0.4375, ""dp_65_256"": 0.140625}","{""cn_0"": 0.984375, ""cn_2_3"": 0.015625}",0.03125,29.71875,sasb_candidate_builder,d58d8818aad2e953da3e0641403334e3a31f45531360bc3bd791ce2de6f22bf4,64,d58d8818aad2e953da3e0641403334e3a31f45531360bc3bd791ce2de6f22bf4,"{""sasb_builder"": 64}",0,0,0,0,{},0.0,"{""common_neighbor_bin_l1"": 0.0, ""degree_product_bin_l1"": 0.0, ""is_boundary_edge_l1"": 0.0, ""is_bridge_edge_l1"": 0.0, ""is_inter_community_edge_l1"": 0.0, ""is_low_common_neighbor_edge_l1"": 0.0, ""mean_l1"": 0.0}",1,32,32,220.5,0
realworld_completed,bio_celegans,SASB-candidate,sasb,SASB-structured,20260513,1471,late,0.15894039735099338,0.1545253863134658,0.004415011037527589,97,98,1,0.7264197530864197,0.7269135802469135,346,396,346--396,2,2,2,2,4,0,0.0,0,2,2,32,"[""96"", ""60"", ""440"", ""62"", ""419"", ""428"", ""429"", ""430"", ""436"", ""439"", ""444"", ""446"", ""53"", ""51"", ""412"", ""415"", ""437"", ""448"", ""56"", ""59"", ""63"", ""73"", ""450"", ""427"", ""187"", ""414"", ""357"", ""340"", ""425"", ""128"", ""422"", ""9""]",eadda65569f386c0c7125f8c7e828686d8e817b2a2c1b80ca92792943361e9ef,"{""boundary"": 12, ""degree_core"": 10, ""random_fill"": 10}","{""degree_0_1"": 6, ""degree_2"": 4, ""degree_3_4"": 17, ""degree_5_8"": 4, ""degree_9_plus"": 1}","{""0"": 2, ""1"": 4, ""2"": 7, ""3"": 6, ""4"": 5, ""5"": 3, ""6"": 3, ""7"": 2}",64,"{""backend"": ""evaluate_m19_theory_calibrated.candidate_features"", ""delta_mode"": ""none"", ""k_max"": 512, ""k_min"": 64, ""variant"": ""conservative""}",64,0.6956521739130435,0.21875,0.21875,0.28125,1.0,"{""dp_0_4"": 0.046875, ""dp_17_64"": 0.390625, ""dp_5_16"": 0.421875, ""dp_65_256"": 0.140625}","{""cn_0"": 1.0}",0.0,29.109375,sasb_candidate_builder,9e60b43ef7121f45c5b9f12513c6d5b9ab4d4f7ee5c4d7f4c8636d3737f1eac8,64,9e60b43ef7121f45c5b9f12513c6d5b9ab4d4f7ee5c4d7f4c8636d3737f1eac8,"{""sasb_builder"": 64}",0,0,0,0,{},0.0,"{""common_neighbor_bin_l1"": 0.0, ""degree_product_bin_l1"": 0.0, ""is_boundary_edge_l1"": 0.0, ""is_bridge_edge_l1"": 0.0, ""is_inter_community_edge_l1"": 0.0, ""is_low_common_neighbor_edge_l1"": 0.0, ""mean_l1"": 0.0}",1,32,32,297.0,0
realworld_completed,bio_celegans,SASB-candidate,sasb,SASB-structured,20260513,1472,late,0.1545253863134658,0.15011037527593818,0.004415011037527616,98,99,1,0.7269135802469135,0.7274074074074074,359,427,359--427,2,2,2,2,4,0,0.0,0,1,1,32,"[""96"", ""60"", ""440"", ""62"", ""419"", ""428"", ""429"", ""430"", ""436"", ""439"", ""444"", ""446"", ""53"", ""51"", ""412"", ""415"", ""437"", ""448"", ""56"", ""59"", ""63"", ""73"", ""427"", ""452"", ""301"", ""447"", ""80"", ""187"", ""81"", ""411"", ""206"", ""422""]",82033e5ed12fd91d5ef68ae92cb62497f483803c33c82f453b76e52e3ec70453,"{""boundary"": 12, ""degree_core"": 10, ""random_fill"": 10}","{""degree_0_1"": 5, ""degree_2"": 5, ""degree_3_4"": 17, ""degree_5_8"": 4, ""degree_9_plus"": 1}","{""0"": 2, ""1"": 5, ""2"": 5, ""3"": 4, ""4"": 6, ""5"": 4, ""6"": 4, ""7"": 2}",64,"{""backend"": ""evaluate_m19_theory_calibrated.candidate_features"", ""delta_mode"": ""none"", ""k_max"": 512, ""k_min"": 64, ""variant"": ""conservative""}",64,0.7111111111111111,0.21875,0.21875,0.28125,1.0,"{""dp_0_4"": 0.046875, ""dp_17_64"": 0.390625, ""dp_5_16"": 0.421875, ""dp_65_256"": 0.140625}","{""cn_0"": 1.0}",0.0,29.109375,sasb_candidate_builder,4b14b06193b8ced8dc42526c7ef5340f21220a48ee0bcb4485e01e79dccef417,64,4b14b06193b8ced8dc42526c7ef5340f21220a48ee0bcb4485e01e79dccef417,"{""sasb_builder"": 64}",0,0,0,0,{},0.0,"{""common_neighbor_bin_l1"": 0.0, ""degree_product_bin_l1"": 0.0, ""is_boundary_edge_l1"": 0.0, ""is_bridge_edge_l1"": 0.0, ""is_inter_community_edge_l1"": 0.0, ""is_low_common_neighbor_edge_l1"": 0.0, ""mean_l1"": 0.0}",1,32,32,140.0,0
realworld_completed,bio_celegans,SASB-candidate,sasb,SASB-structured,20260513,1473,late,0.15011037527593818,0.15011037527593818,0.0,99,99,0,0.7274074074074074,0.7279012345679012,438,452,438--452,2,2,2,2,4,0,0.0,0,0,0,32,"[""96"", ""60"", ""440"", ""62"", ""419"", ""428"", ""429"", ""430"", ""436"", ""439"", ""444"", ""446"", ""53"", ""51"", ""412"", ""415"", ""437"", ""448"", ""56"", ""59"", ""63"", ""73"", ""128"", ""411"", ""395"", ""50"", ""193"", ""418"", ""9"", ""426"", ""72"", ""445""]",5b005ac8a8e8f4bde9e019cb55c43ea4757674c88bee5803aefd652d1b8a17ac,"{""boundary"": 12, ""degree_core"": 10, ""random_fill"": 10}","{""degree_0_1"": 4, ""degree_2"": 6, ""degree_3_4"": 17, ""degree_5_8"": 4, ""degree_9_plus"": 1}","{""0"": 2, ""1"": 3, ""2"": 7, ""3"": 4, ""4"": 7, ""5"": 3, ""6"": 3, ""7"": 3}",64,"{""backend"": ""evaluate_m19_theory_calibrated.candidate_features"", ""delta_mode"": ""none"", ""k_max"": 512, ""k_min"": 64, ""variant"": ""conservative""}",64,0.7272727272727273,0.21875,0.21875,0.265625,1.0,"{""dp_0_4"": 0.046875, ""dp_17_64"": 0.390625, ""dp_5_16"": 0.421875, ""dp_65_256"": 0.140625}","{""cn_0"": 1.0}",0.0,29.0,sasb_candidate_builder,a93544682bacdd21aa94cfdde525546aca6df3a827ab2362846990af7a3b2733,64,a93544682bacdd21aa94cfdde525546aca6df3a827ab2362846990af7a3b2733,"{""sasb_builder"": 64}",0,0,0,0,{},0.0,"{""common_neighbor_bin_l1"": 0.0, ""degree_product_bin_l1"": 0.0, ""is_boundary_edge_l1"": 0.0, ""is_bridge_edge_l1"": 0.0, ""is_inter_community_edge_l1"": 0.0, ""is_low_common_neighbor_edge_l1"": 0.0, ""mean_l1"": 0.0}",1,32,32,48.875,0
realworld_completed,bio_celegans,SASB-candidate,sasb,SASB-structured,20260513,1474,late,0.15011037527593818,0.1479028697571744,0.0022075055187637804,99,100,1,0.7279012345679012,0.7283950617283951,25,437,25--437,1,3,1,3,3,0,0.0,0,4,4,32,"[""96"", ""60"", ""62"", ""440"", ""415"", ""419"", ""428"", ""429"", ""430"", ""436"", ""439"", ""444"", ""53"", ""51"", ""412"", ""437"", ""446"", ""448"", ""56"", ""59"", ""63"", ""73"", ""394"", ""443"", ""206"", ""411"", ""8"", ""435"", ""434"", ""25"", ""128"", ""414""]",93d7fdb9ce8cd444e73e973a161e7b07fe8b7b71b34496059c90dc5e3c838c31,"{""boundary"": 12, ""degree_core"": 10, ""random_fill"": 10}","{""degree_0_1"": 5, ""degree_2"": 5, ""degree_3_4"": 17, ""degree_5_8"": 4, ""degree_9_plus"": 1}","{""0"": 6, ""1"": 4, ""2"": 2, ""3"": 2, ""4"": 7, ""5"": 6, ""6"": 4, ""7"": 1}",64,"{""backend"": ""evaluate_m19_theory_calibrated.candidate_features"", ""delta_mode"": ""none"", ""k_max"": 512, ""k_min"": 64, ""variant"": ""conservative""}",64,0.735632183908046,0.21875,0.21875,0.3125,1.0,"{""dp_0_4"": 0.046875, ""dp_17_64"": 0.390625, ""dp_5_16"": 0.421875, ""dp_65_256"": 0.140625}","{""cn_0"": 1.0}",0.0,28.5,sasb_candidate_builder,d5535ae3eca3b3e26572d3f4d19214d5a186c55f6cd9ae12bb89fc7058060332,64,d5535ae3eca3b3e26572d3f4d19214d5a186c55f6cd9ae12bb89fc7058060332,"{""sasb_builder"": 64}",0,0,0,0,{},0.0,"{""common_neighbor_bin_l1"": 0.0, ""degree_product_bin_l1"": 0.0, ""is_boundary_edge_l1"": 0.0, ""is_bridge_edge_l1"": 0.0, ""is_inter_community_edge_l1"": 0.0, ""is_low_common_neighbor_edge_l1"": 0.0, ""mean_l1"": 0.0}",1,32,32,208.25,0
realworld_completed,bio_celegans,SASB-candidate,sasb,SASB-structured,20260513,1475,late,0.1479028697571744,0.1479028697571744,0.0,100,100,0,0.7283950617283951,0.7288888888888889,56,59,56--59,3,3,3,3,9,2,1.0,0,3,3,32,"[""96"", ""60"", ""62"", ""440"", ""415"", ""419"", ""428"", ""429"", ""430"", ""436"", ""439"", ""444"", ""53"", ""51"", ""412"", ""446"", ""448"", ""56"", ""59"", ""63"", ""73"", ""83"", ""413"", ""445"", ""443"", ""414"", ""449"", ""422"", ""411"", ""7"", ""437"", ""340""]",b8f3f6deeb4d46bbedab6bb29d6ebc1064a6face68141b84c19ebe6c9c540121,"{""boundary"": 12, ""degree_core"": 10, ""random_fill"": 10}","{""degree_0_1"": 5, ""degree_2"": 5, ""degree_3_4"": 17, ""degree_5_8"": 4, ""degree_9_plus"": 1}","{""0"": 7, ""1"": 3, ""2"": 3, ""3"": 2, ""4"": 5, ""5"": 7, ""6"": 3, ""7"": 2}",64,"{""backend"": ""evaluate_m19_theory_calibrated.candidate_features"", ""delta_mode"": ""none"", ""k_max"": 512, ""k_min"": 64, ""variant"": ""conservative""}",64,0.7441860465116279,0.21875,0.21875,0.296875,0.984375,"{""dp_0_4"": 0.03125, ""dp_17_64"": 0.390625, ""dp_5_16"": 0.4375, ""dp_65_256"": 0.140625}","{""cn_0"": 0.984375, ""cn_2_3"": 0.015625}",0.03125,28.546875,sasb_candidate_builder,4cc17b89663a9c69e6452dd49566fd33a6ac87e7aedfd5136d7d7e2937e98402,64,4cc17b89663a9c69e6452dd49566fd33a6ac87e7aedfd5136d7d7e2937e98402,"{""sasb_builder"": 64}",0,0,0,0,{},0.0,"{""common_neighbor_bin_l1"": 0.0, ""degree_product_bin_l1"": 0.0, ""is_boundary_edge_l1"": 0.0, ""is_bridge_edge_l1"": 0.0, ""is_inter_community_edge_l1"": 0.0, ""is_low_common_neighbor_edge_l1"": 0.0, ""mean_l1"": 0.0}",1,32,32,4.1875,0
realworld_completed,bio_celegans,SASB-candidate,sasb,SASB-structured,20260513,1476,late,0.1479028697571744,0.1479028697571744,0.0,100,100,0,0.7288888888888889,0.7293827160493828,206,56,206--56,2,2,2,2,4,0,0.0,0,5,5,32,"[""96"", ""60"", ""62"", ""440"", ""415"", ""419"", ""428"", ""429"", ""430"", ""436"", ""439"", ""444"", ""53"", ""51"", ""412"", ""446"", ""448"", ""63"", ""73"", ""83"", ""187"", ""192"", ""206"", ""418"", ""394"", ""59"", ""193"", ""450"", ""81"", ""305"", ""421"", ""437""]",c280728362362ec2852ed7227631a431f27d3e3c82b25672ce81446f40cf5b83,"{""boundary"": 12, ""degree_core"": 10, ""random_fill"": 10}","{""degree_0_1"": 4, ""degree_2"": 8, ""degree_3_4"": 15, ""degree_5_8"": 4, ""degree_9_plus"": 1}","{""0"": 5, ""1"": 4, ""2"": 4, ""3"": 4, ""4"": 6, ""5"": 5, ""6"": 3, ""7"": 1}",64,"{""backend"": ""evaluate_m19_theory_calibrated.candidate_features"", ""delta_mode"": ""none"", ""k_max"": 512, ""k_min"": 64, ""variant"": ""conservative""}",64,0.7529411764705882,0.21875,0.21875,0.296875,1.0,"{""dp_0_4"": 0.0625, ""dp_17_64"": 0.390625, ""dp_5_16"": 0.40625, ""dp_65_256"": 0.140625}","{""cn_0"": 1.0}",0.0,28.34375,sasb_candidate_builder,35491a2310840f65166809b03e5d39c4d8eea56e37dbb14b529ef0afb9b29882,64,35491a2310840f65166809b03e5d39c4d8eea56e37dbb14b529ef0afb9b29882,"{""sasb_builder"": 64}",0,0,0,0,{},0.0,"{""common_neighbor_bin_l1"": 0.0, ""degree_product_bin_l1"": 0.0, ""is_boundary_edge_l1"": 0.0, ""is_bridge_edge_l1"": 0.0, ""is_inter_community_edge_l1"": 0.0, ""is_low_common_neighbor_edge_l1"": 0.0, ""mean_l1"": 0.0}",1,32,32,0.0,0
realworld_completed,bio_celegans,SASB-candidate,sasb,SASB-structured,20260513,1477,late,0.1479028697571744,0.1479028697571744,0.0,100,100,0,0.7293827160493828,0.7298765432098765,192,63,192--63,2,3,2,3,6,1,1.0,0,8,8,32,"[""96"", ""60"", ""62"", ""440"", ""415"", ""419"", ""428"", ""429"", ""430"", ""436"", ""439"", ""444"", ""53"", ""51"", ""412"", ""446"", ""448"", ""63"", ""73"", ""83"", ""187"", ""192"", ""425"", ""128"", ""56"", ""301"", ""72"", ""59"", ""434"", ""447"", ""394"", ""411""]",31d138914bf1ac0b99ef1e59ae7459b8edbe05087c56ca0860c3a999c42732f9,"{""boundary"": 12, ""degree_core"": 10, ""random_fill"": 10}","{""degree_0_1"": 5, ""degree_2"": 7, ""degree_3_4"": 15, ""degree_5_8"": 4, ""degree_9_plus"": 1}","{""0"": 4, ""1"": 4, ""2"": 3, ""3"": 3, ""4"": 7, ""5"": 6, ""6"": 3, ""7"": 2}",64,"{""backend"": ""evaluate_m19_theory_calibrated.candidate_features"", ""delta_mode"": ""none"", ""k_max"": 512, ""k_min"": 64, ""variant"": ""conservative""}",64,0.7619047619047619,0.21875,0.21875,0.328125,1.0,"{""dp_0_4"": 0.046875, ""dp_17_64"": 0.390625, ""dp_5_16"": 0.421875, ""dp_65_256"": 0.140625}","{""cn_0"": 1.0}",0.0,28.359375,sasb_candidate_builder,2fb1f169721608b2aee31e305a6975549c7f64215e4914f25e9fc9aeded86ac5,64,2fb1f169721608b2aee31e305a6975549c7f64215e4914f25e9fc9aeded86ac5,"{""sasb_builder"": 64}",0,0,0,0,{},0.0,"{""common_neighbor_bin_l1"": 0.0, ""degree_product_bin_l1"": 0.0, ""is_boundary_edge_l1"": 0.0, ""is_bridge_edge_l1"": 0.0, ""is_inter_community_edge_l1"": 0.0, ""is_low_common_neighbor_edge_l1"": 0.0, ""mean_l1"": 0.0}",1,32,32,0.0,0
realworld_completed,bio_celegans,SASB-candidate,sasb,SASB-structured,20260513,1478,late,0.1479028697571744,0.1479028697571744,0.0,100,100,0,0.7298765432098765,0.7303703703703703,187,73,187--73,2,3,2,3,6,1,1.0,0,6,6,32,"[""96"", ""60"", ""62"", ""440"", ""415"", ""419"", ""428"", ""429"", ""430"", ""436"", ""439"", ""444"", ""53"", ""51"", ""412"", ""446"", ""448"", ""73"", ""83"", ""187"", ""193"", ""411"", ""427"", ""206"", ""422"", ""413"", ""305"", ""56"", ""432"", ""82"", ""9"", ""445""]",3baeb010e2065bf5fb5a42479ee4bf7bcac5fb2c589fcb93fcda5f788d624ad9,"{""boundary"": 12, ""degree_core"": 10, ""random_fill"": 10}","{""degree_0_1"": 5, ""degree_2"": 8, ""degree_3_4"": 14, ""degree_5_8"": 4, ""degree_9_plus"": 1}","{""0"": 4, ""1"": 4, ""2"": 5, ""3"": 3, ""4"": 5, ""5"": 7, ""6"": 3, ""7"": 1}",64,"{""backend"": ""evaluate_m19_theory_calibrated.candidate_features"", ""delta_mode"": ""none"", ""k_max"": 512, ""k_min"": 64, ""variant"": ""conservative""}",64,0.7710843373493976,0.21875,0.21875,0.34375,1.0,"{""dp_0_4"": 0.0625, ""dp_17_64"": 0.390625, ""dp_5_16"": 0.40625, ""dp_65_256"": 0.140625}","{""cn_0"": 1.0}",0.0,28.28125,sasb_candidate_builder,44a0cb2b9518f729d214858eab1a8515ecbd60ebfea6c4a41ad05912b57e3bfa,64,44a0cb2b9518f729d214858eab1a8515ecbd60ebfea6c4a41ad05912b57e3bfa,"{""sasb_builder"": 64}",0,0,0,0,{},0.0,"{""common_neighbor_bin_l1"": 0.0, ""degree_product_bin_l1"": 0.0, ""is_boundary_edge_l1"": 0.0, ""is_bridge_edge_l1"": 0.0, ""is_inter_community_edge_l1"": 0.0, ""is_low_common_neighbor_edge_l1"": 0.0, ""mean_l1"": 0.0}",1,32,32,0.0,0
realworld_completed,bio_celegans,SASB-candidate,sasb,SASB-structured,20260513,1479,late,0.1479028697571744,0.1434878587196468,0.004415011037527589,100,101,1,0.7303703703703703,0.7308641975308642,193,63,193--63,2,2,2,2,4,0,0.0,0,3,3,32,"[""96"", ""60"", ""62"", ""440"", ""415"", ""419"", ""428"", ""429"", ""430"", ""436"", ""439"", ""444"", ""53"", ""51"", ""412"", ""446"", ""448"", ""83"", ""193"", ""411"", ""413"", ""416"", ""7"", ""452"", ""433"", ""192"", ""441"", ""305"", ""59"", ""449"", ""450"", ""63""]",f9b31459f27a7e3c65a40bcdce606ca30ec1f4bc1ad9cd1a4752e1b6f381e834,"{""boundary"": 12, ""degree_core"": 10, ""random_fill"": 10}","{""degree_0_1"": 5, ""degree_2"": 9, ""degree_3_4"": 13, ""degree_5_8"": 4, ""degree_9_plus"": 1}","{""0"": 7, ""1"": 3, ""2"": 4, ""3"": 4, ""4"": 4, ""5"": 6, ""6"": 2, ""7"": 2}",64,"{""backend"": ""evaluate_m19_theory_calibrated.candidate_features"", ""delta_mode"": ""none"", ""k_max"": 512, ""k_min"": 64, ""variant"": ""conservative""}",64,0.7804878048780488,0.21875,0.21875,0.359375,1.0,"{""dp_0_4"": 0.078125, ""dp_17_64"": 0.390625, ""dp_5_16"": 0.390625, ""dp_65_256"": 0.140625}","{""cn_0"": 1.0}",0.0,28.1875,sasb_candidate_builder,0d6210290d3c1db1deffeda05c648dd855557fc9ae74001efb834a87ede64225,64,0d6210290d3c1db1deffeda05c648dd855557fc9ae74001efb834a87ede64225,"{""sasb_builder"": 64}",0,0,0,0,{},0.0,"{""common_neighbor_bin_l1"": 0.0, ""degree_product_bin_l1"": 0.0, ""is_boundary_edge_l1"": 0.0, ""is_bridge_edge_l1"": 0.0, ""is_inter_community_edge_l1"": 0.0, ""is_low_common_neighbor_edge_l1"": 0.0, ""mean_l1"": 0.0}",1,32,32,0.0,0
realworld_completed,bio_celegans,SASB-candidate,sasb,SASB-structured,20260513,1480,late,0.1434878587196468,0.1434878587196468,0.0,101,101,0,0.7308641975308642,0.731358024691358,411,51,411--51,2,5,2,5,10,0,0.0,0,4,4,32,"[""96"", ""60"", ""62"", ""440"", ""415"", ""419"", ""428"", ""429"", ""430"", ""436"", ""439"", ""444"", ""53"", ""51"", ""412"", ""446"", ""448"", ""83"", ""411"", ""413"", ""416"", ""417"", ""441"", ""414"", ""426"", ""73"", ""395"", ""447"", ""82"", ""445"", ""59"", ""294""]",f5827f628b9599e5d28b15b1b7d41e49e430e1cb506018fb3b5069710088fbd6,"{""boundary"": 12, ""degree_core"": 10, ""random_fill"": 10}","{""degree_0_1"": 5, ""degree_2"": 9, ""degree_3_4"": 13, ""degree_5_8"": 4, ""degree_9_plus"": 1}","{""0"": 6, ""1"": 3, ""2"": 4, ""3"": 1, ""4"": 5, ""5"": 9, ""6"": 2, ""7"": 2}",64,"{""backend"": ""evaluate_m19_theory_calibrated.candidate_features"", ""delta_mode"": ""none"", ""k_max"": 512, ""k_min"": 64, ""variant"": ""conservative""}",64,0.8,0.21875,0.21875,0.359375,1.0,"{""dp_0_4"": 0.09375, ""dp_17_64"": 0.390625, ""dp_5_16"": 0.375, ""dp_65_256"": 0.140625}","{""cn_0"": 1.0}",0.0,28.125,sasb_candidate_builder,b0f58f9db702b8b61ea9d1b365c1e2697cb914ac4161c61e313a9039681359af,64,b0f58f9db702b8b61ea9d1b365c1e2697cb914ac4161c61e313a9039681359af,"{""sasb_builder"": 64}",0,0,0,0,{},0.0,"{""common_neighbor_bin_l1"": 0.0, ""degree_product_bin_l1"": 0.0, ""is_boundary_edge_l1"": 0.0, ""is_bridge_edge_l1"": 0.0, ""is_inter_community_edge_l1"": 0.0, ""is_low_common_neighbor_edge_l1"": 0.0, ""mean_l1"": 0.0}",1,32,32,0.0,0
realworld_completed,bio_celegans,SASB-candidate,sasb,SASB-structured,20260513,1481,late,0.1434878587196468,0.141280353200883,0.002207505518763808,101,102,1,0.731358024691358,0.7318518518518519,305,83,305--83,1,3,1,3,3,0,0.0,0,6,6,32,"[""96"", ""60"", ""62"", ""440"", ""415"", ""419"", ""428"", ""429"", ""430"", ""436"", ""439"", ""444"", ""53"", ""51"", ""412"", ""446"", ""448"", ""83"", ""413"", ""416"", ""417"", ""418"", ""56"", ""206"", ""73"", ""50"", ""445"", ""434"", ""9"", ""452"", ""72"", ""437""]",ec9ae80e43380b41a20eac2e2d0de288691ef4335964d902b77aa0b7f74f485f,"{""boundary"": 12, ""degree_core"": 10, ""random_fill"": 10}","{""degree_0_1"": 4, ""degree_2"": 10, ""degree_3_4"": 14, ""degree_5_8"": 3, ""degree_9_plus"": 1}","{""0"": 7, ""1"": 3, ""2"": 3, ""3"": 1, ""4"": 5, ""5"": 7, ""6"": 3, ""7"": 3}",64,"{""backend"": ""evaluate_m19_theory_calibrated.candidate_features"", ""delta_mode"": ""none"", ""k_max"": 512, ""k_min"": 64, ""variant"": ""conservative""}",64,0.810126582278481,0.21875,0.21875,0.390625,1.0,"{""dp_0_4"": 0.109375, ""dp_17_64"": 0.390625, ""dp_5_16"": 0.359375, ""dp_65_256"": 0.140625}","{""cn_0"": 1.0}",0.0,27.75,sasb_candidate_builder,2539086a8e99a0478291324d707dc504074f4ae4de331f5467c7958a42ffad8a,64,2539086a8e99a0478291324d707dc504074f4ae4de331f5467c7958a42ffad8a,"{""sasb_builder"": 64}",0,0,0,0,{},0.0,"{""common_neighbor_bin_l1"": 0.0, ""degree_product_bin_l1"": 0.0, ""is_boundary_edge_l1"": 0.0, ""is_bridge_edge_l1"": 0.0, ""is_inter_community_edge_l1"": 0.0, ""is_low_common_neighbor_edge_l1"": 0.0, ""mean_l1"": 0.0}",1,32,32,0.0,0
realworld_completed,bio_celegans,SASB-candidate,sasb,SASB-structured,20260513,1482,late,0.141280353200883,0.1390728476821192,0.002207505518763808,102,103,1,0.7318518518518519,0.7323456790123457,294,412,294--412,1,3,1,3,3,0,0.0,0,4,4,32,"[""96"", ""60"", ""62"", ""440"", ""415"", ""419"", ""428"", ""429"", ""430"", ""436"", ""439"", ""444"", ""53"", ""51"", ""412"", ""446"", ""448"", ""413"", ""416"", ""417"", ""418"", ""421"", ""434"", ""433"", ""59"", ""82"", ""438"", ""63"", ""437"", ""8"", ""81"", ""206""]",3b7e380d3cc50aa42454950f658b3206fd24a5219239eebc2456309840ad91e0,"{""boundary"": 12, ""degree_core"": 10, ""random_fill"": 10}","{""degree_0_1"": 4, ""degree_2"": 11, ""degree_3_4"": 13, ""degree_5_8"": 3, ""degree_9_plus"": 1}","{""0"": 7, ""1"": 4, ""2"": 3, ""3"": 2, ""4"": 5, ""5"": 6, ""6"": 3, ""7"": 2}",64,"{""backend"": ""evaluate_m19_theory_calibrated.candidate_features"", ""delta_mode"": ""none"", ""k_max"": 512, ""k_min"": 64, ""variant"": ""conservative""}",64,0.8205128205128205,0.21875,0.21875,0.390625,1.0,"{""dp_0_4"": 0.109375, ""dp_17_64"": 0.390625, ""dp_5_16"": 0.359375, ""dp_65_256"": 0.140625}","{""cn_0"": 1.0}",0.0,27.65625,sasb_candidate_builder,d9fc0e873b747c0205378bc55b08916b0fc9517858458b0ca75e8f8b69d9a316,64,d9fc0e873b747c0205378bc55b08916b0fc9517858458b0ca75e8f8b69d9a316,"{""sasb_builder"": 64}",0,0,0,0,{},0.0,"{""common_neighbor_bin_l1"": 0.0, ""degree_product_bin_l1"": 0.0, ""is_boundary_edge_l1"": 0.0, ""is_bridge_edge_l1"": 0.0, ""is_inter_community_edge_l1"": 0.0, ""is_low_common_neighbor_edge_l1"": 0.0, ""mean_l1"": 0.0}",1,32,32,64.0,0
realworld_completed,bio_celegans,SASB-candidate,sasb,SASB-structured,20260513,1483,late,0.1390728476821192,0.1368653421633554,0.0022075055187637804,103,104,1,0.7323456790123457,0.7328395061728395,301,439,301--439,1,3,1,3,3,0,0.0,0,5,5,32,"[""96"", ""60"", ""62"", ""440"", ""415"", ""419"", ""428"", ""429"", ""430"", ""436"", ""439"", ""444"", ""53"", ""51"", ""446"", ""448"", ""412"", ""413"", ""416"", ""417"", ""418"", ""421"", ""414"", ""423"", ""72"", ""301"", ""434"", ""59"", ""56"", ""63"", ""445"", ""411""]",4cae38b255e622d5738d736b068ef9cdc53e0988e8107990424f68104e0d84ec,"{""boundary"": 12, ""degree_core"": 10, ""random_fill"": 10}","{""degree_0_1"": 5, ""degree_2"": 11, ""degree_3_4"": 12, ""degree_5_8"": 3, ""degree_9_plus"": 1}","{""0"": 7, ""1"": 2, ""2"": 2, ""3"": 2, ""4"": 4, ""5"": 9, ""6"": 3, ""7"": 3}",64,"{""backend"": ""evaluate_m19_theory_calibrated.candidate_features"", ""delta_mode"": ""none"", ""k_max"": 512, ""k_min"": 64, ""variant"": ""conservative""}",64,0.8311688311688312,0.21875,0.21875,0.390625,1.0,"{""dp_0_4"": 0.109375, ""dp_17_64"": 0.375, ""dp_5_16"": 0.375, ""dp_65_256"": 0.140625}","{""cn_0"": 1.0}",0.0,27.484375,sasb_candidate_builder,300146b38204a48b5786c41e61bae07ac59248b8ad6e457733225d4654ca0405,64,300146b38204a48b5786c41e61bae07ac59248b8ad6e457733225d4654ca0405,"{""sasb_builder"": 64}",0,0,0,0,{},0.0,"{""common_neighbor_bin_l1"": 0.0, ""degree_product_bin_l1"": 0.0, ""is_boundary_edge_l1"": 0.0, ""is_bridge_edge_l1"": 0.0, ""is_inter_community_edge_l1"": 0.0, ""is_low_common_neighbor_edge_l1"": 0.0, ""mean_l1"": 0.0}",1,32,32,183.09375,0
realworld_completed,bio_celegans,SASB-candidate,sasb,SASB-structured,20260513,1484,late,0.1368653421633554,0.1368653421633554,0.0,104,104,0,0.7328395061728395,0.7333333333333333,415,416,415--416,3,2,2,3,6,1,1.0,0,6,6,32,"[""96"", ""62"", ""440"", ""60"", ""415"", ""419"", ""428"", ""429"", ""436"", ""444"", ""446"", ""448"", ""53"", ""51"", ""430"", ""412"", ""413"", ""416"", ""417"", ""418"", ""421"", ""423"", ""432"", ""56"", ""395"", ""433"", ""425"", ""340"", ""83"", ""128"", ""447"", ""414""]",bfa20e0474dce64ad78638a62c3ca0cf4f3b62813555a86bf82391b0cf7bd549,"{""boundary"": 12, ""degree_core"": 10, ""random_fill"": 10}","{""degree_0_1"": 6, ""degree_2"": 11, ""degree_3_4"": 11, ""degree_5_8"": 3, ""degree_9_plus"": 1}","{""0"": 7, ""1"": 3, ""2"": 3, ""3"": 8, ""4"": 1, ""5"": 5, ""6"": 3, ""7"": 2}",64,"{""backend"": ""evaluate_m19_theory_calibrated.candidate_features"", ""delta_mode"": ""none"", ""k_max"": 512, ""k_min"": 64, ""variant"": ""conservative""}",64,0.8421052631578947,0.21875,0.21875,0.375,1.0,"{""dp_0_4"": 0.09375, ""dp_17_64"": 0.375, ""dp_5_16"": 0.40625, ""dp_65_256"": 0.125}","{""cn_0"": 0.984375, ""cn_1"": 0.015625}",0.015625,27.046875,sasb_candidate_builder,da5b8f2a079ae956307c7631fd89f75fb228469854b8347dc66c2725e4700c04,64,da5b8f2a079ae956307c7631fd89f75fb228469854b8347dc66c2725e4700c04,"{""sasb_builder"": 64}",0,0,0,0,{},0.0,"{""common_neighbor_bin_l1"": 0.0, ""degree_product_bin_l1"": 0.0, ""is_boundary_edge_l1"": 0.0, ""is_bridge_edge_l1"": 0.0, ""is_inter_community_edge_l1"": 0.0, ""is_low_common_neighbor_edge_l1"": 0.0, ""mean_l1"": 0.0}",1,32,32,9.6875,0
realworld_completed,bio_celegans,SASB-candidate,sasb,SASB-structured,20260513,1485,late,0.1368653421633554,0.1368653421633554,0.0,104,104,0,0.7333333333333333,0.7338271604938271,430,432,430--432,3,2,2,3,6,1,1.0,0,7,7,32,"[""96"", ""62"", ""440"", ""60"", ""419"", ""428"", ""429"", ""436"", ""444"", ""446"", ""448"", ""415"", ""53"", ""51"", ""430"", ""412"", ""413"", ""417"", ""418"", ""421"", ""423"", ""425"", ""438"", ""433"", ""450"", ""50"", ""416"", ""7"", ""52"", ""394"", ""443"", ""83""]",751458ea8adc92f2a5fe2dc0b641b15be65ea0b90787ed90e3da152e2a423f50,"{""boundary"": 12, ""degree_core"": 10, ""random_fill"": 10}","{""degree_0_1"": 7, ""degree_2"": 11, ""degree_3_4"": 10, ""degree_5_8"": 3, ""degree_9_plus"": 1}","{""0"": 8, ""1"": 4, ""2"": 3, ""3"": 8, ""4"": 1, ""5"": 5, ""6"": 2, ""7"": 1}",64,"{""backend"": ""evaluate_m19_theory_calibrated.candidate_features"", ""delta_mode"": ""none"", ""k_max"": 512, ""k_min"": 64, ""variant"": ""conservative""}",64,0.8533333333333334,0.21875,0.21875,0.40625,1.0,"{""dp_0_4"": 0.109375, ""dp_17_64"": 0.390625, ""dp_5_16"": 0.390625, ""dp_65_256"": 0.109375}","{""cn_0"": 0.984375, ""cn_1"": 0.015625}",0.015625,26.234375,sasb_candidate_builder,01000075b3c0a0099ad72a53529ba347c003ef43dbeae313a75cdf5ab890835a,64,01000075b3c0a0099ad72a53529ba347c003ef43dbeae313a75cdf5ab890835a,"{""sasb_builder"": 64}",0,0,0,0,{},0.0,"{""common_neighbor_bin_l1"": 0.0, ""degree_product_bin_l1"": 0.0, ""is_boundary_edge_l1"": 0.0, ""is_bridge_edge_l1"": 0.0, ""is_inter_community_edge_l1"": 0.0, ""is_low_common_neighbor_edge_l1"": 0.0, ""mean_l1"": 0.0}",1,32,32,1.9375,0
realworld_completed,bio_celegans,SASB-candidate,sasb,SASB-structured,20260513,1486,late,0.1368653421633554,0.1368653421633554,0.0,104,104,0,0.7338271604938271,0.734320987654321,433,436,433--436,2,3,2,3,6,1,1.0,0,0,0,32,"[""96"", ""62"", ""440"", ""60"", ""419"", ""428"", ""429"", ""436"", ""444"", ""446"", ""448"", ""415"", ""53"", ""51"", ""412"", ""413"", ""417"", ""418"", ""421"", ""423"", ""425"", ""430"", ""73"", ""395"", ""432"", ""80"", ""8"", ""206"", ""414"", ""83"", ""450"", ""438""]",2b2832d21b0ad4f8c67c2cafa89a85aae8cf2d5ea3047754b148aaaa65f99695,"{""boundary"": 12, ""degree_core"": 10, ""random_fill"": 10}","{""degree_0_1"": 7, ""degree_2"": 12, ""degree_3_4"": 9, ""degree_5_8"": 3, ""degree_9_plus"": 1}","{""0"": 7, ""1"": 4, ""2"": 3, ""3"": 8, ""4"": 3, ""5"": 4, ""6"": 1, ""7"": 2}",64,"{""backend"": ""evaluate_m19_theory_calibrated.candidate_features"", ""delta_mode"": ""none"", ""k_max"": 512, ""k_min"": 64, ""variant"": ""conservative""}",64,0.8648648648648649,0.21875,0.21875,0.4375,1.0,"{""dp_0_4"": 0.109375, ""dp_17_64"": 0.40625, ""dp_5_16"": 0.390625, ""dp_65_256"": 0.09375}","{""cn_0"": 0.984375, ""cn_1"": 0.015625}",0.015625,25.4375,sasb_candidate_builder,6c7993a2124e2c4c6151f04053b1ca9090dde66c15fbaa1839f98b864140a7db,64,6c7993a2124e2c4c6151f04053b1ca9090dde66c15fbaa1839f98b864140a7db,"{""sasb_builder"": 64}",0,0,0,0,{},0.0,"{""common_neighbor_bin_l1"": 0.0, ""degree_product_bin_l1"": 0.0, ""is_boundary_edge_l1"": 0.0, ""is_bridge_edge_l1"": 0.0, ""is_inter_community_edge_l1"": 0.0, ""is_low_common_neighbor_edge_l1"": 0.0, ""mean_l1"": 0.0}",1,32,32,7.75,0
realworld_completed,bio_celegans,SASB-candidate,sasb,SASB-structured,20260513,1487,late,0.1368653421633554,0.1346578366445916,0.002207505518763808,104,105,1,0.734320987654321,0.7348148148148148,394,9,394--9,1,2,1,2,2,0,0.0,0,1,1,32,"[""96"", ""62"", ""440"", ""60"", ""419"", ""428"", ""429"", ""444"", ""446"", ""448"", ""415"", ""425"", ""53"", ""51"", ""412"", ""413"", ""417"", ""418"", ""421"", ""423"", ""430"", ""434"", ""427"", ""447"", ""449"", ""450"", ""80"", ""59"", ""206"", ""443"", ""81"", ""82""]",54a0242f97dc62f14029035dd11422099e5e12867a238abab759753227e82849,"{""boundary"": 12, ""degree_core"": 10, ""random_fill"": 10}","{""degree_0_1"": 7, ""degree_2"": 13, ""degree_3_4"": 8, ""degree_5_8"": 3, ""degree_9_plus"": 1}","{""0"": 7, ""1"": 3, ""2"": 3, ""3"": 10, ""4"": 2, ""5"": 3, ""6"": 1, ""7"": 3}",64,"{""backend"": ""evaluate_m19_theory_calibrated.candidate_features"", ""delta_mode"": ""none"", ""k_max"": 512, ""k_min"": 64, ""variant"": ""conservative""}",64,0.8767123287671232,0.21875,0.21875,0.46875,1.0,"{""dp_0_4"": 0.125, ""dp_17_64"": 0.40625, ""dp_5_16"": 0.390625, ""dp_65_256"": 0.078125}","{""cn_0"": 1.0}",0.0,24.5,sasb_candidate_builder,dd04bddcd2372416566e55d3f9d014a6c071710fa168cc2d8213d361e5f1d0bd,64,dd04bddcd2372416566e55d3f9d014a6c071710fa168cc2d8213d361e5f1d0bd,"{""sasb_builder"": 64}",0,0,0,0,{},0.0,"{""common_neighbor_bin_l1"": 0.0, ""degree_product_bin_l1"": 0.0, ""is_boundary_edge_l1"": 0.0, ""is_bridge_edge_l1"": 0.0, ""is_inter_community_edge_l1"": 0.0, ""is_low_common_neighbor_edge_l1"": 0.0, ""mean_l1"": 0.0}",1,32,32,0.0,0
realworld_completed,bio_celegans,SASB-candidate,sasb,SASB-structured,20260513,1488,late,0.1346578366445916,0.13245033112582782,0.0022075055187637804,105,106,1,0.7348148148148148,0.7353086419753087,395,8,395--8,1,2,1,2,2,0,0.0,0,2,2,32,"[""96"", ""62"", ""440"", ""60"", ""419"", ""428"", ""429"", ""444"", ""446"", ""448"", ""415"", ""425"", ""53"", ""51"", ""412"", ""413"", ""417"", ""418"", ""421"", ""423"", ""430"", ""434"", ""438"", ""439"", ""449"", ""436"", ""452"", ""9"", ""395"", ""83"", ""82"", ""72""]",d26bcc9d39819b259e8a13f639c7ab82db4a884224a333c042175c2134542cb6,"{""boundary"": 12, ""degree_core"": 10, ""random_fill"": 10}","{""degree_0_1"": 4, ""degree_2"": 16, ""degree_3_4"": 8, ""degree_5_8"": 3, ""degree_9_plus"": 1}","{""0"": 7, ""1"": 4, ""2"": 4, ""3"": 8, ""4"": 1, ""5"": 5, ""6"": 2, ""7"": 1}",64,"{""backend"": ""evaluate_m19_theory_calibrated.candidate_features"", ""delta_mode"": ""none"", ""k_max"": 512, ""k_min"": 64, ""variant"": ""conservative""}",64,0.8888888888888888,0.21875,0.21875,0.46875,1.0,"{""dp_0_4"": 0.125, ""dp_17_64"": 0.40625, ""dp_5_16"": 0.390625, ""dp_65_256"": 0.078125}","{""cn_0"": 1.0}",0.0,24.390625,sasb_candidate_builder,eb1acd2fa0a063f38e9cf839f90556bed64bb0d15172e276e13ddc83872ce088,64,eb1acd2fa0a063f38e9cf839f90556bed64bb0d15172e276e13ddc83872ce088,"{""sasb_builder"": 64}",0,0,0,0,{},0.0,"{""common_neighbor_bin_l1"": 0.0, ""degree_product_bin_l1"": 0.0, ""is_boundary_edge_l1"": 0.0, ""is_bridge_edge_l1"": 0.0, ""is_inter_community_edge_l1"": 0.0, ""is_low_common_neighbor_edge_l1"": 0.0, ""mean_l1"": 0.0}",1,32,32,0.0,0
realworld_completed,bio_celegans,SASB-candidate,sasb,SASB-structured,20260513,1489,late,0.13245033112582782,0.13024282560706402,0.002207505518763808,106,107,1,0.7353086419753087,0.7358024691358025,206,59,206--59,1,2,1,2,2,0,0.0,0,7,7,32,"[""96"", ""62"", ""440"", ""60"", ""419"", ""428"", ""429"", ""444"", ""446"", ""448"", ""415"", ""425"", ""53"", ""51"", ""412"", ""413"", ""417"", ""418"", ""421"", ""423"", ""430"", ""434"", ""411"", ""9"", ""128"", ""427"", ""414"", ""445"", ""436"", ""50"", ""433"", ""439""]",c0894530035c8732e5e3133a923ff7a17cbbb0b477dc8e5c7b26d527608219c4,"{""boundary"": 12, ""degree_core"": 10, ""random_fill"": 10}","{""degree_0_1"": 7, ""degree_2"": 13, ""degree_3_4"": 8, ""degree_5_8"": 3, ""degree_9_plus"": 1}","{""0"": 9, ""1"": 4, ""2"": 2, ""3"": 8, ""4"": 1, ""5"": 6, ""6"": 1, ""7"": 1}",64,"{""backend"": ""evaluate_m19_theory_calibrated.candidate_features"", ""delta_mode"": ""none"", ""k_max"": 512, ""k_min"": 64, ""variant"": ""conservative""}",64,0.9014084507042254,0.21875,0.21875,0.46875,1.0,"{""dp_0_4"": 0.125, ""dp_17_64"": 0.40625, ""dp_5_16"": 0.390625, ""dp_65_256"": 0.078125}","{""cn_0"": 1.0}",0.0,24.28125,sasb_candidate_builder,7ca781a2acb49bee7195aa07ae7fdeb96e701d89123ddc834e6398c1c635fd63,64,7ca781a2acb49bee7195aa07ae7fdeb96e701d89123ddc834e6398c1c635fd63,"{""sasb_builder"": 64}",0,0,0,0,{},0.0,"{""common_neighbor_bin_l1"": 0.0, ""degree_product_bin_l1"": 0.0, ""is_boundary_edge_l1"": 0.0, ""is_bridge_edge_l1"": 0.0, ""is_inter_community_edge_l1"": 0.0, ""is_low_common_neighbor_edge_l1"": 0.0, ""mean_l1"": 0.0}",1,32,32,0.0,0
realworld_completed,bio_celegans,SASB-candidate,sasb,SASB-structured,20260513,1490,late,0.13024282560706402,0.1280353200883002,0.002207505518763808,107,108,1,0.7358024691358025,0.7362962962962963,411,53,411--53,1,7,1,7,7,0,0.0,0,2,2,32,"[""96"", ""62"", ""440"", ""60"", ""419"", ""428"", ""429"", ""444"", ""446"", ""448"", ""415"", ""425"", ""53"", ""51"", ""412"", ""413"", ""417"", ""418"", ""421"", ""423"", ""430"", ""434"", ""9"", ""81"", ""422"", ""435"", ""447"", ""433"", ""83"", ""416"", ""340"", ""437""]",e26a63060dbe70223474e29611156614a452c90dfc10cbdcec0a7596c0e820f1,"{""boundary"": 12, ""degree_core"": 10, ""random_fill"": 10}","{""degree_0_1"": 7, ""degree_2"": 13, ""degree_3_4"": 8, ""degree_5_8"": 3, ""degree_9_plus"": 1}","{""0"": 7, ""1"": 3, ""2"": 3, ""3"": 9, ""4"": 2, ""5"": 4, ""6"": 3, ""7"": 1}",64,"{""backend"": ""evaluate_m19_theory_calibrated.candidate_features"", ""delta_mode"": ""none"", ""k_max"": 512, ""k_min"": 64, ""variant"": ""conservative""}",64,0.9142857142857143,0.21875,0.21875,0.46875,1.0,"{""dp_0_4"": 0.140625, ""dp_17_64"": 0.40625, ""dp_5_16"": 0.375, ""dp_65_256"": 0.078125}","{""cn_0"": 1.0}",0.0,24.234375,sasb_candidate_builder,b8ef884685de903712de85437842e37469658d0d9b956ebe0ed9331c478583e1,64,b8ef884685de903712de85437842e37469658d0d9b956ebe0ed9331c478583e1,"{""sasb_builder"": 64}",0,0,0,0,{},0.0,"{""common_neighbor_bin_l1"": 0.0, ""degree_product_bin_l1"": 0.0, ""is_boundary_edge_l1"": 0.0, ""is_bridge_edge_l1"": 0.0, ""is_inter_community_edge_l1"": 0.0, ""is_low_common_neighbor_edge_l1"": 0.0, ""mean_l1"": 0.0}",1,32,32,0.0,0
realworld_completed,bio_celegans,SASB-candidate,sasb,SASB-structured,20260513,1491,late,0.1280353200883002,0.12582781456953643,0.0022075055187637804,108,109,1,0.7362962962962963,0.7367901234567901,340,72,340--72,1,2,1,2,2,0,0.0,0,4,4,32,"[""96"", ""62"", ""440"", ""60"", ""419"", ""428"", ""429"", ""444"", ""446"", ""448"", ""415"", ""425"", ""53"", ""51"", ""412"", ""413"", ""417"", ""418"", ""421"", ""423"", ""430"", ""434"", ""426"", ""56"", ""414"", ""432"", ""83"", ""7"", ""445"", ""443"", ""8"", ""436""]",288e0a92083c7406fb4770517ae44e960f3778b161e8697d1741cfb0e61ea6e2,"{""boundary"": 12, ""degree_core"": 10, ""random_fill"": 10}","{""degree_0_1"": 7, ""degree_2"": 13, ""degree_3_4"": 8, ""degree_5_8"": 3, ""degree_9_plus"": 1}","{""0"": 8, ""1"": 4, ""2"": 3, ""3"": 10, ""4"": 1, ""5"": 3, ""6"": 1, ""7"": 2}",64,"{""backend"": ""evaluate_m19_theory_calibrated.candidate_features"", ""delta_mode"": ""none"", ""k_max"": 512, ""k_min"": 64, ""variant"": ""conservative""}",64,0.927536231884058,0.21875,0.21875,0.46875,1.0,"{""dp_0_4"": 0.15625, ""dp_17_64"": 0.40625, ""dp_5_16"": 0.359375, ""dp_65_256"": 0.078125}","{""cn_0"": 1.0}",0.0,23.9375,sasb_candidate_builder,9a2ff016db125b6eb7a8b3d7f37cfb4f1e39e37d1445472d179de1bd07c2933c,64,9a2ff016db125b6eb7a8b3d7f37cfb4f1e39e37d1445472d179de1bd07c2933c,"{""sasb_builder"": 64}",0,0,0,0,{},0.0,"{""common_neighbor_bin_l1"": 0.0, ""degree_product_bin_l1"": 0.0, ""is_boundary_edge_l1"": 0.0, ""is_bridge_edge_l1"": 0.0, ""is_inter_community_edge_l1"": 0.0, ""is_low_common_neighbor_edge_l1"": 0.0, ""mean_l1"": 0.0}",1,32,32,0.0,0
realworld_completed,bio_celegans,SASB-candidate,sasb,SASB-structured,20260513,1492,late,0.12582781456953643,0.12362030905077263,0.0022075055187637943,109,110,1,0.7367901234567901,0.7372839506172839,128,441,128--441,1,2,1,2,2,0,0.0,0,0,0,32,"[""96"", ""62"", ""440"", ""60"", ""419"", ""428"", ""429"", ""444"", ""446"", ""448"", ""415"", ""425"", ""53"", ""51"", ""412"", ""413"", ""417"", ""418"", ""421"", ""423"", ""430"", ""434"", ""7"", ""426"", ""72"", ""427"", ""82"", ""437"", ""445"", ""50"", ""438"", ""8""]",7af8aaa48375a607ef7106a0447ed02ad2f19324bc32afaacde886c28b4cc7c9,"{""boundary"": 12, ""degree_core"": 10, ""random_fill"": 10}","{""degree_0_1"": 7, ""degree_2"": 13, ""degree_3_4"": 8, ""degree_5_8"": 3, ""degree_9_plus"": 1}","{""0"": 8, ""1"": 5, ""2"": 3, ""3"": 8, ""4"": 2, ""5"": 3, ""6"": 2, ""7"": 1}",64,"{""backend"": ""evaluate_m19_theory_calibrated.candidate_features"", ""delta_mode"": ""none"", ""k_max"": 512, ""k_min"": 64, ""variant"": ""conservative""}",64,0.9411764705882353,0.21875,0.21875,0.46875,1.0,"{""dp_0_4"": 0.15625, ""dp_17_64"": 0.40625, ""dp_5_16"": 0.359375, ""dp_65_256"": 0.078125}","{""cn_0"": 1.0}",0.0,23.90625,sasb_candidate_builder,7f510a3a0767bac20c3a20a01f7876de8a3e9a74cbe1b7b5e2061fc3ac283be7,64,7f510a3a0767bac20c3a20a01f7876de8a3e9a74cbe1b7b5e2061fc3ac283be7,"{""sasb_builder"": 64}",0,0,0,0,{},0.0,"{""common_neighbor_bin_l1"": 0.0, ""degree_product_bin_l1"": 0.0, ""is_boundary_edge_l1"": 0.0, ""is_bridge_edge_l1"": 0.0, ""is_inter_community_edge_l1"": 0.0, ""is_low_common_neighbor_edge_l1"": 0.0, ""mean_l1"": 0.0}",1,32,32,57.0,0
realworld_completed,bio_celegans,SASB-candidate,sasb,SASB-structured,20260513,1493,late,0.12362030905077263,0.12141280353200883,0.002207505518763808,110,111,1,0.7372839506172839,0.7377777777777778,187,437,187--437,1,2,1,2,2,0,0.0,0,5,5,32,"[""96"", ""62"", ""440"", ""60"", ""419"", ""428"", ""429"", ""444"", ""446"", ""448"", ""415"", ""425"", ""53"", ""51"", ""412"", ""413"", ""417"", ""418"", ""421"", ""423"", ""430"", ""434"", ""449"", ""80"", ""72"", ""422"", ""447"", ""56"", ""441"", ""452"", ""52"", ""433""]",aaaeee4b5989570b35a099bab61143f4c825ca43d4ad5a8eb0cad18112f5de25,"{""boundary"": 12, ""degree_core"": 10, ""random_fill"": 10}","{""degree_0_1"": 8, ""degree_2"": 12, ""degree_3_4"": 8, ""degree_5_8"": 3, ""degree_9_plus"": 1}","{""0"": 8, ""1"": 2, ""2"": 2, ""3"": 10, ""4"": 2, ""5"": 4, ""6"": 2, ""7"": 2}",64,"{""backend"": ""evaluate_m19_theory_calibrated.candidate_features"", ""delta_mode"": ""none"", ""k_max"": 512, ""k_min"": 64, ""variant"": ""conservative""}",64,0.9552238805970149,0.21875,0.21875,0.46875,1.0,"{""dp_0_4"": 0.15625, ""dp_17_64"": 0.40625, ""dp_5_16"": 0.359375, ""dp_65_256"": 0.078125}","{""cn_0"": 1.0}",0.0,23.8125,sasb_candidate_builder,be342b984db2b82f0576d872293a42d108ef8491a56351fb9a87d2069558f6dd,64,be342b984db2b82f0576d872293a42d108ef8491a56351fb9a87d2069558f6dd,"{""sasb_builder"": 64}",0,0,0,0,{},0.0,"{""common_neighbor_bin_l1"": 0.0, ""degree_product_bin_l1"": 0.0, ""is_boundary_edge_l1"": 0.0, ""is_bridge_edge_l1"": 0.0, ""is_inter_community_edge_l1"": 0.0, ""is_low_common_neighbor_edge_l1"": 0.0, ""mean_l1"": 0.0}",1,32,32,56.0,0
realworld_completed,bio_celegans,SASB-candidate,sasb,SASB-structured,20260513,1494,late,0.12141280353200883,0.11920529801324503,0.0022075055187637943,111,112,1,0.7377777777777778,0.7382716049382716,413,414,413--414,2,1,1,2,2,0,0.0,0,2,2,32,"[""96"", ""62"", ""440"", ""419"", ""429"", ""444"", ""446"", ""448"", ""413"", ""415"", ""425"", ""436"", ""53"", ""60"", ""51"", ""428"", ""412"", ""417"", ""418"", ""421"", ""423"", ""430"", ""449"", ""416"", ""50"", ""83"", ""73"", ""438"", ""81"", ""426"", ""82"", ""434""]",dd6978f6ca2eced2088010ac25edbcd47d2c69b4c5225e1087929af5cb38f779,"{""boundary"": 12, ""community_rep"": 1, ""degree_core"": 10, ""random_fill"": 9}","{""degree_0_1"": 5, ""degree_2"": 15, ""degree_3_4"": 8, ""degree_5_8"": 3, ""degree_9_plus"": 1}","{""0"": 6, ""1"": 7, ""2"": 1, ""3"": 1, ""4"": 7, ""5"": 7, ""6"": 2, ""7"": 1}",64,"{""backend"": ""evaluate_m19_theory_calibrated.candidate_features"", ""delta_mode"": ""none"", ""k_max"": 512, ""k_min"": 64, ""variant"": ""conservative""}",64,0.9696969696969697,0.1875,0.1875,0.46875,1.0,"{""dp_0_4"": 0.15625, ""dp_17_64"": 0.40625, ""dp_5_16"": 0.359375, ""dp_65_256"": 0.078125}","{""cn_0"": 1.0}",0.0,23.78125,sasb_candidate_builder,75145c050d5b0e55eff0aa3ba2616413b1c688c539e399645c6a6300efba2566,64,75145c050d5b0e55eff0aa3ba2616413b1c688c539e399645c6a6300efba2566,"{""sasb_builder"": 64}",0,0,0,0,{},0.0,"{""common_neighbor_bin_l1"": 0.0, ""degree_product_bin_l1"": 0.0, ""is_boundary_edge_l1"": 0.0, ""is_bridge_edge_l1"": 0.0, ""is_inter_community_edge_l1"": 0.0, ""is_low_common_neighbor_edge_l1"": 0.0, ""mean_l1"": 0.0}",1,32,32,55.0,0
realworld_completed,bio_celegans,SASB-candidate,sasb,SASB-structured,20260513,1495,late,0.11920529801324503,0.11920529801324503,0.0,112,112,0,0.7382716049382716,0.7387654320987654,418,421,418--421,2,2,2,2,4,1,1.0,0,2,2,32,"[""96"", ""62"", ""440"", ""419"", ""429"", ""444"", ""446"", ""448"", ""415"", ""425"", ""436"", ""439"", ""53"", ""60"", ""51"", ""428"", ""412"", ""417"", ""418"", ""421"", ""423"", ""430"", ""449"", ""413"", ""56"", ""52"", ""452"", ""73"", ""435"", ""81"", ""438"", ""8""]",4003d222df787d108907dc5d558a5c7ae04f3611a75fe3d01df5ce3dd3970ea1,"{""boundary"": 12, ""community_rep"": 2, ""degree_core"": 10, ""random_fill"": 8}","{""degree_0_1"": 6, ""degree_2"": 14, ""degree_3_4"": 8, ""degree_5_8"": 3, ""degree_9_plus"": 1}","{""0"": 5, ""1"": 8, ""2"": 1, ""3"": 1, ""4"": 6, ""5"": 8, ""6"": 1, ""7"": 2}",64,"{""backend"": ""evaluate_m19_theory_calibrated.candidate_features"", ""delta_mode"": ""none"", ""k_max"": 512, ""k_min"": 64, ""variant"": ""conservative""}",64,0.9846153846153847,0.1875,0.1875,0.453125,1.0,"{""dp_0_4"": 0.15625, ""dp_17_64"": 0.40625, ""dp_5_16"": 0.359375, ""dp_65_256"": 0.078125}","{""cn_0"": 0.984375, ""cn_1"": 0.015625}",0.015625,23.421875,sasb_candidate_builder,7bf49ad13a840256c9edeaa7a52108de35f60c2ed785fcdc2a34d0c60772f041,64,7bf49ad13a840256c9edeaa7a52108de35f60c2ed785fcdc2a34d0c60772f041,"{""sasb_builder"": 64}",0,0,0,0,{},0.0,"{""common_neighbor_bin_l1"": 0.0, ""degree_product_bin_l1"": 0.0, ""is_boundary_edge_l1"": 0.0, ""is_bridge_edge_l1"": 0.0, ""is_inter_community_edge_l1"": 0.0, ""is_low_common_neighbor_edge_l1"": 0.0, ""mean_l1"": 0.0}",1,32,32,3.375,0
realworld_completed,bio_celegans,SASB-candidate,sasb,SASB-structured,20260513,1496,late,0.11920529801324503,0.11920529801324503,0.0,112,112,0,0.7387654320987654,0.7392592592592593,434,435,434--435,2,2,2,2,4,1,1.0,0,2,2,32,"[""96"", ""62"", ""440"", ""419"", ""429"", ""444"", ""446"", ""448"", ""415"", ""425"", ""436"", ""439"", ""53"", ""60"", ""51"", ""428"", ""412"", ""417"", ""423"", ""430"", ""434"", ""435"", ""449"", ""413"", ""72"", ""81"", ""416"", ""450"", ""426"", ""422"", ""452"", ""438""]",e7a8709392ec430d00c3764f733c93b7e772cc5474c7c303224ab9bc764304f3,"{""boundary"": 12, ""community_rep"": 2, ""degree_core"": 10, ""random_fill"": 8}","{""degree_0_1"": 9, ""degree_2"": 11, ""degree_3_4"": 8, ""degree_5_8"": 3, ""degree_9_plus"": 1}","{""0"": 4, ""1"": 7, ""2"": 1, ""3"": 2, ""4"": 9, ""5"": 7, ""6"": 1, ""7"": 1}",64,"{""backend"": ""evaluate_m19_theory_calibrated.candidate_features"", ""delta_mode"": ""none"", ""k_max"": 512, ""k_min"": 64, ""variant"": ""conservative""}",64,1.0,0.1875,0.1875,0.484375,1.0,"{""dp_0_4"": 0.15625, ""dp_17_64"": 0.40625, ""dp_5_16"": 0.359375, ""dp_65_256"": 0.078125}","{""cn_0"": 0.984375, ""cn_1"": 0.015625}",0.015625,22.640625,sasb_candidate_builder,d2fb63a1131cca5dda1d6ac3f4a713c6adc5a35bae2e51edcb13ae172933887e,64,d2fb63a1131cca5dda1d6ac3f4a713c6adc5a35bae2e51edcb13ae172933887e,"{""sasb_builder"": 64}",0,0,0,0,{},0.0,"{""common_neighbor_bin_l1"": 0.0, ""degree_product_bin_l1"": 0.0, ""is_boundary_edge_l1"": 0.0, ""is_bridge_edge_l1"": 0.0, ""is_inter_community_edge_l1"": 0.0, ""is_low_common_neighbor_edge_l1"": 0.0, ""mean_l1"": 0.0}",1,32,32,3.375,0
realworld_completed,bio_celegans,SASB-candidate,sasb,SASB-structured,20260513,1497,late,0.11920529801324503,0.11920529801324503,0.0,112,112,0,0.7392592592592593,0.7397530864197531,412,51,412--51,2,4,2,4,8,0,0.0,0,1,1,32,"[""96"", ""62"", ""440"", ""419"", ""429"", ""444"", ""446"", ""448"", ""415"", ""425"", ""436"", ""439"", ""53"", ""60"", ""51"", ""428"", ""412"", ""417"", ""423"", ""430"", ""445"", ""449"", ""413"", ""435"", ""50"", ""52"", ""63"", ""82"", ""416"", ""421"", ""441"", ""80""]",0d1e441c4147449615c137a03d8cd4b530d2c2aa5dbd6b9030b1fb40a909afe3,"{""boundary"": 12, ""community_rep"": 1, ""degree_core"": 10, ""random_fill"": 9}","{""degree_0_1"": 8, ""degree_2"": 12, ""degree_3_4"": 8, ""degree_5_8"": 3, ""degree_9_plus"": 1}","{""0"": 5, ""1"": 9, ""2"": 1, ""3"": 1, ""4"": 6, ""5"": 7, ""6"": 2, ""7"": 1}",64,"{""backend"": ""evaluate_m19_theory_calibrated.candidate_features"", ""delta_mode"": ""none"", ""k_max"": 512, ""k_min"": 64, ""variant"": ""conservative""}",63,1.0,0.19047619047619047,0.19047619047619047,0.5238095238095238,1.0,"{""dp_0_4"": 0.14285714285714285, ""dp_17_64"": 0.4126984126984127, ""dp_5_16"": 0.36507936507936506, ""dp_65_256"": 0.07936507936507936}","{""cn_0"": 1.0}",0.0,22.142857142857142,sasb_candidate_builder,e312f5c3f2b120c44d3d64b02742385d968cebc689f0f27a93d02ab0d4e07707,63,e312f5c3f2b120c44d3d64b02742385d968cebc689f0f27a93d02ab0d4e07707,"{""sasb_builder"": 63}",0,0,0,0,{},0.0,"{""common_neighbor_bin_l1"": 0.0, ""degree_product_bin_l1"": 0.0, ""is_boundary_edge_l1"": 0.0, ""is_bridge_edge_l1"": 0.0, ""is_inter_community_edge_l1"": 0.0, ""is_low_common_neighbor_edge_l1"": 0.0, ""mean_l1"": 0.0}",1,32,32,0.0,0
realworld_completed,bio_celegans,SASB-candidate,sasb,SASB-structured,20260513,1498,late,0.11920529801324503,0.11699779249448124,0.0022075055187637943,112,113,1,0.7397530864197531,0.740246913580247,412,53,412--53,1,6,1,6,6,0,0.0,0,1,1,32,"[""96"", ""62"", ""440"", ""419"", ""429"", ""444"", ""446"", ""448"", ""415"", ""425"", ""436"", ""439"", ""53"", ""60"", ""428"", ""51"", ""417"", ""423"", ""430"", ""445"", ""449"", ""52"", ""413"", ""416"", ""433"", ""427"", ""8"", ""412"", ""437"", ""83"", ""59"", ""56""]",2a2902ecffcb1b86bda30318eebcb48577af5beb90d3275890a90c721493f4ea,"{""boundary"": 12, ""community_rep"": 1, ""degree_core"": 10, ""random_fill"": 9}","{""degree_0_1"": 9, ""degree_2"": 11, ""degree_3_4"": 8, ""degree_5_8"": 3, ""degree_9_plus"": 1}","{""0"": 7, ""1"": 9, ""2"": 1, ""3"": 1, ""4"": 4, ""5"": 6, ""6"": 1, ""7"": 3}",64,"{""backend"": ""evaluate_m19_theory_calibrated.candidate_features"", ""delta_mode"": ""none"", ""k_max"": 512, ""k_min"": 64, ""variant"": ""conservative""}",62,1.0,0.1935483870967742,0.1935483870967742,0.5483870967741935,1.0,"{""dp_0_4"": 0.14516129032258066, ""dp_17_64"": 0.41935483870967744, ""dp_5_16"": 0.3548387096774194, ""dp_65_256"": 0.08064516129032258}","{""cn_0"": 1.0}",0.0,22.161290322580644,sasb_candidate_builder,edcd920d160be6084340b61a62c235613f1d0fe1afcdb9ff579d45ed2695afa0,62,edcd920d160be6084340b61a62c235613f1d0fe1afcdb9ff579d45ed2695afa0,"{""sasb_builder"": 62}",0,0,0,0,{},0.0,"{""common_neighbor_bin_l1"": 0.0, ""degree_product_bin_l1"": 0.0, ""is_boundary_edge_l1"": 0.0, ""is_bridge_edge_l1"": 0.0, ""is_inter_community_edge_l1"": 0.0, ""is_low_common_neighbor_edge_l1"": 0.0, ""mean_l1"": 0.0}",1,32,32,0.0,0
realworld_completed,bio_celegans,SASB-candidate,sasb,SASB-structured,20260513,1499,late,0.11699779249448124,0.11479028697571744,0.0022075055187637943,113,114,1,0.740246913580247,0.7407407407407407,413,96,413--96,1,25,1,25,25,0,0.0,0,1,1,32,"[""96"", ""62"", ""440"", ""419"", ""429"", ""444"", ""446"", ""448"", ""415"", ""425"", ""436"", ""439"", ""60"", ""53"", ""428"", ""51"", ""417"", ""423"", ""430"", ""445"", ""449"", ""52"", ""413"", ""443"", ""72"", ""447"", ""80"", ""416"", ""427"", ""418"", ""9"", ""50""]",7e4dc63290bd445dc99a24e569bcaa767686de49c1087105651a57eb280bf529,"{""boundary"": 12, ""community_rep"": 1, ""degree_core"": 10, ""random_fill"": 9}","{""degree_0_1"": 10, ""degree_2"": 10, ""degree_3_4"": 8, ""degree_5_8"": 3, ""degree_9_plus"": 1}","{""0"": 6, ""1"": 8, ""2"": 1, ""3"": 2, ""4"": 6, ""5"": 6, ""6"": 2, ""7"": 1}",64,"{""backend"": ""evaluate_m19_theory_calibrated.candidate_features"", ""delta_mode"": ""none"", ""k_max"": 512, ""k_min"": 64, ""variant"": ""conservative""}",61,1.0,0.19672131147540983,0.19672131147540983,0.5409836065573771,1.0,"{""dp_0_4"": 0.14754098360655737, ""dp_17_64"": 0.39344262295081966, ""dp_5_16"": 0.3770491803278688, ""dp_65_256"": 0.08196721311475409}","{""cn_0"": 1.0}",0.0,22.229508196721312,sasb_candidate_builder,5ce44287b78b13e059b75b1c54bc86fdcfbecd359778d9b1b044a85c03eccc9b,61,5ce44287b78b13e059b75b1c54bc86fdcfbecd359778d9b1b044a85c03eccc9b,"{""sasb_builder"": 61}",0,0,0,0,{},0.0,"{""common_neighbor_bin_l1"": 0.0, ""degree_product_bin_l1"": 0.0, ""is_boundary_edge_l1"": 0.0, ""is_bridge_edge_l1"": 0.0, ""is_inter_community_edge_l1"": 0.0, ""is_low_common_neighbor_edge_l1"": 0.0, ""mean_l1"": 0.0}",1,32,32,0.0,0
realworld_completed,bio_celegans,SASB-candidate,sasb,SASB-structured,20260513,1500,late,0.11479028697571744,0.11258278145695365,0.0022075055187637943,114,115,1,0.7407407407407407,0.7412345679012345,415,72,415--72,2,1,1,2,2,0,0.0,0,1,1,32,"[""96"", ""62"", ""440"", ""419"", ""429"", ""444"", ""446"", ""448"", ""415"", ""425"", ""436"", ""439"", ""60"", ""53"", ""428"", ""51"", ""417"", ""423"", ""430"", ""445"", ""449"", ""52"", ""450"", ""416"", ""8"", ""422"", ""438"", ""427"", ""437"", ""9"", ""441"", ""447""]",d9b647a5557319916731a323acb4f75af07b0f49f9cdee8fa37b1a28f954956f,"{""boundary"": 12, ""degree_core"": 10, ""random_fill"": 10}","{""degree_0_1"": 10, ""degree_2"": 10, ""degree_3_4"": 8, ""degree_5_8"": 3, ""degree_9_plus"": 1}","{""0"": 7, ""1"": 8, ""3"": 1, ""4"": 6, ""5"": 8, ""6"": 1, ""7"": 1}",64,"{""backend"": ""evaluate_m19_theory_calibrated.candidate_features"", ""delta_mode"": ""none"", ""k_max"": 512, ""k_min"": 64, ""variant"": ""conservative""}",60,1.0,0.18333333333333332,0.18333333333333332,0.5333333333333333,1.0,"{""dp_0_4"": 0.15, ""dp_17_64"": 0.38333333333333336, ""dp_5_16"": 0.38333333333333336, ""dp_65_256"": 0.08333333333333333}","{""cn_0"": 1.0}",0.0,21.5,sasb_candidate_builder,279d5d0da047ffaa2916ea10ef2d5ce9557631da94b01632d02e14768ed1b491,60,279d5d0da047ffaa2916ea10ef2d5ce9557631da94b01632d02e14768ed1b491,"{""sasb_builder"": 60}",0,0,0,0,{},0.0,"{""common_neighbor_bin_l1"": 0.0, ""degree_product_bin_l1"": 0.0, ""is_boundary_edge_l1"": 0.0, ""is_bridge_edge_l1"": 0.0, ""is_inter_community_edge_l1"": 0.0, ""is_low_common_neighbor_edge_l1"": 0.0, ""mean_l1"": 0.0}",1,32,32,0.0,0
realworld_completed,bio_celegans,SASB-candidate,sasb,SASB-structured,20260513,1501,late,0.11258278145695365,0.11037527593818984,0.002207505518763808,115,116,1,0.7412345679012345,0.7417283950617284,415,96,415--96,1,24,1,24,24,0,0.0,0,1,1,32,"[""96"", ""62"", ""440"", ""419"", ""429"", ""444"", ""446"", ""448"", ""425"", ""436"", ""439"", ""449"", ""60"", ""53"", ""428"", ""51"", ""417"", ""423"", ""430"", ""445"", ""52"", ""73"", ""415"", ""63"", ""59"", ""422"", ""81"", ""416"", ""418"", ""82"", ""437"", ""426""]",49d8cc260e1313e34a33120d72708b923642d700a8428661e511f204164f5c30,"{""boundary"": 12, ""community_rep"": 1, ""degree_core"": 10, ""random_fill"": 9}","{""degree_0_1"": 9, ""degree_2"": 11, ""degree_3_4"": 8, ""degree_5_8"": 3, ""degree_9_plus"": 1}","{""0"": 5, ""1"": 8, ""3"": 1, ""4"": 7, ""5"": 8, ""6"": 1, ""7"": 2}",64,"{""backend"": ""evaluate_m19_theory_calibrated.candidate_features"", ""delta_mode"": ""none"", ""k_max"": 512, ""k_min"": 64, ""variant"": ""conservative""}",59,1.0,0.1864406779661017,0.1864406779661017,0.5254237288135594,1.0,"{""dp_0_4"": 0.13559322033898305, ""dp_17_64"": 0.3898305084745763, ""dp_5_16"": 0.3898305084745763, ""dp_65_256"": 0.0847457627118644}","{""cn_0"": 1.0}",0.0,21.423728813559322,sasb_candidate_builder,8e8a2ac4caa8e4f15ef1587bdb8d97e610a1046258cf37f7796839d9a0e659aa,59,8e8a2ac4caa8e4f15ef1587bdb8d97e610a1046258cf37f7796839d9a0e659aa,"{""sasb_builder"": 59}",0,0,0,0,{},0.0,"{""common_neighbor_bin_l1"": 0.0, ""degree_product_bin_l1"": 0.0, ""is_boundary_edge_l1"": 0.0, ""is_bridge_edge_l1"": 0.0, ""is_inter_community_edge_l1"": 0.0, ""is_low_common_neighbor_edge_l1"": 0.0, ""mean_l1"": 0.0}",1,32,32,0.0,0
realworld_completed,bio_celegans,SASB-candidate,sasb,SASB-structured,20260513,1502,late,0.11037527593818984,0.10816777041942605,0.0022075055187637943,116,117,1,0.7417283950617284,0.7422222222222222,416,96,416--96,1,23,1,23,23,0,0.0,0,1,1,32,"[""96"", ""62"", ""440"", ""419"", ""429"", ""444"", ""446"", ""448"", ""425"", ""436"", ""439"", ""449"", ""60"", ""53"", ""428"", ""51"", ""417"", ""423"", ""430"", ""445"", ""52"", ""73"", ""452"", ""432"", ""421"", ""50"", ""441"", ""59"", ""435"", ""7"", ""418"", ""422""]",c12fbb3914816f037e72a2288d026d14b470c0a6eee66aedde758c521811d6b4,"{""boundary"": 12, ""degree_core"": 10, ""random_fill"": 10}","{""degree_0_1"": 10, ""degree_2"": 10, ""degree_3_4"": 8, ""degree_5_8"": 3, ""degree_9_plus"": 1}","{""0"": 5, ""1"": 8, ""4"": 8, ""5"": 7, ""6"": 2, ""7"": 2}",64,"{""backend"": ""evaluate_m19_theory_calibrated.candidate_features"", ""delta_mode"": ""none"", ""k_max"": 512, ""k_min"": 64, ""variant"": ""conservative""}",58,1.0,0.1724137931034483,0.1724137931034483,0.5172413793103449,1.0,"{""dp_0_4"": 0.13793103448275862, ""dp_17_64"": 0.3793103448275862, ""dp_5_16"": 0.39655172413793105, ""dp_65_256"": 0.08620689655172414}","{""cn_0"": 1.0}",0.0,20.70689655172414,sasb_candidate_builder,0118bbcb1b5addf35acea2b50889b61884c93e78ddf515648c17d9200348792f,58,0118bbcb1b5addf35acea2b50889b61884c93e78ddf515648c17d9200348792f,"{""sasb_builder"": 58}",0,0,0,0,{},0.0,"{""common_neighbor_bin_l1"": 0.0, ""degree_product_bin_l1"": 0.0, ""is_boundary_edge_l1"": 0.0, ""is_bridge_edge_l1"": 0.0, ""is_inter_community_edge_l1"": 0.0, ""is_low_common_neighbor_edge_l1"": 0.0, ""mean_l1"": 0.0}",1,32,32,0.0,0
realworld_completed,bio_celegans,SASB-candidate,sasb,SASB-structured,20260513,1503,late,0.10816777041942605,0.10816777041942605,0.0,117,117,0,0.7422222222222222,0.7427160493827161,417,51,417--51,2,3,2,3,6,0,0.0,0,3,3,32,"[""96"", ""62"", ""440"", ""419"", ""429"", ""444"", ""446"", ""448"", ""425"", ""436"", ""439"", ""449"", ""60"", ""53"", ""428"", ""51"", ""417"", ""423"", ""430"", ""445"", ""52"", ""73"", ""50"", ""7"", ""56"", ""437"", ""8"", ""422"", ""441"", ""434"", ""82"", ""81""]",4faae890fdd2894607efcc1d667da6275a7b56757060f095435f94bf8f9d279a,"{""boundary"": 12, ""degree_core"": 10, ""random_fill"": 10}","{""degree_0_1"": 9, ""degree_2"": 11, ""degree_3_4"": 8, ""degree_5_8"": 3, ""degree_9_plus"": 1}","{""0"": 7, ""1"": 8, ""4"": 4, ""5"": 9, ""6"": 2, ""7"": 2}",64,"{""backend"": ""evaluate_m19_theory_calibrated.candidate_features"", ""delta_mode"": ""none"", ""k_max"": 512, ""k_min"": 64, ""variant"": ""conservative""}",57,1.0,0.17543859649122806,0.17543859649122806,0.5087719298245614,1.0,"{""dp_0_4"": 0.14035087719298245, ""dp_17_64"": 0.3684210526315789, ""dp_5_16"": 0.40350877192982454, ""dp_65_256"": 0.08771929824561403}","{""cn_0"": 1.0}",0.0,20.0,sasb_candidate_builder,c8e2fa2bd6bff8219760a51fe2e7eae9fdb2589c80bda237b7ab4e4f1109a393,57,c8e2fa2bd6bff8219760a51fe2e7eae9fdb2589c80bda237b7ab4e4f1109a393,"{""sasb_builder"": 57}",0,0,0,0,{},0.0,"{""common_neighbor_bin_l1"": 0.0, ""degree_product_bin_l1"": 0.0, ""is_boundary_edge_l1"": 0.0, ""is_bridge_edge_l1"": 0.0, ""is_inter_community_edge_l1"": 0.0, ""is_low_common_neighbor_edge_l1"": 0.0, ""mean_l1"": 0.0}",1,32,32,0.0,0
realworld_completed,bio_celegans,SASB-candidate,sasb,SASB-structured,20260513,1504,late,0.10816777041942605,0.10596026490066225,0.0022075055187637943,117,118,1,0.7427160493827161,0.7432098765432099,417,53,417--53,1,5,1,5,5,0,0.0,0,1,1,32,"[""96"", ""62"", ""440"", ""60"", ""419"", ""428"", ""429"", ""444"", ""446"", ""448"", ""425"", ""436"", ""53"", ""423"", ""430"", ""439"", ""445"", ""449"", ""51"", ""52"", ""73"", ""82"", ""452"", ""447"", ""433"", ""450"", ""59"", ""421"", ""432"", ""7"", ""437"", ""435""]",7ee95e33f2124055cd0915cb0336045cf42257f08ac0a705b55c808d4eb29405,"{""boundary"": 12, ""degree_core"": 10, ""random_fill"": 10}","{""degree_0_1"": 10, ""degree_2"": 11, ""degree_3_4"": 7, ""degree_5_8"": 3, ""degree_9_plus"": 1}","{""0"": 3, ""1"": 7, ""2"": 10, ""3"": 3, ""4"": 3, ""5"": 2, ""6"": 4}",64,"{""backend"": ""evaluate_m19_theory_calibrated.candidate_features"", ""delta_mode"": ""none"", ""k_max"": 512, ""k_min"": 64, ""variant"": ""conservative""}",56,1.0,0.19642857142857142,0.19642857142857142,0.5357142857142857,1.0,"{""dp_0_4"": 0.16071428571428573, ""dp_17_64"": 0.375, ""dp_5_16"": 0.375, ""dp_65_256"": 0.08928571428571429}","{""cn_0"": 1.0}",0.0,20.071428571428573,sasb_candidate_builder,81ce69c0cb17137d2bb4750acf6ab01cbbd021846d0174a2de72729f0339180a,56,81ce69c0cb17137d2bb4750acf6ab01cbbd021846d0174a2de72729f0339180a,"{""sasb_builder"": 56}",0,0,0,0,{},0.0,"{""common_neighbor_bin_l1"": 0.0, ""degree_product_bin_l1"": 0.0, ""is_boundary_edge_l1"": 0.0, ""is_bridge_edge_l1"": 0.0, ""is_inter_community_edge_l1"": 0.0, ""is_low_common_neighbor_edge_l1"": 0.0, ""mean_l1"": 0.0}",1,32,32,0.0,0
realworld_completed,bio_celegans,SASB-candidate,sasb,SASB-structured,20260513,1505,late,0.10596026490066225,0.10375275938189846,0.0022075055187637943,118,119,1,0.7432098765432099,0.7437037037037038,418,96,418--96,1,22,1,22,22,0,0.0,0,1,1,32,"[""96"", ""62"", ""440"", ""60"", ""419"", ""428"", ""429"", ""444"", ""446"", ""448"", ""425"", ""436"", ""53"", ""423"", ""430"", ""439"", ""445"", ""449"", ""51"", ""52"", ""73"", ""82"", ""432"", ""81"", ""80"", ""426"", ""438"", ""443"", ""59"", ""435"", ""427"", ""56""]",a7d7a715ce9c3905ba9f7e5a9cf49af0205dbc996dd81c030e3448961be6266b,"{""boundary"": 12, ""degree_core"": 10, ""random_fill"": 10}","{""degree_0_1"": 10, ""degree_2"": 11, ""degree_3_4"": 8, ""degree_5_8"": 2, ""degree_9_plus"": 1}","{""0"": 3, ""1"": 7, ""2"": 7, ""3"": 3, ""4"": 3, ""5"": 3, ""6"": 6}",64,"{""backend"": ""evaluate_m19_theory_calibrated.candidate_features"", ""delta_mode"": ""none"", ""k_max"": 512, ""k_min"": 64, ""variant"": ""conservative""}",55,1.0,0.2,0.2,0.5272727272727272,1.0,"{""dp_0_4"": 0.16363636363636364, ""dp_17_64"": 0.38181818181818183, ""dp_5_16"": 0.36363636363636365, ""dp_65_256"": 0.09090909090909091}","{""cn_0"": 1.0}",0.0,20.163636363636364,sasb_candidate_builder,9479afa5444ca0acc610b6a85b13b4bb025d713f40abbf07488ed35f1791e12a,55,9479afa5444ca0acc610b6a85b13b4bb025d713f40abbf07488ed35f1791e12a,"{""sasb_builder"": 55}",0,0,0,0,{},0.0,"{""common_neighbor_bin_l1"": 0.0, ""degree_product_bin_l1"": 0.0, ""is_boundary_edge_l1"": 0.0, ""is_bridge_edge_l1"": 0.0, ""is_inter_community_edge_l1"": 0.0, ""is_low_common_neighbor_edge_l1"": 0.0, ""mean_l1"": 0.0}",1,32,32,0.0,0
realworld_completed,bio_celegans,SASB-candidate,sasb,SASB-structured,20260513,1506,late,0.10375275938189846,0.10375275938189846,0.0,119,119,0,0.7437037037037038,0.7441975308641975,419,51,419--51,3,2,2,3,6,0,0.0,0,3,3,32,"[""96"", ""62"", ""440"", ""60"", ""419"", ""428"", ""429"", ""444"", ""446"", ""448"", ""425"", ""436"", ""53"", ""423"", ""430"", ""439"", ""445"", ""449"", ""51"", ""52"", ""73"", ""82"", ""452"", ""8"", ""427"", ""450"", ""9"", ""80"", ""443"", ""437"", ""435"", ""63""]",c5887089295f5f4da9ec3110941132e40d8b0629ede05711cf95938a78a12079,"{""boundary"": 12, ""degree_core"": 10, ""random_fill"": 10}","{""degree_0_1"": 10, ""degree_2"": 11, ""degree_3_4"": 8, ""degree_5_8"": 2, ""degree_9_plus"": 1}","{""0"": 5, ""1"": 7, ""2"": 8, ""3"": 4, ""4"": 3, ""5"": 1, ""6"": 4}",64,"{""backend"": ""evaluate_m19_theory_calibrated.candidate_features"", ""delta_mode"": ""none"", ""k_max"": 512, ""k_min"": 64, ""variant"": ""conservative""}",54,1.0,0.2037037037037037,0.2037037037037037,0.5185185185185185,1.0,"{""dp_0_4"": 0.16666666666666666, ""dp_17_64"": 0.4444444444444444, ""dp_5_16"": 0.37037037037037035, ""dp_65_256"": 0.018518518518518517}","{""cn_0"": 1.0}",0.0,19.444444444444443,sasb_candidate_builder,0866e94bbe2349781f7459391903b48bdcb3ef117be4e77a156485358f654ce9,54,0866e94bbe2349781f7459391903b48bdcb3ef117be4e77a156485358f654ce9,"{""sasb_builder"": 54}",0,0,0,0,{},0.0,"{""common_neighbor_bin_l1"": 0.0, ""degree_product_bin_l1"": 0.0, ""is_boundary_edge_l1"": 0.0, ""is_bridge_edge_l1"": 0.0, ""is_inter_community_edge_l1"": 0.0, ""is_low_common_neighbor_edge_l1"": 0.0, ""mean_l1"": 0.0}",1,32,32,0.0,0
realworld_completed,bio_celegans,SASB-candidate,sasb,SASB-structured,20260513,1507,late,0.10375275938189846,0.10375275938189846,0.0,119,119,0,0.7441975308641975,0.7446913580246913,419,53,419--53,2,4,2,4,8,0,0.0,0,1,1,32,"[""96"", ""62"", ""440"", ""60"", ""428"", ""429"", ""444"", ""446"", ""448"", ""419"", ""425"", ""436"", ""53"", ""423"", ""430"", ""439"", ""445"", ""449"", ""52"", ""73"", ""82"", ""83"", ""422"", ""443"", ""437"", ""80"", ""452"", ""441"", ""81"", ""50"", ""434"", ""426""]",c73b63780c6e967d3b100ed976608e7f1618f7f03c1fe55ea2b65d80eb68bda9,"{""boundary"": 12, ""degree_core"": 10, ""random_fill"": 10}","{""degree_0_1"": 10, ""degree_2"": 12, ""degree_3_4"": 7, ""degree_5_8"": 2, ""degree_9_plus"": 1}","{""0"": 2, ""1"": 6, ""2"": 9, ""3"": 4, ""4"": 4, ""5"": 1, ""6"": 6}",64,"{""backend"": ""evaluate_m19_theory_calibrated.candidate_features"", ""delta_mode"": ""none"", ""k_max"": 512, ""k_min"": 64, ""variant"": ""conservative""}",53,1.0,0.20754716981132076,0.20754716981132076,0.5660377358490566,1.0,"{""dp_0_4"": 0.16981132075471697, ""dp_17_64"": 0.4528301886792453, ""dp_5_16"": 0.3584905660377358, ""dp_65_256"": 0.018867924528301886}","{""cn_0"": 1.0}",0.0,19.18867924528302,sasb_candidate_builder,f2ce59a662a3ede8e933452adc317818cedfb62c002e8beae7928c66adbeb6f9,53,f2ce59a662a3ede8e933452adc317818cedfb62c002e8beae7928c66adbeb6f9,"{""sasb_builder"": 53}",0,0,0,0,{},0.0,"{""common_neighbor_bin_l1"": 0.0, ""degree_product_bin_l1"": 0.0, ""is_boundary_edge_l1"": 0.0, ""is_bridge_edge_l1"": 0.0, ""is_inter_community_edge_l1"": 0.0, ""is_low_common_neighbor_edge_l1"": 0.0, ""mean_l1"": 0.0}",1,32,32,0.0,0
realworld_completed,bio_celegans,SASB-candidate,sasb,SASB-structured,20260513,1508,late,0.10375275938189846,0.10154525386313466,0.0022075055187637943,119,120,1,0.7446913580246913,0.7451851851851852,419,96,419--96,1,21,1,21,21,0,0.0,0,1,1,32,"[""96"", ""62"", ""440"", ""60"", ""428"", ""429"", ""444"", ""446"", ""448"", ""425"", ""436"", ""439"", ""53"", ""423"", ""430"", ""445"", ""449"", ""52"", ""73"", ""82"", ""83"", ""419"", ""432"", ""421"", ""9"", ""438"", ""447"", ""50"", ""434"", ""8"", ""422"", ""51""]",c493a1ba23b7aa143bfe5d9995671505362d413901a196fedae4b27721bcdeab,"{""boundary"": 12, ""degree_core"": 10, ""random_fill"": 10}","{""degree_0_1"": 11, ""degree_2"": 11, ""degree_3_4"": 7, ""degree_5_8"": 2, ""degree_9_plus"": 1}","{""0"": 4, ""1"": 7, ""2"": 9, ""3"": 2, ""4"": 4, ""5"": 1, ""6"": 5}",64,"{""backend"": ""evaluate_m19_theory_calibrated.candidate_features"", ""delta_mode"": ""none"", ""k_max"": 512, ""k_min"": 64, ""variant"": ""conservative""}",52,1.0,0.21153846153846154,0.21153846153846154,0.6153846153846154,1.0,"{""dp_0_4"": 0.17307692307692307, ""dp_17_64"": 0.46153846153846156, ""dp_5_16"": 0.34615384615384615, ""dp_65_256"": 0.019230769230769232}","{""cn_0"": 1.0}",0.0,18.865384615384617,sasb_candidate_builder,614cd7c276dd286dc351f0ee77a0eabcad706c0d073ef9a542b28d81c73fa6a4,52,614cd7c276dd286dc351f0ee77a0eabcad706c0d073ef9a542b28d81c73fa6a4,"{""sasb_builder"": 52}",0,0,0,0,{},0.0,"{""common_neighbor_bin_l1"": 0.0, ""degree_product_bin_l1"": 0.0, ""is_boundary_edge_l1"": 0.0, ""is_bridge_edge_l1"": 0.0, ""is_inter_community_edge_l1"": 0.0, ""is_low_common_neighbor_edge_l1"": 0.0, ""mean_l1"": 0.0}",1,32,32,0.0,0
realworld_completed,bio_celegans,SASB-candidate,sasb,SASB-structured,20260513,1509,late,0.10154525386313466,0.09933774834437085,0.002207505518763808,120,121,1,0.7451851851851852,0.745679012345679,421,96,421--96,1,20,1,20,20,0,0.0,0,1,1,32,"[""96"", ""62"", ""440"", ""60"", ""428"", ""429"", ""444"", ""446"", ""448"", ""425"", ""436"", ""439"", ""53"", ""423"", ""430"", ""445"", ""449"", ""52"", ""73"", ""82"", ""83"", ""421"", ""432"", ""441"", ""8"", ""9"", ""443"", ""433"", ""51"", ""81"", ""50"", ""434""]",ba1e66a06da8df2fcafbc6d0dbc7eadec761a572dc267a08f49d768a3d27f194,"{""boundary"": 12, ""degree_core"": 10, ""random_fill"": 10}","{""degree_0_1"": 11, ""degree_2"": 11, ""degree_3_4"": 7, ""degree_5_8"": 2, ""degree_9_plus"": 1}","{""0"": 4, ""1"": 6, ""2"": 9, ""3"": 2, ""4"": 4, ""5"": 1, ""6"": 6}",64,"{""backend"": ""evaluate_m19_theory_calibrated.candidate_features"", ""delta_mode"": ""none"", ""k_max"": 512, ""k_min"": 64, ""variant"": ""conservative""}",51,1.0,0.19607843137254902,0.19607843137254902,0.6078431372549019,1.0,"{""dp_0_4"": 0.17647058823529413, ""dp_17_64"": 0.45098039215686275, ""dp_5_16"": 0.35294117647058826, ""dp_65_256"": 0.0196078431372549}","{""cn_0"": 1.0}",0.0,18.15686274509804,sasb_candidate_builder,e38d92003a5bfcd06722e42e3279607aae3fa18c314366f1578545277c685759,51,e38d92003a5bfcd06722e42e3279607aae3fa18c314366f1578545277c685759,"{""sasb_builder"": 51}",0,0,0,0,{},0.0,"{""common_neighbor_bin_l1"": 0.0, ""degree_product_bin_l1"": 0.0, ""is_boundary_edge_l1"": 0.0, ""is_bridge_edge_l1"": 0.0, ""is_inter_community_edge_l1"": 0.0, ""is_low_common_neighbor_edge_l1"": 0.0, ""mean_l1"": 0.0}",1,32,32,0.0,0
realworld_completed,bio_celegans,SASB-candidate,sasb,SASB-structured,20260513,1510,late,0.09933774834437085,0.09713024282560706,0.0022075055187637943,121,122,1,0.745679012345679,0.7461728395061729,422,96,422--96,1,19,1,19,19,0,0.0,0,1,1,32,"[""96"", ""62"", ""440"", ""60"", ""428"", ""429"", ""444"", ""446"", ""448"", ""425"", ""436"", ""439"", ""53"", ""423"", ""430"", ""445"", ""449"", ""52"", ""73"", ""82"", ""83"", ""422"", ""59"", ""435"", ""437"", ""63"", ""50"", ""433"", ""426"", ""51"", ""438"", ""432""]",2a62517cb8033f1a23350d8d3583acddf200f2319382ff3d663c89f099243b95,"{""boundary"": 12, ""degree_core"": 10, ""random_fill"": 10}","{""degree_0_1"": 11, ""degree_2"": 11, ""degree_3_4"": 7, ""degree_5_8"": 2, ""degree_9_plus"": 1}","{""0"": 2, ""1"": 6, ""2"": 10, ""3"": 3, ""4"": 4, ""5"": 2, ""6"": 5}",64,"{""backend"": ""evaluate_m19_theory_calibrated.candidate_features"", ""delta_mode"": ""none"", ""k_max"": 512, ""k_min"": 64, ""variant"": ""conservative""}",50,1.0,0.2,0.2,0.6,1.0,"{""dp_0_4"": 0.18, ""dp_17_64"": 0.44, ""dp_5_16"": 0.36, ""dp_65_256"": 0.02}","{""cn_0"": 1.0}",0.0,17.46,sasb_candidate_builder,acce694901aa1898bf003384e62402ae9b659c1989b6dd79ddb19c7f3b23d95c,50,acce694901aa1898bf003384e62402ae9b659c1989b6dd79ddb19c7f3b23d95c,"{""sasb_builder"": 50}",0,0,0,0,{},0.0,"{""common_neighbor_bin_l1"": 0.0, ""degree_product_bin_l1"": 0.0, ""is_boundary_edge_l1"": 0.0, ""is_bridge_edge_l1"": 0.0, ""is_inter_community_edge_l1"": 0.0, ""is_low_common_neighbor_edge_l1"": 0.0, ""mean_l1"": 0.0}",1,32,32,0.0,0
realworld_completed,bio_celegans,SASB-candidate,sasb,SASB-structured,20260513,1511,late,0.09713024282560706,0.09713024282560706,0.0,122,122,0,0.7461728395061729,0.7466666666666667,423,52,423--52,2,2,2,2,4,0,0.0,0,1,1,32,"[""96"", ""62"", ""440"", ""60"", ""428"", ""429"", ""444"", ""446"", ""448"", ""425"", ""436"", ""439"", ""53"", ""423"", ""430"", ""445"", ""449"", ""52"", ""73"", ""82"", ""83"", ""426"", ""63"", ""9"", ""59"", ""8"", ""447"", ""443"", ""438"", ""441"", ""452"", ""50""]",ed20cd73717a9d30627312d91fd1d247e10977af0c294fcd81e17913a4a29ec8,"{""boundary"": 12, ""degree_core"": 10, ""random_fill"": 10}","{""degree_0_1"": 11, ""degree_2"": 11, ""degree_3_4"": 7, ""degree_5_8"": 2, ""degree_9_plus"": 1}","{""0"": 4, ""1"": 5, ""2"": 9, ""3"": 2, ""4"": 4, ""5"": 2, ""6"": 6}",64,"{""backend"": ""evaluate_m19_theory_calibrated.candidate_features"", ""delta_mode"": ""none"", ""k_max"": 512, ""k_min"": 64, ""variant"": ""conservative""}",49,1.0,0.20408163265306123,0.20408163265306123,0.5918367346938775,1.0,"{""dp_0_4"": 0.1836734693877551, ""dp_17_64"": 0.42857142857142855, ""dp_5_16"": 0.3673469387755102, ""dp_65_256"": 0.02040816326530612}","{""cn_0"": 1.0}",0.0,16.775510204081634,sasb_candidate_builder,2dff70c58d07680352a20cb80421a94fe76c98efb7bb1297ce50d4371cabba18,49,2dff70c58d07680352a20cb80421a94fe76c98efb7bb1297ce50d4371cabba18,"{""sasb_builder"": 49}",0,0,0,0,{},0.0,"{""common_neighbor_bin_l1"": 0.0, ""degree_product_bin_l1"": 0.0, ""is_boundary_edge_l1"": 0.0, ""is_bridge_edge_l1"": 0.0, ""is_inter_community_edge_l1"": 0.0, ""is_low_common_neighbor_edge_l1"": 0.0, ""mean_l1"": 0.0}",1,32,32,0.0,0
realworld_completed,bio_celegans,SASB-candidate,sasb,SASB-structured,20260513,1512,late,0.09713024282560706,0.09492273730684327,0.0022075055187637943,122,123,1,0.7466666666666667,0.7471604938271605,423,53,423--53,1,3,1,3,3,0,0.0,0,1,1,32,"[""96"", ""62"", ""440"", ""60"", ""428"", ""429"", ""444"", ""446"", ""448"", ""425"", ""436"", ""439"", ""53"", ""430"", ""445"", ""449"", ""73"", ""82"", ""83"", ""423"", ""426"", ""427"", ""443"", ""80"", ""8"", ""441"", ""50"", ""450"", ""438"", ""435"", ""7"", ""52""]",09aaf9e50c5be6218619a64b68c7d54174d6dfd37791a1985b30875071af9465,"{""boundary"": 12, ""degree_core"": 10, ""random_fill"": 10}","{""degree_0_1"": 13, ""degree_2"": 9, ""degree_3_4"": 7, ""degree_5_8"": 2, ""degree_9_plus"": 1}","{""0"": 5, ""1"": 5, ""2"": 8, ""3"": 3, ""4"": 4, ""5"": 1, ""6"": 6}",64,"{""backend"": ""evaluate_m19_theory_calibrated.candidate_features"", ""delta_mode"": ""none"", ""k_max"": 512, ""k_min"": 64, ""variant"": ""conservative""}",48,1.0,0.20833333333333334,0.20833333333333334,0.6666666666666666,1.0,"{""dp_0_4"": 0.20833333333333334, ""dp_17_64"": 0.4375, ""dp_5_16"": 0.3333333333333333, ""dp_65_256"": 0.020833333333333332}","{""cn_0"": 1.0}",0.0,16.916666666666668,sasb_candidate_builder,049e03ea1abf816a8c6e748edce1cb1ad26fa822d9df33793274eac94cd9550b,48,049e03ea1abf816a8c6e748edce1cb1ad26fa822d9df33793274eac94cd9550b,"{""sasb_builder"": 48}",0,0,0,0,{},0.0,"{""common_neighbor_bin_l1"": 0.0, ""degree_product_bin_l1"": 0.0, ""is_boundary_edge_l1"": 0.0, ""is_bridge_edge_l1"": 0.0, ""is_inter_community_edge_l1"": 0.0, ""is_low_common_neighbor_edge_l1"": 0.0, ""mean_l1"": 0.0}",1,32,32,0.0,0
realworld_completed,bio_celegans,SASB-candidate,sasb,SASB-structured,20260513,1513,late,0.09492273730684327,0.09492273730684327,0.0,123,123,0,0.7471604938271605,0.7476543209876543,425,62,425--62,2,7,2,7,14,0,0.0,0,0,0,32,"[""96"", ""62"", ""440"", ""60"", ""428"", ""429"", ""444"", ""446"", ""448"", ""425"", ""436"", ""439"", ""430"", ""445"", ""449"", ""53"", ""73"", ""82"", ""83"", ""426"", ""427"", ""432"", ""437"", ""441"", ""438"", ""452"", ""7"", ""80"", ""51"", ""56"", ""443"", ""450""]",f4f2375d2f1df8b7741246b8ecf322455128487d09c624e4dc7e8aa823f7d6b7,"{""boundary"": 12, ""degree_core"": 10, ""random_fill"": 10}","{""degree_0_1"": 13, ""degree_2"": 10, ""degree_3_4"": 6, ""degree_5_8"": 2, ""degree_9_plus"": 1}","{""0"": 4, ""1"": 4, ""2"": 8, ""3"": 4, ""4"": 4, ""5"": 2, ""6"": 6}",64,"{""backend"": ""evaluate_m19_theory_calibrated.candidate_features"", ""delta_mode"": ""none"", ""k_max"": 512, ""k_min"": 64, ""variant"": ""conservative""}",47,1.0,0.2127659574468085,0.2127659574468085,0.6595744680851063,1.0,"{""dp_0_4"": 0.2127659574468085, ""dp_17_64"": 0.44680851063829785, ""dp_5_16"": 0.3191489361702128, ""dp_65_256"": 0.02127659574468085}","{""cn_0"": 1.0}",0.0,17.106382978723403,sasb_candidate_builder,2bfc7f5416b651469ec2f6c4c0dbe8b679fc9c43bdeeb60359662ec7076df326,47,2bfc7f5416b651469ec2f6c4c0dbe8b679fc9c43bdeeb60359662ec7076df326,"{""sasb_builder"": 47}",0,0,0,0,{},0.0,"{""common_neighbor_bin_l1"": 0.0, ""degree_product_bin_l1"": 0.0, ""is_boundary_edge_l1"": 0.0, ""is_bridge_edge_l1"": 0.0, ""is_inter_community_edge_l1"": 0.0, ""is_low_common_neighbor_edge_l1"": 0.0, ""mean_l1"": 0.0}",1,32,32,0.0,0
realworld_completed,bio_celegans,SASB-candidate,sasb,SASB-structured,20260513,1514,late,0.09492273730684327,0.09271523178807947,0.0022075055187637943,123,124,1,0.7476543209876543,0.7481481481481481,425,96,425--96,1,18,1,18,18,0,0.0,0,1,1,32,"[""96"", ""60"", ""440"", ""62"", ""428"", ""429"", ""444"", ""446"", ""448"", ""430"", ""436"", ""439"", ""445"", ""449"", ""53"", ""73"", ""82"", ""83"", ""425"", ""426"", ""427"", ""432"", ""433"", ""437"", ""9"", ""50"", ""56"", ""52"", ""443"", ""441"", ""63"", ""8""]",547f80d43815e0b36c4fba1481ab19c8c3f643f5272bdb328b49e8aadf2d8c61,"{""boundary"": 12, ""degree_core"": 10, ""random_fill"": 10}","{""degree_0_1"": 14, ""degree_2"": 9, ""degree_3_4"": 6, ""degree_5_8"": 2, ""degree_9_plus"": 1}","{""0"": 5, ""1"": 8, ""2"": 4, ""3"": 4, ""4"": 2, ""5"": 2, ""6"": 4, ""7"": 3}",64,"{""backend"": ""evaluate_m19_theory_calibrated.candidate_features"", ""delta_mode"": ""none"", ""k_max"": 512, ""k_min"": 64, ""variant"": ""conservative""}",46,1.0,0.21739130434782608,0.21739130434782608,0.6956521739130435,1.0,"{""dp_0_4"": 0.21739130434782608, ""dp_17_64"": 0.45652173913043476, ""dp_5_16"": 0.30434782608695654, ""dp_65_256"": 0.021739130434782608}","{""cn_0"": 1.0}",0.0,16.565217391304348,sasb_candidate_builder,baa90c34d78e2ae1770e9b103dc3f831c453f1414c967d8b8d2d9d9949438e75,46,baa90c34d78e2ae1770e9b103dc3f831c453f1414c967d8b8d2d9d9949438e75,"{""sasb_builder"": 46}",0,0,0,0,{},0.0,"{""common_neighbor_bin_l1"": 0.0, ""degree_product_bin_l1"": 0.0, ""is_boundary_edge_l1"": 0.0, ""is_bridge_edge_l1"": 0.0, ""is_inter_community_edge_l1"": 0.0, ""is_low_common_neighbor_edge_l1"": 0.0, ""mean_l1"": 0.0}",1,32,32,0.0,0
realworld_completed,bio_celegans,SASB-candidate,sasb,SASB-structured,20260513,1515,late,0.09271523178807947,0.09050772626931568,0.0022075055187637943,124,125,1,0.7481481481481481,0.748641975308642,426,96,426--96,1,17,1,17,17,0,0.0,0,5,5,32,"[""96"", ""60"", ""440"", ""62"", ""428"", ""429"", ""444"", ""446"", ""448"", ""430"", ""436"", ""439"", ""445"", ""449"", ""53"", ""73"", ""82"", ""83"", ""426"", ""427"", ""432"", ""433"", ""7"", ""9"", ""52"", ""56"", ""51"", ""447"", ""437"", ""50"", ""450"", ""452""]",41fa19c5f9b56282044da04f1824af96667b2ba6d09fc7773b3dc30bb8503892,"{""boundary"": 12, ""degree_core"": 10, ""random_fill"": 10}","{""degree_0_1"": 14, ""degree_2"": 9, ""degree_3_4"": 6, ""degree_5_8"": 2, ""degree_9_plus"": 1}","{""0"": 5, ""1"": 9, ""2"": 4, ""3"": 3, ""4"": 1, ""5"": 2, ""6"": 5, ""7"": 3}",64,"{""backend"": ""evaluate_m19_theory_calibrated.candidate_features"", ""delta_mode"": ""none"", ""k_max"": 512, ""k_min"": 64, ""variant"": ""conservative""}",45,1.0,0.2222222222222222,0.2222222222222222,0.6888888888888889,1.0,"{""dp_0_4"": 0.2222222222222222, ""dp_17_64"": 0.4444444444444444, ""dp_5_16"": 0.3111111111111111, ""dp_65_256"": 0.022222222222222223}","{""cn_0"": 1.0}",0.0,15.866666666666667,sasb_candidate_builder,6b8d0256376c59b8831e8d61a89157086cc78ba459fbcffa05369c531332442e,45,6b8d0256376c59b8831e8d61a89157086cc78ba459fbcffa05369c531332442e,"{""sasb_builder"": 45}",0,0,0,0,{},0.0,"{""common_neighbor_bin_l1"": 0.0, ""degree_product_bin_l1"": 0.0, ""is_boundary_edge_l1"": 0.0, ""is_bridge_edge_l1"": 0.0, ""is_inter_community_edge_l1"": 0.0, ""is_low_common_neighbor_edge_l1"": 0.0, ""mean_l1"": 0.0}",1,32,32,0.0,0
realworld_completed,bio_celegans,SASB-candidate,sasb,SASB-structured,20260513,1516,late,0.09050772626931568,0.08830022075055188,0.0022075055187637943,125,126,1,0.748641975308642,0.7491358024691358,427,62,427--62,1,6,1,6,6,0,0.0,0,2,2,32,"[""96"", ""60"", ""440"", ""62"", ""428"", ""429"", ""444"", ""446"", ""448"", ""430"", ""436"", ""439"", ""445"", ""449"", ""53"", ""73"", ""82"", ""83"", ""427"", ""432"", ""433"", ""434"", ""443"", ""56"", ""438"", ""80"", ""7"", ""452"", ""59"", ""51"", ""437"", ""9""]",3b5461b214aa06ab27da6120e4fffbcef20fa66769abb732aaeff78b013ee2b5,"{""boundary"": 12, ""degree_core"": 10, ""random_fill"": 10}","{""degree_0_1"": 14, ""degree_2"": 9, ""degree_3_4"": 6, ""degree_5_8"": 2, ""degree_9_plus"": 1}","{""0"": 5, ""1"": 7, ""2"": 4, ""3"": 4, ""4"": 1, ""5"": 3, ""6"": 4, ""7"": 4}",64,"{""backend"": ""evaluate_m19_theory_calibrated.candidate_features"", ""delta_mode"": ""none"", ""k_max"": 512, ""k_min"": 64, ""variant"": ""conservative""}",44,1.0,0.22727272727272727,0.22727272727272727,0.6818181818181818,1.0,"{""dp_0_4"": 0.22727272727272727, ""dp_17_64"": 0.2727272727272727, ""dp_5_16"": 0.5}","{""cn_0"": 1.0}",0.0,15.181818181818182,sasb_candidate_builder,fbe312a08bd4fc3b16d94a0617bb0b379f80e6248ae62e0a48b3349540f15677,44,fbe312a08bd4fc3b16d94a0617bb0b379f80e6248ae62e0a48b3349540f15677,"{""sasb_builder"": 44}",0,0,0,0,{},0.0,"{""common_neighbor_bin_l1"": 0.0, ""degree_product_bin_l1"": 0.0, ""is_boundary_edge_l1"": 0.0, ""is_bridge_edge_l1"": 0.0, ""is_inter_community_edge_l1"": 0.0, ""is_low_common_neighbor_edge_l1"": 0.0, ""mean_l1"": 0.0}",1,32,32,0.0,0
realworld_completed,bio_celegans,SASB-candidate,sasb,SASB-structured,20260513,1517,late,0.08830022075055188,0.08830022075055188,0.0,126,126,0,0.7491358024691358,0.7496296296296296,428,62,428--62,3,5,3,5,15,0,0.0,1,2,4,32,"[""96"", ""60"", ""440"", ""62"", ""428"", ""429"", ""444"", ""446"", ""448"", ""430"", ""436"", ""439"", ""445"", ""449"", ""53"", ""73"", ""82"", ""83"", ""432"", ""433"", ""434"", ""435"", ""441"", ""63"", ""450"", ""50"", ""56"", ""437"", ""51"", ""452"", ""8"", ""80""]",114761d468677005923a89f1218bb85cc96bed8b5f245b4d5809027f876be01e,"{""boundary"": 12, ""degree_core"": 10, ""random_fill"": 10}","{""degree_0_1"": 14, ""degree_2"": 9, ""degree_3_4"": 6, ""degree_5_8"": 2, ""degree_9_plus"": 1}","{""0"": 3, ""1"": 9, ""2"": 4, ""3"": 4, ""4"": 2, ""5"": 2, ""6"": 4, ""7"": 4}",64,"{""backend"": ""evaluate_m19_theory_calibrated.candidate_features"", ""delta_mode"": ""none"", ""k_max"": 512, ""k_min"": 64, ""variant"": ""conservative""}",43,1.0,0.23255813953488372,0.23255813953488372,0.6744186046511628,1.0,"{""dp_0_4"": 0.23255813953488372, ""dp_17_64"": 0.23255813953488372, ""dp_5_16"": 0.5348837209302325}","{""cn_0"": 1.0}",0.0,15.186046511627907,sasb_candidate_builder,a12d8cac9a597cc12683f4eeaba2ef72a1fd6f94551b6abe28a57315141b39e3,43,a12d8cac9a597cc12683f4eeaba2ef72a1fd6f94551b6abe28a57315141b39e3,"{""sasb_builder"": 43}",0,0,0,0,{},0.0,"{""common_neighbor_bin_l1"": 0.0, ""degree_product_bin_l1"": 0.0, ""is_boundary_edge_l1"": 0.0, ""is_bridge_edge_l1"": 0.0, ""is_inter_community_edge_l1"": 0.0, ""is_low_common_neighbor_edge_l1"": 0.0, ""mean_l1"": 0.0}",1,32,32,0.0,0
realworld_completed,bio_celegans,SASB-candidate,sasb,SASB-structured,20260513,1518,late,0.08830022075055188,0.08830022075055188,0.0,126,126,0,0.7496296296296296,0.7501234567901235,428,82,428--82,2,2,2,2,4,0,0.0,0,3,3,32,"[""96"", ""60"", ""440"", ""429"", ""444"", ""446"", ""448"", ""430"", ""436"", ""439"", ""62"", ""428"", ""445"", ""449"", ""53"", ""73"", ""82"", ""83"", ""432"", ""433"", ""434"", ""435"", ""437"", ""52"", ""59"", ""9"", ""438"", ""81"", ""8"", ""80"", ""452"", ""447""]",b703f1855758273e035408a66f5d56b2aa3b5ffc08600bceb8589296b157239e,"{""boundary"": 12, ""degree_core"": 10, ""random_fill"": 10}","{""degree_0_1"": 14, ""degree_2"": 10, ""degree_3_4"": 6, ""degree_5_8"": 1, ""degree_9_plus"": 1}","{""0"": 5, ""1"": 8, ""2"": 4, ""3"": 4, ""4"": 1, ""5"": 2, ""6"": 4, ""7"": 4}",64,"{""backend"": ""evaluate_m19_theory_calibrated.candidate_features"", ""delta_mode"": ""none"", ""k_max"": 512, ""k_min"": 64, ""variant"": ""conservative""}",42,1.0,0.21428571428571427,0.21428571428571427,0.7619047619047619,1.0,"{""dp_0_4"": 0.35714285714285715, ""dp_17_64"": 0.23809523809523808, ""dp_5_16"": 0.40476190476190477}","{""cn_0"": 1.0}",0.0,14.952380952380953,sasb_candidate_builder,0201525d0d2cd214a256a684d81fbc26059a1c0085f657896cb5fffe6d1961b6,42,0201525d0d2cd214a256a684d81fbc26059a1c0085f657896cb5fffe6d1961b6,"{""sasb_builder"": 42}",0,0,0,0,{},0.0,"{""common_neighbor_bin_l1"": 0.0, ""degree_product_bin_l1"": 0.0, ""is_boundary_edge_l1"": 0.0, ""is_bridge_edge_l1"": 0.0, ""is_inter_community_edge_l1"": 0.0, ""is_low_common_neighbor_edge_l1"": 0.0, ""mean_l1"": 0.0}",1,32,32,0.0,0
realworld_completed,bio_celegans,SASB-candidate,sasb,SASB-structured,20260513,1519,late,0.08830022075055188,0.08609271523178808,0.002207505518763808,126,127,1,0.7501234567901235,0.7506172839506173,428,83,428--83,1,2,1,2,2,0,0.0,0,3,3,32,"[""96"", ""60"", ""440"", ""429"", ""444"", ""446"", ""448"", ""430"", ""436"", ""439"", ""62"", ""445"", ""449"", ""53"", ""73"", ""83"", ""428"", ""432"", ""433"", ""434"", ""435"", ""437"", ""9"", ""452"", ""51"", ""56"", ""441"", ""438"", ""8"", ""7"", ""50"", ""443""]",5d93465724ce4989adfc4e5f56142045176d197bfef8aafe9070090024dff07e,"{""boundary"": 12, ""degree_core"": 10, ""random_fill"": 10}","{""degree_0_1"": 16, ""degree_2"": 8, ""degree_3_4"": 6, ""degree_5_8"": 1, ""degree_9_plus"": 1}","{""0"": 5, ""1"": 9, ""2"": 3, ""3"": 5, ""4"": 1, ""5"": 2, ""6"": 4, ""7"": 3}",64,"{""backend"": ""evaluate_m19_theory_calibrated.candidate_features"", ""delta_mode"": ""none"", ""k_max"": 512, ""k_min"": 64, ""variant"": ""conservative""}",41,1.0,0.21951219512195122,0.21951219512195122,0.8536585365853658,1.0,"{""dp_0_4"": 0.36585365853658536, ""dp_17_64"": 0.24390243902439024, ""dp_5_16"": 0.3902439024390244}","{""cn_0"": 1.0}",0.0,15.097560975609756,sasb_candidate_builder,028206636e902e4ff9df18380408a0b692b3968ea2a14f038fd1ccef493bfefe,41,028206636e902e4ff9df18380408a0b692b3968ea2a14f038fd1ccef493bfefe,"{""sasb_builder"": 41}",0,0,0,0,{},0.0,"{""common_neighbor_bin_l1"": 0.0, ""degree_product_bin_l1"": 0.0, ""is_boundary_edge_l1"": 0.0, ""is_bridge_edge_l1"": 0.0, ""is_inter_community_edge_l1"": 0.0, ""is_low_common_neighbor_edge_l1"": 0.0, ""mean_l1"": 0.0}",1,32,32,0.0,0
realworld_completed,bio_celegans,SASB-candidate,sasb,SASB-structured,20260513,1520,late,0.08609271523178808,0.08388520971302428,0.0022075055187637943,127,128,1,0.7506172839506173,0.7511111111111111,429,82,429--82,3,1,1,3,3,0,0.0,0,2,2,32,"[""96"", ""60"", ""440"", ""429"", ""444"", ""446"", ""448"", ""430"", ""436"", ""439"", ""62"", ""445"", ""449"", ""53"", ""73"", ""432"", ""433"", ""434"", ""435"", ""437"", ""438"", ""441"", ""9"", ""450"", ""8"", ""447"", ""51"", ""7"", ""80"", ""452"", ""81"", ""82""]",c663658448c037d4d436fbba23f10701541b40868cc59033f1bad1602c2ec942,"{""boundary"": 12, ""degree_core"": 10, ""random_fill"": 10}","{""degree_0_1"": 17, ""degree_2"": 7, ""degree_3_4"": 6, ""degree_5_8"": 1, ""degree_9_plus"": 1}","{""0"": 6, ""1"": 9, ""2"": 2, ""3"": 5, ""4"": 1, ""5"": 1, ""6"": 4, ""7"": 4}",64,"{""backend"": ""evaluate_m19_theory_calibrated.candidate_features"", ""delta_mode"": ""none"", ""k_max"": 512, ""k_min"": 64, ""variant"": ""conservative""}",40,1.0,0.225,0.225,0.85,1.0,"{""dp_0_4"": 0.375, ""dp_17_64"": 0.25, ""dp_5_16"": 0.375}","{""cn_0"": 1.0}",0.0,15.35,sasb_candidate_builder,0198b5f58e3634e9acd9fa91c58c53c037601f5ae7d91a2038ac29434c12c167,40,0198b5f58e3634e9acd9fa91c58c53c037601f5ae7d91a2038ac29434c12c167,"{""sasb_builder"": 40}",0,0,0,0,{},0.0,"{""common_neighbor_bin_l1"": 0.0, ""degree_product_bin_l1"": 0.0, ""is_boundary_edge_l1"": 0.0, ""is_bridge_edge_l1"": 0.0, ""is_inter_community_edge_l1"": 0.0, ""is_low_common_neighbor_edge_l1"": 0.0, ""mean_l1"": 0.0}",1,32,32,0.0,0
realworld_completed,bio_celegans,SASB-candidate,sasb,SASB-structured,20260513,1521,late,0.08388520971302428,0.08167770419426049,0.0022075055187637943,128,129,1,0.7511111111111111,0.7516049382716049,429,83,429--83,2,1,1,2,2,0,0.0,0,2,2,32,"[""96"", ""60"", ""440"", ""444"", ""446"", ""448"", ""429"", ""430"", ""436"", ""439"", ""62"", ""445"", ""449"", ""53"", ""73"", ""432"", ""433"", ""434"", ""435"", ""437"", ""438"", ""441"", ""63"", ""59"", ""8"", ""81"", ""83"", ""447"", ""51"", ""452"", ""7"", ""52""]",b467245538658fbcbe7aa7c3585bcf8c67668ecccd84a82a813e9c7fa2a6c4a4,"{""boundary"": 12, ""degree_core"": 10, ""random_fill"": 10}","{""degree_0_1"": 17, ""degree_2"": 8, ""degree_3_4"": 5, ""degree_5_8"": 1, ""degree_9_plus"": 1}","{""0"": 5, ""1"": 8, ""2"": 2, ""3"": 5, ""4"": 2, ""5"": 2, ""6"": 5, ""7"": 3}",64,"{""backend"": ""evaluate_m19_theory_calibrated.candidate_features"", ""delta_mode"": ""none"", ""k_max"": 512, ""k_min"": 64, ""variant"": ""conservative""}",39,1.0,0.23076923076923078,0.23076923076923078,0.8461538461538461,1.0,"{""dp_0_4"": 0.358974358974359, ""dp_17_64"": 0.2564102564102564, ""dp_5_16"": 0.38461538461538464}","{""cn_0"": 1.0}",0.0,15.23076923076923,sasb_candidate_builder,f02fba0b570d964807e665e50ef1b0cd4e185d210d8677741e07e643fdb91d6c,39,f02fba0b570d964807e665e50ef1b0cd4e185d210d8677741e07e643fdb91d6c,"{""sasb_builder"": 39}",0,0,0,0,{},0.0,"{""common_neighbor_bin_l1"": 0.0, ""degree_product_bin_l1"": 0.0, ""is_boundary_edge_l1"": 0.0, ""is_bridge_edge_l1"": 0.0, ""is_inter_community_edge_l1"": 0.0, ""is_low_common_neighbor_edge_l1"": 0.0, ""mean_l1"": 0.0}",1,32,32,0.0,0
realworld_completed,bio_celegans,SASB-candidate,sasb,SASB-structured,20260513,1522,late,0.08167770419426049,0.07947019867549669,0.0022075055187637943,129,130,1,0.7516049382716049,0.7520987654320987,429,96,429--96,1,16,1,16,16,0,0.0,0,2,2,32,"[""96"", ""60"", ""440"", ""444"", ""446"", ""448"", ""430"", ""436"", ""439"", ""429"", ""62"", ""445"", ""449"", ""53"", ""73"", ""432"", ""433"", ""434"", ""435"", ""437"", ""438"", ""441"", ""59"", ""450"", ""8"", ""9"", ""56"", ""80"", ""63"", ""452"", ""7"", ""447""]",64da0407530fb5e6b2b9b5f1738852a8f5454c8a561dd39fe168b22268b1bb10,"{""boundary"": 12, ""degree_core"": 10, ""random_fill"": 10}","{""degree_0_1"": 18, ""degree_2"": 7, ""degree_3_4"": 5, ""degree_5_8"": 1, ""degree_9_plus"": 1}","{""0"": 5, ""1"": 9, ""2"": 1, ""3"": 5, ""4"": 2, ""5"": 3, ""6"": 3, ""7"": 4}",64,"{""backend"": ""evaluate_m19_theory_calibrated.candidate_features"", ""delta_mode"": ""none"", ""k_max"": 512, ""k_min"": 64, ""variant"": ""conservative""}",38,1.0,0.23684210526315788,0.23684210526315788,0.8421052631578947,1.0,"{""dp_0_4"": 0.34210526315789475, ""dp_17_64"": 0.23684210526315788, ""dp_5_16"": 0.42105263157894735}","{""cn_0"": 1.0}",0.0,15.157894736842104,sasb_candidate_builder,6451cd7b36ac6a27b2985db7a6a4e8385ca5b7291bffc20c4358a98d5f4ed9b3,38,6451cd7b36ac6a27b2985db7a6a4e8385ca5b7291bffc20c4358a98d5f4ed9b3,"{""sasb_builder"": 38}",0,0,0,0,{},0.0,"{""common_neighbor_bin_l1"": 0.0, ""degree_product_bin_l1"": 0.0, ""is_boundary_edge_l1"": 0.0, ""is_bridge_edge_l1"": 0.0, ""is_inter_community_edge_l1"": 0.0, ""is_low_common_neighbor_edge_l1"": 0.0, ""mean_l1"": 0.0}",1,32,32,0.0,0
realworld_completed,bio_celegans,SASB-candidate,sasb,SASB-structured,20260513,1523,late,0.07947019867549669,0.0772626931567329,0.0022075055187637943,130,131,1,0.7520987654320987,0.7525925925925926,430,63,430--63,2,1,1,2,2,0,0.0,0,2,2,32,"[""96"", ""60"", ""440"", ""444"", ""446"", ""448"", ""430"", ""436"", ""439"", ""62"", ""445"", ""449"", ""53"", ""73"", ""432"", ""433"", ""434"", ""435"", ""437"", ""438"", ""441"", ""443"", ""51"", ""450"", ""63"", ""59"", ""81"", ""80"", ""56"", ""7"", ""9"", ""447""]",43a31fd676522f3205526fa418417ccf3e673006893e01047faa66ea6d25e531,"{""boundary"": 12, ""degree_core"": 10, ""random_fill"": 10}","{""degree_0_1"": 18, ""degree_2"": 7, ""degree_3_4"": 5, ""degree_5_8"": 1, ""degree_9_plus"": 1}","{""0"": 5, ""1"": 9, ""3"": 5, ""4"": 2, ""5"": 3, ""6"": 4, ""7"": 4}",64,"{""backend"": ""evaluate_m19_theory_calibrated.candidate_features"", ""delta_mode"": ""none"", ""k_max"": 512, ""k_min"": 64, ""variant"": ""conservative""}",37,1.0,0.21621621621621623,0.21621621621621623,0.8378378378378378,1.0,"{""dp_0_4"": 0.35135135135135137, ""dp_17_64"": 0.24324324324324326, ""dp_5_16"": 0.40540540540540543}","{""cn_0"": 1.0}",0.0,14.432432432432432,sasb_candidate_builder,8c2d0cfa125cfae6abca3eb24321442b8e9a1003f4c4d294763c3bd1810ff192,37,8c2d0cfa125cfae6abca3eb24321442b8e9a1003f4c4d294763c3bd1810ff192,"{""sasb_builder"": 37}",0,0,0,0,{},0.0,"{""common_neighbor_bin_l1"": 0.0, ""degree_product_bin_l1"": 0.0, ""is_boundary_edge_l1"": 0.0, ""is_bridge_edge_l1"": 0.0, ""is_inter_community_edge_l1"": 0.0, ""is_low_common_neighbor_edge_l1"": 0.0, ""mean_l1"": 0.0}",1,32,32,0.0,0
realworld_completed,bio_celegans,SASB-candidate,sasb,SASB-structured,20260513,1524,late,0.0772626931567329,0.07505518763796909,0.002207505518763808,131,132,1,0.7525925925925926,0.7530864197530864,430,96,430--96,1,15,1,15,15,0,0.0,0,1,1,32,"[""96"", ""60"", ""440"", ""444"", ""446"", ""448"", ""436"", ""439"", ""449"", ""62"", ""445"", ""53"", ""73"", ""430"", ""432"", ""433"", ""434"", ""435"", ""437"", ""438"", ""441"", ""443"", ""50"", ""447"", ""52"", ""8"", ""7"", ""80"", ""56"", ""51"", ""9"", ""59""]",caca0e0d8c120df494dae5ec13b1fb8f5f16a4fc32d8c42310eaf520a3c415a0,"{""boundary"": 12, ""degree_core"": 10, ""random_fill"": 10}","{""degree_0_1"": 19, ""degree_2"": 6, ""degree_3_4"": 5, ""degree_5_8"": 1, ""degree_9_plus"": 1}","{""0"": 5, ""1"": 8, ""2"": 2, ""3"": 4, ""4"": 5, ""5"": 3, ""6"": 5}",64,"{""backend"": ""evaluate_m19_theory_calibrated.candidate_features"", ""delta_mode"": ""none"", ""k_max"": 512, ""k_min"": 64, ""variant"": ""conservative""}",36,1.0,0.2222222222222222,0.2222222222222222,0.8333333333333334,1.0,"{""dp_0_4"": 0.3333333333333333, ""dp_17_64"": 0.2222222222222222, ""dp_5_16"": 0.4444444444444444}","{""cn_0"": 1.0}",0.0,14.36111111111111,sasb_candidate_builder,b41aff9ae0c3d0fceea00b2c695104ae747f09c6b84c366a97e24c200d5cee0d,36,b41aff9ae0c3d0fceea00b2c695104ae747f09c6b84c366a97e24c200d5cee0d,"{""sasb_builder"": 36}",0,0,0,0,{},0.0,"{""common_neighbor_bin_l1"": 0.0, ""degree_product_bin_l1"": 0.0, ""is_boundary_edge_l1"": 0.0, ""is_bridge_edge_l1"": 0.0, ""is_inter_community_edge_l1"": 0.0, ""is_low_common_neighbor_edge_l1"": 0.0, ""mean_l1"": 0.0}",1,32,32,0.0,0
realworld_completed,bio_celegans,SASB-candidate,sasb,SASB-structured,20260513,1525,late,0.07505518763796909,0.0728476821192053,0.0022075055187637943,132,133,1,0.7530864197530864,0.7535802469135803,432,96,432--96,1,14,1,14,14,0,0.0,0,1,1,32,"[""96"", ""60"", ""440"", ""444"", ""446"", ""448"", ""436"", ""439"", ""449"", ""62"", ""445"", ""53"", ""73"", ""432"", ""433"", ""434"", ""435"", ""437"", ""438"", ""441"", ""443"", ""447"", ""450"", ""8"", ""9"", ""51"", ""56"", ""52"", ""7"", ""59"", ""80"", ""50""]",d24274c9ee86a1c829dfdaf3732bc30cef5fe1ab3c38d9e16fb96752f0f92524,"{""boundary"": 12, ""degree_core"": 10, ""random_fill"": 10}","{""degree_0_1"": 19, ""degree_2"": 6, ""degree_3_4"": 5, ""degree_5_8"": 1, ""degree_9_plus"": 1}","{""0"": 5, ""1"": 8, ""2"": 2, ""3"": 4, ""4"": 5, ""5"": 3, ""6"": 5}",64,"{""backend"": ""evaluate_m19_theory_calibrated.candidate_features"", ""delta_mode"": ""none"", ""k_max"": 512, ""k_min"": 64, ""variant"": ""conservative""}",35,1.0,0.22857142857142856,0.22857142857142856,0.8285714285714286,1.0,"{""dp_0_4"": 0.34285714285714286, ""dp_17_64"": 0.22857142857142856, ""dp_5_16"": 0.42857142857142855}","{""cn_0"": 1.0}",0.0,13.657142857142857,sasb_candidate_builder,96af1b1f7257f0c4b3462c131ad6d2713ae26f1c5ffedacaed11e2f6302666f2,35,96af1b1f7257f0c4b3462c131ad6d2713ae26f1c5ffedacaed11e2f6302666f2,"{""sasb_builder"": 35}",0,0,0,0,{},0.0,"{""common_neighbor_bin_l1"": 0.0, ""degree_product_bin_l1"": 0.0, ""is_boundary_edge_l1"": 0.0, ""is_bridge_edge_l1"": 0.0, ""is_inter_community_edge_l1"": 0.0, ""is_low_common_neighbor_edge_l1"": 0.0, ""mean_l1"": 0.0}",1,32,32,0.0,0
realworld_completed,bio_celegans,SASB-candidate,sasb,SASB-structured,20260513,1526,late,0.0728476821192053,0.0706401766004415,0.0022075055187637943,133,134,1,0.7535802469135803,0.7540740740740741,433,96,433--96,1,13,1,13,13,0,0.0,0,2,2,32,"[""96"", ""60"", ""440"", ""444"", ""446"", ""448"", ""436"", ""439"", ""449"", ""62"", ""445"", ""53"", ""73"", ""433"", ""434"", ""435"", ""437"", ""438"", ""441"", ""443"", ""447"", ""450"", ""7"", ""8"", ""81"", ""80"", ""452"", ""50"", ""59"", ""9"", ""52"", ""56""]",82c4cec9bc47f086be8bfbdb81b005ff39fc59210529d850091a1e764a3e519d,"{""boundary"": 12, ""degree_core"": 10, ""random_fill"": 10}","{""degree_0_1"": 19, ""degree_2"": 6, ""degree_3_4"": 5, ""degree_5_8"": 1, ""degree_9_plus"": 1}","{""0"": 6, ""1"": 8, ""2"": 2, ""3"": 4, ""4"": 4, ""5"": 3, ""6"": 5}",64,"{""backend"": ""evaluate_m19_theory_calibrated.candidate_features"", ""delta_mode"": ""none"", ""k_max"": 512, ""k_min"": 64, ""variant"": ""conservative""}",34,1.0,0.23529411764705882,0.23529411764705882,0.8235294117647058,1.0,"{""dp_0_4"": 0.35294117647058826, ""dp_17_64"": 0.23529411764705882, ""dp_5_16"": 0.4117647058823529}","{""cn_0"": 1.0}",0.0,12.970588235294118,sasb_candidate_builder,dfd3f6cb0f2b4078341df54b9ee22c12bf36d440360b8e328045f3654e19a2e2,34,dfd3f6cb0f2b4078341df54b9ee22c12bf36d440360b8e328045f3654e19a2e2,"{""sasb_builder"": 34}",0,0,0,0,{},0.0,"{""common_neighbor_bin_l1"": 0.0, ""degree_product_bin_l1"": 0.0, ""is_boundary_edge_l1"": 0.0, ""is_bridge_edge_l1"": 0.0, ""is_inter_community_edge_l1"": 0.0, ""is_low_common_neighbor_edge_l1"": 0.0, ""mean_l1"": 0.0}",1,32,32,0.0,0
realworld_completed,bio_celegans,SASB-candidate,sasb,SASB-structured,20260513,1527,late,0.0706401766004415,0.0684326710816777,0.0022075055187637943,134,135,1,0.7540740740740741,0.7545679012345679,434,96,434--96,1,12,1,12,12,0,0.0,0,1,1,32,"[""96"", ""60"", ""440"", ""444"", ""446"", ""448"", ""436"", ""439"", ""449"", ""62"", ""445"", ""53"", ""73"", ""434"", ""435"", ""437"", ""438"", ""441"", ""443"", ""447"", ""450"", ""452"", ""52"", ""56"", ""7"", ""59"", ""81"", ""8"", ""51"", ""9"", ""50"", ""80""]",ee2c6f3f2aaab13f232ce3dd986a1ba598e2beaf91177d6f18037227729441a2,"{""boundary"": 12, ""degree_core"": 10, ""random_fill"": 10}","{""degree_0_1"": 19, ""degree_2"": 6, ""degree_3_4"": 5, ""degree_5_8"": 1, ""degree_9_plus"": 1}","{""0"": 6, ""1"": 7, ""2"": 2, ""3"": 4, ""4"": 5, ""5"": 3, ""6"": 5}",64,"{""backend"": ""evaluate_m19_theory_calibrated.candidate_features"", ""delta_mode"": ""none"", ""k_max"": 512, ""k_min"": 64, ""variant"": ""conservative""}",33,1.0,0.24242424242424243,0.24242424242424243,0.8181818181818182,1.0,"{""dp_0_4"": 0.36363636363636365, ""dp_17_64"": 0.24242424242424243, ""dp_5_16"": 0.3939393939393939}","{""cn_0"": 1.0}",0.0,12.303030303030303,sasb_candidate_builder,aefa1218aea056c0a2961bf967e7c7d3b130770d4a8ce3264ab05e9f4dbfc98d,33,aefa1218aea056c0a2961bf967e7c7d3b130770d4a8ce3264ab05e9f4dbfc98d,"{""sasb_builder"": 33}",0,0,0,0,{},0.0,"{""common_neighbor_bin_l1"": 0.0, ""degree_product_bin_l1"": 0.0, ""is_boundary_edge_l1"": 0.0, ""is_bridge_edge_l1"": 0.0, ""is_inter_community_edge_l1"": 0.0, ""is_low_common_neighbor_edge_l1"": 0.0, ""mean_l1"": 0.0}",1,32,32,0.0,0
realworld_completed,bio_celegans,SASB-candidate,sasb,SASB-structured,20260513,1528,late,0.0684326710816777,0.06622516556291391,0.0022075055187637943,135,136,1,0.7545679012345679,0.7550617283950617,435,96,435--96,1,11,1,11,11,0,0.0,0,3,3,31,"[""96"", ""60"", ""440"", ""444"", ""446"", ""448"", ""436"", ""439"", ""449"", ""62"", ""445"", ""53"", ""73"", ""435"", ""437"", ""438"", ""441"", ""443"", ""447"", ""450"", ""452"", ""59"", ""81"", ""7"", ""50"", ""52"", ""56"", ""80"", ""9"", ""51"", ""8""]",eece461c70af1920d1e3a0f01286612e05d1d11150e6e32dcaaaf5d0413b1af4,"{""boundary"": 12, ""degree_core"": 9, ""random_fill"": 10}","{""degree_0_1"": 18, ""degree_2"": 6, ""degree_3_4"": 5, ""degree_5_8"": 1, ""degree_9_plus"": 1}","{""0"": 6, ""1"": 6, ""2"": 2, ""3"": 4, ""4"": 5, ""5"": 3, ""6"": 5}",64,"{""backend"": ""evaluate_m19_theory_calibrated.candidate_features"", ""delta_mode"": ""none"", ""k_max"": 512, ""k_min"": 64, ""variant"": ""conservative""}",32,1.0,0.25,0.25,0.8125,1.0,"{""dp_0_4"": 0.375, ""dp_17_64"": 0.25, ""dp_5_16"": 0.375}","{""cn_0"": 1.0}",0.0,11.65625,sasb_candidate_builder,4cee7ed5a3e5fcd809fd298a1abdb57304205eb2e194466762d6fb8c54402e7f,32,4cee7ed5a3e5fcd809fd298a1abdb57304205eb2e194466762d6fb8c54402e7f,"{""sasb_builder"": 32}",0,0,0,0,{},0.0,"{""common_neighbor_bin_l1"": 0.0, ""degree_product_bin_l1"": 0.0, ""is_boundary_edge_l1"": 0.0, ""is_bridge_edge_l1"": 0.0, ""is_inter_community_edge_l1"": 0.0, ""is_low_common_neighbor_edge_l1"": 0.0, ""mean_l1"": 0.0}",1,32,31,0.0,0
realworld_completed,bio_celegans,SASB-candidate,sasb,SASB-structured,20260513,1529,late,0.06622516556291391,0.06622516556291391,0.0,136,136,0,0.7550617283950617,0.7555555555555555,436,60,436--60,2,6,2,6,12,0,0.0,0,3,3,30,"[""96"", ""60"", ""440"", ""444"", ""446"", ""448"", ""436"", ""439"", ""449"", ""62"", ""445"", ""53"", ""73"", ""437"", ""438"", ""441"", ""443"", ""447"", ""450"", ""452"", ""50"", ""8"", ""56"", ""80"", ""51"", ""81"", ""9"", ""52"", ""7"", ""59""]",6e6edc23ba53e501844612109057811f340889374524fc88aaf3957f68d3c42d,"{""boundary"": 12, ""degree_core"": 9, ""random_fill"": 9}","{""degree_0_1"": 17, ""degree_2"": 6, ""degree_3_4"": 5, ""degree_5_8"": 1, ""degree_9_plus"": 1}","{""0"": 6, ""1"": 5, ""2"": 2, ""3"": 4, ""4"": 5, ""5"": 3, ""6"": 5}",64,"{""backend"": ""evaluate_m19_theory_calibrated.candidate_features"", ""delta_mode"": ""none"", ""k_max"": 512, ""k_min"": 64, ""variant"": ""conservative""}",31,1.0,0.25806451612903225,0.25806451612903225,0.8064516129032258,1.0,"{""dp_0_4"": 0.3870967741935484, ""dp_17_64"": 0.25806451612903225, ""dp_5_16"": 0.3548387096774194}","{""cn_0"": 1.0}",0.0,11.03225806451613,sasb_candidate_builder,798037e913d22f94620139eaf2282b17c42bc6e73efc5833f89ac07198f116cb,31,798037e913d22f94620139eaf2282b17c42bc6e73efc5833f89ac07198f116cb,"{""sasb_builder"": 31}",0,0,0,0,{},0.0,"{""common_neighbor_bin_l1"": 0.0, ""degree_product_bin_l1"": 0.0, ""is_boundary_edge_l1"": 0.0, ""is_bridge_edge_l1"": 0.0, ""is_inter_community_edge_l1"": 0.0, ""is_low_common_neighbor_edge_l1"": 0.0, ""mean_l1"": 0.0}",1,32,30,0.0,0
realworld_completed,bio_celegans,SASB-candidate,sasb,SASB-structured,20260513,1530,late,0.06622516556291391,0.0640176600441501,0.002207505518763808,136,137,1,0.7555555555555555,0.7560493827160494,436,96,436--96,1,10,1,10,10,0,0.0,0,3,3,30,"[""96"", ""60"", ""440"", ""444"", ""446"", ""448"", ""439"", ""449"", ""436"", ""62"", ""445"", ""53"", ""73"", ""437"", ""438"", ""441"", ""443"", ""447"", ""450"", ""452"", ""50"", ""52"", ""7"", ""80"", ""51"", ""59"", ""56"", ""9"", ""8"", ""81""]",6a0a5b030c661320dd0aad98f2432980580a4fbfaaa121f1c1e06e8892274e9d,"{""boundary"": 12, ""degree_core"": 9, ""random_fill"": 9}","{""degree_0_1"": 18, ""degree_2"": 5, ""degree_3_4"": 5, ""degree_5_8"": 1, ""degree_9_plus"": 1}","{""0"": 6, ""1"": 5, ""2"": 2, ""3"": 4, ""4"": 5, ""5"": 3, ""6"": 5}",64,"{""backend"": ""evaluate_m19_theory_calibrated.candidate_features"", ""delta_mode"": ""none"", ""k_max"": 512, ""k_min"": 64, ""variant"": ""conservative""}",30,1.0,0.26666666666666666,0.26666666666666666,0.8666666666666667,1.0,"{""dp_0_4"": 0.4, ""dp_17_64"": 0.2, ""dp_5_16"": 0.4}","{""cn_0"": 1.0}",0.0,10.3,sasb_candidate_builder,fa1b8e07f3edfe1da0ca2a210b1a45234fa3715f0bc789dea7e715af72ed650b,30,fa1b8e07f3edfe1da0ca2a210b1a45234fa3715f0bc789dea7e715af72ed650b,"{""sasb_builder"": 30}",0,0,0,0,{},0.0,"{""common_neighbor_bin_l1"": 0.0, ""degree_product_bin_l1"": 0.0, ""is_boundary_edge_l1"": 0.0, ""is_bridge_edge_l1"": 0.0, ""is_inter_community_edge_l1"": 0.0, ""is_low_common_neighbor_edge_l1"": 0.0, ""mean_l1"": 0.0}",1,32,30,0.0,0
realworld_completed,bio_celegans,SASB-candidate,sasb,SASB-structured,20260513,1531,late,0.0640176600441501,0.06181015452538632,0.0022075055187637874,137,138,1,0.7560493827160494,0.7565432098765432,437,73,437--73,1,2,1,2,2,0,0.0,0,4,4,29,"[""96"", ""60"", ""440"", ""444"", ""446"", ""448"", ""439"", ""449"", ""62"", ""445"", ""53"", ""73"", ""437"", ""438"", ""441"", ""443"", ""447"", ""450"", ""452"", ""50"", ""80"", ""7"", ""56"", ""81"", ""51"", ""8"", ""59"", ""52"", ""9""]",c2a05c5ea4711bd01e53d60b51851d426c7cee81f7746121e8b80ef2cbb50286,"{""boundary"": 11, ""degree_core"": 9, ""random_fill"": 9}","{""degree_0_1"": 17, ""degree_2"": 5, ""degree_3_4"": 5, ""degree_5_8"": 1, ""degree_9_plus"": 1}","{""0"": 6, ""1"": 5, ""2"": 2, ""3"": 4, ""4"": 5, ""5"": 3, ""6"": 4}",64,"{""backend"": ""evaluate_m19_theory_calibrated.candidate_features"", ""delta_mode"": ""none"", ""k_max"": 512, ""k_min"": 64, ""variant"": ""conservative""}",29,1.0,0.2413793103448276,0.2413793103448276,0.8620689655172413,1.0,"{""dp_0_4"": 0.41379310344827586, ""dp_17_64"": 0.20689655172413793, ""dp_5_16"": 0.3793103448275862}","{""cn_0"": 1.0}",0.0,9.689655172413794,sasb_candidate_builder,b11be44947e332376732e2c5a26c6172ed08a8ef95b9b430e30e6cf17230b191,29,b11be44947e332376732e2c5a26c6172ed08a8ef95b9b430e30e6cf17230b191,"{""sasb_builder"": 29}",0,0,0,0,{},0.0,"{""common_neighbor_bin_l1"": 0.0, ""degree_product_bin_l1"": 0.0, ""is_boundary_edge_l1"": 0.0, ""is_bridge_edge_l1"": 0.0, ""is_inter_community_edge_l1"": 0.0, ""is_low_common_neighbor_edge_l1"": 0.0, ""mean_l1"": 0.0}",1,32,29,0.0,0
realworld_completed,bio_celegans,SASB-candidate,sasb,SASB-structured,20260513,1532,late,0.06181015452538632,0.059602649006622516,0.0022075055187638012,138,139,1,0.7565432098765432,0.7570370370370371,438,60,438--60,1,5,1,5,5,0,0.0,0,2,2,28,"[""96"", ""60"", ""440"", ""444"", ""446"", ""448"", ""439"", ""449"", ""62"", ""445"", ""53"", ""438"", ""441"", ""443"", ""447"", ""450"", ""452"", ""50"", ""51"", ""9"", ""7"", ""52"", ""81"", ""8"", ""80"", ""73"", ""59"", ""56""]",bf5af9b511548a1a676b22f7062927a6296e8254073f6d7747131aa3f03816ff,"{""boundary"": 11, ""degree_core"": 8, ""random_fill"": 9}","{""degree_0_1"": 17, ""degree_2"": 4, ""degree_3_4"": 5, ""degree_5_8"": 1, ""degree_9_plus"": 1}","{""0"": 6, ""1"": 5, ""2"": 2, ""3"": 3, ""4"": 5, ""5"": 3, ""6"": 4}",64,"{""backend"": ""evaluate_m19_theory_calibrated.candidate_features"", ""delta_mode"": ""none"", ""k_max"": 512, ""k_min"": 64, ""variant"": ""conservative""}",28,1.0,0.25,0.25,0.8571428571428571,1.0,"{""dp_0_4"": 0.42857142857142855, ""dp_17_64"": 0.21428571428571427, ""dp_5_16"": 0.35714285714285715}","{""cn_0"": 1.0}",0.0,9.821428571428571,sasb_candidate_builder,06e5a8fdbc118e20a1740a5def3e93a4163868a333eeaa9ad556280580362299,28,06e5a8fdbc118e20a1740a5def3e93a4163868a333eeaa9ad556280580362299,"{""sasb_builder"": 28}",0,0,0,0,{},0.0,"{""common_neighbor_bin_l1"": 0.0, ""degree_product_bin_l1"": 0.0, ""is_boundary_edge_l1"": 0.0, ""is_bridge_edge_l1"": 0.0, ""is_inter_community_edge_l1"": 0.0, ""is_low_common_neighbor_edge_l1"": 0.0, ""mean_l1"": 0.0}",1,32,28,0.0,0
realworld_completed,bio_celegans,SASB-candidate,sasb,SASB-structured,20260513,1533,late,0.059602649006622516,0.059602649006622516,0.0,139,139,0,0.7570370370370371,0.7575308641975309,439,60,439--60,2,4,2,4,8,0,0.0,0,4,4,27,"[""96"", ""440"", ""60"", ""444"", ""446"", ""448"", ""439"", ""449"", ""62"", ""445"", ""53"", ""441"", ""443"", ""447"", ""450"", ""452"", ""50"", ""51"", ""8"", ""9"", ""73"", ""81"", ""59"", ""56"", ""52"", ""7"", ""80""]",4676fb4a6fda96e2e15acfe20a8aa60f924237bcb40170e24fe5a82a4e2c7a84,"{""boundary"": 10, ""degree_core"": 8, ""random_fill"": 9}","{""degree_0_1"": 16, ""degree_2"": 4, ""degree_3_4"": 6, ""degree_9_plus"": 1}","{""0"": 6, ""1"": 5, ""2"": 2, ""3"": 3, ""4"": 5, ""5"": 3, ""6"": 3}",64,"{""backend"": ""evaluate_m19_theory_calibrated.candidate_features"", ""delta_mode"": ""none"", ""k_max"": 512, ""k_min"": 64, ""variant"": ""conservative""}",27,1.0,0.25925925925925924,0.25925925925925924,0.8518518518518519,1.0,"{""dp_0_4"": 0.48148148148148145, ""dp_17_64"": 0.18518518518518517, ""dp_5_16"": 0.3333333333333333}","{""cn_0"": 1.0}",0.0,9.62962962962963,sasb_candidate_builder,2de02beb1fc090ede56669c299215e3be20444ca1029818830d8db6a6e15a083,27,2de02beb1fc090ede56669c299215e3be20444ca1029818830d8db6a6e15a083,"{""sasb_builder"": 27}",0,0,0,0,{},0.0,"{""common_neighbor_bin_l1"": 0.0, ""degree_product_bin_l1"": 0.0, ""is_boundary_edge_l1"": 0.0, ""is_bridge_edge_l1"": 0.0, ""is_inter_community_edge_l1"": 0.0, ""is_low_common_neighbor_edge_l1"": 0.0, ""mean_l1"": 0.0}",1,32,27,0.0,0
realworld_completed,bio_celegans,SASB-candidate,sasb,SASB-structured,20260513,1534,late,0.059602649006622516,0.05739514348785872,0.0022075055187637943,139,140,1,0.7575308641975309,0.7580246913580246,439,96,439--96,1,9,1,9,9,0,0.0,0,1,1,27,"[""96"", ""440"", ""444"", ""446"", ""448"", ""60"", ""62"", ""445"", ""449"", ""53"", ""439"", ""441"", ""443"", ""447"", ""450"", ""452"", ""50"", ""51"", ""59"", ""52"", ""7"", ""81"", ""73"", ""8"", ""56"", ""9"", ""80""]",18e8fe6b4f878b11009fea324f59a0406be2156f613a61c998c5f089efdc7b8b,"{""boundary"": 10, ""degree_core"": 8, ""random_fill"": 9}","{""degree_0_1"": 17, ""degree_2"": 3, ""degree_3_4"": 6, ""degree_9_plus"": 1}","{""0"": 6, ""1"": 8, ""2"": 5, ""3"": 5, ""4"": 3}",64,"{""backend"": ""evaluate_m19_theory_calibrated.candidate_features"", ""delta_mode"": ""none"", ""k_max"": 512, ""k_min"": 64, ""variant"": ""conservative""}",26,1.0,0.15384615384615385,0.15384615384615385,1.0,1.0,"{""dp_0_4"": 0.5, ""dp_17_64"": 0.15384615384615385, ""dp_5_16"": 0.34615384615384615}","{""cn_0"": 1.0}",0.0,9.038461538461538,sasb_candidate_builder,ed9c7c3d8d5c998296a2361cb4d161afb54210c4af95ae67a89f7bf6b35df282,26,ed9c7c3d8d5c998296a2361cb4d161afb54210c4af95ae67a89f7bf6b35df282,"{""sasb_builder"": 26}",0,0,0,0,{},0.0,"{""common_neighbor_bin_l1"": 0.0, ""degree_product_bin_l1"": 0.0, ""is_boundary_edge_l1"": 0.0, ""is_bridge_edge_l1"": 0.0, ""is_inter_community_edge_l1"": 0.0, ""is_low_common_neighbor_edge_l1"": 0.0, ""mean_l1"": 0.0}",1,32,27,0.0,0
realworld_completed,bio_celegans,SASB-candidate,sasb,SASB-structured,20260513,1535,late,0.05739514348785872,0.05077262693156733,0.00662251655629139,140,141,1,0.7580246913580246,0.7585185185185185,440,60,440--60,4,3,3,4,12,0,0.0,0,2,2,26,"[""96"", ""440"", ""444"", ""446"", ""448"", ""60"", ""62"", ""445"", ""449"", ""53"", ""441"", ""443"", ""447"", ""450"", ""452"", ""50"", ""51"", ""52"", ""8"", ""56"", ""73"", ""59"", ""81"", ""7"", ""9"", ""80""]",08b98a0cf6edf4b57a32c1f76525ae8088d3de9497fab928bc706b2041d88f55,"{""boundary"": 10, ""degree_core"": 8, ""random_fill"": 8}","{""degree_0_1"": 16, ""degree_2"": 3, ""degree_3_4"": 6, ""degree_5_8"": 1}","{""0"": 6, ""1"": 7, ""2"": 5, ""3"": 5, ""4"": 3}",64,"{""backend"": ""evaluate_m19_theory_calibrated.candidate_features"", ""delta_mode"": ""none"", ""k_max"": 512, ""k_min"": 64, ""variant"": ""conservative""}",25,1.0,0.16,0.16,1.0,1.0,"{""dp_0_4"": 0.52, ""dp_17_64"": 0.12, ""dp_5_16"": 0.36}","{""cn_0"": 1.0}",0.0,8.4,sasb_candidate_builder,1b74c10c69b57f4ae7ae145b59331b96f4f7e817750e6fdffa918046cac72a97,25,1b74c10c69b57f4ae7ae145b59331b96f4f7e817750e6fdffa918046cac72a97,"{""sasb_builder"": 25}",0,0,0,0,{},0.0,"{""common_neighbor_bin_l1"": 0.0, ""degree_product_bin_l1"": 0.0, ""is_boundary_edge_l1"": 0.0, ""is_bridge_edge_l1"": 0.0, ""is_inter_community_edge_l1"": 0.0, ""is_low_common_neighbor_edge_l1"": 0.0, ""mean_l1"": 0.0}",1,32,26,0.0,0
realworld_completed,bio_celegans,SASB-candidate,sasb,SASB-structured,20260513,1536,late,0.05077262693156733,0.04415011037527594,0.00662251655629139,141,142,1,0.7585185185185185,0.7590123456790123,0,132,0--132,4,2,2,4,8,0,0.0,0,0,0,23,"[""145"", ""144"", ""0"", ""120"", ""119"", ""179"", ""312"", ""33"", ""384"", ""110"", ""125"", ""26"", ""44"", ""48"", ""86"", ""87"", ""132"", ""11"", ""91"", ""148"", ""43"", ""34"", ""89""]",732dca862f770f57fb948d7a34f66eaae05a77466d15794a6fea583921260443,"{""boundary"": 9, ""degree_core"": 7, ""random_fill"": 7}","{""degree_0_1"": 1, ""degree_2"": 4, ""degree_3_4"": 16, ""degree_9_plus"": 2}","{""0"": 6, ""1"": 2, ""2"": 7, ""3"": 6, ""4"": 2}",64,"{""backend"": ""evaluate_m19_theory_calibrated.candidate_features"", ""delta_mode"": ""none"", ""k_max"": 512, ""k_min"": 64, ""variant"": ""conservative""}",49,1.0,0.5306122448979592,0.5306122448979592,0.061224489795918366,0.4897959183673469,"{""dp_0_4"": 0.04081632653061224, ""dp_17_64"": 0.6122448979591837, ""dp_257_plus"": 0.02040816326530612, ""dp_5_16"": 0.20408163265306123, ""dp_65_256"": 0.12244897959183673}","{""cn_0"": 0.4489795918367347, ""cn_1"": 0.04081632653061224, ""cn_2_3"": 0.4897959183673469, ""cn_9_plus"": 0.02040816326530612}",1.469387755102041,52.285714285714285,sasb_candidate_builder,9635248029604f95a411a62fb1ae8d219e869fa9840b5d67132ffed6e29992d7,49,9635248029604f95a411a62fb1ae8d219e869fa9840b5d67132ffed6e29992d7,"{""sasb_builder"": 49}",0,0,0,0,{},0.0,"{""common_neighbor_bin_l1"": 0.0, ""degree_product_bin_l1"": 0.0, ""is_boundary_edge_l1"": 0.0, ""is_bridge_edge_l1"": 0.0, ""is_inter_community_edge_l1"": 0.0, ""is_low_common_neighbor_edge_l1"": 0.0, ""mean_l1"": 0.0}",1,32,23,120.0,0
realworld_completed,bio_celegans,SASB-candidate,sasb,SASB-structured,20260513,1537,late,0.04415011037527594,0.04415011037527594,0.0,142,142,0,0.7590123456790123,0.7595061728395062,11,144,11--144,2,19,2,19,38,1,1.0,0,2,2,20,"[""145"", ""144"", ""120"", ""0"", ""119"", ""179"", ""312"", ""33"", ""110"", ""125"", ""26"", ""384"", ""44"", ""48"", ""34"", ""87"", ""89"", ""91"", ""86"", ""11""]",b9c5d5d0e8293accc0385b2c2a13c96c9f7b4d8b591847af7610da327648b0ab,"{""boundary"": 8, ""degree_core"": 6, ""random_fill"": 6}","{""degree_2"": 2, ""degree_3_4"": 16, ""degree_9_plus"": 2}","{""0"": 3, ""1"": 2, ""2"": 7, ""3"": 6, ""4"": 2}",64,"{""backend"": ""evaluate_m19_theory_calibrated.candidate_features"", ""delta_mode"": ""none"", ""k_max"": 512, ""k_min"": 64, ""variant"": ""conservative""}",46,1.0,0.5652173913043478,0.5652173913043478,0.0,0.45652173913043476,"{""dp_17_64"": 0.6956521739130435, ""dp_257_plus"": 0.021739130434782608, ""dp_5_16"": 0.1956521739130435, ""dp_65_256"": 0.08695652173913043}","{""cn_0"": 0.41304347826086957, ""cn_1"": 0.043478260869565216, ""cn_2_3"": 0.5217391304347826, ""cn_9_plus"": 0.021739130434782608}",1.565217391304348,54.47826086956522,sasb_candidate_builder,f01fe824be4ab8e9bfb0ef9abc16529b514746bcbb923fbcd4edb20e1f14df6d,46,f01fe824be4ab8e9bfb0ef9abc16529b514746bcbb923fbcd4edb20e1f14df6d,"{""sasb_builder"": 46}",0,0,0,0,{},0.0,"{""common_neighbor_bin_l1"": 0.0, ""degree_product_bin_l1"": 0.0, ""is_boundary_edge_l1"": 0.0, ""is_bridge_edge_l1"": 0.0, ""is_inter_community_edge_l1"": 0.0, ""is_low_common_neighbor_edge_l1"": 0.0, ""mean_l1"": 0.0}",1,32,20,19.0,0
realworld_completed,bio_celegans,SASB-candidate,sasb,SASB-structured,20260513,1538,late,0.04415011037527594,0.04415011037527594,0.0,142,143,1,0.7595061728395062,0.76,11,145,11--145,1,19,1,19,19,0,0.0,0,2,2,20,"[""145"", ""144"", ""120"", ""0"", ""119"", ""179"", ""312"", ""33"", ""110"", ""125"", ""26"", ""384"", ""44"", ""48"", ""89"", ""11"", ""34"", ""86"", ""91"", ""87""]",d8eb83ced8ed9a0ea995c928ec7ecd61d6be8123bbd69bf0c8044bd3967bfde2,"{""boundary"": 8, ""degree_core"": 6, ""random_fill"": 6}","{""degree_0_1"": 1, ""degree_2"": 1, ""degree_3_4"": 16, ""degree_9_plus"": 2}","{""0"": 3, ""1"": 2, ""2"": 7, ""3"": 6, ""4"": 2}",64,"{""backend"": ""evaluate_m19_theory_calibrated.candidate_features"", ""delta_mode"": ""none"", ""k_max"": 512, ""k_min"": 64, ""variant"": ""conservative""}",45,1.0,0.5777777777777777,0.5777777777777777,0.022222222222222223,0.4444444444444444,"{""dp_17_64"": 0.6888888888888889, ""dp_257_plus"": 0.022222222222222223, ""dp_5_16"": 0.2, ""dp_65_256"": 0.08888888888888889}","{""cn_0"": 0.4444444444444444, ""cn_2_3"": 0.5333333333333333, ""cn_9_plus"": 0.022222222222222223}",1.5333333333333334,52.84444444444444,sasb_candidate_builder,a5aa62a09033d371117e66ffdc602268729174bcd56084f14d33fad5928c6425,45,a5aa62a09033d371117e66ffdc602268729174bcd56084f14d33fad5928c6425,"{""sasb_builder"": 45}",0,0,0,0,{},0.0,"{""common_neighbor_bin_l1"": 0.0, ""degree_product_bin_l1"": 0.0, ""is_boundary_edge_l1"": 0.0, ""is_bridge_edge_l1"": 0.0, ""is_inter_community_edge_l1"": 0.0, ""is_low_common_neighbor_edge_l1"": 0.0, ""mean_l1"": 0.0}",1,32,20,38.0,0
realworld_completed,bio_celegans,SASB-candidate,sasb,SASB-structured,20260513,1539,late,0.04415011037527594,0.04194260485651214,0.0022075055187638012,143,144,1,0.76,0.7604938271604939,197,375,197--375,2,4,2,4,8,0,0.0,0,0,0,20,"[""85"", ""271"", ""375"", ""197"", ""92"", ""13"", ""431"", ""57"", ""166"", ""320"", ""68"", ""94"", ""196"", ""191"", ""373"", ""234"", ""88"", ""356"", ""329"", ""268""]",903fa839a9a7925c50a51ef955b22fd9ed2686fbc1d7eabf676a8c45f2c82de3,"{""boundary"": 8, ""degree_core"": 6, ""random_fill"": 6}","{""degree_0_1"": 7, ""degree_2"": 2, ""degree_3_4"": 9, ""degree_5_8"": 2}","{""0"": 6, ""1"": 9, ""2"": 5}",64,"{""backend"": ""evaluate_m19_theory_calibrated.candidate_features"", ""delta_mode"": ""none"", ""k_max"": 512, ""k_min"": 64, ""variant"": ""conservative""}",29,1.0,0.06896551724137931,0.06896551724137931,0.3793103448275862,0.6551724137931034,"{""dp_0_4"": 0.1724137931034483, ""dp_17_64"": 0.41379310344827586, ""dp_5_16"": 0.41379310344827586}","{""cn_0"": 0.5517241379310345, ""cn_1"": 0.10344827586206896, ""cn_2_3"": 0.3103448275862069, ""cn_4_8"": 0.034482758620689655}",1.0344827586206897,17.24137931034483,sasb_candidate_builder,974fc4c45de8170addec9801d8ac9e9d728bc60946182da649a5c60a2311e688,29,974fc4c45de8170addec9801d8ac9e9d728bc60946182da649a5c60a2311e688,"{""sasb_builder"": 29}",0,0,0,0,{},0.0,"{""common_neighbor_bin_l1"": 0.0, ""degree_product_bin_l1"": 0.0, ""is_boundary_edge_l1"": 0.0, ""is_bridge_edge_l1"": 0.0, ""is_inter_community_edge_l1"": 0.0, ""is_low_common_neighbor_edge_l1"": 0.0, ""mean_l1"": 0.0}",1,32,20,168.0,0
realworld_completed,bio_celegans,SASB-candidate,sasb,SASB-structured,20260513,1540,late,0.04194260485651214,0.04194260485651214,0.0,144,144,0,0.7604938271604939,0.7609876543209877,144,179,144--179,18,3,3,18,54,2,1.0,1,0,4,19,"[""145"", ""144"", ""179"", ""312"", ""44"", ""48"", ""86"", ""110"", ""120"", ""0"", ""119"", ""125"", ""26"", ""89"", ""91"", ""384"", ""33"", ""34"", ""87""]",4ccb0bb0f24ae0ff4421bd20c6eb3c6d6758ec9e98a83aefd74466d37e3a8f4a,"{""boundary"": 7, ""community_rep"": 2, ""degree_core"": 6, ""random_fill"": 4}","{""degree_2"": 1, ""degree_3_4"": 16, ""degree_9_plus"": 2}","{""0"": 6, ""1"": 2, ""2"": 5, ""3"": 2, ""4"": 2, ""5"": 2}",64,"{""backend"": ""evaluate_m19_theory_calibrated.candidate_features"", ""delta_mode"": ""none"", ""k_max"": 512, ""k_min"": 64, ""variant"": ""conservative""}",44,1.0,0.5909090909090909,0.5909090909090909,0.0,0.4318181818181818,"{""dp_17_64"": 0.6818181818181818, ""dp_257_plus"": 0.022727272727272728, ""dp_5_16"": 0.20454545454545456, ""dp_65_256"": 0.09090909090909091}","{""cn_0"": 0.4318181818181818, ""cn_2_3"": 0.5454545454545454, ""cn_9_plus"": 0.022727272727272728}",1.5681818181818181,52.02272727272727,sasb_candidate_builder,d8c068ad4a6c1e818ae60f1203faffd56e1c2f124e518a7d51aa9a3402691855,44,d8c068ad4a6c1e818ae60f1203faffd56e1c2f124e518a7d51aa9a3402691855,"{""sasb_builder"": 44}",0,0,0,0,{},0.0,"{""common_neighbor_bin_l1"": 0.0, ""degree_product_bin_l1"": 0.0, ""is_boundary_edge_l1"": 0.0, ""is_bridge_edge_l1"": 0.0, ""is_inter_community_edge_l1"": 0.0, ""is_low_common_neighbor_edge_l1"": 0.0, ""mean_l1"": 0.0}",1,32,19,17.0,0
realworld_completed,bio_celegans,SASB-candidate,sasb,SASB-structured,20260513,1541,late,0.04194260485651214,0.04194260485651214,0.0,144,144,0,0.7609876543209877,0.7614814814814815,145,179,145--179,18,2,2,18,36,1,1.0,0,2,2,19,"[""145"", ""144"", ""312"", ""44"", ""48"", ""86"", ""87"", ""110"", ""120"", ""0"", ""119"", ""125"", ""26"", ""89"", ""91"", ""384"", ""179"", ""34"", ""33""]",756d33052ae11489f062f4b37679b39895f3f21ed4c68464372546618dee8372,"{""boundary"": 7, ""community_rep"": 2, ""degree_core"": 6, ""random_fill"": 4}","{""degree_2"": 2, ""degree_3_4"": 15, ""degree_9_plus"": 2}","{""0"": 6, ""1"": 2, ""2"": 5, ""3"": 2, ""4"": 2, ""5"": 2}",64,"{""backend"": ""evaluate_m19_theory_calibrated.candidate_features"", ""delta_mode"": ""none"", ""k_max"": 512, ""k_min"": 64, ""variant"": ""conservative""}",43,1.0,0.5813953488372093,0.5813953488372093,0.0,0.5116279069767442,"{""dp_17_64"": 0.6744186046511628, ""dp_257_plus"": 0.023255813953488372, ""dp_5_16"": 0.20930232558139536, ""dp_65_256"": 0.09302325581395349}","{""cn_0"": 0.4418604651162791, ""cn_1"": 0.06976744186046512, ""cn_2_3"": 0.46511627906976744, ""cn_9_plus"": 0.023255813953488372}",1.4651162790697674,49.93023255813954,sasb_candidate_builder,f1ae221b9199ead1f8067e85ff11d3f04ffc0633934ca8dfa31f47a0bf0ad693,43,f1ae221b9199ead1f8067e85ff11d3f04ffc0633934ca8dfa31f47a0bf0ad693,"{""sasb_builder"": 43}",0,0,0,0,{},0.0,"{""common_neighbor_bin_l1"": 0.0, ""degree_product_bin_l1"": 0.0, ""is_boundary_edge_l1"": 0.0, ""is_bridge_edge_l1"": 0.0, ""is_inter_community_edge_l1"": 0.0, ""is_low_common_neighbor_edge_l1"": 0.0, ""mean_l1"": 0.0}",1,32,19,33.0,0
realworld_completed,bio_celegans,SASB-candidate,sasb,SASB-structured,20260513,1542,late,0.04194260485651214,0.039735099337748346,0.0022075055187637943,144,145,1,0.7614814814814815,0.7619753086419753,179,312,179--312,1,3,1,3,3,0,0.0,0,4,4,19,"[""145"", ""144"", ""312"", ""44"", ""48"", ""86"", ""87"", ""110"", ""120"", ""0"", ""119"", ""125"", ""26"", ""89"", ""91"", ""33"", ""179"", ""34"", ""384""]",5f312edd1ed8ee73038b546937ffa3d729149e274cf5c38686891443ad73b455,"{""boundary"": 7, ""community_rep"": 2, ""degree_core"": 6, ""random_fill"": 4}","{""degree_0_1"": 1, ""degree_2"": 1, ""degree_3_4"": 15, ""degree_9_plus"": 2}","{""0"": 6, ""1"": 2, ""2"": 5, ""3"": 2, ""4"": 2, ""5"": 2}",64,"{""backend"": ""evaluate_m19_theory_calibrated.candidate_features"", ""delta_mode"": ""none"", ""k_max"": 512, ""k_min"": 64, ""variant"": ""conservative""}",42,1.0,0.5714285714285714,0.5714285714285714,0.023809523809523808,0.5238095238095238,"{""dp_0_4"": 0.023809523809523808, ""dp_17_64"": 0.6666666666666666, ""dp_257_plus"": 0.023809523809523808, ""dp_5_16"": 0.19047619047619047, ""dp_65_256"": 0.09523809523809523}","{""cn_0"": 0.47619047619047616, ""cn_1"": 0.047619047619047616, ""cn_2_3"": 0.4523809523809524, ""cn_9_plus"": 0.023809523809523808}",1.4285714285714286,48.61904761904762,sasb_candidate_builder,aeba44f7a58a0c1189e9c2abbe5ee7be58491ba3cfd801ab045af38ee8f36e9b,42,aeba44f7a58a0c1189e9c2abbe5ee7be58491ba3cfd801ab045af38ee8f36e9b,"{""sasb_builder"": 42}",0,0,0,0,{},0.0,"{""common_neighbor_bin_l1"": 0.0, ""degree_product_bin_l1"": 0.0, ""is_boundary_edge_l1"": 0.0, ""is_bridge_edge_l1"": 0.0, ""is_inter_community_edge_l1"": 0.0, ""is_low_common_neighbor_edge_l1"": 0.0, ""mean_l1"": 0.0}",1,32,19,36.0,0
realworld_completed,bio_celegans,SASB-candidate,sasb,SASB-structured,20260513,1543,late,0.039735099337748346,0.039735099337748346,0.0,145,146,1,0.7619753086419753,0.7624691358024691,440,73,440--73,3,1,1,3,3,0,0.0,0,2,2,18,"[""96"", ""440"", ""444"", ""446"", ""449"", ""445"", ""53"", ""443"", ""447"", ""450"", ""452"", ""50"", ""80"", ""59"", ""51"", ""56"", ""52"", ""73""]",dd7b001cf2b38985396db4ace26d97347ea2af2620d03f48bd1720302b5f70e5,"{""boundary"": 7, ""degree_core"": 5, ""random_fill"": 6}","{""degree_0_1"": 11, ""degree_2"": 3, ""degree_3_4"": 3, ""degree_5_8"": 1}","{""0"": 5, ""1"": 2, ""2"": 3, ""3"": 5, ""4"": 3}",64,"{""backend"": ""evaluate_m19_theory_calibrated.candidate_features"", ""delta_mode"": ""none"", ""k_max"": 512, ""k_min"": 64, ""variant"": ""conservative""}",17,1.0,0.23529411764705882,0.23529411764705882,1.0,1.0,"{""dp_0_4"": 0.47058823529411764, ""dp_17_64"": 0.17647058823529413, ""dp_5_16"": 0.35294117647058826}","{""cn_0"": 1.0}",0.0,8.764705882352942,sasb_candidate_builder,84755e7c680fa940cce17ec7697aff2d43a102ba70b427f615f88a791d6effdc,17,84755e7c680fa940cce17ec7697aff2d43a102ba70b427f615f88a791d6effdc,"{""sasb_builder"": 17}",0,0,0,0,{},0.0,"{""common_neighbor_bin_l1"": 0.0, ""degree_product_bin_l1"": 0.0, ""is_boundary_edge_l1"": 0.0, ""is_bridge_edge_l1"": 0.0, ""is_inter_community_edge_l1"": 0.0, ""is_low_common_neighbor_edge_l1"": 0.0, ""mean_l1"": 0.0}",1,32,18,0.0,0
realworld_completed,bio_celegans,SASB-candidate,sasb,SASB-structured,20260513,1544,late,0.039735099337748346,0.039735099337748346,0.0,146,146,0,0.7624691358024691,0.762962962962963,144,312,144--312,17,2,2,17,34,1,1.0,0,2,2,18,"[""145"", ""144"", ""110"", ""125"", ""26"", ""33"", ""384"", ""120"", ""0"", ""119"", ""44"", ""48"", ""87"", ""86"", ""89"", ""34"", ""91"", ""312""]",577b71a07cf578f43929172705d1c8e1bbfbf564c431e2063b532de167cb451c,"{""boundary"": 7, ""degree_core"": 5, ""random_fill"": 6}","{""degree_2"": 2, ""degree_3_4"": 14, ""degree_9_plus"": 2}","{""0"": 6, ""1"": 2, ""2"": 7, ""3"": 3}",64,"{""backend"": ""evaluate_m19_theory_calibrated.candidate_features"", ""delta_mode"": ""none"", ""k_max"": 512, ""k_min"": 64, ""variant"": ""conservative""}",41,1.0,0.5365853658536586,0.5365853658536586,0.0,0.5121951219512195,"{""dp_17_64"": 0.6829268292682927, ""dp_257_plus"": 0.024390243902439025, ""dp_5_16"": 0.1951219512195122, ""dp_65_256"": 0.0975609756097561}","{""cn_0"": 0.4634146341463415, ""cn_1"": 0.04878048780487805, ""cn_2_3"": 0.4634146341463415, ""cn_9_plus"": 0.024390243902439025}",1.4634146341463414,48.90243902439025,sasb_candidate_builder,e62f0835ae66b616b136fc6c9807a3b8a503e9ede7cce2fb29aed4eea679b818,41,e62f0835ae66b616b136fc6c9807a3b8a503e9ede7cce2fb29aed4eea679b818,"{""sasb_builder"": 41}",0,0,0,0,{},0.0,"{""common_neighbor_bin_l1"": 0.0, ""degree_product_bin_l1"": 0.0, ""is_boundary_edge_l1"": 0.0, ""is_bridge_edge_l1"": 0.0, ""is_inter_community_edge_l1"": 0.0, ""is_low_common_neighbor_edge_l1"": 0.0, ""mean_l1"": 0.0}",1,32,18,17.0,0
realworld_completed,bio_celegans,SASB-candidate,sasb,SASB-structured,20260513,1545,late,0.039735099337748346,0.037527593818984545,0.0022075055187638012,146,147,1,0.762962962962963,0.7634567901234568,145,312,145--312,17,1,1,17,17,0,0.0,0,2,2,18,"[""145"", ""144"", ""110"", ""125"", ""26"", ""33"", ""384"", ""120"", ""0"", ""119"", ""44"", ""48"", ""87"", ""312"", ""89"", ""86"", ""91"", ""34""]",ec26900f14a540b392fb98d46380909b3c0a770ae43a27f1081d49c616daed1b,"{""boundary"": 7, ""degree_core"": 5, ""random_fill"": 6}","{""degree_0_1"": 1, ""degree_2"": 1, ""degree_3_4"": 14, ""degree_9_plus"": 2}","{""0"": 6, ""1"": 2, ""2"": 7, ""3"": 3}",64,"{""backend"": ""evaluate_m19_theory_calibrated.candidate_features"", ""delta_mode"": ""none"", ""k_max"": 512, ""k_min"": 64, ""variant"": ""conservative""}",40,1.0,0.55,0.55,0.025,0.5,"{""dp_17_64"": 0.725, ""dp_257_plus"": 0.025, ""dp_5_16"": 0.2, ""dp_65_256"": 0.05}","{""cn_0"": 0.5, ""cn_2_3"": 0.475, ""cn_9_plus"": 0.025}",1.425,47.275,sasb_candidate_builder,4d8875b0c79a565100ce3986dc1f9dbb9148b66bbd4f56c9f1f955ab78002675,40,4d8875b0c79a565100ce3986dc1f9dbb9148b66bbd4f56c9f1f955ab78002675,"{""sasb_builder"": 40}",0,0,0,0,{},0.0,"{""common_neighbor_bin_l1"": 0.0, ""degree_product_bin_l1"": 0.0, ""is_boundary_edge_l1"": 0.0, ""is_bridge_edge_l1"": 0.0, ""is_inter_community_edge_l1"": 0.0, ""is_low_common_neighbor_edge_l1"": 0.0, ""mean_l1"": 0.0}",1,32,18,34.0,0
realworld_completed,bio_celegans,SASB-candidate,sasb,SASB-structured,20260513,1546,late,0.037527593818984545,0.037527593818984545,0.0,147,148,1,0.7634567901234568,0.7639506172839506,440,80,440--80,2,1,1,2,2,0,0.0,0,2,2,17,"[""96"", ""444"", ""446"", ""440"", ""449"", ""445"", ""53"", ""443"", ""447"", ""450"", ""452"", ""80"", ""56"", ""59"", ""51"", ""50"", ""52""]",12196d951140647cd1c05fbcad338cd9f29a8b1ab935bc2c8434b9867278c591,"{""boundary"": 6, ""degree_core"": 5, ""random_fill"": 6}","{""degree_0_1"": 10, ""degree_2"": 4, ""degree_3_4"": 2, ""degree_5_8"": 1}","{""0"": 5, ""1"": 2, ""2"": 2, ""3"": 5, ""4"": 3}",64,"{""backend"": ""evaluate_m19_theory_calibrated.candidate_features"", ""delta_mode"": ""none"", ""k_max"": 512, ""k_min"": 64, ""variant"": ""conservative""}",16,1.0,0.25,0.25,1.0,1.0,"{""dp_0_4"": 0.4375, ""dp_17_64"": 0.125, ""dp_5_16"": 0.4375}","{""cn_0"": 1.0}",0.0,8.5625,sasb_candidate_builder,89db96d943cf3b87baba4c3ac62ef6914802d0dfc8fb49bc73b253964c4ffc4a,16,89db96d943cf3b87baba4c3ac62ef6914802d0dfc8fb49bc73b253964c4ffc4a,"{""sasb_builder"": 16}",0,0,0,0,{},0.0,"{""common_neighbor_bin_l1"": 0.0, ""degree_product_bin_l1"": 0.0, ""is_boundary_edge_l1"": 0.0, ""is_bridge_edge_l1"": 0.0, ""is_inter_community_edge_l1"": 0.0, ""is_low_common_neighbor_edge_l1"": 0.0, ""mean_l1"": 0.0}",1,32,17,0.0,0
realworld_completed,bio_celegans,SASB-candidate,sasb,SASB-structured,20260513,1547,late,0.037527593818984545,0.037527593818984545,0.0,148,148,0,0.7639506172839506,0.7644444444444445,144,384,144--384,16,3,3,16,48,2,1.0,0,1,1,17,"[""145"", ""144"", ""110"", ""125"", ""26"", ""44"", ""120"", ""0"", ""119"", ""33"", ""384"", ""48"", ""89"", ""91"", ""34"", ""86"", ""87""]",c4686c929b2c60bfddacd92e0900ef02120262e29cc121da4d5a19095560af31,"{""boundary"": 6, ""community_rep"": 2, ""degree_core"": 5, ""random_fill"": 4}","{""degree_2"": 1, ""degree_3_4"": 14, ""degree_9_plus"": 2}","{""0"": 4, ""1"": 6, ""2"": 3, ""3"": 2, ""4"": 2}",64,"{""backend"": ""evaluate_m19_theory_calibrated.candidate_features"", ""delta_mode"": ""none"", ""k_max"": 512, ""k_min"": 64, ""variant"": ""conservative""}",39,1.0,0.5897435897435898,0.5897435897435898,0.0,0.48717948717948717,"{""dp_17_64"": 0.7692307692307693, ""dp_5_16"": 0.20512820512820512, ""dp_65_256"": 0.02564102564102564}","{""cn_0"": 0.48717948717948717, ""cn_2_3"": 0.48717948717948717, ""cn_9_plus"": 0.02564102564102564}",1.4615384615384615,46.46153846153846,sasb_candidate_builder,5b9aab67057ecc8b9a6deb5c8a0b0b751c9c741d2cc3cd7392fb09b5e9411f14,39,5b9aab67057ecc8b9a6deb5c8a0b0b751c9c741d2cc3cd7392fb09b5e9411f14,"{""sasb_builder"": 39}",0,0,0,0,{},0.0,"{""common_neighbor_bin_l1"": 0.0, ""degree_product_bin_l1"": 0.0, ""is_boundary_edge_l1"": 0.0, ""is_bridge_edge_l1"": 0.0, ""is_inter_community_edge_l1"": 0.0, ""is_low_common_neighbor_edge_l1"": 0.0, ""mean_l1"": 0.0}",1,32,17,15.0,0
realworld_completed,bio_celegans,SASB-candidate,sasb,SASB-structured,20260513,1548,late,0.037527593818984545,0.037527593818984545,0.0,148,148,0,0.7644444444444445,0.7649382716049383,145,384,145--384,16,2,2,16,32,1,1.0,0,1,1,17,"[""145"", ""144"", ""110"", ""125"", ""26"", ""44"", ""120"", ""0"", ""119"", ""33"", ""48"", ""89"", ""87"", ""34"", ""86"", ""91"", ""384""]",a6cf573810d6c01c879496fcee05c0bc61dbed77ddd84ffd8fc1c18f864caa0a,"{""boundary"": 6, ""community_rep"": 1, ""degree_core"": 5, ""random_fill"": 5}","{""degree_2"": 2, ""degree_3_4"": 13, ""degree_9_plus"": 2}","{""0"": 4, ""1"": 6, ""2"": 3, ""3"": 2, ""4"": 2}",64,"{""backend"": ""evaluate_m19_theory_calibrated.candidate_features"", ""delta_mode"": ""none"", ""k_max"": 512, ""k_min"": 64, ""variant"": ""conservative""}",38,1.0,0.6052631578947368,0.6052631578947368,0.0,0.5526315789473685,"{""dp_17_64"": 0.7631578947368421, ""dp_5_16"": 0.21052631578947367, ""dp_65_256"": 0.02631578947368421}","{""cn_0"": 0.5, ""cn_1"": 0.05263157894736842, ""cn_2_3"": 0.42105263157894735, ""cn_9_plus"": 0.02631578947368421}",1.368421052631579,44.36842105263158,sasb_candidate_builder,0c268b003ae6ce91d22a17b3218252657660116e3d7e6010061b4acc93c4851a,38,0c268b003ae6ce91d22a17b3218252657660116e3d7e6010061b4acc93c4851a,"{""sasb_builder"": 38}",0,0,0,0,{},0.0,"{""common_neighbor_bin_l1"": 0.0, ""degree_product_bin_l1"": 0.0, ""is_boundary_edge_l1"": 0.0, ""is_bridge_edge_l1"": 0.0, ""is_inter_community_edge_l1"": 0.0, ""is_low_common_neighbor_edge_l1"": 0.0, ""mean_l1"": 0.0}",1,32,17,29.0,0
realworld_completed,bio_celegans,SASB-candidate,sasb,SASB-structured,20260513,1549,late,0.037527593818984545,0.037527593818984545,0.0,148,149,1,0.7649382716049383,0.7654320987654321,33,384,33--384,3,1,1,3,3,0,0.0,0,1,1,17,"[""145"", ""144"", ""110"", ""125"", ""26"", ""44"", ""120"", ""0"", ""119"", ""33"", ""48"", ""89"", ""34"", ""87"", ""384"", ""86"", ""91""]",9b158a49c5cdcbbdb256b2da370204f3c376f8cda69fa6554bcf9cdcef49b84d,"{""boundary"": 6, ""community_rep"": 1, ""degree_core"": 5, ""random_fill"": 5}","{""degree_0_1"": 1, ""degree_2"": 1, ""degree_3_4"": 13, ""degree_9_plus"": 2}","{""0"": 4, ""1"": 6, ""2"": 3, ""3"": 2, ""4"": 2}",64,"{""backend"": ""evaluate_m19_theory_calibrated.candidate_features"", ""delta_mode"": ""none"", ""k_max"": 512, ""k_min"": 64, ""variant"": ""conservative""}",37,1.0,0.5945945945945946,0.5945945945945946,0.02702702702702703,0.5405405405405406,"{""dp_0_4"": 0.02702702702702703, ""dp_17_64"": 0.7567567567567568, ""dp_5_16"": 0.1891891891891892, ""dp_65_256"": 0.02702702702702703}","{""cn_0"": 0.5405405405405406, ""cn_2_3"": 0.43243243243243246, ""cn_9_plus"": 0.02702702702702703}",1.3513513513513513,43.054054054054056,sasb_candidate_builder,03c93b9c4d99a1a04af3893fea63fd15f710f7a13466660bb48d29c32d99f95c,37,03c93b9c4d99a1a04af3893fea63fd15f710f7a13466660bb48d29c32d99f95c,"{""sasb_builder"": 37}",0,0,0,0,{},0.0,"{""common_neighbor_bin_l1"": 0.0, ""degree_product_bin_l1"": 0.0, ""is_boundary_edge_l1"": 0.0, ""is_bridge_edge_l1"": 0.0, ""is_inter_community_edge_l1"": 0.0, ""is_low_common_neighbor_edge_l1"": 0.0, ""mean_l1"": 0.0}",1,32,17,32.0,0
realworld_completed,bio_celegans,SASB-candidate,sasb,SASB-structured,20260513,1550,late,0.037527593818984545,0.03532008830022075,0.0022075055187637943,149,150,1,0.7654320987654321,0.7659259259259259,134,137,134--137,7,2,2,7,14,0,0.0,1,2,1,17,"[""134"", ""217"", ""123"", ""115"", ""104"", ""114"", ""186"", ""117"", ""130"", ""137"", ""177"", ""216"", ""451"", ""69"", ""139"", ""127"", ""39""]",6b422c42e39b5eb4d09418f9969868acf08d2818606cfd1b5beec084fa88e9c0,"{""boundary"": 6, ""degree_core"": 5, ""random_fill"": 6}","{""degree_0_1"": 3, ""degree_2"": 7, ""degree_3_4"": 5, ""degree_5_8"": 2}","{""0"": 4, ""1"": 3, ""2"": 4, ""3"": 3, ""4"": 3}",64,"{""backend"": ""evaluate_m19_theory_calibrated.candidate_features"", ""delta_mode"": ""none"", ""k_max"": 512, ""k_min"": 64, ""variant"": ""conservative""}",23,1.0,0.30434782608695654,0.30434782608695654,0.21739130434782608,0.8695652173913043,"{""dp_0_4"": 0.21739130434782608, ""dp_17_64"": 0.2608695652173913, ""dp_5_16"": 0.5217391304347826}","{""cn_0"": 0.391304347826087, ""cn_1"": 0.4782608695652174, ""cn_2_3"": 0.13043478260869565}",0.7391304347826086,12.26086956521739,sasb_candidate_builder,33b869866159b7fb2089dc970af9351bb3cb05602e172b97b7beb75d9dd69258,23,33b869866159b7fb2089dc970af9351bb3cb05602e172b97b7beb75d9dd69258,"{""sasb_builder"": 23}",0,0,0,0,{},0.0,"{""common_neighbor_bin_l1"": 0.0, ""degree_product_bin_l1"": 0.0, ""is_boundary_edge_l1"": 0.0, ""is_bridge_edge_l1"": 0.0, ""is_inter_community_edge_l1"": 0.0, ""is_low_common_neighbor_edge_l1"": 0.0, ""mean_l1"": 0.0}",1,32,17,84.0,0
realworld_completed,bio_celegans,SASB-candidate,sasb,SASB-structured,20260513,1551,late,0.03532008830022075,0.03532008830022075,0.0,150,151,1,0.7659259259259259,0.7664197530864197,440,96,440--96,1,8,1,8,8,0,0.0,0,0,0,16,"[""96"", ""444"", ""446"", ""449"", ""445"", ""53"", ""440"", ""443"", ""447"", ""450"", ""452"", ""52"", ""50"", ""51"", ""56"", ""59""]",896a7d74d0be2f33ba14539c2b9b3bccb5bd35e10870b33e5620a3a66281fe7d,"{""boundary"": 6, ""degree_core"": 5, ""random_fill"": 5}","{""degree_0_1"": 10, ""degree_2"": 3, ""degree_3_4"": 2, ""degree_5_8"": 1}","{""0"": 6, ""1"": 2, ""2"": 5, ""3"": 3}",64,"{""backend"": ""evaluate_m19_theory_calibrated.candidate_features"", ""delta_mode"": ""none"", ""k_max"": 512, ""k_min"": 64, ""variant"": ""conservative""}",15,1.0,0.2,0.2,1.0,1.0,"{""dp_0_4"": 0.4, ""dp_17_64"": 0.13333333333333333, ""dp_5_16"": 0.4666666666666667}","{""cn_0"": 1.0}",0.0,8.466666666666667,sasb_candidate_builder,9bc23eafcd22d9f63efc981e607a0e10c186b8374af4cf62a0bc5d83be0fa091,15,9bc23eafcd22d9f63efc981e607a0e10c186b8374af4cf62a0bc5d83be0fa091,"{""sasb_builder"": 15}",0,0,0,0,{},0.0,"{""common_neighbor_bin_l1"": 0.0, ""degree_product_bin_l1"": 0.0, ""is_boundary_edge_l1"": 0.0, ""is_bridge_edge_l1"": 0.0, ""is_inter_community_edge_l1"": 0.0, ""is_low_common_neighbor_edge_l1"": 0.0, ""mean_l1"": 0.0}",1,32,16,0.0,0
realworld_completed,bio_celegans,SASB-candidate,sasb,SASB-structured,20260513,1552,late,0.03532008830022075,0.03532008830022075,0.0,151,151,0,0.7664197530864197,0.7669135802469136,0,144,0--144,3,15,3,15,45,2,1.0,1,1,3,16,"[""145"", ""144"", ""120"", ""0"", ""119"", ""86"", ""110"", ""125"", ""26"", ""44"", ""48"", ""89"", ""91"", ""34"", ""87"", ""33""]",37cbf077307ce0e7a404afa1175da711155e2f8cdd4fed57c0d0b3971ff33276,"{""boundary"": 6, ""community_rep"": 2, ""degree_core"": 5, ""random_fill"": 3}","{""degree_2"": 2, ""degree_3_4"": 12, ""degree_9_plus"": 2}","{""0"": 2, ""1"": 3, ""2"": 4, ""3"": 5, ""4"": 2}",64,"{""backend"": ""evaluate_m19_theory_calibrated.candidate_features"", ""delta_mode"": ""none"", ""k_max"": 512, ""k_min"": 64, ""variant"": ""conservative""}",36,1.0,0.6111111111111112,0.6111111111111112,0.0,0.5277777777777778,"{""dp_17_64"": 0.7777777777777778, ""dp_5_16"": 0.19444444444444445, ""dp_65_256"": 0.027777777777777776}","{""cn_0"": 0.5277777777777778, ""cn_2_3"": 0.4444444444444444, ""cn_9_plus"": 0.027777777777777776}",1.3888888888888888,43.333333333333336,sasb_candidate_builder,44d08e7d7c53b8f965ca3a98073f006d8fa72f170a7a0713c5a7e4f9620ea785,36,44d08e7d7c53b8f965ca3a98073f006d8fa72f170a7a0713c5a7e4f9620ea785,"{""sasb_builder"": 36}",0,0,0,0,{},0.0,"{""common_neighbor_bin_l1"": 0.0, ""degree_product_bin_l1"": 0.0, ""is_boundary_edge_l1"": 0.0, ""is_bridge_edge_l1"": 0.0, ""is_inter_community_edge_l1"": 0.0, ""is_low_common_neighbor_edge_l1"": 0.0, ""mean_l1"": 0.0}",1,32,16,13.666666666666666,0
realworld_completed,bio_celegans,SASB-candidate,sasb,SASB-structured,20260513,1553,late,0.03532008830022075,0.03532008830022075,0.0,151,151,0,0.7669135802469136,0.7674074074074074,0,145,0--145,2,15,2,15,30,1,1.0,0,0,0,16,"[""145"", ""144"", ""120"", ""119"", ""86"", ""87"", ""110"", ""125"", ""26"", ""44"", ""48"", ""89"", ""91"", ""33"", ""0"", ""34""]",3b1016f4d8b7606f0c3a35d523452f92a70324a6a4e57842862a2773c9df415c,"{""boundary"": 6, ""community_rep"": 2, ""degree_core"": 5, ""random_fill"": 3}","{""degree_2"": 3, ""degree_3_4"": 11, ""degree_9_plus"": 2}","{""0"": 2, ""1"": 3, ""2"": 4, ""3"": 5, ""4"": 2}",64,"{""backend"": ""evaluate_m19_theory_calibrated.candidate_features"", ""delta_mode"": ""none"", ""k_max"": 512, ""k_min"": 64, ""variant"": ""conservative""}",35,1.0,0.6,0.6,0.0,0.6,"{""dp_17_64"": 0.7714285714285715, ""dp_5_16"": 0.2, ""dp_65_256"": 0.02857142857142857}","{""cn_0"": 0.5428571428571428, ""cn_1"": 0.05714285714285714, ""cn_2_3"": 0.37142857142857144, ""cn_9_plus"": 0.02857142857142857}",1.2571428571428571,41.2,sasb_candidate_builder,43c161bdb5f5b323a915de5f0a3fa1e08e453f4dff183fc268217d49e1ec1e51,35,43c161bdb5f5b323a915de5f0a3fa1e08e453f4dff183fc268217d49e1ec1e51,"{""sasb_builder"": 35}",0,0,0,0,{},0.0,"{""common_neighbor_bin_l1"": 0.0, ""degree_product_bin_l1"": 0.0, ""is_boundary_edge_l1"": 0.0, ""is_bridge_edge_l1"": 0.0, ""is_inter_community_edge_l1"": 0.0, ""is_low_common_neighbor_edge_l1"": 0.0, ""mean_l1"": 0.0}",1,32,16,26.0,0
realworld_completed,bio_celegans,SASB-candidate,sasb,SASB-structured,20260513,1554,late,0.03532008830022075,0.03532008830022075,0.0,151,152,1,0.7674074074074074,0.7679012345679013,0,120,0--120,1,4,1,4,4,0,0.0,0,0,0,16,"[""145"", ""144"", ""120"", ""119"", ""86"", ""87"", ""110"", ""125"", ""26"", ""44"", ""48"", ""89"", ""91"", ""0"", ""34"", ""33""]",1d1886b19c988e3e5f0fd2149310ba779288bc761e7b01217022bf3a2fc1faf1,"{""boundary"": 6, ""community_rep"": 2, ""degree_core"": 5, ""random_fill"": 3}","{""degree_0_1"": 1, ""degree_2"": 2, ""degree_3_4"": 11, ""degree_9_plus"": 2}","{""0"": 2, ""1"": 3, ""2"": 4, ""3"": 5, ""4"": 2}",64,"{""backend"": ""evaluate_m19_theory_calibrated.candidate_features"", ""delta_mode"": ""none"", ""k_max"": 512, ""k_min"": 64, ""variant"": ""conservative""}",34,1.0,0.5882352941176471,0.5882352941176471,0.029411764705882353,0.5882352941176471,"{""dp_0_4"": 0.029411764705882353, ""dp_17_64"": 0.7647058823529411, ""dp_5_16"": 0.17647058823529413, ""dp_65_256"": 0.029411764705882353}","{""cn_0"": 0.5882352941176471, ""cn_2_3"": 0.38235294117647056, ""cn_9_plus"": 0.029411764705882353}",1.2058823529411764,39.85294117647059,sasb_candidate_builder,d9d2829460184a99d43867e71a2113191f12719eeeb0000a65b0b108d7c3f889,34,d9d2829460184a99d43867e71a2113191f12719eeeb0000a65b0b108d7c3f889,"{""sasb_builder"": 34}",0,0,0,0,{},0.0,"{""common_neighbor_bin_l1"": 0.0, ""degree_product_bin_l1"": 0.0, ""is_boundary_edge_l1"": 0.0, ""is_bridge_edge_l1"": 0.0, ""is_inter_community_edge_l1"": 0.0, ""is_low_common_neighbor_edge_l1"": 0.0, ""mean_l1"": 0.0}",1,32,16,30.0,0
realworld_completed,bio_celegans,SASB-candidate,sasb,SASB-structured,20260513,1555,late,0.03532008830022075,0.03532008830022075,0.0,152,152,0,0.7679012345679013,0.7683950617283951,2,315,2--315,4,5,4,5,20,1,0.3333333333333333,0,1,1,16,"[""315"", ""2"", ""343"", ""424"", ""222"", ""221"", ""319"", ""442"", ""267"", ""270"", ""318"", ""369"", ""316"", ""30"", ""388"", ""38""]",5dca0bfe7baa8d87b5115a547312c6cbbcd4c0922d3ede591af8f6e662ad796d,"{""boundary"": 6, ""degree_core"": 5, ""random_fill"": 5}","{""degree_2"": 4, ""degree_3_4"": 9, ""degree_5_8"": 3}","{""0"": 6, ""1"": 3, ""2"": 7}",64,"{""backend"": ""evaluate_m19_theory_calibrated.candidate_features"", ""delta_mode"": ""none"", ""k_max"": 512, ""k_min"": 64, ""variant"": ""conservative""}",28,1.0,0.17857142857142858,0.17857142857142858,0.0,0.4642857142857143,"{""dp_0_4"": 0.03571428571428571, ""dp_17_64"": 0.25, ""dp_5_16"": 0.7142857142857143}","{""cn_0"": 0.03571428571428571, ""cn_1"": 0.42857142857142855, ""cn_2_3"": 0.5, ""cn_4_8"": 0.03571428571428571}",1.5714285714285714,15.535714285714286,sasb_candidate_builder,435115f5ed00519c02b4e8723eff728af7ecdb880d7c699468c94052056072b1,28,435115f5ed00519c02b4e8723eff728af7ecdb880d7c699468c94052056072b1,"{""sasb_builder"": 28}",0,0,0,0,{},0.0,"{""common_neighbor_bin_l1"": 0.0, ""degree_product_bin_l1"": 0.0, ""is_boundary_edge_l1"": 0.0, ""is_bridge_edge_l1"": 0.0, ""is_inter_community_edge_l1"": 0.0, ""is_low_common_neighbor_edge_l1"": 0.0, ""mean_l1"": 0.0}",1,32,16,112.0,0
realworld_completed,bio_celegans,SASB-candidate,sasb,SASB-structured,20260513,1556,late,0.03532008830022075,0.033112582781456956,0.0022075055187637943,152,153,1,0.7683950617283951,0.7688888888888888,315,316,315--316,4,2,2,4,8,0,0.0,1,1,0,16,"[""315"", ""2"", ""343"", ""424"", ""222"", ""221"", ""319"", ""442"", ""267"", ""270"", ""318"", ""316"", ""38"", ""30"", ""369"", ""388""]",d3fa89358827c99dd9193189c0c6a9eb9fb524b0db5f10af0ac155960e29b7de,"{""boundary"": 6, ""degree_core"": 5, ""random_fill"": 5}","{""degree_2"": 4, ""degree_3_4"": 10, ""degree_5_8"": 2}","{""0"": 6, ""1"": 3, ""2"": 7}",64,"{""backend"": ""evaluate_m19_theory_calibrated.candidate_features"", ""delta_mode"": ""none"", ""k_max"": 512, ""k_min"": 64, ""variant"": ""conservative""}",27,1.0,0.18518518518518517,0.18518518518518517,0.07407407407407407,0.4444444444444444,"{""dp_0_4"": 0.037037037037037035, ""dp_17_64"": 0.2222222222222222, ""dp_5_16"": 0.7407407407407407}","{""cn_0"": 0.1111111111111111, ""cn_1"": 0.3333333333333333, ""cn_2_3"": 0.5185185185185185, ""cn_4_8"": 0.037037037037037035}",1.5185185185185186,14.407407407407407,sasb_candidate_builder,fb7e9a34941bcb9802a38b0d932b59a7480bee77ecc2ad13f522510711ac000e,27,fb7e9a34941bcb9802a38b0d932b59a7480bee77ecc2ad13f522510711ac000e,"{""sasb_builder"": 27}",0,0,0,0,{},0.0,"{""common_neighbor_bin_l1"": 0.0, ""degree_product_bin_l1"": 0.0, ""is_boundary_edge_l1"": 0.0, ""is_bridge_edge_l1"": 0.0, ""is_inter_community_edge_l1"": 0.0, ""is_low_common_neighbor_edge_l1"": 0.0, ""mean_l1"": 0.0}",1,32,16,128.0,0
realworld_completed,bio_celegans,SASB-candidate,sasb,SASB-structured,20260513,1557,late,0.033112582781456956,0.033112582781456956,0.0,153,154,1,0.7688888888888888,0.7693827160493827,443,96,443--96,1,7,1,7,7,0,0.0,0,0,0,15,"[""96"", ""444"", ""446"", ""449"", ""445"", ""53"", ""443"", ""447"", ""450"", ""452"", ""50"", ""56"", ""52"", ""59"", ""51""]",80600561c98a44dd71e90f961a3fd3495648318a975acc9e972c392ec1f06754,"{""boundary"": 6, ""degree_core"": 4, ""random_fill"": 5}","{""degree_0_1"": 9, ""degree_2"": 3, ""degree_3_4"": 2, ""degree_5_8"": 1}","{""0"": 5, ""1"": 2, ""2"": 5, ""3"": 3}",64,"{""backend"": ""evaluate_m19_theory_calibrated.candidate_features"", ""delta_mode"": ""none"", ""k_max"": 512, ""k_min"": 64, ""variant"": ""conservative""}",14,1.0,0.21428571428571427,0.21428571428571427,1.0,1.0,"{""dp_0_4"": 0.42857142857142855, ""dp_17_64"": 0.14285714285714285, ""dp_5_16"": 0.42857142857142855}","{""cn_0"": 1.0}",0.0,7.642857142857143,sasb_candidate_builder,7380ed4c14fdf8ce644a71ae47d257d9386edb2f27f0c2cd320040fb7c78283c,14,7380ed4c14fdf8ce644a71ae47d257d9386edb2f27f0c2cd320040fb7c78283c,"{""sasb_builder"": 14}",0,0,0,0,{},0.0,"{""common_neighbor_bin_l1"": 0.0, ""degree_product_bin_l1"": 0.0, ""is_boundary_edge_l1"": 0.0, ""is_bridge_edge_l1"": 0.0, ""is_inter_community_edge_l1"": 0.0, ""is_low_common_neighbor_edge_l1"": 0.0, ""mean_l1"": 0.0}",1,32,15,0.0,0
realworld_completed,bio_celegans,SASB-candidate,sasb,SASB-structured,20260513,1558,late,0.033112582781456956,0.033112582781456956,0.0,154,154,0,0.7693827160493827,0.7698765432098765,119,144,119--144,3,14,3,14,42,2,1.0,1,0,3,15,"[""144"", ""145"", ""119"", ""120"", ""44"", ""48"", ""110"", ""125"", ""26"", ""86"", ""91"", ""34"", ""33"", ""87"", ""89""]",0376511b6e02feb3404e5e64a704749a5148e330b978699efc45e9100ec1e564,"{""boundary"": 6, ""community_rep"": 1, ""degree_core"": 4, ""random_fill"": 4}","{""degree_2"": 2, ""degree_3_4"": 11, ""degree_9_plus"": 2}","{""0"": 2, ""1"": 5, ""2"": 2, ""3"": 4, ""4"": 2}",64,"{""backend"": ""evaluate_m19_theory_calibrated.candidate_features"", ""delta_mode"": ""none"", ""k_max"": 512, ""k_min"": 64, ""variant"": ""conservative""}",33,1.0,0.6060606060606061,0.6060606060606061,0.0,0.5757575757575758,"{""dp_17_64"": 0.7878787878787878, ""dp_5_16"": 0.18181818181818182, ""dp_65_256"": 0.030303030303030304}","{""cn_0"": 0.5757575757575758, ""cn_2_3"": 0.3939393939393939, ""cn_9_plus"": 0.030303030303030304}",1.2424242424242424,40.0,sasb_candidate_builder,adfcfc149aac97bdcd72fb6e1423529e0e7503f982291c201ff457f892ed93c9,33,adfcfc149aac97bdcd72fb6e1423529e0e7503f982291c201ff457f892ed93c9,"{""sasb_builder"": 33}",0,0,0,0,{},0.0,"{""common_neighbor_bin_l1"": 0.0, ""degree_product_bin_l1"": 0.0, ""is_boundary_edge_l1"": 0.0, ""is_bridge_edge_l1"": 0.0, ""is_inter_community_edge_l1"": 0.0, ""is_low_common_neighbor_edge_l1"": 0.0, ""mean_l1"": 0.0}",1,32,15,13.0,0
realworld_completed,bio_celegans,SASB-candidate,sasb,SASB-structured,20260513,1559,late,0.033112582781456956,0.033112582781456956,0.0,154,154,0,0.7698765432098765,0.7703703703703704,119,145,119--145,2,14,2,14,28,1,1.0,0,3,3,15,"[""145"", ""144"", ""120"", ""44"", ""48"", ""87"", ""110"", ""125"", ""26"", ""86"", ""91"", ""119"", ""34"", ""33"", ""89""]",df9d4a745b6c81001a0d31cab1f6d693654ed8412d508e856de56af1210b7d00,"{""boundary"": 6, ""community_rep"": 1, ""degree_core"": 4, ""random_fill"": 4}","{""degree_2"": 3, ""degree_3_4"": 10, ""degree_9_plus"": 2}","{""0"": 2, ""1"": 5, ""2"": 2, ""3"": 4, ""4"": 2}",64,"{""backend"": ""evaluate_m19_theory_calibrated.candidate_features"", ""delta_mode"": ""none"", ""k_max"": 512, ""k_min"": 64, ""variant"": ""conservative""}",32,1.0,0.59375,0.59375,0.0,0.6875,"{""dp_17_64"": 0.78125, ""dp_5_16"": 0.1875, ""dp_65_256"": 0.03125}","{""cn_0"": 0.59375, ""cn_1"": 0.09375, ""cn_2_3"": 0.28125, ""cn_9_plus"": 0.03125}",1.09375,37.875,sasb_candidate_builder,ddf8e9a9d59d6d0ac138dd7adeba6c923c8c337d88460a8f0e29eeaef1ff228f,32,ddf8e9a9d59d6d0ac138dd7adeba6c923c8c337d88460a8f0e29eeaef1ff228f,"{""sasb_builder"": 32}",0,0,0,0,{},0.0,"{""common_neighbor_bin_l1"": 0.0, ""degree_product_bin_l1"": 0.0, ""is_boundary_edge_l1"": 0.0, ""is_bridge_edge_l1"": 0.0, ""is_inter_community_edge_l1"": 0.0, ""is_low_common_neighbor_edge_l1"": 0.0, ""mean_l1"": 0.0}",1,32,15,25.0,0
realworld_completed,bio_celegans,SASB-candidate,sasb,SASB-structured,20260513,1560,late,0.033112582781456956,0.033112582781456956,0.0,154,155,1,0.7703703703703704,0.7708641975308642,119,120,119--120,1,3,1,3,3,0,0.0,0,0,0,15,"[""144"", ""145"", ""120"", ""44"", ""48"", ""87"", ""110"", ""125"", ""26"", ""86"", ""91"", ""33"", ""34"", ""119"", ""89""]",101a2e3e5fda343d0536ed461bd17024117ed3c7aad57724c9392022bb1d69e5,"{""boundary"": 6, ""community_rep"": 1, ""degree_core"": 4, ""random_fill"": 4}","{""degree_0_1"": 1, ""degree_2"": 2, ""degree_3_4"": 10, ""degree_9_plus"": 2}","{""0"": 2, ""1"": 5, ""2"": 2, ""3"": 4, ""4"": 2}",64,"{""backend"": ""evaluate_m19_theory_calibrated.candidate_features"", ""delta_mode"": ""none"", ""k_max"": 512, ""k_min"": 64, ""variant"": ""conservative""}",31,1.0,0.5806451612903226,0.5806451612903226,0.03225806451612903,0.7096774193548387,"{""dp_0_4"": 0.03225806451612903, ""dp_17_64"": 0.7741935483870968, ""dp_5_16"": 0.16129032258064516, ""dp_65_256"": 0.03225806451612903}","{""cn_0"": 0.6451612903225806, ""cn_1"": 0.06451612903225806, ""cn_2_3"": 0.25806451612903225, ""cn_9_plus"": 0.03225806451612903}",1.032258064516129,36.54838709677419,sasb_candidate_builder,13cea9c845e3826b4f7424dc69cbfeb632c000ea348385740916f2ac02b0bdc0,31,13cea9c845e3826b4f7424dc69cbfeb632c000ea348385740916f2ac02b0bdc0,"{""sasb_builder"": 31}",0,0,0,0,{},0.0,"{""common_neighbor_bin_l1"": 0.0, ""degree_product_bin_l1"": 0.0, ""is_boundary_edge_l1"": 0.0, ""is_bridge_edge_l1"": 0.0, ""is_inter_community_edge_l1"": 0.0, ""is_low_common_neighbor_edge_l1"": 0.0, ""mean_l1"": 0.0}",1,32,15,28.0,0
realworld_completed,bio_celegans,SASB-candidate,sasb,SASB-structured,20260513,1561,late,0.033112582781456956,0.033112582781456956,0.0,155,155,0,0.7708641975308642,0.7713580246913581,95,97,95--97,4,9,4,9,36,1,0.3333333333333333,1,3,2,15,"[""97"", ""307"", ""95"", ""302"", ""150"", ""362"", ""141"", ""293"", ""35"", ""103"", ""393"", ""347"", ""361"", ""360"", ""230""]",8f6e4e18e8dcc5a87d9e83627ceb969b33599d0f05bbe1b3ec58ec953167533f,"{""boundary"": 6, ""degree_core"": 4, ""random_fill"": 5}","{""degree_0_1"": 6, ""degree_2"": 5, ""degree_3_4"": 3, ""degree_9_plus"": 1}","{""0"": 2, ""1"": 4, ""2"": 5, ""3"": 4}",64,"{""backend"": ""evaluate_m19_theory_calibrated.candidate_features"", ""delta_mode"": ""none"", ""k_max"": 512, ""k_min"": 64, ""variant"": ""conservative""}",18,1.0,0.2777777777777778,0.2777777777777778,0.3888888888888889,0.9444444444444444,"{""dp_0_4"": 0.2777777777777778, ""dp_17_64"": 0.3888888888888889, ""dp_5_16"": 0.3333333333333333}","{""cn_0"": 0.8333333333333334, ""cn_1"": 0.1111111111111111, ""cn_2_3"": 0.05555555555555555}",0.2222222222222222,13.38888888888889,sasb_candidate_builder,8b0ddb6e0fed2968031c8d90afdace301c5811a150ca1694220cb6c6f6ac3be1,18,8b0ddb6e0fed2968031c8d90afdace301c5811a150ca1694220cb6c6f6ac3be1,"{""sasb_builder"": 18}",0,0,0,0,{},0.0,"{""common_neighbor_bin_l1"": 0.0, ""degree_product_bin_l1"": 0.0, ""is_boundary_edge_l1"": 0.0, ""is_bridge_edge_l1"": 0.0, ""is_inter_community_edge_l1"": 0.0, ""is_low_common_neighbor_edge_l1"": 0.0, ""mean_l1"": 0.0}",1,32,15,66.0,0
realworld_completed,bio_celegans,SASB-candidate,sasb,SASB-structured,20260513,1562,late,0.033112582781456956,0.03090507726269316,0.0022075055187637978,155,156,1,0.7713580246913581,0.7718518518518519,103,307,103--307,1,4,1,4,4,0,0.0,0,1,1,15,"[""97"", ""307"", ""302"", ""150"", ""362"", ""95"", ""141"", ""293"", ""35"", ""103"", ""347"", ""360"", ""361"", ""230"", ""393""]",f9617a8ab2d2b6645dbda85b417702d7841c033d89ae4c3de80a583e8b3b6d29,"{""boundary"": 6, ""degree_core"": 4, ""random_fill"": 5}","{""degree_0_1"": 6, ""degree_2"": 5, ""degree_3_4"": 3, ""degree_5_8"": 1}","{""0"": 2, ""1"": 4, ""2"": 5, ""3"": 4}",64,"{""backend"": ""evaluate_m19_theory_calibrated.candidate_features"", ""delta_mode"": ""none"", ""k_max"": 512, ""k_min"": 64, ""variant"": ""conservative""}",17,1.0,0.23529411764705882,0.23529411764705882,0.5294117647058824,0.9411764705882353,"{""dp_0_4"": 0.29411764705882354, ""dp_17_64"": 0.11764705882352941, ""dp_5_16"": 0.5882352941176471}","{""cn_0"": 0.8823529411764706, ""cn_1"": 0.058823529411764705, ""cn_2_3"": 0.058823529411764705}",0.17647058823529413,10.823529411764707,sasb_candidate_builder,a8956db9ef31028a766a04e4b946ad68ee5cba82ef178e62fe197e5b655faa78,17,a8956db9ef31028a766a04e4b946ad68ee5cba82ef178e62fe197e5b655faa78,"{""sasb_builder"": 17}",0,0,0,0,{},0.0,"{""common_neighbor_bin_l1"": 0.0, ""degree_product_bin_l1"": 0.0, ""is_boundary_edge_l1"": 0.0, ""is_bridge_edge_l1"": 0.0, ""is_inter_community_edge_l1"": 0.0, ""is_low_common_neighbor_edge_l1"": 0.0, ""mean_l1"": 0.0}",1,32,15,28.0,0
realworld_completed,bio_celegans,SASB-candidate,sasb,SASB-structured,20260513,1563,late,0.03090507726269316,0.03090507726269316,0.0,156,157,1,0.7718518518518519,0.7723456790123456,444,52,444--52,3,1,1,3,3,0,0.0,0,2,2,14,"[""96"", ""444"", ""446"", ""449"", ""445"", ""53"", ""447"", ""450"", ""452"", ""50"", ""52"", ""56"", ""59"", ""51""]",80d610b70dca7041198e7aeeb79c51cbda7bb00e84c3863519295bb36cba7c86,"{""boundary"": 5, ""degree_core"": 4, ""random_fill"": 5}","{""degree_0_1"": 8, ""degree_2"": 3, ""degree_3_4"": 2, ""degree_5_8"": 1}","{""0"": 4, ""1"": 2, ""2"": 5, ""3"": 3}",64,"{""backend"": ""evaluate_m19_theory_calibrated.candidate_features"", ""delta_mode"": ""none"", ""k_max"": 512, ""k_min"": 64, ""variant"": ""conservative""}",13,1.0,0.23076923076923078,0.23076923076923078,1.0,1.0,"{""dp_0_4"": 0.46153846153846156, ""dp_17_64"": 0.15384615384615385, ""dp_5_16"": 0.38461538461538464}","{""cn_0"": 1.0}",0.0,6.846153846153846,sasb_candidate_builder,a97611f529238958c7fe505c6ade801a1038b68271a626a555c00de478d1a675,13,a97611f529238958c7fe505c6ade801a1038b68271a626a555c00de478d1a675,"{""sasb_builder"": 13}",0,0,0,0,{},0.0,"{""common_neighbor_bin_l1"": 0.0, ""degree_product_bin_l1"": 0.0, ""is_boundary_edge_l1"": 0.0, ""is_bridge_edge_l1"": 0.0, ""is_inter_community_edge_l1"": 0.0, ""is_low_common_neighbor_edge_l1"": 0.0, ""mean_l1"": 0.0}",1,32,14,0.0,0
realworld_completed,bio_celegans,SASB-candidate,sasb,SASB-structured,20260513,1564,late,0.03090507726269316,0.03090507726269316,0.0,157,157,0,0.7723456790123456,0.7728395061728395,120,144,120--144,2,13,2,13,26,1,1.0,1,0,2,14,"[""144"", ""145"", ""44"", ""48"", ""87"", ""110"", ""125"", ""26"", ""86"", ""91"", ""120"", ""34"", ""33"", ""89""]",e68c4a68ec6d28523c5b213ad6722a773b5b40bc8aab081497eb76e1e8d14782,"{""boundary"": 5, ""community_rep"": 1, ""degree_core"": 4, ""random_fill"": 4}","{""degree_2"": 3, ""degree_3_4"": 9, ""degree_9_plus"": 2}","{""0"": 6, ""1"": 2, ""2"": 4, ""3"": 2}",64,"{""backend"": ""evaluate_m19_theory_calibrated.candidate_features"", ""delta_mode"": ""none"", ""k_max"": 512, ""k_min"": 64, ""variant"": ""conservative""}",30,1.0,0.5666666666666667,0.5666666666666667,0.0,0.7,"{""dp_17_64"": 0.8, ""dp_5_16"": 0.16666666666666666, ""dp_65_256"": 0.03333333333333333}","{""cn_0"": 0.6333333333333333, ""cn_1"": 0.06666666666666667, ""cn_2_3"": 0.26666666666666666, ""cn_9_plus"": 0.03333333333333333}",1.0666666666666667,36.8,sasb_candidate_builder,45d61fe1815f48dc6dbc63b940fddff1068f6e3fdb50bf0ac4a4f41198aa2eeb,30,45d61fe1815f48dc6dbc63b940fddff1068f6e3fdb50bf0ac4a4f41198aa2eeb,"{""sasb_builder"": 30}",0,0,0,0,{},0.0,"{""common_neighbor_bin_l1"": 0.0, ""degree_product_bin_l1"": 0.0, ""is_boundary_edge_l1"": 0.0, ""is_bridge_edge_l1"": 0.0, ""is_inter_community_edge_l1"": 0.0, ""is_low_common_neighbor_edge_l1"": 0.0, ""mean_l1"": 0.0}",1,32,14,13.0,0
realworld_completed,bio_celegans,SASB-candidate,sasb,SASB-structured,20260513,1565,late,0.03090507726269316,0.03090507726269316,0.0,157,158,1,0.7728395061728395,0.7733333333333333,120,145,120--145,1,13,1,13,13,0,0.0,0,0,0,14,"[""144"", ""145"", ""44"", ""48"", ""87"", ""110"", ""125"", ""26"", ""86"", ""91"", ""120"", ""89"", ""33"", ""34""]",e2a7a6a59f655250c0eee1c1e7d56a84d96b83228e955642f7da768b75a24b54,"{""boundary"": 5, ""community_rep"": 1, ""degree_core"": 4, ""random_fill"": 4}","{""degree_0_1"": 1, ""degree_2"": 2, ""degree_3_4"": 9, ""degree_9_plus"": 2}","{""0"": 6, ""1"": 2, ""2"": 4, ""3"": 2}",64,"{""backend"": ""evaluate_m19_theory_calibrated.candidate_features"", ""delta_mode"": ""none"", ""k_max"": 512, ""k_min"": 64, ""variant"": ""conservative""}",29,1.0,0.5517241379310345,0.5517241379310345,0.034482758620689655,0.6896551724137931,"{""dp_17_64"": 0.7586206896551724, ""dp_5_16"": 0.20689655172413793, ""dp_65_256"": 0.034482758620689655}","{""cn_0"": 0.6896551724137931, ""cn_2_3"": 0.27586206896551724, ""cn_9_plus"": 0.034482758620689655}",1.0,35.172413793103445,sasb_candidate_builder,fdf35e8dc5b08084b0ce9d257865eae8c82b40e5ca88e066d8a88501a8e32969,29,fdf35e8dc5b08084b0ce9d257865eae8c82b40e5ca88e066d8a88501a8e32969,"{""sasb_builder"": 29}",0,0,0,0,{},0.0,"{""common_neighbor_bin_l1"": 0.0, ""degree_product_bin_l1"": 0.0, ""is_boundary_edge_l1"": 0.0, ""is_bridge_edge_l1"": 0.0, ""is_inter_community_edge_l1"": 0.0, ""is_low_common_neighbor_edge_l1"": 0.0, ""mean_l1"": 0.0}",1,32,14,26.0,0
realworld_completed,bio_celegans,SASB-candidate,sasb,SASB-structured,20260513,1566,late,0.03090507726269316,0.03090507726269316,0.0,158,158,0,0.7733333333333333,0.7738271604938272,158,398,158--398,2,12,2,12,24,1,1.0,0,1,1,14,"[""398"", ""66"", ""78"", ""77"", ""64"", ""75"", ""10"", ""289"", ""365"", ""158"", ""65"", ""223"", ""76"", ""278""]",696af12fb11c0cf9fe14df4a20d5a148b3a6930234b85cadced23b0027808931,"{""boundary"": 5, ""degree_core"": 4, ""random_fill"": 5}","{""degree_2"": 4, ""degree_3_4"": 6, ""degree_5_8"": 3, ""degree_9_plus"": 1}","{""0"": 6, ""1"": 5, ""2"": 3}",64,"{""backend"": ""evaluate_m19_theory_calibrated.candidate_features"", ""delta_mode"": ""none"", ""k_max"": 512, ""k_min"": 64, ""variant"": ""conservative""}",28,1.0,0.32142857142857145,0.32142857142857145,0.0,0.5,"{""dp_0_4"": 0.03571428571428571, ""dp_17_64"": 0.6785714285714286, ""dp_5_16"": 0.25, ""dp_65_256"": 0.03571428571428571}","{""cn_0"": 0.25, ""cn_1"": 0.25, ""cn_2_3"": 0.4642857142857143, ""cn_4_8"": 0.03571428571428571}",1.5357142857142858,27.464285714285715,sasb_candidate_builder,8d9279a505110277306f67811d8095f391f3e69d48204af995270335fe4e6d82,28,8d9279a505110277306f67811d8095f391f3e69d48204af995270335fe4e6d82,"{""sasb_builder"": 28}",0,0,0,0,{},0.0,"{""common_neighbor_bin_l1"": 0.0, ""degree_product_bin_l1"": 0.0, ""is_boundary_edge_l1"": 0.0, ""is_bridge_edge_l1"": 0.0, ""is_inter_community_edge_l1"": 0.0, ""is_low_common_neighbor_edge_l1"": 0.0, ""mean_l1"": 0.0}",1,32,14,24.0,0
realworld_completed,bio_celegans,SASB-candidate,sasb,SASB-structured,20260513,1567,late,0.03090507726269316,0.03090507726269316,0.0,158,159,1,0.7738271604938272,0.774320987654321,223,398,223--398,2,11,2,11,22,0,0.0,1,1,2,14,"[""398"", ""66"", ""78"", ""77"", ""64"", ""75"", ""10"", ""289"", ""365"", ""158"", ""223"", ""65"", ""278"", ""76""]",30cfdfbb811588293072a425ce8624887f405c61496edf78aca4b8421a76dfbd,"{""boundary"": 5, ""degree_core"": 4, ""random_fill"": 5}","{""degree_0_1"": 1, ""degree_2"": 3, ""degree_3_4"": 6, ""degree_5_8"": 3, ""degree_9_plus"": 1}","{""0"": 6, ""1"": 5, ""2"": 3}",64,"{""backend"": ""evaluate_m19_theory_calibrated.candidate_features"", ""delta_mode"": ""none"", ""k_max"": 512, ""k_min"": 64, ""variant"": ""conservative""}",27,1.0,0.3333333333333333,0.3333333333333333,0.07407407407407407,0.48148148148148145,"{""dp_0_4"": 0.037037037037037035, ""dp_17_64"": 0.6666666666666666, ""dp_5_16"": 0.25925925925925924, ""dp_65_256"": 0.037037037037037035}","{""cn_0"": 0.3333333333333333, ""cn_1"": 0.14814814814814814, ""cn_2_3"": 0.48148148148148145, ""cn_4_8"": 0.037037037037037035}",1.4814814814814814,26.037037037037038,sasb_candidate_builder,7519cbc6e6853140097a2df21b4b3b5a0a016b0912a67171155708a687da8864,27,7519cbc6e6853140097a2df21b4b3b5a0a016b0912a67171155708a687da8864,"{""sasb_builder"": 27}",0,0,0,0,{},0.0,"{""common_neighbor_bin_l1"": 0.0, ""degree_product_bin_l1"": 0.0, ""is_boundary_edge_l1"": 0.0, ""is_bridge_edge_l1"": 0.0, ""is_inter_community_edge_l1"": 0.0, ""is_low_common_neighbor_edge_l1"": 0.0, ""mean_l1"": 0.0}",1,32,14,48.0,0
realworld_completed,bio_celegans,SASB-candidate,sasb,SASB-structured,20260513,1568,late,0.03090507726269316,0.03090507726269316,0.0,159,159,0,0.774320987654321,0.7748148148148148,123,134,123--134,4,6,4,6,24,1,0.3333333333333333,1,0,1,14,"[""134"", ""217"", ""123"", ""115"", ""104"", ""114"", ""186"", ""130"", ""177"", ""451"", ""216"", ""39"", ""139"", ""69""]",0d83e3389fd7fffa4ac70261c257e543761688bdfee813e34c67f51047f9dfd9,"{""boundary"": 5, ""degree_core"": 4, ""random_fill"": 5}","{""degree_0_1"": 2, ""degree_2"": 5, ""degree_3_4"": 5, ""degree_5_8"": 2}","{""0"": 3, ""1"": 4, ""2"": 4, ""3"": 3}",64,"{""backend"": ""evaluate_m19_theory_calibrated.candidate_features"", ""delta_mode"": ""none"", ""k_max"": 512, ""k_min"": 64, ""variant"": ""conservative""}",20,1.0,0.3,0.3,0.1,0.85,"{""dp_0_4"": 0.15, ""dp_17_64"": 0.3, ""dp_5_16"": 0.55}","{""cn_0"": 0.3, ""cn_1"": 0.55, ""cn_2_3"": 0.15}",0.85,12.15,sasb_candidate_builder,d84a9a4af0f3410dfd5760e3d3521a8b654b10f24e55ca3df7440214b898a304,20,d84a9a4af0f3410dfd5760e3d3521a8b654b10f24e55ca3df7440214b898a304,"{""sasb_builder"": 20}",0,0,0,0,{},0.0,"{""common_neighbor_bin_l1"": 0.0, ""degree_product_bin_l1"": 0.0, ""is_boundary_edge_l1"": 0.0, ""is_bridge_edge_l1"": 0.0, ""is_inter_community_edge_l1"": 0.0, ""is_low_common_neighbor_edge_l1"": 0.0, ""mean_l1"": 0.0}",1,32,14,48.99999999999999,0
realworld_completed,bio_celegans,SASB-candidate,sasb,SASB-structured,20260513,1569,late,0.03090507726269316,0.03090507726269316,0.0,159,160,1,0.7748148148148148,0.7753086419753087,114,123,114--123,3,3,3,3,9,0,0.0,1,1,0,14,"[""134"", ""217"", ""115"", ""104"", ""114"", ""123"", ""186"", ""130"", ""177"", ""39"", ""69"", ""451"", ""216"", ""139""]",e86a8eeea1c67a27a0f0d1d9c7c9597507c138e4de12f1aa6a583118258e307c,"{""boundary"": 5, ""degree_core"": 4, ""random_fill"": 5}","{""degree_0_1"": 2, ""degree_2"": 5, ""degree_3_4"": 5, ""degree_5_8"": 2}","{""0"": 3, ""1"": 4, ""2"": 4, ""3"": 3}",64,"{""backend"": ""evaluate_m19_theory_calibrated.candidate_features"", ""delta_mode"": ""none"", ""k_max"": 512, ""k_min"": 64, ""variant"": ""conservative""}",19,1.0,0.2631578947368421,0.2631578947368421,0.15789473684210525,0.8947368421052632,"{""dp_0_4"": 0.15789473684210525, ""dp_17_64"": 0.10526315789473684, ""dp_5_16"": 0.7368421052631579}","{""cn_0"": 0.3684210526315789, ""cn_1"": 0.5263157894736842, ""cn_2_3"": 0.10526315789473684}",0.7368421052631579,10.368421052631579,sasb_candidate_builder,faa72703dd9c70027c211495bccf09126c03876832c5ae828a7c7c656cccec45,19,faa72703dd9c70027c211495bccf09126c03876832c5ae828a7c7c656cccec45,"{""sasb_builder"": 19}",0,0,0,0,{},0.0,"{""common_neighbor_bin_l1"": 0.0, ""degree_product_bin_l1"": 0.0, ""is_boundary_edge_l1"": 0.0, ""is_bridge_edge_l1"": 0.0, ""is_inter_community_edge_l1"": 0.0, ""is_low_common_neighbor_edge_l1"": 0.0, ""mean_l1"": 0.0}",1,32,14,66.0,0
realworld_completed,bio_celegans,SASB-candidate,sasb,SASB-structured,20260513,1570,late,0.03090507726269316,0.03090507726269316,0.0,160,160,0,0.7753086419753087,0.7758024691358024,85,92,85--92,8,7,7,8,56,5,0.8333333333333334,0,0,0,14,"[""85"", ""375"", ""92"", ""13"", ""431"", ""57"", ""166"", ""68"", ""94"", ""88"", ""373"", ""268"", ""234"", ""356""]",5a55638b2fd1d3f005eca0acc63d566893fddda679599a7484fb39514fbbeb33,"{""boundary"": 5, ""degree_core"": 4, ""random_fill"": 5}","{""degree_0_1"": 5, ""degree_3_4"": 7, ""degree_5_8"": 2}","{""0"": 9, ""1"": 5}",64,"{""backend"": ""evaluate_m19_theory_calibrated.candidate_features"", ""delta_mode"": ""none"", ""k_max"": 512, ""k_min"": 64, ""variant"": ""conservative""}",22,1.0,0.045454545454545456,0.045454545454545456,0.3181818181818182,0.5454545454545454,"{""dp_0_4"": 0.13636363636363635, ""dp_17_64"": 0.5454545454545454, ""dp_5_16"": 0.3181818181818182}","{""cn_0"": 0.5454545454545454, ""cn_2_3"": 0.4090909090909091, ""cn_4_8"": 0.045454545454545456}",1.2272727272727273,19.954545454545453,sasb_candidate_builder,d92e53dd49306aa615394bd232476b1c5fb0eba3c0e64de592d39717c7ce4e82,22,d92e53dd49306aa615394bd232476b1c5fb0eba3c0e64de592d39717c7ce4e82,"{""sasb_builder"": 22}",0,0,0,0,{},0.0,"{""common_neighbor_bin_l1"": 0.0, ""degree_product_bin_l1"": 0.0, ""is_boundary_edge_l1"": 0.0, ""is_bridge_edge_l1"": 0.0, ""is_inter_community_edge_l1"": 0.0, ""is_low_common_neighbor_edge_l1"": 0.0, ""mean_l1"": 0.0}",1,32,14,28.0,0
realworld_completed,bio_celegans,SASB-candidate,sasb,SASB-structured,20260513,1571,late,0.03090507726269316,0.03090507726269316,0.0,160,161,1,0.7758024691358024,0.7762962962962963,268,375,268--375,1,3,1,3,3,0,0.0,0,2,2,14,"[""85"", ""375"", ""92"", ""13"", ""431"", ""57"", ""166"", ""68"", ""94"", ""88"", ""268"", ""373"", ""356"", ""234""]",a907a5a7fd4a89ca5b252c544789063ff9a156ab72653d1fe28e5aea9dc34a94,"{""boundary"": 5, ""degree_core"": 4, ""random_fill"": 5}","{""degree_0_1"": 5, ""degree_3_4"": 7, ""degree_5_8"": 2}","{""0"": 9, ""1"": 5}",64,"{""backend"": ""evaluate_m19_theory_calibrated.candidate_features"", ""delta_mode"": ""none"", ""k_max"": 512, ""k_min"": 64, ""variant"": ""conservative""}",21,1.0,0.047619047619047616,0.047619047619047616,0.3333333333333333,0.6666666666666666,"{""dp_0_4"": 0.14285714285714285, ""dp_17_64"": 0.5238095238095238, ""dp_5_16"": 0.3333333333333333}","{""cn_0"": 0.5714285714285714, ""cn_1"": 0.09523809523809523, ""cn_2_3"": 0.3333333333333333}",0.7619047619047619,16.285714285714285,sasb_candidate_builder,07e939517a5aa804a96441ed4633ced65269b27855d34ec4973099f22b9f04b6,21,07e939517a5aa804a96441ed4633ced65269b27855d34ec4973099f22b9f04b6,"{""sasb_builder"": 21}",0,0,0,0,{},0.0,"{""common_neighbor_bin_l1"": 0.0, ""degree_product_bin_l1"": 0.0, ""is_boundary_edge_l1"": 0.0, ""is_bridge_edge_l1"": 0.0, ""is_inter_community_edge_l1"": 0.0, ""is_low_common_neighbor_edge_l1"": 0.0, ""mean_l1"": 0.0}",1,32,14,26.0,0
realworld_completed,bio_celegans,SASB-candidate,sasb,SASB-structured,20260513,1572,late,0.03090507726269316,0.02869757174392936,0.0022075055187637978,161,162,1,0.7762962962962963,0.7767901234567901,361,362,361--362,1,2,1,2,2,0,0.0,0,2,2,14,"[""97"", ""302"", ""307"", ""150"", ""362"", ""95"", ""141"", ""293"", ""35"", ""393"", ""361"", ""230"", ""360"", ""347""]",baf1555060203433a09c7eebbc078a1921be62c660cf4290aaec8a2755d335f3,"{""boundary"": 5, ""degree_core"": 4, ""random_fill"": 5}","{""degree_0_1"": 5, ""degree_2"": 5, ""degree_3_4"": 3, ""degree_5_8"": 1}","{""0"": 5, ""1"": 3, ""2"": 2, ""3"": 4}",64,"{""backend"": ""evaluate_m19_theory_calibrated.candidate_features"", ""delta_mode"": ""none"", ""k_max"": 512, ""k_min"": 64, ""variant"": ""conservative""}",16,1.0,0.25,0.25,0.5,0.9375,"{""dp_0_4"": 0.25, ""dp_17_64"": 0.125, ""dp_5_16"": 0.625}","{""cn_0"": 0.875, ""cn_1"": 0.0625, ""cn_2_3"": 0.0625}",0.1875,10.4375,sasb_candidate_builder,f86aec7ff49ffd29b9d78777a03bdc4038e5857ccb16cc4757d19f3939743dfb,16,f86aec7ff49ffd29b9d78777a03bdc4038e5857ccb16cc4757d19f3939743dfb,"{""sasb_builder"": 16}",0,0,0,0,{},0.0,"{""common_neighbor_bin_l1"": 0.0, ""degree_product_bin_l1"": 0.0, ""is_boundary_edge_l1"": 0.0, ""is_bridge_edge_l1"": 0.0, ""is_inter_community_edge_l1"": 0.0, ""is_low_common_neighbor_edge_l1"": 0.0, ""mean_l1"": 0.0}",1,32,14,26.0,0
realworld_completed,bio_celegans,SASB-candidate,sasb,SASB-structured,20260513,1573,late,0.02869757174392936,0.02869757174392936,0.0,162,163,1,0.7767901234567901,0.777283950617284,444,53,444--53,2,2,2,2,4,0,0.0,0,3,3,13,"[""96"", ""446"", ""444"", ""449"", ""445"", ""53"", ""447"", ""450"", ""452"", ""59"", ""51"", ""56"", ""50""]",0d858190d09f55eef2ce6aa1bb978b01aed6cfcfd3d24fc1e1da7433130abe6c,"{""boundary"": 5, ""degree_core"": 4, ""random_fill"": 4}","{""degree_0_1"": 7, ""degree_2"": 4, ""degree_3_4"": 1, ""degree_5_8"": 1}","{""0"": 4, ""1"": 2, ""2"": 3, ""3"": 4}",64,"{""backend"": ""evaluate_m19_theory_calibrated.candidate_features"", ""delta_mode"": ""none"", ""k_max"": 512, ""k_min"": 64, ""variant"": ""conservative""}",12,1.0,0.25,0.25,1.0,1.0,"{""dp_0_4"": 0.5, ""dp_17_64"": 0.08333333333333333, ""dp_5_16"": 0.4166666666666667}","{""cn_0"": 1.0}",0.0,6.5,sasb_candidate_builder,f57c492b7e23fcaa34047bd73a4e47879f9f57157f16149312972278b8a37d5e,12,f57c492b7e23fcaa34047bd73a4e47879f9f57157f16149312972278b8a37d5e,"{""sasb_builder"": 12}",0,0,0,0,{},0.0,"{""common_neighbor_bin_l1"": 0.0, ""degree_product_bin_l1"": 0.0, ""is_boundary_edge_l1"": 0.0, ""is_bridge_edge_l1"": 0.0, ""is_inter_community_edge_l1"": 0.0, ""is_low_common_neighbor_edge_l1"": 0.0, ""mean_l1"": 0.0}",1,32,13,0.0,0
realworld_completed,bio_celegans,SASB-candidate,sasb,SASB-structured,20260513,1574,late,0.02869757174392936,0.02869757174392936,0.0,163,163,0,0.777283950617284,0.7777777777777778,125,144,125--144,3,12,3,12,36,2,1.0,0,2,2,13,"[""144"", ""145"", ""44"", ""48"", ""87"", ""110"", ""125"", ""26"", ""86"", ""91"", ""89"", ""34"", ""33""]",58c885e1e32c70cb8d02c1d5183e224a426acae78a8d1b6cae3ee31db2a02aeb,"{""boundary"": 5, ""community_rep"": 1, ""degree_core"": 4, ""random_fill"": 3}","{""degree_2"": 2, ""degree_3_4"": 9, ""degree_9_plus"": 2}","{""0"": 2, ""1"": 5, ""2"": 4, ""3"": 2}",64,"{""backend"": ""evaluate_m19_theory_calibrated.candidate_features"", ""delta_mode"": ""none"", ""k_max"": 512, ""k_min"": 64, ""variant"": ""conservative""}",28,1.0,0.5714285714285714,0.5714285714285714,0.0,0.6785714285714286,"{""dp_17_64"": 0.7857142857142857, ""dp_5_16"": 0.17857142857142858, ""dp_65_256"": 0.03571428571428571}","{""cn_0"": 0.6785714285714286, ""cn_2_3"": 0.2857142857142857, ""cn_9_plus"": 0.03571428571428571}",1.0357142857142858,34.392857142857146,sasb_candidate_builder,a08ead4b306338dbcc0c965966e15e496080aeab25710626cd8e257f2aff9f58,28,a08ead4b306338dbcc0c965966e15e496080aeab25710626cd8e257f2aff9f58,"{""sasb_builder"": 28}",0,0,0,0,{},0.0,"{""common_neighbor_bin_l1"": 0.0, ""degree_product_bin_l1"": 0.0, ""is_boundary_edge_l1"": 0.0, ""is_bridge_edge_l1"": 0.0, ""is_inter_community_edge_l1"": 0.0, ""is_low_common_neighbor_edge_l1"": 0.0, ""mean_l1"": 0.0}",1,32,13,10.666666666666666,0
realworld_completed,bio_celegans,SASB-candidate,sasb,SASB-structured,20260513,1575,late,0.02869757174392936,0.02869757174392936,0.0,163,163,0,0.7777777777777778,0.7782716049382716,125,145,125--145,2,12,2,12,24,1,1.0,0,3,3,13,"[""144"", ""145"", ""44"", ""48"", ""87"", ""110"", ""26"", ""86"", ""89"", ""91"", ""125"", ""33"", ""34""]",03a47419d10cf0c6baf3654987c4bbfb9b0728e511f4b4579ca0867a37dda84b,"{""boundary"": 5, ""community_rep"": 1, ""degree_core"": 4, ""random_fill"": 3}","{""degree_2"": 3, ""degree_3_4"": 8, ""degree_9_plus"": 2}","{""0"": 2, ""1"": 5, ""2"": 4, ""3"": 2}",64,"{""backend"": ""evaluate_m19_theory_calibrated.candidate_features"", ""delta_mode"": ""none"", ""k_max"": 512, ""k_min"": 64, ""variant"": ""conservative""}",27,1.0,0.5925925925925926,0.5925925925925926,0.0,0.7777777777777778,"{""dp_17_64"": 0.7777777777777778, ""dp_5_16"": 0.18518518518518517, ""dp_65_256"": 0.037037037037037035}","{""cn_0"": 0.7037037037037037, ""cn_1"": 0.07407407407407407, ""cn_2_3"": 0.18518518518518517, ""cn_9_plus"": 0.037037037037037035}",0.8518518518518519,32.22222222222222,sasb_candidate_builder,da88f1cd07f2d5d8d4e00c6f8a7751fa28bdcd1b768a1549765debcaadf452d9,27,da88f1cd07f2d5d8d4e00c6f8a7751fa28bdcd1b768a1549765debcaadf452d9,"{""sasb_builder"": 27}",0,0,0,0,{},0.0,"{""common_neighbor_bin_l1"": 0.0, ""degree_product_bin_l1"": 0.0, ""is_boundary_edge_l1"": 0.0, ""is_bridge_edge_l1"": 0.0, ""is_inter_community_edge_l1"": 0.0, ""is_low_common_neighbor_edge_l1"": 0.0, ""mean_l1"": 0.0}",1,32,13,20.0,0
realworld_completed,bio_celegans,SASB-candidate,sasb,SASB-structured,20260513,1576,late,0.02869757174392936,0.02869757174392936,0.0,163,164,1,0.7782716049382716,0.7787654320987655,110,125,110--125,4,1,1,4,4,0,0.0,0,0,0,13,"[""144"", ""145"", ""44"", ""48"", ""87"", ""110"", ""26"", ""86"", ""89"", ""91"", ""34"", ""125"", ""33""]",9cdc8593f5220f7734f2acc12cc74c4bfa46a6381f4befda391725b4fd4e3068,"{""boundary"": 5, ""community_rep"": 1, ""degree_core"": 4, ""random_fill"": 3}","{""degree_0_1"": 1, ""degree_2"": 2, ""degree_3_4"": 8, ""degree_9_plus"": 2}","{""0"": 2, ""1"": 5, ""2"": 4, ""3"": 2}",64,"{""backend"": ""evaluate_m19_theory_calibrated.candidate_features"", ""delta_mode"": ""none"", ""k_max"": 512, ""k_min"": 64, ""variant"": ""conservative""}",26,1.0,0.5769230769230769,0.5769230769230769,0.038461538461538464,0.7692307692307693,"{""dp_0_4"": 0.038461538461538464, ""dp_17_64"": 0.7692307692307693, ""dp_5_16"": 0.15384615384615385, ""dp_65_256"": 0.038461538461538464}","{""cn_0"": 0.7692307692307693, ""cn_2_3"": 0.19230769230769232, ""cn_9_plus"": 0.038461538461538464}",0.7692307692307693,30.846153846153847,sasb_candidate_builder,39dcd87fc913c051a28a79cd9925c94d6f26a0aa774bd2629f4a2752bd56a3d7,26,39dcd87fc913c051a28a79cd9925c94d6f26a0aa774bd2629f4a2752bd56a3d7,"{""sasb_builder"": 26}",0,0,0,0,{},0.0,"{""common_neighbor_bin_l1"": 0.0, ""degree_product_bin_l1"": 0.0, ""is_boundary_edge_l1"": 0.0, ""is_bridge_edge_l1"": 0.0, ""is_inter_community_edge_l1"": 0.0, ""is_low_common_neighbor_edge_l1"": 0.0, ""mean_l1"": 0.0}",1,32,13,24.0,0
realworld_completed,bio_celegans,SASB-candidate,sasb,SASB-structured,20260513,1577,late,0.02869757174392936,0.02869757174392936,0.0,164,165,1,0.7787654320987655,0.7792592592592592,88,92,88--92,1,6,1,6,6,0,0.0,0,1,1,13,"[""85"", ""92"", ""13"", ""431"", ""57"", ""166"", ""68"", ""94"", ""375"", ""234"", ""373"", ""356"", ""88""]",4be012f19c02d3d47bf68d3de34b5b62772974cc5f455391209b8a2b14b4c6a6,"{""boundary"": 5, ""degree_core"": 4, ""random_fill"": 4}","{""degree_0_1"": 4, ""degree_2"": 1, ""degree_3_4"": 6, ""degree_5_8"": 2}","{""0"": 4, ""1"": 5, ""2"": 4}",64,"{""backend"": ""evaluate_m19_theory_calibrated.candidate_features"", ""delta_mode"": ""none"", ""k_max"": 512, ""k_min"": 64, ""variant"": ""conservative""}",20,1.0,0.35,0.35,0.3,0.65,"{""dp_0_4"": 0.1, ""dp_17_64"": 0.5, ""dp_5_16"": 0.4}","{""cn_0"": 0.55, ""cn_1"": 0.1, ""cn_2_3"": 0.35}",0.8,16.45,sasb_candidate_builder,1ae3287dd508252cb9827ecf433d5f2c02c6c07176890821b8434e0323bc8df8,20,1ae3287dd508252cb9827ecf433d5f2c02c6c07176890821b8434e0323bc8df8,"{""sasb_builder"": 20}",0,0,0,0,{},0.0,"{""common_neighbor_bin_l1"": 0.0, ""degree_product_bin_l1"": 0.0, ""is_boundary_edge_l1"": 0.0, ""is_bridge_edge_l1"": 0.0, ""is_inter_community_edge_l1"": 0.0, ""is_low_common_neighbor_edge_l1"": 0.0, ""mean_l1"": 0.0}",1,32,13,24.0,0
realworld_completed,bio_celegans,SASB-candidate,sasb,SASB-structured,20260513,1578,late,0.02869757174392936,0.02869757174392936,0.0,165,165,0,0.7792592592592592,0.779753086419753,141,293,141--293,2,2,2,2,4,1,1.0,0,0,0,13,"[""97"", ""302"", ""307"", ""150"", ""95"", ""141"", ""293"", ""35"", ""230"", ""360"", ""362"", ""347"", ""393""]",71636c4fb741021e998b07392ee143a953803872644bdc3580468db6d593b48f,"{""boundary"": 5, ""degree_core"": 4, ""random_fill"": 4}","{""degree_0_1"": 5, ""degree_2"": 4, ""degree_3_4"": 3, ""degree_5_8"": 1}","{""0"": 6, ""1"": 3, ""2"": 4}",64,"{""backend"": ""evaluate_m19_theory_calibrated.candidate_features"", ""delta_mode"": ""none"", ""k_max"": 512, ""k_min"": 64, ""variant"": ""conservative""}",15,1.0,0.2,0.2,0.4666666666666667,0.9333333333333333,"{""dp_0_4"": 0.2, ""dp_17_64"": 0.13333333333333333, ""dp_5_16"": 0.6666666666666666}","{""cn_0"": 0.8666666666666667, ""cn_1"": 0.06666666666666667, ""cn_2_3"": 0.06666666666666667}",0.2,10.466666666666667,sasb_candidate_builder,2f204537709d12cc80ad7ae2fe8b51a95fc966c376a177aa88ee85dcfd749a14,15,2f204537709d12cc80ad7ae2fe8b51a95fc966c376a177aa88ee85dcfd749a14,"{""sasb_builder"": 15}",0,0,0,0,{},0.0,"{""common_neighbor_bin_l1"": 0.0, ""degree_product_bin_l1"": 0.0, ""is_boundary_edge_l1"": 0.0, ""is_bridge_edge_l1"": 0.0, ""is_inter_community_edge_l1"": 0.0, ""is_low_common_neighbor_edge_l1"": 0.0, ""mean_l1"": 0.0}",1,32,13,2.0,0
realworld_completed,bio_celegans,SASB-candidate,sasb,SASB-structured,20260513,1579,late,0.02869757174392936,0.02869757174392936,0.0,165,165,0,0.779753086419753,0.7802469135802469,302,307,302--307,3,3,3,3,9,2,1.0,0,1,1,13,"[""97"", ""302"", ""307"", ""150"", ""95"", ""35"", ""141"", ""230"", ""293"", ""347"", ""362"", ""393"", ""360""]",4b69d677f56209d1441bd4befb55363eda0f697530eba70c509abfc5b490b84c,"{""boundary"": 5, ""degree_core"": 4, ""random_fill"": 4}","{""degree_0_1"": 7, ""degree_2"": 2, ""degree_3_4"": 3, ""degree_5_8"": 1}","{""0"": 6, ""1"": 3, ""2"": 4}",64,"{""backend"": ""evaluate_m19_theory_calibrated.candidate_features"", ""delta_mode"": ""none"", ""k_max"": 512, ""k_min"": 64, ""variant"": ""conservative""}",14,1.0,0.21428571428571427,0.21428571428571427,0.6428571428571429,0.9285714285714286,"{""dp_0_4"": 0.14285714285714285, ""dp_17_64"": 0.14285714285714285, ""dp_5_16"": 0.7142857142857143}","{""cn_0"": 0.9285714285714286, ""cn_2_3"": 0.07142857142857142}",0.14285714285714285,9.785714285714286,sasb_candidate_builder,7f2226ab744c1a4df05adf62f751f5fa4b5aaa512a9d1a6836d312464d548775,14,7f2226ab744c1a4df05adf62f751f5fa4b5aaa512a9d1a6836d312464d548775,"{""sasb_builder"": 14}",0,0,0,0,{},0.0,"{""common_neighbor_bin_l1"": 0.0, ""degree_product_bin_l1"": 0.0, ""is_boundary_edge_l1"": 0.0, ""is_bridge_edge_l1"": 0.0, ""is_inter_community_edge_l1"": 0.0, ""is_low_common_neighbor_edge_l1"": 0.0, ""mean_l1"": 0.0}",1,32,13,2.0,0
realworld_completed,bio_celegans,SASB-candidate,sasb,SASB-structured,20260513,1580,late,0.02869757174392936,0.026490066225165563,0.0022075055187637978,165,166,1,0.7802469135802469,0.7807407407407407,141,97,141--97,1,8,1,8,8,0,0.0,0,0,0,13,"[""97"", ""150"", ""302"", ""307"", ""95"", ""35"", ""141"", ""230"", ""293"", ""347"", ""393"", ""362"", ""360""]",3ec35339fbe73c3a3fa48a608d91cb0a5616a5a8ea4c646d71d3fdabfd201aed,"{""boundary"": 5, ""degree_core"": 4, ""random_fill"": 4}","{""degree_0_1"": 7, ""degree_2"": 4, ""degree_3_4"": 1, ""degree_5_8"": 1}","{""0"": 6, ""1"": 3, ""2"": 4}",64,"{""backend"": ""evaluate_m19_theory_calibrated.candidate_features"", ""delta_mode"": ""none"", ""k_max"": 512, ""k_min"": 64, ""variant"": ""conservative""}",13,1.0,0.23076923076923078,0.23076923076923078,0.6923076923076923,1.0,"{""dp_0_4"": 0.3076923076923077, ""dp_5_16"": 0.6923076923076923}","{""cn_0"": 1.0}",0.0,8.307692307692308,sasb_candidate_builder,f95e4ccd8e2c81bb302742f46b943c6d895460634fa975ff2c378436bd0cd5c8,13,f95e4ccd8e2c81bb302742f46b943c6d895460634fa975ff2c378436bd0cd5c8,"{""sasb_builder"": 13}",0,0,0,0,{},0.0,"{""common_neighbor_bin_l1"": 0.0, ""degree_product_bin_l1"": 0.0, ""is_boundary_edge_l1"": 0.0, ""is_bridge_edge_l1"": 0.0, ""is_inter_community_edge_l1"": 0.0, ""is_low_common_neighbor_edge_l1"": 0.0, ""mean_l1"": 0.0}",1,32,13,0.0,0
realworld_completed,bio_celegans,SASB-candidate,sasb,SASB-structured,20260513,1581,late,0.026490066225165563,0.026490066225165563,0.0,166,166,0,0.7807407407407407,0.7812345679012346,110,144,110--144,3,11,3,11,33,2,1.0,1,3,0,12,"[""144"", ""145"", ""110"", ""26"", ""44"", ""48"", ""86"", ""87"", ""34"", ""33"", ""89"", ""91""]",b880f092399c32a97e47c87af3b3f73eedfc9123179f14f31162dea526808286,"{""boundary"": 4, ""degree_core"": 4, ""random_fill"": 4}","{""degree_2"": 2, ""degree_3_4"": 8, ""degree_9_plus"": 2}","{""0"": 4, ""1"": 4, ""2"": 2, ""3"": 2}",64,"{""backend"": ""evaluate_m19_theory_calibrated.candidate_features"", ""delta_mode"": ""none"", ""k_max"": 512, ""k_min"": 64, ""variant"": ""conservative""}",25,1.0,0.6,0.6,0.0,0.76,"{""dp_17_64"": 0.8, ""dp_5_16"": 0.16, ""dp_65_256"": 0.04}","{""cn_0"": 0.76, ""cn_2_3"": 0.2, ""cn_9_plus"": 0.04}",0.8,30.92,sasb_candidate_builder,cc3d0a86fbfd275cb6597138a05a79dd61748bb4471c79e20cc2db43652bdb93,25,cc3d0a86fbfd275cb6597138a05a79dd61748bb4471c79e20cc2db43652bdb93,"{""sasb_builder"": 25}",0,0,0,0,{},0.0,"{""common_neighbor_bin_l1"": 0.0, ""degree_product_bin_l1"": 0.0, ""is_boundary_edge_l1"": 0.0, ""is_bridge_edge_l1"": 0.0, ""is_inter_community_edge_l1"": 0.0, ""is_low_common_neighbor_edge_l1"": 0.0, ""mean_l1"": 0.0}",1,32,12,10.0,0
realworld_completed,bio_celegans,SASB-candidate,sasb,SASB-structured,20260513,1582,late,0.026490066225165563,0.026490066225165563,0.0,166,166,0,0.7812345679012346,0.7817283950617284,110,145,110--145,2,11,2,11,22,1,1.0,0,3,3,12,"[""145"", ""144"", ""26"", ""44"", ""48"", ""86"", ""87"", ""89"", ""110"", ""33"", ""34"", ""91""]",c4baf046a210bb2da66a2d0b41e9b3cccb279cca0eaee3e9b56e2dc60ebadf7a,"{""boundary"": 4, ""degree_core"": 4, ""random_fill"": 4}","{""degree_2"": 3, ""degree_3_4"": 7, ""degree_9_plus"": 2}","{""0"": 4, ""1"": 4, ""2"": 2, ""3"": 2}",64,"{""backend"": ""evaluate_m19_theory_calibrated.candidate_features"", ""delta_mode"": ""none"", ""k_max"": 512, ""k_min"": 64, ""variant"": ""conservative""}",24,1.0,0.5833333333333334,0.5833333333333334,0.0,0.8333333333333334,"{""dp_17_64"": 0.7916666666666666, ""dp_5_16"": 0.16666666666666666, ""dp_65_256"": 0.041666666666666664}","{""cn_0"": 0.7916666666666666, ""cn_1"": 0.041666666666666664, ""cn_2_3"": 0.125, ""cn_9_plus"": 0.041666666666666664}",0.6666666666666666,28.75,sasb_candidate_builder,9bcfafe6eb550d333ff0b1c40262329f7fc04cd3eb7639e9d7d658eefaf08ff3,24,9bcfafe6eb550d333ff0b1c40262329f7fc04cd3eb7639e9d7d658eefaf08ff3,"{""sasb_builder"": 24}",0,0,0,0,{},0.0,"{""common_neighbor_bin_l1"": 0.0, ""degree_product_bin_l1"": 0.0, ""is_boundary_edge_l1"": 0.0, ""is_bridge_edge_l1"": 0.0, ""is_inter_community_edge_l1"": 0.0, ""is_low_common_neighbor_edge_l1"": 0.0, ""mean_l1"": 0.0}",1,32,12,19.0,0
realworld_completed,bio_celegans,SASB-candidate,sasb,SASB-structured,20260513,1583,late,0.026490066225165563,0.026490066225165563,0.0,166,166,0,0.7817283950617284,0.7822222222222223,144,145,144--145,10,10,10,10,100,9,1.0,1,0,1,12,"[""144"", ""145"", ""26"", ""44"", ""48"", ""86"", ""87"", ""89"", ""91"", ""34"", ""33"", ""110""]",d7823813df8b50e5895d005c047c15093a9d1ff14b10321ae7b696d2b69310e4,"{""boundary"": 4, ""degree_core"": 4, ""random_fill"": 4}","{""degree_0_1"": 1, ""degree_2"": 2, ""degree_3_4"": 7, ""degree_9_plus"": 2}","{""0"": 4, ""1"": 4, ""2"": 2, ""3"": 2}",64,"{""backend"": ""evaluate_m19_theory_calibrated.candidate_features"", ""delta_mode"": ""none"", ""k_max"": 512, ""k_min"": 64, ""variant"": ""conservative""}",23,1.0,0.5652173913043478,0.5652173913043478,0.043478260869565216,0.8260869565217391,"{""dp_0_4"": 0.043478260869565216, ""dp_17_64"": 0.782608695652174, ""dp_5_16"": 0.13043478260869565, ""dp_65_256"": 0.043478260869565216}","{""cn_0"": 0.8260869565217391, ""cn_2_3"": 0.13043478260869565, ""cn_9_plus"": 0.043478260869565216}",0.6521739130434783,27.391304347826086,sasb_candidate_builder,c54c5f45f6e43d14334a5e4112903b3bce812b3718511e8cf679ff6949f0fd5a,23,c54c5f45f6e43d14334a5e4112903b3bce812b3718511e8cf679ff6949f0fd5a,"{""sasb_builder"": 23}",0,0,0,0,{},0.0,"{""common_neighbor_bin_l1"": 0.0, ""degree_product_bin_l1"": 0.0, ""is_boundary_edge_l1"": 0.0, ""is_bridge_edge_l1"": 0.0, ""is_inter_community_edge_l1"": 0.0, ""is_low_common_neighbor_edge_l1"": 0.0, ""mean_l1"": 0.0}",1,32,12,2.0,0
realworld_completed,bio_celegans,SASB-candidate,sasb,SASB-structured,20260513,1584,late,0.026490066225165563,0.026490066225165563,0.0,166,166,0,0.7822222222222223,0.782716049382716,44,48,44--48,3,3,3,3,9,2,1.0,0,2,2,12,"[""144"", ""145"", ""26"", ""44"", ""48"", ""86"", ""87"", ""89"", ""91"", ""33"", ""110"", ""34""]",cf3b386a59a24b5d0a7502707a8202d496e71f52642948c6af66d16326fd384d,"{""boundary"": 4, ""degree_core"": 4, ""random_fill"": 4}","{""degree_0_1"": 1, ""degree_2"": 2, ""degree_3_4"": 7, ""degree_9_plus"": 2}","{""0"": 4, ""1"": 4, ""2"": 2, ""3"": 2}",64,"{""backend"": ""evaluate_m19_theory_calibrated.candidate_features"", ""delta_mode"": ""none"", ""k_max"": 512, ""k_min"": 64, ""variant"": ""conservative""}",22,1.0,0.5454545454545454,0.5454545454545454,0.045454545454545456,0.8636363636363636,"{""dp_0_4"": 0.045454545454545456, ""dp_17_64"": 0.8181818181818182, ""dp_5_16"": 0.13636363636363635}","{""cn_0"": 0.8636363636363636, ""cn_2_3"": 0.13636363636363635}",0.2727272727272727,21.818181818181817,sasb_candidate_builder,fe4616add145f1577ded5157c469473bf1b12d9c54efa0ad1fca84ca58001773,22,fe4616add145f1577ded5157c469473bf1b12d9c54efa0ad1fca84ca58001773,"{""sasb_builder"": 22}",0,0,0,0,{},0.0,"{""common_neighbor_bin_l1"": 0.0, ""degree_product_bin_l1"": 0.0, ""is_boundary_edge_l1"": 0.0, ""is_bridge_edge_l1"": 0.0, ""is_inter_community_edge_l1"": 0.0, ""is_low_common_neighbor_edge_l1"": 0.0, ""mean_l1"": 0.0}",1,32,12,2.0,0
realworld_completed,bio_celegans,SASB-candidate,sasb,SASB-structured,20260513,1585,late,0.026490066225165563,0.026490066225165563,0.0,166,166,0,0.782716049382716,0.7832098765432098,86,89,86--89,3,3,3,3,9,2,1.0,0,1,1,12,"[""144"", ""145"", ""26"", ""44"", ""86"", ""87"", ""89"", ""91"", ""48"", ""34"", ""33"", ""110""]",70b521f98c634b83a34557e9c91797bcc138d9bc28a1d5c090d305d1c0ca73fb,"{""boundary"": 4, ""community_rep"": 1, ""degree_core"": 4, ""random_fill"": 3}","{""degree_0_1"": 1, ""degree_2"": 4, ""degree_3_4"": 5, ""degree_9_plus"": 2}","{""0"": 4, ""1"": 4, ""2"": 2, ""3"": 2}",64,"{""backend"": ""evaluate_m19_theory_calibrated.candidate_features"", ""delta_mode"": ""none"", ""k_max"": 512, ""k_min"": 64, ""variant"": ""conservative""}",21,1.0,0.5714285714285714,0.5714285714285714,0.047619047619047616,0.9047619047619048,"{""dp_0_4"": 0.047619047619047616, ""dp_17_64"": 0.8571428571428571, ""dp_5_16"": 0.09523809523809523}","{""cn_0"": 0.9047619047619048, ""cn_2_3"": 0.09523809523809523}",0.19047619047619047,20.714285714285715,sasb_candidate_builder,de1193dffe76d2748fca6ad6db542e119236790866f1dac13cfdf45baa2b8578,21,de1193dffe76d2748fca6ad6db542e119236790866f1dac13cfdf45baa2b8578,"{""sasb_builder"": 21}",0,0,0,0,{},0.0,"{""common_neighbor_bin_l1"": 0.0, ""degree_product_bin_l1"": 0.0, ""is_boundary_edge_l1"": 0.0, ""is_bridge_edge_l1"": 0.0, ""is_inter_community_edge_l1"": 0.0, ""is_low_common_neighbor_edge_l1"": 0.0, ""mean_l1"": 0.0}",1,32,12,2.0,0
realworld_completed,bio_celegans,SASB-candidate,sasb,SASB-structured,20260513,1586,late,0.026490066225165563,0.026490066225165563,0.0,166,166,0,0.7832098765432098,0.7837037037037037,87,91,87--91,3,3,3,3,9,2,1.0,0,0,0,12,"[""144"", ""145"", ""26"", ""44"", ""87"", ""91"", ""33"", ""34"", ""48"", ""86"", ""110"", ""89""]",c80a1a3afb026a97349746294673ec7dc1072e5e1d1d0aab1e1f25ded3458bcc,"{""boundary"": 4, ""community_rep"": 1, ""degree_core"": 4, ""random_fill"": 3}","{""degree_0_1"": 1, ""degree_2"": 6, ""degree_3_4"": 3, ""degree_9_plus"": 2}","{""0"": 4, ""1"": 4, ""2"": 2, ""3"": 2}",64,"{""backend"": ""evaluate_m19_theory_calibrated.candidate_features"", ""delta_mode"": ""none"", ""k_max"": 512, ""k_min"": 64, ""variant"": ""conservative""}",20,1.0,0.6,0.6,0.05,0.95,"{""dp_0_4"": 0.05, ""dp_17_64"": 0.9, ""dp_5_16"": 0.05}","{""cn_0"": 0.95, ""cn_2_3"": 0.05}",0.1,19.5,sasb_candidate_builder,cc512436f68ddb36e35af43a00554dc74a22b4eb039779e26b2c2c79b2393d3d,20,cc512436f68ddb36e35af43a00554dc74a22b4eb039779e26b2c2c79b2393d3d,"{""sasb_builder"": 20}",0,0,0,0,{},0.0,"{""common_neighbor_bin_l1"": 0.0, ""degree_product_bin_l1"": 0.0, ""is_boundary_edge_l1"": 0.0, ""is_bridge_edge_l1"": 0.0, ""is_inter_community_edge_l1"": 0.0, ""is_low_common_neighbor_edge_l1"": 0.0, ""mean_l1"": 0.0}",1,32,12,2.0,0
realworld_completed,bio_celegans,SASB-candidate,sasb,SASB-structured,20260513,1587,late,0.026490066225165563,0.026490066225165563,0.0,166,167,1,0.7837037037037037,0.7841975308641975,110,26,110--26,1,3,1,3,3,0,0.0,0,0,0,12,"[""144"", ""145"", ""26"", ""44"", ""33"", ""34"", ""48"", ""86"", ""87"", ""110"", ""89"", ""91""]",21ec6312b355dfffa24530f7e1631e1b3e6fccffaa367d7d7010008ee6491fe1,"{""boundary"": 4, ""degree_core"": 4, ""random_fill"": 4}","{""degree_0_1"": 1, ""degree_2"": 8, ""degree_3_4"": 1, ""degree_9_plus"": 2}","{""0"": 4, ""1"": 4, ""2"": 2, ""3"": 2}",64,"{""backend"": ""evaluate_m19_theory_calibrated.candidate_features"", ""delta_mode"": ""none"", ""k_max"": 512, ""k_min"": 64, ""variant"": ""conservative""}",19,1.0,0.631578947368421,0.631578947368421,0.05263157894736842,1.0,"{""dp_0_4"": 0.05263157894736842, ""dp_17_64"": 0.9473684210526315}","{""cn_0"": 1.0}",0.0,18.157894736842106,sasb_candidate_builder,929d96c25ec74edd748fab8a3c01844448ba7dccb22866df44a9f81ca12e09ac,19,929d96c25ec74edd748fab8a3c01844448ba7dccb22866df44a9f81ca12e09ac,"{""sasb_builder"": 19}",0,0,0,0,{},0.0,"{""common_neighbor_bin_l1"": 0.0, ""degree_product_bin_l1"": 0.0, ""is_boundary_edge_l1"": 0.0, ""is_bridge_edge_l1"": 0.0, ""is_inter_community_edge_l1"": 0.0, ""is_low_common_neighbor_edge_l1"": 0.0, ""mean_l1"": 0.0}",1,32,12,0.0,0
realworld_completed,bio_celegans,SASB-candidate,sasb,SASB-structured,20260513,1588,late,0.026490066225165563,0.026490066225165563,0.0,167,167,0,0.7841975308641975,0.7846913580246914,278,398,278--398,2,10,2,10,20,1,1.0,0,1,1,12,"[""398"", ""66"", ""78"", ""77"", ""64"", ""75"", ""10"", ""289"", ""278"", ""65"", ""365"", ""76""]",04aaeef6c7c72e394cb0b13b8bbb3e296182b6b2c5438fbe811a2ae1dfd5ba7d,"{""boundary"": 4, ""degree_core"": 4, ""random_fill"": 4}","{""degree_2"": 2, ""degree_3_4"": 6, ""degree_5_8"": 3, ""degree_9_plus"": 1}","{""0"": 6, ""1"": 6}",64,"{""backend"": ""evaluate_m19_theory_calibrated.candidate_features"", ""delta_mode"": ""none"", ""k_max"": 512, ""k_min"": 64, ""variant"": ""conservative""}",25,1.0,0.24,0.24,0.0,0.44,"{""dp_17_64"": 0.72, ""dp_5_16"": 0.28}","{""cn_0"": 0.28, ""cn_1"": 0.16, ""cn_2_3"": 0.52, ""cn_4_8"": 0.04}",1.6,25.64,sasb_candidate_builder,3ff82dc322c0780d86f32f0dac0c627252e36b83645ade32711086cdeeada4b2,25,3ff82dc322c0780d86f32f0dac0c627252e36b83645ade32711086cdeeada4b2,"{""sasb_builder"": 25}",0,0,0,0,{},0.0,"{""common_neighbor_bin_l1"": 0.0, ""degree_product_bin_l1"": 0.0, ""is_boundary_edge_l1"": 0.0, ""is_bridge_edge_l1"": 0.0, ""is_inter_community_edge_l1"": 0.0, ""is_low_common_neighbor_edge_l1"": 0.0, ""mean_l1"": 0.0}",1,32,12,19.0,0
realworld_completed,bio_celegans,SASB-candidate,sasb,SASB-structured,20260513,1589,late,0.026490066225165563,0.026490066225165563,0.0,167,167,0,0.7846913580246914,0.7851851851851852,10,398,10--398,3,9,3,9,27,2,1.0,0,2,2,12,"[""398"", ""66"", ""78"", ""77"", ""64"", ""75"", ""10"", ""289"", ""278"", ""76"", ""65"", ""365""]",efe3f3ece8100d0570283c5cf55041fb3a7fe13f88b09aaf42bf481fcd177bce,"{""boundary"": 4, ""degree_core"": 4, ""random_fill"": 4}","{""degree_0_1"": 1, ""degree_2"": 1, ""degree_3_4"": 6, ""degree_5_8"": 3, ""degree_9_plus"": 1}","{""0"": 6, ""1"": 6}",64,"{""backend"": ""evaluate_m19_theory_calibrated.candidate_features"", ""delta_mode"": ""none"", ""k_max"": 512, ""k_min"": 64, ""variant"": ""conservative""}",24,1.0,0.25,0.25,0.041666666666666664,0.4166666666666667,"{""dp_0_4"": 0.041666666666666664, ""dp_17_64"": 0.7083333333333334, ""dp_5_16"": 0.25}","{""cn_0"": 0.2916666666666667, ""cn_1"": 0.125, ""cn_2_3"": 0.5416666666666666, ""cn_4_8"": 0.041666666666666664}",1.625,24.25,sasb_candidate_builder,6858a9baada0d780ff08e8a6abbc6e9ec97b0131739eab22591f73175a2c2396,24,6858a9baada0d780ff08e8a6abbc6e9ec97b0131739eab22591f73175a2c2396,"{""sasb_builder"": 24}",0,0,0,0,{},0.0,"{""common_neighbor_bin_l1"": 0.0, ""degree_product_bin_l1"": 0.0, ""is_boundary_edge_l1"": 0.0, ""is_bridge_edge_l1"": 0.0, ""is_inter_community_edge_l1"": 0.0, ""is_low_common_neighbor_edge_l1"": 0.0, ""mean_l1"": 0.0}",1,32,12,18.0,0
realworld_completed,bio_celegans,SASB-candidate,sasb,SASB-structured,20260513,1590,late,0.026490066225165563,0.026490066225165563,0.0,167,167,0,0.7851851851851852,0.785679012345679,289,398,289--398,3,8,3,8,24,1,0.5,0,2,2,12,"[""398"", ""66"", ""78"", ""77"", ""64"", ""75"", ""289"", ""365"", ""10"", ""65"", ""278"", ""76""]",aaf3cab7258c9448ed7740b7b9aa4f3563a4b53f75a2590da6e78c1d5640a301,"{""boundary"": 4, ""degree_core"": 4, ""random_fill"": 4}","{""degree_0_1"": 1, ""degree_2"": 2, ""degree_3_4"": 5, ""degree_5_8"": 4}","{""0"": 6, ""1"": 6}",64,"{""backend"": ""evaluate_m19_theory_calibrated.candidate_features"", ""delta_mode"": ""none"", ""k_max"": 512, ""k_min"": 64, ""variant"": ""conservative""}",23,1.0,0.2608695652173913,0.2608695652173913,0.043478260869565216,0.6086956521739131,"{""dp_0_4"": 0.043478260869565216, ""dp_17_64"": 0.6956521739130435, ""dp_5_16"": 0.2608695652173913}","{""cn_0"": 0.30434782608695654, ""cn_1"": 0.30434782608695654, ""cn_2_3"": 0.34782608695652173, ""cn_4_8"": 0.043478260869565216}",1.434782608695652,22.434782608695652,sasb_candidate_builder,5f645824da6c66a33a870c6b3884ef83c7a595d44fedc07b0681c75f15401a21,23,5f645824da6c66a33a870c6b3884ef83c7a595d44fedc07b0681c75f15401a21,"{""sasb_builder"": 23}",0,0,0,0,{},0.0,"{""common_neighbor_bin_l1"": 0.0, ""degree_product_bin_l1"": 0.0, ""is_boundary_edge_l1"": 0.0, ""is_bridge_edge_l1"": 0.0, ""is_inter_community_edge_l1"": 0.0, ""is_low_common_neighbor_edge_l1"": 0.0, ""mean_l1"": 0.0}",1,32,12,27.0,0
realworld_completed,bio_celegans,SASB-candidate,sasb,SASB-structured,20260513,1591,late,0.026490066225165563,0.026490066225165563,0.0,167,168,1,0.785679012345679,0.7861728395061729,365,398,365--398,3,7,3,7,21,0,0.0,1,2,0,12,"[""398"", ""66"", ""78"", ""77"", ""64"", ""75"", ""365"", ""65"", ""289"", ""10"", ""76"", ""278""]",18e674e16775683d75a22c5337d486725ba6bdc24d9c520624bdada0b87847ba,"{""boundary"": 4, ""degree_core"": 4, ""random_fill"": 4}","{""degree_0_1"": 1, ""degree_2"": 3, ""degree_3_4"": 4, ""degree_5_8"": 4}","{""0"": 6, ""1"": 6}",64,"{""backend"": ""evaluate_m19_theory_calibrated.candidate_features"", ""delta_mode"": ""none"", ""k_max"": 512, ""k_min"": 64, ""variant"": ""conservative""}",22,1.0,0.2727272727272727,0.2727272727272727,0.09090909090909091,0.6363636363636364,"{""dp_0_4"": 0.09090909090909091, ""dp_17_64"": 0.6818181818181818, ""dp_5_16"": 0.22727272727272727}","{""cn_0"": 0.36363636363636365, ""cn_1"": 0.2727272727272727, ""cn_2_3"": 0.3181818181818182, ""cn_4_8"": 0.045454545454545456}",1.3636363636363635,20.772727272727273,sasb_candidate_builder,2a971d00e7711e73ac2f59fee2cf57cead522e92d3bf623a4a0f604167e8ceaf,22,2a971d00e7711e73ac2f59fee2cf57cead522e92d3bf623a4a0f604167e8ceaf,"{""sasb_builder"": 22}",0,0,0,0,{},0.0,"{""common_neighbor_bin_l1"": 0.0, ""degree_product_bin_l1"": 0.0, ""is_boundary_edge_l1"": 0.0, ""is_bridge_edge_l1"": 0.0, ""is_inter_community_edge_l1"": 0.0, ""is_low_common_neighbor_edge_l1"": 0.0, ""mean_l1"": 0.0}",1,32,12,54.0,0
realworld_completed,bio_celegans,SASB-candidate,sasb,SASB-structured,20260513,1592,late,0.026490066225165563,0.026490066225165563,0.0,168,168,0,0.7861728395061729,0.7866666666666666,68,85,68--85,3,7,3,7,21,1,0.5,1,1,0,12,"[""85"", ""92"", ""13"", ""431"", ""57"", ""166"", ""68"", ""94"", ""234"", ""375"", ""356"", ""373""]",b6f14124faa6fda3e8d3adecbcbe6b7747e658069847976e25e05cbd99969d8b,"{""boundary"": 4, ""degree_core"": 4, ""random_fill"": 4}","{""degree_0_1"": 3, ""degree_2"": 1, ""degree_3_4"": 6, ""degree_5_8"": 2}","{""0"": 4, ""1"": 4, ""2"": 4}",64,"{""backend"": ""evaluate_m19_theory_calibrated.candidate_features"", ""delta_mode"": ""none"", ""k_max"": 512, ""k_min"": 64, ""variant"": ""conservative""}",19,1.0,0.3684210526315789,0.3684210526315789,0.2631578947368421,0.631578947368421,"{""dp_0_4"": 0.10526315789473684, ""dp_17_64"": 0.42105263157894735, ""dp_5_16"": 0.47368421052631576}","{""cn_0"": 0.5263157894736842, ""cn_1"": 0.10526315789473684, ""cn_2_3"": 0.3684210526315789}",0.8421052631578947,16.05263157894737,sasb_candidate_builder,f63ad330ab57822100b5f4dbd338d3495b1d2dd5c73c9dc5f43ad1eebae59585,19,f63ad330ab57822100b5f4dbd338d3495b1d2dd5c73c9dc5f43ad1eebae59585,"{""sasb_builder"": 19}",0,0,0,0,{},0.0,"{""common_neighbor_bin_l1"": 0.0, ""degree_product_bin_l1"": 0.0, ""is_boundary_edge_l1"": 0.0, ""is_bridge_edge_l1"": 0.0, ""is_inter_community_edge_l1"": 0.0, ""is_low_common_neighbor_edge_l1"": 0.0, ""mean_l1"": 0.0}",1,32,12,17.066666666666663,0
realworld_completed,bio_celegans,SASB-candidate,sasb,SASB-structured,20260513,1593,late,0.026490066225165563,0.026490066225165563,0.0,168,168,0,0.7866666666666666,0.7871604938271605,57,85,57--85,4,6,4,6,24,1,0.3333333333333333,1,0,2,12,"[""85"", ""92"", ""13"", ""431"", ""57"", ""166"", ""94"", ""375"", ""234"", ""68"", ""373"", ""356""]",57a7c7de6cd8931a8f1f9843e350b4d20dbe36ff8851e64b1b2898575eae328e,"{""boundary"": 4, ""degree_core"": 4, ""random_fill"": 4}","{""degree_0_1"": 3, ""degree_2"": 2, ""degree_3_4"": 5, ""degree_5_8"": 2}","{""0"": 4, ""1"": 4, ""2"": 4}",64,"{""backend"": ""evaluate_m19_theory_calibrated.candidate_features"", ""delta_mode"": ""none"", ""k_max"": 512, ""k_min"": 64, ""variant"": ""conservative""}",18,1.0,0.3333333333333333,0.3333333333333333,0.2777777777777778,0.7222222222222222,"{""dp_0_4"": 0.1111111111111111, ""dp_17_64"": 0.3888888888888889, ""dp_5_16"": 0.5}","{""cn_0"": 0.5555555555555556, ""cn_1"": 0.16666666666666666, ""cn_2_3"": 0.2777777777777778}",0.7222222222222222,14.277777777777779,sasb_candidate_builder,9757532704b9b9fcd9f7157a16b49fdd09ba7de491b2a7a48baeac25f699f232,18,9757532704b9b9fcd9f7157a16b49fdd09ba7de491b2a7a48baeac25f699f232,"{""sasb_builder"": 18}",0,0,0,0,{},0.0,"{""common_neighbor_bin_l1"": 0.0, ""degree_product_bin_l1"": 0.0, ""is_boundary_edge_l1"": 0.0, ""is_bridge_edge_l1"": 0.0, ""is_inter_community_edge_l1"": 0.0, ""is_low_common_neighbor_edge_l1"": 0.0, ""mean_l1"": 0.0}",1,32,12,28.666666666666664,0
realworld_completed,bio_celegans,SASB-candidate,sasb,SASB-structured,20260513,1594,late,0.026490066225165563,0.026490066225165563,0.0,168,168,0,0.7871604938271605,0.7876543209876543,13,85,13--85,4,5,4,5,20,2,0.6666666666666666,0,2,2,12,"[""85"", ""92"", ""13"", ""431"", ""166"", ""57"", ""94"", ""375"", ""373"", ""68"", ""356"", ""234""]",4e92536f95a2b5b571bfe5a55d5fca7ea05551373dd65ce36759ecfd4496f9f5,"{""boundary"": 4, ""degree_core"": 4, ""random_fill"": 4}","{""degree_0_1"": 3, ""degree_2"": 2, ""degree_3_4"": 5, ""degree_5_8"": 2}","{""0"": 4, ""1"": 4, ""2"": 4}",64,"{""backend"": ""evaluate_m19_theory_calibrated.candidate_features"", ""delta_mode"": ""none"", ""k_max"": 512, ""k_min"": 64, ""variant"": ""conservative""}",17,1.0,0.29411764705882354,0.29411764705882354,0.29411764705882354,0.7058823529411765,"{""dp_0_4"": 0.11764705882352941, ""dp_17_64"": 0.23529411764705882, ""dp_5_16"": 0.6470588235294118}","{""cn_0"": 0.5882352941176471, ""cn_1"": 0.11764705882352941, ""cn_2_3"": 0.29411764705882354}",0.7058823529411765,12.235294117647058,sasb_candidate_builder,c866341261fd34e9d69a9e409fa4fda9c0c4772a41dc5ee35a7aef12bded5f14,17,c866341261fd34e9d69a9e409fa4fda9c0c4772a41dc5ee35a7aef12bded5f14,"{""sasb_builder"": 17}",0,0,0,0,{},0.0,"{""common_neighbor_bin_l1"": 0.0, ""degree_product_bin_l1"": 0.0, ""is_boundary_edge_l1"": 0.0, ""is_bridge_edge_l1"": 0.0, ""is_inter_community_edge_l1"": 0.0, ""is_low_common_neighbor_edge_l1"": 0.0, ""mean_l1"": 0.0}",1,32,12,19.0,0
realworld_completed,bio_celegans,SASB-candidate,sasb,SASB-structured,20260513,1595,late,0.026490066225165563,0.026490066225165563,0.0,168,168,0,0.7876543209876543,0.7881481481481482,68,92,68--92,2,5,2,5,10,1,1.0,0,2,2,12,"[""92"", ""431"", ""85"", ""13"", ""166"", ""57"", ""94"", ""375"", ""234"", ""373"", ""356"", ""68""]",313d4aa5159e2958930876054e235507c57ec1a64821bd0b06e7cbaf6d33b5fb,"{""boundary"": 4, ""degree_core"": 4, ""random_fill"": 4}","{""degree_0_1"": 3, ""degree_2"": 2, ""degree_3_4"": 6, ""degree_5_8"": 1}","{""0"": 4, ""1"": 4, ""2"": 4}",64,"{""backend"": ""evaluate_m19_theory_calibrated.candidate_features"", ""delta_mode"": ""none"", ""k_max"": 512, ""k_min"": 64, ""variant"": ""conservative""}",16,1.0,0.3125,0.3125,0.3125,0.875,"{""dp_0_4"": 0.1875, ""dp_17_64"": 0.0625, ""dp_5_16"": 0.75}","{""cn_0"": 0.625, ""cn_1"": 0.25, ""cn_2_3"": 0.125}",0.5,10.375,sasb_candidate_builder,23b4a03078eb490a5a338ca29e063b85aedcfb780aeaa71e112c3e6a5235b1b4,16,23b4a03078eb490a5a338ca29e063b85aedcfb780aeaa71e112c3e6a5235b1b4,"{""sasb_builder"": 16}",0,0,0,0,{},0.0,"{""common_neighbor_bin_l1"": 0.0, ""degree_product_bin_l1"": 0.0, ""is_boundary_edge_l1"": 0.0, ""is_bridge_edge_l1"": 0.0, ""is_inter_community_edge_l1"": 0.0, ""is_low_common_neighbor_edge_l1"": 0.0, ""mean_l1"": 0.0}",1,32,12,15.0,0
realworld_completed,bio_celegans,SASB-candidate,sasb,SASB-structured,20260513,1596,late,0.026490066225165563,0.026490066225165563,0.0,168,169,1,0.7881481481481482,0.788641975308642,57,68,57--68,3,1,1,3,3,0,0.0,0,2,2,12,"[""431"", ""85"", ""92"", ""13"", ""166"", ""57"", ""94"", ""375"", ""68"", ""356"", ""234"", ""373""]",4a17df84faa080d701df49c96e37a9a2b68f6cfab7f049df139d36c1c30760fd,"{""boundary"": 4, ""degree_core"": 4, ""random_fill"": 4}","{""degree_0_1"": 4, ""degree_2"": 1, ""degree_3_4"": 7}","{""0"": 4, ""1"": 4, ""2"": 4}",64,"{""backend"": ""evaluate_m19_theory_calibrated.candidate_features"", ""delta_mode"": ""none"", ""k_max"": 512, ""k_min"": 64, ""variant"": ""conservative""}",15,1.0,0.3333333333333333,0.3333333333333333,0.4,0.9333333333333333,"{""dp_0_4"": 0.26666666666666666, ""dp_5_16"": 0.7333333333333333}","{""cn_0"": 0.7333333333333333, ""cn_1"": 0.2, ""cn_2_3"": 0.06666666666666667}",0.3333333333333333,9.333333333333334,sasb_candidate_builder,d47677c74eec38c7fd29fe2470c4e118b635216c12d0d5f110fbb2a71854c501,15,d47677c74eec38c7fd29fe2470c4e118b635216c12d0d5f110fbb2a71854c501,"{""sasb_builder"": 15}",0,0,0,0,{},0.0,"{""common_neighbor_bin_l1"": 0.0, ""degree_product_bin_l1"": 0.0, ""is_boundary_edge_l1"": 0.0, ""is_bridge_edge_l1"": 0.0, ""is_inter_community_edge_l1"": 0.0, ""is_low_common_neighbor_edge_l1"": 0.0, ""mean_l1"": 0.0}",1,32,12,22.0,0
realworld_completed,bio_celegans,SASB-candidate,sasb,SASB-structured,20260513,1597,late,0.026490066225165563,0.026490066225165563,0.0,169,170,1,0.788641975308642,0.7891358024691358,150,95,150--95,2,3,2,3,6,0,0.0,0,2,2,12,"[""97"", ""150"", ""302"", ""307"", ""95"", ""35"", ""230"", ""293"", ""362"", ""347"", ""393"", ""360""]",02039cd5ca4a461e12d94840aad306e8f9d94f3bf6ce0b85dd992e4325cd0838,"{""boundary"": 4, ""degree_core"": 4, ""random_fill"": 4}","{""degree_0_1"": 6, ""degree_2"": 4, ""degree_3_4"": 1, ""degree_5_8"": 1}","{""0"": 5, ""1"": 3, ""2"": 4}",64,"{""backend"": ""evaluate_m19_theory_calibrated.candidate_features"", ""delta_mode"": ""none"", ""k_max"": 512, ""k_min"": 64, ""variant"": ""conservative""}",12,1.0,0.25,0.25,0.6666666666666666,1.0,"{""dp_0_4"": 0.3333333333333333, ""dp_5_16"": 0.6666666666666666}","{""cn_0"": 1.0}",0.0,7.5,sasb_candidate_builder,434573ae1df5e0e8cf15d9352d5930a836b9105d1411d16fae186bdaa57817c2,12,434573ae1df5e0e8cf15d9352d5930a836b9105d1411d16fae186bdaa57817c2,"{""sasb_builder"": 12}",0,0,0,0,{},0.0,"{""common_neighbor_bin_l1"": 0.0, ""degree_product_bin_l1"": 0.0, ""is_boundary_edge_l1"": 0.0, ""is_bridge_edge_l1"": 0.0, ""is_inter_community_edge_l1"": 0.0, ""is_low_common_neighbor_edge_l1"": 0.0, ""mean_l1"": 0.0}",1,32,12,0.0,0
realworld_completed,bio_celegans,SASB-candidate,sasb,SASB-structured,20260513,1598,late,0.026490066225165563,0.026490066225165563,0.0,170,170,0,0.7891358024691358,0.7896296296296297,281,285,281--285,11,3,3,11,33,2,1.0,1,0,1,12,"[""281"", ""135"", ""283"", ""282"", ""101"", ""113"", ""124"", ""420"", ""90"", ""79"", ""285"", ""46""]",205d5fac085a86f97da6586e44c2ffeb9c2fe6287b764ced07bde3de34760f06,"{""boundary"": 4, ""degree_core"": 4, ""random_fill"": 4}","{""degree_3_4"": 8, ""degree_5_8"": 3, ""degree_9_plus"": 1}","{""0"": 7, ""1"": 5}",64,"{""backend"": ""evaluate_m19_theory_calibrated.candidate_features"", ""delta_mode"": ""none"", ""k_max"": 512, ""k_min"": 64, ""variant"": ""conservative""}",29,1.0,0.2413793103448276,0.2413793103448276,0.0,0.3103448275862069,"{""dp_17_64"": 0.7241379310344828, ""dp_5_16"": 0.2413793103448276, ""dp_65_256"": 0.034482758620689655}","{""cn_0"": 0.3103448275862069, ""cn_2_3"": 0.5862068965517241, ""cn_4_8"": 0.10344827586206896}",1.9310344827586208,30.79310344827586,sasb_candidate_builder,9ccca961a5b456210981385d1d79f9d090c4a1c1c4abb7878bfbf0ba847dfa04,29,9ccca961a5b456210981385d1d79f9d090c4a1c1c4abb7878bfbf0ba847dfa04,"{""sasb_builder"": 29}",0,0,0,0,{},0.0,"{""common_neighbor_bin_l1"": 0.0, ""degree_product_bin_l1"": 0.0, ""is_boundary_edge_l1"": 0.0, ""is_bridge_edge_l1"": 0.0, ""is_inter_community_edge_l1"": 0.0, ""is_low_common_neighbor_edge_l1"": 0.0, ""mean_l1"": 0.0}",1,32,12,15.666666666666666,0
realworld_completed,bio_celegans,SASB-candidate,sasb,SASB-structured,20260513,1599,late,0.026490066225165563,0.026490066225165563,0.0,170,170,0,0.7896296296296297,0.7901234567901234,281,282,281--282,10,5,5,10,50,3,0.75,1,1,0,12,"[""281"", ""135"", ""283"", ""282"", ""101"", ""113"", ""124"", ""420"", ""285"", ""79"", ""90"", ""46""]",f6790a666731f42edc3c17469e7a6870e91da9fcc9a4787a746238a78e4488f5,"{""boundary"": 4, ""degree_core"": 4, ""random_fill"": 4}","{""degree_2"": 1, ""degree_3_4"": 7, ""degree_5_8"": 3, ""degree_9_plus"": 1}","{""0"": 7, ""1"": 5}",64,"{""backend"": ""evaluate_m19_theory_calibrated.candidate_features"", ""delta_mode"": ""none"", ""k_max"": 512, ""k_min"": 64, ""variant"": ""conservative""}",28,1.0,0.21428571428571427,0.21428571428571427,0.0,0.35714285714285715,"{""dp_17_64"": 0.7142857142857143, ""dp_5_16"": 0.25, ""dp_65_256"": 0.03571428571428571}","{""cn_0"": 0.32142857142857145, ""cn_1"": 0.03571428571428571, ""cn_2_3"": 0.5714285714285714, ""cn_4_8"": 0.07142857142857142}",1.8571428571428572,28.821428571428573,sasb_candidate_builder,982ac626230e38e1f82186d4ef7cfac2b260774a4257c053a63819b3d212b163,28,982ac626230e38e1f82186d4ef7cfac2b260774a4257c053a63819b3d212b163,"{""sasb_builder"": 28}",0,0,0,0,{},0.0,"{""common_neighbor_bin_l1"": 0.0, ""degree_product_bin_l1"": 0.0, ""is_boundary_edge_l1"": 0.0, ""is_bridge_edge_l1"": 0.0, ""is_inter_community_edge_l1"": 0.0, ""is_low_common_neighbor_edge_l1"": 0.0, ""mean_l1"": 0.0}",1,32,12,18.333333333333332,0
realworld_completed,bio_celegans,SASB-candidate,sasb,SASB-structured,20260513,1600,late,0.026490066225165563,0.026490066225165563,0.0,170,170,0,0.7901234567901234,0.7906172839506173,135,282,135--282,5,4,4,5,20,1,0.3333333333333333,0,0,0,12,"[""281"", ""135"", ""283"", ""124"", ""101"", ""113"", ""282"", ""420"", ""46"", ""285"", ""79"", ""90""]",632218c75ce04c134915d4c9763fbf4e2462cc0e4fcdeae6c2501e82dda3b765,"{""boundary"": 4, ""degree_core"": 4, ""random_fill"": 4}","{""degree_2"": 1, ""degree_3_4"": 8, ""degree_5_8"": 2, ""degree_9_plus"": 1}","{""0"": 7, ""1"": 5}",64,"{""backend"": ""evaluate_m19_theory_calibrated.candidate_features"", ""delta_mode"": ""none"", ""k_max"": 512, ""k_min"": 64, ""variant"": ""conservative""}",27,1.0,0.18518518518518517,0.18518518518518517,0.0,0.4074074074074074,"{""dp_17_64"": 0.6666666666666666, ""dp_5_16"": 0.3333333333333333}","{""cn_0"": 0.3333333333333333, ""cn_1"": 0.07407407407407407, ""cn_2_3"": 0.5555555555555556, ""cn_4_8"": 0.037037037037037035}",1.6666666666666667,26.037037037037038,sasb_candidate_builder,cef0d4f7edd7474921717d782e92a1b5455e2766b8caad649f4ece557ec0d611,27,cef0d4f7edd7474921717d782e92a1b5455e2766b8caad649f4ece557ec0d611,"{""sasb_builder"": 27}",0,0,0,0,{},0.0,"{""common_neighbor_bin_l1"": 0.0, ""degree_product_bin_l1"": 0.0, ""is_boundary_edge_l1"": 0.0, ""is_bridge_edge_l1"": 0.0, ""is_inter_community_edge_l1"": 0.0, ""is_low_common_neighbor_edge_l1"": 0.0, ""mean_l1"": 0.0}",1,32,12,15.533333333333333,0
realworld_completed,bio_celegans,SASB-candidate,sasb,SASB-structured,20260513,1601,late,0.026490066225165563,0.026490066225165563,0.0,170,170,0,0.7906172839506173,0.7911111111111111,281,420,281--420,9,4,4,9,36,2,0.6666666666666666,1,1,0,12,"[""281"", ""135"", ""283"", ""124"", ""101"", ""113"", ""420"", ""46"", ""90"", ""285"", ""282"", ""79""]",2abe21e453bf055ce913ea6082e0235584dd5c4877eed18650079fd62c8aa380,"{""boundary"": 4, ""degree_core"": 4, ""random_fill"": 4}","{""degree_2"": 1, ""degree_3_4"": 9, ""degree_5_8"": 1, ""degree_9_plus"": 1}","{""0"": 7, ""1"": 5}",64,"{""backend"": ""evaluate_m19_theory_calibrated.candidate_features"", ""delta_mode"": ""none"", ""k_max"": 512, ""k_min"": 64, ""variant"": ""conservative""}",26,1.0,0.19230769230769232,0.19230769230769232,0.0,0.46153846153846156,"{""dp_17_64"": 0.5769230769230769, ""dp_5_16"": 0.4230769230769231}","{""cn_0"": 0.34615384615384615, ""cn_1"": 0.11538461538461539, ""cn_2_3"": 0.5, ""cn_4_8"": 0.038461538461538464}",1.6153846153846154,24.96153846153846,sasb_candidate_builder,d499de6aa348d6826e548cdfbf07d085d90dc5019fc72a6f78c134eb802e04ee,26,d499de6aa348d6826e548cdfbf07d085d90dc5019fc72a6f78c134eb802e04ee,"{""sasb_builder"": 26}",0,0,0,0,{},0.0,"{""common_neighbor_bin_l1"": 0.0, ""degree_product_bin_l1"": 0.0, ""is_boundary_edge_l1"": 0.0, ""is_bridge_edge_l1"": 0.0, ""is_inter_community_edge_l1"": 0.0, ""is_low_common_neighbor_edge_l1"": 0.0, ""mean_l1"": 0.0}",1,32,12,18.333333333333332,0
realworld_completed,bio_celegans,SASB-candidate,sasb,SASB-structured,20260513,1602,late,0.026490066225165563,0.026490066225165563,0.0,170,170,0,0.7911111111111111,0.7916049382716049,135,420,135--420,4,3,3,4,12,0,0.0,1,1,0,12,"[""135"", ""281"", ""283"", ""124"", ""101"", ""113"", ""46"", ""90"", ""420"", ""285"", ""79"", ""282""]",77fe39acd901aed73c25a9ac614e21b440e650ecdb95f8887a8ef1a63d7047c4,"{""boundary"": 4, ""degree_core"": 4, ""random_fill"": 4}","{""degree_2"": 1, ""degree_3_4"": 9, ""degree_5_8"": 2}","{""0"": 7, ""1"": 5}",64,"{""backend"": ""evaluate_m19_theory_calibrated.candidate_features"", ""delta_mode"": ""none"", ""k_max"": 512, ""k_min"": 64, ""variant"": ""conservative""}",25,1.0,0.16,0.16,0.0,0.48,"{""dp_17_64"": 0.56, ""dp_5_16"": 0.44}","{""cn_0"": 0.4, ""cn_1"": 0.08, ""cn_2_3"": 0.48, ""cn_4_8"": 0.04}",1.52,22.72,sasb_candidate_builder,a102eb0fdc644d6851eeca4d9ea8182864b011f427720dccd8b384b3cb4afbcd,25,a102eb0fdc644d6851eeca4d9ea8182864b011f427720dccd8b384b3cb4afbcd,"{""sasb_builder"": 25}",0,0,0,0,{},0.0,"{""common_neighbor_bin_l1"": 0.0, ""degree_product_bin_l1"": 0.0, ""is_boundary_edge_l1"": 0.0, ""is_bridge_edge_l1"": 0.0, ""is_inter_community_edge_l1"": 0.0, ""is_low_common_neighbor_edge_l1"": 0.0, ""mean_l1"": 0.0}",1,32,12,18.833333333333332,0
realworld_completed,bio_celegans,SASB-candidate,sasb,SASB-structured,20260513,1603,late,0.026490066225165563,0.026490066225165563,0.0,170,170,0,0.7916049382716049,0.7920987654320988,135,281,135--281,3,8,3,8,24,2,1.0,0,1,1,12,"[""135"", ""281"", ""283"", ""124"", ""101"", ""113"", ""46"", ""90"", ""285"", ""79"", ""420"", ""282""]",1c3ca5a1ad09abead598d56cacc67c3b0122489299bdd1dba15c82b0bed51746,"{""boundary"": 4, ""degree_core"": 4, ""random_fill"": 4}","{""degree_2"": 2, ""degree_3_4"": 8, ""degree_5_8"": 2}","{""0"": 7, ""1"": 5}",64,"{""backend"": ""evaluate_m19_theory_calibrated.candidate_features"", ""delta_mode"": ""none"", ""k_max"": 512, ""k_min"": 64, ""variant"": ""conservative""}",24,1.0,0.16666666666666666,0.16666666666666666,0.041666666666666664,0.4583333333333333,"{""dp_17_64"": 0.5833333333333334, ""dp_5_16"": 0.4166666666666667}","{""cn_0"": 0.375, ""cn_1"": 0.08333333333333333, ""cn_2_3"": 0.5, ""cn_4_8"": 0.041666666666666664}",1.5833333333333333,22.083333333333332,sasb_candidate_builder,1ee843bc50bcd45ebbaca57cb7f4c458efc26c28d5bcdada36e961c45d2fe2c5,24,1ee843bc50bcd45ebbaca57cb7f4c458efc26c28d5bcdada36e961c45d2fe2c5,"{""sasb_builder"": 24}",0,0,0,0,{},0.0,"{""common_neighbor_bin_l1"": 0.0, ""degree_product_bin_l1"": 0.0, ""is_boundary_edge_l1"": 0.0, ""is_bridge_edge_l1"": 0.0, ""is_inter_community_edge_l1"": 0.0, ""is_low_common_neighbor_edge_l1"": 0.0, ""mean_l1"": 0.0}",1,32,12,13.666666666666666,0
realworld_completed,bio_celegans,SASB-candidate,sasb,SASB-structured,20260513,1604,late,0.026490066225165563,0.026490066225165563,0.0,170,170,0,0.7920987654320988,0.7925925925925926,124,281,124--281,4,7,4,7,28,2,0.6666666666666666,0,1,1,12,"[""135"", ""281"", ""283"", ""124"", ""101"", ""113"", ""46"", ""90"", ""285"", ""420"", ""282"", ""79""]",98e66f1535f6feec91c60c09808c821e853514eadb55f6ad2724dc040defd036,"{""boundary"": 4, ""degree_core"": 4, ""random_fill"": 4}","{""degree_2"": 3, ""degree_3_4"": 7, ""degree_5_8"": 2}","{""0"": 7, ""1"": 5}",64,"{""backend"": ""evaluate_m19_theory_calibrated.candidate_features"", ""delta_mode"": ""none"", ""k_max"": 512, ""k_min"": 64, ""variant"": ""conservative""}",23,1.0,0.13043478260869565,0.13043478260869565,0.043478260869565216,0.5652173913043478,"{""dp_17_64"": 0.5217391304347826, ""dp_5_16"": 0.4782608695652174}","{""cn_0"": 0.391304347826087, ""cn_1"": 0.17391304347826086, ""cn_2_3"": 0.391304347826087, ""cn_4_8"": 0.043478260869565216}",1.391304347826087,20.217391304347824,sasb_candidate_builder,8938f0caf5a7b79b0dec5d50ca9ec1df2f2662a3b18a8beb137734202df07158,23,8938f0caf5a7b79b0dec5d50ca9ec1df2f2662a3b18a8beb137734202df07158,"{""sasb_builder"": 23}",0,0,0,0,{},0.0,"{""common_neighbor_bin_l1"": 0.0, ""degree_product_bin_l1"": 0.0, ""is_boundary_edge_l1"": 0.0, ""is_bridge_edge_l1"": 0.0, ""is_inter_community_edge_l1"": 0.0, ""is_low_common_neighbor_edge_l1"": 0.0, ""mean_l1"": 0.0}",1,32,12,17.666666666666664,0
realworld_completed,bio_celegans,SASB-candidate,sasb,SASB-structured,20260513,1605,late,0.026490066225165563,0.026490066225165563,0.0,170,170,0,0.7925925925925926,0.7930864197530865,281,283,281--283,6,7,6,7,42,4,0.8,1,0,2,12,"[""135"", ""283"", ""281"", ""46"", ""101"", ""113"", ""90"", ""124"", ""420"", ""282"", ""285"", ""79""]",dbd870ab29900c4aa829ffb919d770f6d12ad561d0941418b94f7f1dec8848cb,"{""boundary"": 4, ""degree_core"": 4, ""random_fill"": 4}","{""degree_2"": 3, ""degree_3_4"": 7, ""degree_5_8"": 2}","{""0"": 7, ""1"": 5}",64,"{""backend"": ""evaluate_m19_theory_calibrated.candidate_features"", ""delta_mode"": ""none"", ""k_max"": 512, ""k_min"": 64, ""variant"": ""conservative""}",22,1.0,0.13636363636363635,0.13636363636363635,0.045454545454545456,0.6363636363636364,"{""dp_17_64"": 0.5, ""dp_5_16"": 0.5}","{""cn_0"": 0.4090909090909091, ""cn_1"": 0.22727272727272727, ""cn_2_3"": 0.3181818181818182, ""cn_4_8"": 0.045454545454545456}",1.1818181818181819,18.09090909090909,sasb_candidate_builder,e0b3b9ce66fed22eb571c90d289152860526413d678486aa9ae960e186c93931,22,e0b3b9ce66fed22eb571c90d289152860526413d678486aa9ae960e186c93931,"{""sasb_builder"": 22}",0,0,0,0,{},0.0,"{""common_neighbor_bin_l1"": 0.0, ""degree_product_bin_l1"": 0.0, ""is_boundary_edge_l1"": 0.0, ""is_bridge_edge_l1"": 0.0, ""is_inter_community_edge_l1"": 0.0, ""is_low_common_neighbor_edge_l1"": 0.0, ""mean_l1"": 0.0}",1,32,12,25.0,0
realworld_completed,bio_celegans,SASB-candidate,sasb,SASB-structured,20260513,1606,late,0.026490066225165563,0.026490066225165563,0.0,170,170,0,0.7930864197530865,0.7935802469135802,113,281,113--281,4,5,4,5,20,1,0.3333333333333333,1,2,1,12,"[""135"", ""283"", ""281"", ""46"", ""101"", ""113"", ""90"", ""124"", ""420"", ""285"", ""282"", ""79""]",904e2732bd9285775eedd304576d0c4c0a791992ba1fdea5c7d30857a84536a1,"{""boundary"": 4, ""degree_core"": 4, ""random_fill"": 4}","{""degree_2"": 3, ""degree_3_4"": 7, ""degree_5_8"": 2}","{""0"": 7, ""1"": 5}",64,"{""backend"": ""evaluate_m19_theory_calibrated.candidate_features"", ""delta_mode"": ""none"", ""k_max"": 512, ""k_min"": 64, ""variant"": ""conservative""}",21,1.0,0.14285714285714285,0.14285714285714285,0.047619047619047616,0.7142857142857143,"{""dp_17_64"": 0.42857142857142855, ""dp_5_16"": 0.5714285714285714}","{""cn_0"": 0.42857142857142855, ""cn_1"": 0.2857142857142857, ""cn_2_3"": 0.2857142857142857}",0.8571428571428571,15.095238095238095,sasb_candidate_builder,bab8f6cfbd426b9650af01582628fbb641334a49633a84f12718834a221d36d8,21,bab8f6cfbd426b9650af01582628fbb641334a49633a84f12718834a221d36d8,"{""sasb_builder"": 21}",0,0,0,0,{},0.0,"{""common_neighbor_bin_l1"": 0.0, ""degree_product_bin_l1"": 0.0, ""is_boundary_edge_l1"": 0.0, ""is_bridge_edge_l1"": 0.0, ""is_inter_community_edge_l1"": 0.0, ""is_low_common_neighbor_edge_l1"": 0.0, ""mean_l1"": 0.0}",1,32,12,28.166666666666664,0
realworld_completed,bio_celegans,SASB-candidate,sasb,SASB-structured,20260513,1607,late,0.026490066225165563,0.026490066225165563,0.0,170,170,0,0.7935802469135802,0.794074074074074,101,281,101--281,4,4,4,4,16,1,0.3333333333333333,0,0,0,12,"[""135"", ""283"", ""281"", ""46"", ""101"", ""90"", ""113"", ""124"", ""79"", ""285"", ""282"", ""420""]",c184f187d17f2af429ea24923532edc5428802ee0d805eb2b3e070183d6bb918,"{""boundary"": 4, ""degree_core"": 4, ""random_fill"": 4}","{""degree_2"": 3, ""degree_3_4"": 8, ""degree_5_8"": 1}","{""0"": 7, ""1"": 5}",64,"{""backend"": ""evaluate_m19_theory_calibrated.candidate_features"", ""delta_mode"": ""none"", ""k_max"": 512, ""k_min"": 64, ""variant"": ""conservative""}",20,1.0,0.15,0.15,0.05,0.8,"{""dp_17_64"": 0.25, ""dp_5_16"": 0.75}","{""cn_0"": 0.45, ""cn_1"": 0.35, ""cn_2_3"": 0.2}",0.75,13.45,sasb_candidate_builder,d6a5c94d9f23a1b000bef29321cf5d7ce1bfda623592c963abd9cd3128311357,20,d6a5c94d9f23a1b000bef29321cf5d7ce1bfda623592c963abd9cd3128311357,"{""sasb_builder"": 20}",0,0,0,0,{},0.0,"{""common_neighbor_bin_l1"": 0.0, ""degree_product_bin_l1"": 0.0, ""is_boundary_edge_l1"": 0.0, ""is_bridge_edge_l1"": 0.0, ""is_inter_community_edge_l1"": 0.0, ""is_low_common_neighbor_edge_l1"": 0.0, ""mean_l1"": 0.0}",1,32,12,32.333333333333336,0
realworld_completed,bio_celegans,SASB-candidate,sasb,SASB-structured,20260513,1608,late,0.026490066225165563,0.026490066225165563,0.0,170,170,0,0.794074074074074,0.7945679012345679,135,283,135--283,2,6,2,6,12,1,1.0,0,2,2,12,"[""283"", ""90"", ""46"", ""101"", ""113"", ""124"", ""281"", ""282"", ""420"", ""285"", ""79"", ""135""]",c8ee75e21ab64fae67e84801b5467b3bdf8a91fff91c128b0c0c6405c79c4afd,"{""boundary"": 4, ""degree_core"": 4, ""random_fill"": 4}","{""degree_2"": 3, ""degree_3_4"": 8, ""degree_5_8"": 1}","{""0"": 4, ""1"": 3, ""2"": 5}",64,"{""backend"": ""evaluate_m19_theory_calibrated.candidate_features"", ""delta_mode"": ""none"", ""k_max"": 512, ""k_min"": 64, ""variant"": ""conservative""}",19,1.0,0.21052631578947367,0.21052631578947367,0.05263157894736842,0.7894736842105263,"{""dp_17_64"": 0.2631578947368421, ""dp_5_16"": 0.7368421052631579}","{""cn_0"": 0.47368421052631576, ""cn_1"": 0.3157894736842105, ""cn_2_3"": 0.21052631578947367}",0.7368421052631579,12.052631578947368,sasb_candidate_builder,55209c1c69952e9bfc8e40c33a2cff91d4079b16c5236fd9a8f85aab8de50833,19,55209c1c69952e9bfc8e40c33a2cff91d4079b16c5236fd9a8f85aab8de50833,"{""sasb_builder"": 19}",0,0,0,0,{},0.0,"{""common_neighbor_bin_l1"": 0.0, ""degree_product_bin_l1"": 0.0, ""is_boundary_edge_l1"": 0.0, ""is_bridge_edge_l1"": 0.0, ""is_inter_community_edge_l1"": 0.0, ""is_low_common_neighbor_edge_l1"": 0.0, ""mean_l1"": 0.0}",1,32,12,19.0,0
realworld_completed,bio_celegans,SASB-candidate,sasb,SASB-structured,20260513,1609,late,0.026490066225165563,0.026490066225165563,0.0,170,170,0,0.7945679012345679,0.7950617283950617,124,283,124--283,3,5,3,5,15,1,0.5,0,2,2,12,"[""283"", ""90"", ""46"", ""101"", ""113"", ""124"", ""281"", ""282"", ""285"", ""79"", ""135"", ""420""]",f8062fd2769eb343d0d12218e7ad42bca675720b2a6fb83175b55fc693dc20de,"{""boundary"": 4, ""degree_core"": 4, ""random_fill"": 4}","{""degree_0_1"": 1, ""degree_2"": 2, ""degree_3_4"": 8, ""degree_5_8"": 1}","{""0"": 4, ""1"": 3, ""2"": 5}",64,"{""backend"": ""evaluate_m19_theory_calibrated.candidate_features"", ""delta_mode"": ""none"", ""k_max"": 512, ""k_min"": 64, ""variant"": ""conservative""}",18,1.0,0.2222222222222222,0.2222222222222222,0.1111111111111111,0.8333333333333334,"{""dp_0_4"": 0.05555555555555555, ""dp_17_64"": 0.05555555555555555, ""dp_5_16"": 0.8888888888888888}","{""cn_0"": 0.5555555555555556, ""cn_1"": 0.2777777777777778, ""cn_2_3"": 0.16666666666666666}",0.6111111111111112,11.0,sasb_candidate_builder,e196ebd984a37c5871220c77f9de04eb2fdc5fba2c13e210d298b1900c48f67e,18,e196ebd984a37c5871220c77f9de04eb2fdc5fba2c13e210d298b1900c48f67e,"{""sasb_builder"": 18}",0,0,0,0,{},0.0,"{""common_neighbor_bin_l1"": 0.0, ""degree_product_bin_l1"": 0.0, ""is_boundary_edge_l1"": 0.0, ""is_bridge_edge_l1"": 0.0, ""is_inter_community_edge_l1"": 0.0, ""is_low_common_neighbor_edge_l1"": 0.0, ""mean_l1"": 0.0}",1,32,12,34.0,0
realworld_completed,bio_celegans,SASB-candidate,sasb,SASB-structured,20260513,1610,late,0.026490066225165563,0.024282560706401765,0.0022075055187637978,170,171,1,0.7950617283950617,0.7955555555555556,113,124,113--124,3,2,2,3,6,0,0.0,0,2,2,12,"[""283"", ""90"", ""46"", ""101"", ""113"", ""281"", ""282"", ""79"", ""420"", ""285"", ""135"", ""124""]",325ac367db054b89122084b194022d3bee5f14b7b5f2ff6cf50c30108aa66036,"{""boundary"": 4, ""degree_core"": 4, ""random_fill"": 4}","{""degree_0_1"": 1, ""degree_2"": 3, ""degree_3_4"": 8}","{""0"": 4, ""1"": 3, ""2"": 5}",64,"{""backend"": ""evaluate_m19_theory_calibrated.candidate_features"", ""delta_mode"": ""none"", ""k_max"": 512, ""k_min"": 64, ""variant"": ""conservative""}",17,1.0,0.23529411764705882,0.23529411764705882,0.17647058823529413,0.8823529411764706,"{""dp_0_4"": 0.058823529411764705, ""dp_5_16"": 0.9411764705882353}","{""cn_0"": 0.6470588235294118, ""cn_1"": 0.23529411764705882, ""cn_2_3"": 0.11764705882352941}",0.47058823529411764,9.764705882352942,sasb_candidate_builder,0ec12cad9a2faaa91b85bc793796d8ec04c8466bcded0e158fc0a926d937c5aa,17,0ec12cad9a2faaa91b85bc793796d8ec04c8466bcded0e158fc0a926d937c5aa,"{""sasb_builder"": 17}",0,0,0,0,{},0.0,"{""common_neighbor_bin_l1"": 0.0, ""degree_product_bin_l1"": 0.0, ""is_boundary_edge_l1"": 0.0, ""is_bridge_edge_l1"": 0.0, ""is_inter_community_edge_l1"": 0.0, ""is_low_common_neighbor_edge_l1"": 0.0, ""mean_l1"": 0.0}",1,32,12,40.0,0
realworld_completed,bio_celegans,SASB-candidate,sasb,SASB-structured,20260513,1611,late,0.024282560706401765,0.024282560706401765,0.0,171,172,1,0.7955555555555556,0.7960493827160494,112,160,112--160,2,6,2,6,12,0,0.0,1,3,2,11,"[""154"", ""160"", ""310"", ""309"", ""162"", ""71"", ""112"", ""1"", ""345"", ""299"", ""308""]",47129c35c896fea747e5e2046647addf2acebdcc07a26b2ac01f5c146d116cfe,"{""boundary"": 4, ""degree_core"": 3, ""random_fill"": 4}","{""degree_0_1"": 2, ""degree_2"": 3, ""degree_3_4"": 4, ""degree_5_8"": 2}","{""0"": 3, ""1"": 3, ""2"": 3, ""3"": 2}",64,"{""backend"": ""evaluate_m19_theory_calibrated.candidate_features"", ""delta_mode"": ""none"", ""k_max"": 512, ""k_min"": 64, ""variant"": ""conservative""}",17,1.0,0.47058823529411764,0.47058823529411764,0.17647058823529413,0.5294117647058824,"{""dp_0_4"": 0.17647058823529413, ""dp_17_64"": 0.5294117647058824, ""dp_5_16"": 0.29411764705882354}","{""cn_0"": 0.35294117647058826, ""cn_1"": 0.17647058823529413, ""cn_2_3"": 0.4117647058823529, ""cn_4_8"": 0.058823529411764705}",1.2352941176470589,16.58823529411765,sasb_candidate_builder,debce106ab5b151cd866cf379cac8f28ff214f59b3ff91df8e446c15beb78fc7,17,debce106ab5b151cd866cf379cac8f28ff214f59b3ff91df8e446c15beb78fc7,"{""sasb_builder"": 17}",0,0,0,0,{},0.0,"{""common_neighbor_bin_l1"": 0.0, ""degree_product_bin_l1"": 0.0, ""is_boundary_edge_l1"": 0.0, ""is_bridge_edge_l1"": 0.0, ""is_inter_community_edge_l1"": 0.0, ""is_low_common_neighbor_edge_l1"": 0.0, ""mean_l1"": 0.0}",1,32,11,36.0,0
realworld_completed,bio_celegans,SASB-candidate,sasb,SASB-structured,20260513,1612,late,0.024282560706401765,0.024282560706401765,0.0,172,172,0,0.7960493827160494,0.7965432098765433,142,190,142--190,10,3,3,10,30,2,1.0,1,2,1,11,"[""142"", ""143"", ""190"", ""215"", ""314"", ""201"", ""212"", ""368"", ""286"", ""321"", ""313""]",631fef463d45a166d508fd5e6b28345c3db99da811a0e5830bfad3ffcd72aa98,"{""boundary"": 4, ""community_rep"": 2, ""degree_core"": 3, ""random_fill"": 2}","{""degree_3_4"": 9, ""degree_9_plus"": 2}","{""0"": 4, ""1"": 2, ""2"": 3, ""3"": 2}",64,"{""backend"": ""evaluate_m19_theory_calibrated.candidate_features"", ""delta_mode"": ""none"", ""k_max"": 512, ""k_min"": 64, ""variant"": ""conservative""}",24,1.0,0.5833333333333334,0.5833333333333334,0.0,0.0,"{""dp_17_64"": 0.75, ""dp_5_16"": 0.20833333333333334, ""dp_65_256"": 0.041666666666666664}","{""cn_2_3"": 0.9583333333333334, ""cn_9_plus"": 0.041666666666666664}",2.375,29.625,sasb_candidate_builder,868c1fa27139257dd072b9f368ab84704d31904e15e140173cbee962f6eec0c7,24,868c1fa27139257dd072b9f368ab84704d31904e15e140173cbee962f6eec0c7,"{""sasb_builder"": 24}",0,0,0,0,{},0.0,"{""common_neighbor_bin_l1"": 0.0, ""degree_product_bin_l1"": 0.0, ""is_boundary_edge_l1"": 0.0, ""is_bridge_edge_l1"": 0.0, ""is_inter_community_edge_l1"": 0.0, ""is_low_common_neighbor_edge_l1"": 0.0, ""mean_l1"": 0.0}",1,32,11,9.0,0
realworld_completed,bio_celegans,SASB-candidate,sasb,SASB-structured,20260513,1613,late,0.024282560706401765,0.024282560706401765,0.0,172,172,0,0.7965432098765433,0.797037037037037,143,190,143--190,10,2,2,10,20,1,1.0,0,2,2,11,"[""143"", ""142"", ""215"", ""286"", ""314"", ""201"", ""212"", ""368"", ""190"", ""321"", ""313""]",0d458affa83b2288e9b6339335ea7938548b1dc99be6e1e693bac386bb17ded4,"{""boundary"": 4, ""community_rep"": 1, ""degree_core"": 3, ""random_fill"": 3}","{""degree_2"": 1, ""degree_3_4"": 8, ""degree_9_plus"": 2}","{""0"": 4, ""1"": 2, ""2"": 3, ""3"": 2}",64,"{""backend"": ""evaluate_m19_theory_calibrated.candidate_features"", ""delta_mode"": ""none"", ""k_max"": 512, ""k_min"": 64, ""variant"": ""conservative""}",23,1.0,0.5652173913043478,0.5652173913043478,0.0,0.13043478260869565,"{""dp_17_64"": 0.7391304347826086, ""dp_5_16"": 0.21739130434782608, ""dp_65_256"": 0.043478260869565216}","{""cn_1"": 0.13043478260869565, ""cn_2_3"": 0.8260869565217391, ""cn_4_8"": 0.043478260869565216}",2.217391304347826,27.52173913043478,sasb_candidate_builder,1f5eef64b04e3f63b71aaf0349683725a15d507d6dff596df8c577decadec671,23,1f5eef64b04e3f63b71aaf0349683725a15d507d6dff596df8c577decadec671,"{""sasb_builder"": 23}",0,0,0,0,{},0.0,"{""common_neighbor_bin_l1"": 0.0, ""degree_product_bin_l1"": 0.0, ""is_boundary_edge_l1"": 0.0, ""is_bridge_edge_l1"": 0.0, ""is_inter_community_edge_l1"": 0.0, ""is_low_common_neighbor_edge_l1"": 0.0, ""mean_l1"": 0.0}",1,32,11,17.0,0
realworld_completed,bio_celegans,SASB-candidate,sasb,SASB-structured,20260513,1614,late,0.024282560706401765,0.024282560706401765,0.0,172,173,1,0.797037037037037,0.7975308641975308,190,368,190--368,1,3,1,3,3,0,0.0,0,1,1,11,"[""142"", ""143"", ""215"", ""286"", ""314"", ""201"", ""212"", ""368"", ""313"", ""321"", ""190""]",df32c35b6b164d344c88a03b2f954617c1fffee1e3344978f7c5be9ef4ed6703,"{""boundary"": 4, ""community_rep"": 1, ""degree_core"": 3, ""random_fill"": 3}","{""degree_0_1"": 1, ""degree_3_4"": 8, ""degree_9_plus"": 2}","{""0"": 4, ""1"": 2, ""2"": 3, ""3"": 2}",64,"{""backend"": ""evaluate_m19_theory_calibrated.candidate_features"", ""delta_mode"": ""none"", ""k_max"": 512, ""k_min"": 64, ""variant"": ""conservative""}",22,1.0,0.5454545454545454,0.5454545454545454,0.045454545454545456,0.13636363636363635,"{""dp_0_4"": 0.045454545454545456, ""dp_17_64"": 0.7272727272727273, ""dp_5_16"": 0.18181818181818182, ""dp_65_256"": 0.045454545454545456}","{""cn_0"": 0.045454545454545456, ""cn_1"": 0.09090909090909091, ""cn_2_3"": 0.8181818181818182, ""cn_4_8"": 0.045454545454545456}",2.1818181818181817,26.181818181818183,sasb_candidate_builder,1fe9c2c30bd825cf9672aec6c50971f259a47694a0094d1dae3f6eb65ba50722,22,1fe9c2c30bd825cf9672aec6c50971f259a47694a0094d1dae3f6eb65ba50722,"{""sasb_builder"": 22}",0,0,0,0,{},0.0,"{""common_neighbor_bin_l1"": 0.0, ""degree_product_bin_l1"": 0.0, ""is_boundary_edge_l1"": 0.0, ""is_bridge_edge_l1"": 0.0, ""is_inter_community_edge_l1"": 0.0, ""is_low_common_neighbor_edge_l1"": 0.0, ""mean_l1"": 0.0}",1,32,11,20.0,0
realworld_completed,bio_celegans,SASB-candidate,sasb,SASB-structured,20260513,1615,late,0.024282560706401765,0.024282560706401765,0.0,173,173,0,0.7975308641975308,0.7980246913580247,144,26,144--26,9,2,2,9,18,0,0.0,0,0,0,11,"[""144"", ""145"", ""26"", ""33"", ""34"", ""44"", ""48"", ""86"", ""91"", ""89"", ""87""]",016d6e44922b83cd59617a07b0275eed987ffc720829c494c3519e2088fe7d48,"{""boundary"": 4, ""degree_core"": 3, ""random_fill"": 4}","{""degree_2"": 9, ""degree_9_plus"": 2}","{""0"": 11}",64,"{""backend"": ""evaluate_m19_theory_calibrated.candidate_features"", ""delta_mode"": ""none"", ""k_max"": 512, ""k_min"": 64, ""variant"": ""conservative""}",18,1.0,0.0,0.0,0.0,1.0,"{""dp_17_64"": 1.0}","{""cn_0"": 1.0}",0.0,18.0,sasb_candidate_builder,765eb3b33f1a5a4874e63acb532777f4cc9b44da0e1a7f24273d09cc122f2d12,18,765eb3b33f1a5a4874e63acb532777f4cc9b44da0e1a7f24273d09cc122f2d12,"{""sasb_builder"": 18}",0,0,0,0,{},0.0,"{""common_neighbor_bin_l1"": 0.0, ""degree_product_bin_l1"": 0.0, ""is_boundary_edge_l1"": 0.0, ""is_bridge_edge_l1"": 0.0, ""is_inter_community_edge_l1"": 0.0, ""is_low_common_neighbor_edge_l1"": 0.0, ""mean_l1"": 0.0}",1,32,11,0.0,0
realworld_completed,bio_celegans,SASB-candidate,sasb,SASB-structured,20260513,1616,late,0.024282560706401765,0.024282560706401765,0.0,173,173,0,0.7980246913580247,0.7985185185185185,144,33,144--33,8,2,2,8,16,0,0.0,1,0,1,11,"[""145"", ""144"", ""33"", ""34"", ""44"", ""48"", ""86"", ""91"", ""87"", ""26"", ""89""]",af85bd005d435992ad3e05546eb2ae21881d3c0e155a750dfbf03f35a992bb89,"{""boundary"": 4, ""degree_core"": 3, ""random_fill"": 4}","{""degree_0_1"": 1, ""degree_2"": 8, ""degree_5_8"": 1, ""degree_9_plus"": 1}","{""0"": 11}",64,"{""backend"": ""evaluate_m19_theory_calibrated.candidate_features"", ""delta_mode"": ""none"", ""k_max"": 512, ""k_min"": 64, ""variant"": ""conservative""}",17,1.0,0.0,0.0,0.058823529411764705,1.0,"{""dp_17_64"": 0.47058823529411764, ""dp_5_16"": 0.5294117647058824}","{""cn_0"": 1.0}",0.0,16.529411764705884,sasb_candidate_builder,7ba963041cf1329b18704f8b07200ca30a2c9f64265ab810aaebf2e53fac93ae,17,7ba963041cf1329b18704f8b07200ca30a2c9f64265ab810aaebf2e53fac93ae,"{""sasb_builder"": 17}",0,0,0,0,{},0.0,"{""common_neighbor_bin_l1"": 0.0, ""degree_product_bin_l1"": 0.0, ""is_boundary_edge_l1"": 0.0, ""is_bridge_edge_l1"": 0.0, ""is_inter_community_edge_l1"": 0.0, ""is_low_common_neighbor_edge_l1"": 0.0, ""mean_l1"": 0.0}",1,32,11,0.0,0
realworld_completed,bio_celegans,SASB-candidate,sasb,SASB-structured,20260513,1617,late,0.024282560706401765,0.024282560706401765,0.0,173,173,0,0.7985185185185185,0.7990123456790124,144,34,144--34,7,2,2,7,14,0,0.0,0,1,1,11,"[""145"", ""144"", ""34"", ""44"", ""48"", ""86"", ""87"", ""91"", ""33"", ""89"", ""26""]",a7a38e5cafa576d2c990396ba4e9c9dfe24c99c559aa01f46ba3eda0861c153e,"{""boundary"": 4, ""degree_core"": 3, ""random_fill"": 4}","{""degree_0_1"": 2, ""degree_2"": 7, ""degree_5_8"": 1, ""degree_9_plus"": 1}","{""0"": 11}",64,"{""backend"": ""evaluate_m19_theory_calibrated.candidate_features"", ""delta_mode"": ""none"", ""k_max"": 512, ""k_min"": 64, ""variant"": ""conservative""}",16,1.0,0.0,0.0,0.125,1.0,"{""dp_17_64"": 0.4375, ""dp_5_16"": 0.5625}","{""cn_0"": 1.0}",0.0,15.125,sasb_candidate_builder,aebbb6e1833d590ab69336a00827a5af3eaca386d4ead03031daaae7087270be,16,aebbb6e1833d590ab69336a00827a5af3eaca386d4ead03031daaae7087270be,"{""sasb_builder"": 16}",0,0,0,0,{},0.0,"{""common_neighbor_bin_l1"": 0.0, ""degree_product_bin_l1"": 0.0, ""is_boundary_edge_l1"": 0.0, ""is_bridge_edge_l1"": 0.0, ""is_inter_community_edge_l1"": 0.0, ""is_low_common_neighbor_edge_l1"": 0.0, ""mean_l1"": 0.0}",1,32,11,0.0,0
realworld_completed,bio_celegans,SASB-candidate,sasb,SASB-structured,20260513,1618,late,0.024282560706401765,0.024282560706401765,0.0,173,173,0,0.7990123456790124,0.7995061728395062,144,44,144--44,6,2,2,6,12,0,0.0,0,1,1,11,"[""145"", ""144"", ""44"", ""48"", ""86"", ""87"", ""89"", ""26"", ""34"", ""91"", ""33""]",0e03d282318a4bfc3d4eb8458fe09f8b93e6bb97a933468bba146c79f12b9502,"{""boundary"": 4, ""degree_core"": 3, ""random_fill"": 4}","{""degree_0_1"": 3, ""degree_2"": 6, ""degree_5_8"": 1, ""degree_9_plus"": 1}","{""0"": 11}",64,"{""backend"": ""evaluate_m19_theory_calibrated.candidate_features"", ""delta_mode"": ""none"", ""k_max"": 512, ""k_min"": 64, ""variant"": ""conservative""}",15,1.0,0.0,0.0,0.2,1.0,"{""dp_17_64"": 0.4, ""dp_5_16"": 0.6}","{""cn_0"": 1.0}",0.0,13.8,sasb_candidate_builder,5abd3c7e8459a1b6c683393ddc40e1b04964f0edf380c6478e66126268330f4b,15,5abd3c7e8459a1b6c683393ddc40e1b04964f0edf380c6478e66126268330f4b,"{""sasb_builder"": 15}",0,0,0,0,{},0.0,"{""common_neighbor_bin_l1"": 0.0, ""degree_product_bin_l1"": 0.0, ""is_boundary_edge_l1"": 0.0, ""is_bridge_edge_l1"": 0.0, ""is_inter_community_edge_l1"": 0.0, ""is_low_common_neighbor_edge_l1"": 0.0, ""mean_l1"": 0.0}",1,32,11,0.0,0
realworld_completed,bio_celegans,SASB-candidate,sasb,SASB-structured,20260513,1619,late,0.024282560706401765,0.024282560706401765,0.0,173,173,0,0.7995061728395062,0.8,144,48,144--48,5,2,2,5,10,0,0.0,0,1,1,11,"[""145"", ""144"", ""48"", ""86"", ""87"", ""89"", ""91"", ""44"", ""26"", ""34"", ""33""]",9d72edfb83175e99b60049c4abde949a0b6cfa596621cdb52148e5599c22143f,"{""boundary"": 4, ""degree_core"": 3, ""random_fill"": 4}","{""degree_0_1"": 4, ""degree_2"": 5, ""degree_5_8"": 1, ""degree_9_plus"": 1}","{""0"": 11}",64,"{""backend"": ""evaluate_m19_theory_calibrated.candidate_features"", ""delta_mode"": ""none"", ""k_max"": 512, ""k_min"": 64, ""variant"": ""conservative""}",14,1.0,0.0,0.0,0.2857142857142857,1.0,"{""dp_17_64"": 0.35714285714285715, ""dp_5_16"": 0.6428571428571429}","{""cn_0"": 1.0}",0.0,12.571428571428571,sasb_candidate_builder,9056e45f31c61ae41f78ed4ca87bc1a07ee8303687c7cc1c9aaa20bac9c8a966,14,9056e45f31c61ae41f78ed4ca87bc1a07ee8303687c7cc1c9aaa20bac9c8a966,"{""sasb_builder"": 14}",0,0,0,0,{},0.0,"{""common_neighbor_bin_l1"": 0.0, ""degree_product_bin_l1"": 0.0, ""is_boundary_edge_l1"": 0.0, ""is_bridge_edge_l1"": 0.0, ""is_inter_community_edge_l1"": 0.0, ""is_low_common_neighbor_edge_l1"": 0.0, ""mean_l1"": 0.0}",1,32,11,0.0,0
realworld_completed,bio_celegans,SASB-candidate,sasb,SASB-structured,20260513,1620,late,0.024282560706401765,0.024282560706401765,0.0,173,173,0,0.8,0.8004938271604938,144,86,144--86,4,2,2,4,8,0,0.0,0,1,1,11,"[""145"", ""144"", ""86"", ""87"", ""89"", ""91"", ""26"", ""44"", ""33"", ""48"", ""34""]",1a6e13e3a488ea4e74f632e33d41bc7b0ed4a6da16c89d8e602e569208f21447,"{""boundary"": 4, ""degree_core"": 3, ""random_fill"": 4}","{""degree_0_1"": 5, ""degree_2"": 4, ""degree_3_4"": 1, ""degree_9_plus"": 1}","{""0"": 11}",64,"{""backend"": ""evaluate_m19_theory_calibrated.candidate_features"", ""delta_mode"": ""none"", ""k_max"": 512, ""k_min"": 64, ""variant"": ""conservative""}",13,1.0,0.0,0.0,0.38461538461538464,1.0,"{""dp_17_64"": 0.3076923076923077, ""dp_5_16"": 0.6923076923076923}","{""cn_0"": 1.0}",0.0,11.461538461538462,sasb_candidate_builder,a6d315af7a6e50ad7b1a552cb2eed78ef98abd5984000d64e5c301b2fa5532df,13,a6d315af7a6e50ad7b1a552cb2eed78ef98abd5984000d64e5c301b2fa5532df,"{""sasb_builder"": 13}",0,0,0,0,{},0.0,"{""common_neighbor_bin_l1"": 0.0, ""degree_product_bin_l1"": 0.0, ""is_boundary_edge_l1"": 0.0, ""is_bridge_edge_l1"": 0.0, ""is_inter_community_edge_l1"": 0.0, ""is_low_common_neighbor_edge_l1"": 0.0, ""mean_l1"": 0.0}",1,32,11,0.0,0
realworld_completed,bio_celegans,SASB-candidate,sasb,SASB-structured,20260513,1621,late,0.024282560706401765,0.024282560706401765,0.0,173,173,0,0.8004938271604938,0.8009876543209876,144,87,144--87,3,2,2,3,6,0,0.0,0,0,0,11,"[""145"", ""144"", ""87"", ""89"", ""91"", ""26"", ""33"", ""86"", ""48"", ""34"", ""44""]",f61aaf34836b39a19e6739513b33d9c1c8e624d5dcda4398b3546b92b78ed92a,"{""boundary"": 4, ""degree_core"": 3, ""random_fill"": 4}","{""degree_0_1"": 6, ""degree_2"": 3, ""degree_3_4"": 1, ""degree_9_plus"": 1}","{""0"": 11}",64,"{""backend"": ""evaluate_m19_theory_calibrated.candidate_features"", ""delta_mode"": ""none"", ""k_max"": 512, ""k_min"": 64, ""variant"": ""conservative""}",12,1.0,0.0,0.0,0.5,1.0,"{""dp_17_64"": 0.25, ""dp_5_16"": 0.75}","{""cn_0"": 1.0}",0.0,10.5,sasb_candidate_builder,994282fa4205eebb5df8866e153d8d3c1a2998240a7063770fa6d5ec10b5c52c,12,994282fa4205eebb5df8866e153d8d3c1a2998240a7063770fa6d5ec10b5c52c,"{""sasb_builder"": 12}",0,0,0,0,{},0.0,"{""common_neighbor_bin_l1"": 0.0, ""degree_product_bin_l1"": 0.0, ""is_boundary_edge_l1"": 0.0, ""is_bridge_edge_l1"": 0.0, ""is_inter_community_edge_l1"": 0.0, ""is_low_common_neighbor_edge_l1"": 0.0, ""mean_l1"": 0.0}",1,32,11,0.0,0
realworld_completed,bio_celegans,SASB-candidate,sasb,SASB-structured,20260513,1622,late,0.024282560706401765,0.024282560706401765,0.0,173,173,0,0.8009876543209876,0.8014814814814815,144,89,144--89,2,2,2,2,4,0,0.0,0,0,0,11,"[""145"", ""144"", ""89"", ""91"", ""26"", ""33"", ""34"", ""44"", ""48"", ""86"", ""87""]",f04f78856ba7b586f136d8b316cc621a4af4ba3a6e7a799fbf63ff041aeaac5a,"{""boundary"": 4, ""degree_core"": 3, ""random_fill"": 4}","{""degree_0_1"": 7, ""degree_2"": 3, ""degree_9_plus"": 1}","{""0"": 11}",64,"{""backend"": ""evaluate_m19_theory_calibrated.candidate_features"", ""delta_mode"": ""none"", ""k_max"": 512, ""k_min"": 64, ""variant"": ""conservative""}",11,1.0,0.0,0.0,0.6363636363636364,1.0,"{""dp_0_4"": 0.18181818181818182, ""dp_17_64"": 0.18181818181818182, ""dp_5_16"": 0.6363636363636364}","{""cn_0"": 1.0}",0.0,9.727272727272727,sasb_candidate_builder,01ea88833044b7ff9ca256def3989a85df2e1806ba1d15500f741ff7f0786c16,11,01ea88833044b7ff9ca256def3989a85df2e1806ba1d15500f741ff7f0786c16,"{""sasb_builder"": 11}",0,0,0,0,{},0.0,"{""common_neighbor_bin_l1"": 0.0, ""degree_product_bin_l1"": 0.0, ""is_boundary_edge_l1"": 0.0, ""is_bridge_edge_l1"": 0.0, ""is_inter_community_edge_l1"": 0.0, ""is_low_common_neighbor_edge_l1"": 0.0, ""mean_l1"": 0.0}",1,32,11,0.0,0
realworld_completed,bio_celegans,SASB-candidate,sasb,SASB-structured,20260513,1623,late,0.024282560706401765,0.024282560706401765,0.0,173,174,1,0.8014814814814815,0.8019753086419753,144,91,144--91,1,2,1,2,2,0,0.0,0,0,0,11,"[""145"", ""91"", ""144"", ""26"", ""33"", ""34"", ""44"", ""87"", ""89"", ""48"", ""86""]",5caae08662819acde66942db35cf645b4a116f1e5e9a7cb99de802fff53c6dcf,"{""boundary"": 4, ""degree_core"": 3, ""random_fill"": 4}","{""degree_0_1"": 9, ""degree_2"": 1, ""degree_9_plus"": 1}","{""0"": 11}",64,"{""backend"": ""evaluate_m19_theory_calibrated.candidate_features"", ""delta_mode"": ""none"", ""k_max"": 512, ""k_min"": 64, ""variant"": ""conservative""}",10,1.0,0.0,0.0,1.0,1.0,"{""dp_0_4"": 0.1, ""dp_17_64"": 0.1, ""dp_5_16"": 0.8}","{""cn_0"": 1.0}",0.0,9.2,sasb_candidate_builder,c59e314fa29a9cab93596e3cb4352a555c5b4386f44096729f29011e16838be7,10,c59e314fa29a9cab93596e3cb4352a555c5b4386f44096729f29011e16838be7,"{""sasb_builder"": 10}",0,0,0,0,{},0.0,"{""common_neighbor_bin_l1"": 0.0, ""degree_product_bin_l1"": 0.0, ""is_boundary_edge_l1"": 0.0, ""is_bridge_edge_l1"": 0.0, ""is_inter_community_edge_l1"": 0.0, ""is_low_common_neighbor_edge_l1"": 0.0, ""mean_l1"": 0.0}",1,32,11,0.0,0
realworld_completed,bio_celegans,SASB-candidate,sasb,SASB-structured,20260513,1624,late,0.024282560706401765,0.024282560706401765,0.0,174,174,0,0.8019753086419753,0.8024691358024691,104,134,104--134,3,5,3,5,15,1,0.5,1,0,2,11,"[""134"", ""217"", ""115"", ""104"", ""186"", ""114"", ""177"", ""139"", ""451"", ""69"", ""216""]",592445920fd916b6d85bb3c9b56a37a80af09a93c92fa6bc5bcdbc985e1f804d,"{""boundary"": 4, ""degree_core"": 3, ""random_fill"": 4}","{""degree_0_1"": 2, ""degree_2"": 4, ""degree_3_4"": 3, ""degree_5_8"": 2}","{""0"": 3, ""1"": 4, ""2"": 4}",64,"{""backend"": ""evaluate_m19_theory_calibrated.candidate_features"", ""delta_mode"": ""none"", ""k_max"": 512, ""k_min"": 64, ""variant"": ""conservative""}",15,1.0,0.26666666666666666,0.26666666666666666,0.13333333333333333,0.8666666666666667,"{""dp_0_4"": 0.13333333333333333, ""dp_17_64"": 0.13333333333333333, ""dp_5_16"": 0.7333333333333333}","{""cn_0"": 0.26666666666666666, ""cn_1"": 0.6, ""cn_2_3"": 0.13333333333333333}",0.8666666666666667,10.866666666666667,sasb_candidate_builder,00bf70a946420a9a90b896dc7754ac8cccede46618ec5ac1a5057230299dfc7d,15,00bf70a946420a9a90b896dc7754ac8cccede46618ec5ac1a5057230299dfc7d,"{""sasb_builder"": 15}",0,0,0,0,{},0.0,"{""common_neighbor_bin_l1"": 0.0, ""degree_product_bin_l1"": 0.0, ""is_boundary_edge_l1"": 0.0, ""is_bridge_edge_l1"": 0.0, ""is_inter_community_edge_l1"": 0.0, ""is_low_common_neighbor_edge_l1"": 0.0, ""mean_l1"": 0.0}",1,32,11,32.0,0
realworld_completed,bio_celegans,SASB-candidate,sasb,SASB-structured,20260513,1625,late,0.024282560706401765,0.024282560706401765,0.0,174,175,1,0.8024691358024691,0.802962962962963,134,451,134--451,4,2,2,4,8,0,0.0,1,2,0,11,"[""217"", ""115"", ""134"", ""186"", ""104"", ""114"", ""177"", ""451"", ""139"", ""216"", ""69""]",b490e08529ec52a88406e765278c47df2c0431e8dd2f3b67355e4a2800402b6f,"{""boundary"": 4, ""community_rep"": 1, ""degree_core"": 3, ""random_fill"": 3}","{""degree_0_1"": 2, ""degree_2"": 5, ""degree_3_4"": 3, ""degree_5_8"": 1}","{""0"": 3, ""1"": 4, ""2"": 4}",64,"{""backend"": ""evaluate_m19_theory_calibrated.candidate_features"", ""delta_mode"": ""none"", ""k_max"": 512, ""k_min"": 64, ""variant"": ""conservative""}",14,1.0,0.21428571428571427,0.21428571428571427,0.2857142857142857,0.8571428571428571,"{""dp_0_4"": 0.21428571428571427, ""dp_17_64"": 0.07142857142857142, ""dp_5_16"": 0.7142857142857143}","{""cn_0"": 0.42857142857142855, ""cn_1"": 0.42857142857142855, ""cn_2_3"": 0.14285714285714285}",0.7142857142857143,9.571428571428571,sasb_candidate_builder,a001337c1e78913b1d7172ef458fc83a92dd6ef33359f8fe7576cd23adf7a83b,14,a001337c1e78913b1d7172ef458fc83a92dd6ef33359f8fe7576cd23adf7a83b,"{""sasb_builder"": 14}",0,0,0,0,{},0.0,"{""common_neighbor_bin_l1"": 0.0, ""degree_product_bin_l1"": 0.0, ""is_boundary_edge_l1"": 0.0, ""is_bridge_edge_l1"": 0.0, ""is_inter_community_edge_l1"": 0.0, ""is_low_common_neighbor_edge_l1"": 0.0, ""mean_l1"": 0.0}",1,32,11,48.0,0
realworld_completed,bio_celegans,SASB-candidate,sasb,SASB-structured,20260513,1626,late,0.024282560706401765,0.024282560706401765,0.0,175,175,0,0.802962962962963,0.8034567901234568,13,431,13--431,3,4,3,4,12,1,0.5,0,1,1,11,"[""85"", ""431"", ""166"", ""375"", ""92"", ""13"", ""94"", ""373"", ""234"", ""356"", ""57""]",7b0a645d07847e6c537ff04988bc97bb6a33532171a0cc8cf58eb290d35c74ac,"{""boundary"": 4, ""degree_core"": 3, ""random_fill"": 4}","{""degree_0_1"": 3, ""degree_2"": 2, ""degree_3_4"": 6}","{""0"": 2, ""1"": 5, ""2"": 4}",64,"{""backend"": ""evaluate_m19_theory_calibrated.candidate_features"", ""delta_mode"": ""none"", ""k_max"": 512, ""k_min"": 64, ""variant"": ""conservative""}",14,1.0,0.21428571428571427,0.21428571428571427,0.35714285714285715,0.9285714285714286,"{""dp_0_4"": 0.21428571428571427, ""dp_5_16"": 0.7857142857142857}","{""cn_0"": 0.7142857142857143, ""cn_1"": 0.21428571428571427, ""cn_2_3"": 0.07142857142857142}",0.35714285714285715,9.214285714285714,sasb_candidate_builder,f1bcbf76744eefdbbeddebc3b1d27adebecb5d04dc27ea71016add9f964650d0,14,f1bcbf76744eefdbbeddebc3b1d27adebecb5d04dc27ea71016add9f964650d0,"{""sasb_builder"": 14}",0,0,0,0,{},0.0,"{""common_neighbor_bin_l1"": 0.0, ""degree_product_bin_l1"": 0.0, ""is_boundary_edge_l1"": 0.0, ""is_bridge_edge_l1"": 0.0, ""is_inter_community_edge_l1"": 0.0, ""is_low_common_neighbor_edge_l1"": 0.0, ""mean_l1"": 0.0}",1,32,11,9.666666666666666,0
realworld_completed,bio_celegans,SASB-candidate,sasb,SASB-structured,20260513,1627,late,0.024282560706401765,0.024282560706401765,0.0,175,175,0,0.8034567901234568,0.8039506172839506,13,166,13--166,2,3,2,3,6,1,1.0,0,1,1,11,"[""85"", ""166"", ""431"", ""375"", ""92"", ""94"", ""13"", ""234"", ""57"", ""373"", ""356""]",7cc84332533588876c13b802aeedc539a794fc95f7aa78dd266dba0a91a1bf97,"{""boundary"": 4, ""degree_core"": 3, ""random_fill"": 4}","{""degree_0_1"": 3, ""degree_2"": 3, ""degree_3_4"": 5}","{""0"": 2, ""1"": 5, ""2"": 4}",64,"{""backend"": ""evaluate_m19_theory_calibrated.candidate_features"", ""delta_mode"": ""none"", ""k_max"": 512, ""k_min"": 64, ""variant"": ""conservative""}",13,1.0,0.23076923076923078,0.23076923076923078,0.38461538461538464,1.0,"{""dp_0_4"": 0.23076923076923078, ""dp_5_16"": 0.7692307692307693}","{""cn_0"": 0.7692307692307693, ""cn_1"": 0.23076923076923078}",0.23076923076923078,7.6923076923076925,sasb_candidate_builder,4dd3e3475639749d53fcb66f27025a8024fe97f1da57cab46d0ca1ea1a1e6522,13,4dd3e3475639749d53fcb66f27025a8024fe97f1da57cab46d0ca1ea1a1e6522,"{""sasb_builder"": 13}",0,0,0,0,{},0.0,"{""common_neighbor_bin_l1"": 0.0, ""degree_product_bin_l1"": 0.0, ""is_boundary_edge_l1"": 0.0, ""is_bridge_edge_l1"": 0.0, ""is_inter_community_edge_l1"": 0.0, ""is_low_common_neighbor_edge_l1"": 0.0, ""mean_l1"": 0.0}",1,32,11,14.0,0
realworld_completed,bio_celegans,SASB-candidate,sasb,SASB-structured,20260513,1628,late,0.024282560706401765,0.02207505518763797,0.0022075055187637943,175,176,1,0.8039506172839506,0.8044444444444444,13,92,13--92,1,4,1,4,4,0,0.0,0,1,1,11,"[""85"", ""431"", ""166"", ""375"", ""92"", ""94"", ""57"", ""356"", ""13"", ""234"", ""373""]",208fc601b551e6458906e887e5a0ee78d925e8ba9b93dd78b4d5db9b0b2095e5,"{""boundary"": 4, ""degree_core"": 3, ""random_fill"": 4}","{""degree_0_1"": 4, ""degree_2"": 3, ""degree_3_4"": 4}","{""0"": 2, ""1"": 5, ""2"": 4}",64,"{""backend"": ""evaluate_m19_theory_calibrated.candidate_features"", ""delta_mode"": ""none"", ""k_max"": 512, ""k_min"": 64, ""variant"": ""conservative""}",12,1.0,0.25,0.25,0.5,1.0,"{""dp_0_4"": 0.3333333333333333, ""dp_5_16"": 0.6666666666666666}","{""cn_0"": 0.9166666666666666, ""cn_1"": 0.08333333333333333}",0.08333333333333333,6.833333333333333,sasb_candidate_builder,6d547a858d8c923993c4d676c3f9d4eb262163765ae5e1497fe940fbffecf8f6,12,6d547a858d8c923993c4d676c3f9d4eb262163765ae5e1497fe940fbffecf8f6,"{""sasb_builder"": 12}",0,0,0,0,{},0.0,"{""common_neighbor_bin_l1"": 0.0, ""degree_product_bin_l1"": 0.0, ""is_boundary_edge_l1"": 0.0, ""is_bridge_edge_l1"": 0.0, ""is_inter_community_edge_l1"": 0.0, ""is_low_common_neighbor_edge_l1"": 0.0, ""mean_l1"": 0.0}",1,32,11,20.0,0
realworld_completed,bio_celegans,SASB-candidate,sasb,SASB-structured,20260513,1629,late,0.02207505518763797,0.02207505518763797,0.0,176,177,1,0.8044444444444444,0.8049382716049382,444,96,444--96,1,6,1,6,6,0,0.0,0,0,0,10,"[""96"", ""446"", ""449"", ""444"", ""447"", ""450"", ""452"", ""56"", ""59"", ""50""]",02c42560550418183055739a56cb8322e7ed3849f39a9863c50066d3fa485a97,"{""boundary"": 4, ""degree_core"": 3, ""random_fill"": 3}","{""degree_0_1"": 7, ""degree_2"": 1, ""degree_3_4"": 1, ""degree_5_8"": 1}","{""0"": 5, ""1"": 3, ""2"": 2}",64,"{""backend"": ""evaluate_m19_theory_calibrated.candidate_features"", ""delta_mode"": ""none"", ""k_max"": 512, ""k_min"": 64, ""variant"": ""conservative""}",9,1.0,0.2222222222222222,0.2222222222222222,1.0,1.0,"{""dp_0_4"": 0.3333333333333333, ""dp_17_64"": 0.1111111111111111, ""dp_5_16"": 0.5555555555555556}","{""cn_0"": 1.0}",0.0,6.888888888888889,sasb_candidate_builder,ad7ac5505bb5b8e651b6e574972298fa7b530f20e94ffa9b2e59d64bf61942ad,9,ad7ac5505bb5b8e651b6e574972298fa7b530f20e94ffa9b2e59d64bf61942ad,"{""sasb_builder"": 9}",0,0,0,0,{},0.0,"{""common_neighbor_bin_l1"": 0.0, ""degree_product_bin_l1"": 0.0, ""is_boundary_edge_l1"": 0.0, ""is_bridge_edge_l1"": 0.0, ""is_inter_community_edge_l1"": 0.0, ""is_low_common_neighbor_edge_l1"": 0.0, ""mean_l1"": 0.0}",1,32,10,0.0,0
realworld_completed,bio_celegans,SASB-candidate,sasb,SASB-structured,20260513,1630,late,0.02207505518763797,0.02207505518763797,0.0,177,177,0,0.8049382716049382,0.8054320987654321,142,368,142--368,9,2,2,9,18,1,1.0,0,1,1,10,"[""142"", ""143"", ""215"", ""286"", ""314"", ""201"", ""212"", ""321"", ""313"", ""368""]",784337a1d292abe62db0fc0a7a9f18b27773c95d1c4f91e6192896c600feeaf5,"{""boundary"": 4, ""degree_core"": 3, ""random_fill"": 3}","{""degree_2"": 1, ""degree_3_4"": 7, ""degree_9_plus"": 2}","{""0"": 4, ""1"": 4, ""2"": 2}",64,"{""backend"": ""evaluate_m19_theory_calibrated.candidate_features"", ""delta_mode"": ""none"", ""k_max"": 512, ""k_min"": 64, ""variant"": ""conservative""}",21,1.0,0.5238095238095238,0.5238095238095238,0.0,0.09523809523809523,"{""dp_17_64"": 0.7619047619047619, ""dp_5_16"": 0.19047619047619047, ""dp_65_256"": 0.047619047619047616}","{""cn_1"": 0.09523809523809523, ""cn_2_3"": 0.8571428571428571, ""cn_4_8"": 0.047619047619047616}",2.2857142857142856,26.428571428571427,sasb_candidate_builder,1dc615fd02a863dc8960494fa0725e3ae2830be471330712bb1f1c9077a00437,21,1dc615fd02a863dc8960494fa0725e3ae2830be471330712bb1f1c9077a00437,"{""sasb_builder"": 21}",0,0,0,0,{},0.0,"{""common_neighbor_bin_l1"": 0.0, ""degree_product_bin_l1"": 0.0, ""is_boundary_edge_l1"": 0.0, ""is_bridge_edge_l1"": 0.0, ""is_inter_community_edge_l1"": 0.0, ""is_low_common_neighbor_edge_l1"": 0.0, ""mean_l1"": 0.0}",1,32,10,9.0,0
realworld_completed,bio_celegans,SASB-candidate,sasb,SASB-structured,20260513,1631,late,0.02207505518763797,0.02207505518763797,0.0,177,178,1,0.8054320987654321,0.8059259259259259,143,368,143--368,9,1,1,9,9,0,0.0,0,2,2,10,"[""143"", ""142"", ""215"", ""286"", ""314"", ""201"", ""212"", ""313"", ""368"", ""321""]",49e18bdd0eeffd275b7fb70f893a5b3b17ac6ca5ff6fdc290d54870d6b23ba4d,"{""boundary"": 4, ""degree_core"": 3, ""random_fill"": 3}","{""degree_0_1"": 1, ""degree_3_4"": 7, ""degree_5_8"": 1, ""degree_9_plus"": 1}","{""0"": 4, ""1"": 4, ""2"": 2}",64,"{""backend"": ""evaluate_m19_theory_calibrated.candidate_features"", ""delta_mode"": ""none"", ""k_max"": 512, ""k_min"": 64, ""variant"": ""conservative""}",20,1.0,0.55,0.55,0.05,0.05,"{""dp_17_64"": 0.7, ""dp_5_16"": 0.25, ""dp_65_256"": 0.05}","{""cn_0"": 0.05, ""cn_2_3"": 0.9, ""cn_4_8"": 0.05}",2.25,24.85,sasb_candidate_builder,ac877bd557fb00d9484aa8475b6d5dc3ce8378f5e2d5b970818f9dac34c04653,20,ac877bd557fb00d9484aa8475b6d5dc3ce8378f5e2d5b970818f9dac34c04653,"{""sasb_builder"": 20}",0,0,0,0,{},0.0,"{""common_neighbor_bin_l1"": 0.0, ""degree_product_bin_l1"": 0.0, ""is_boundary_edge_l1"": 0.0, ""is_bridge_edge_l1"": 0.0, ""is_inter_community_edge_l1"": 0.0, ""is_low_common_neighbor_edge_l1"": 0.0, ""mean_l1"": 0.0}",1,32,10,18.0,0
realworld_completed,bio_celegans,SASB-candidate,sasb,SASB-structured,20260513,1632,late,0.02207505518763797,0.02207505518763797,0.0,178,179,1,0.8059259259259259,0.8064197530864198,257,303,257--303,2,2,2,2,4,0,0.0,0,1,1,10,"[""364"", ""74"", ""291"", ""292"", ""99"", ""116"", ""257"", ""381"", ""303"", ""331""]",b7b3e7237a1ea3810991ad7713d92ca0f1e9d6728711519d6b8ff01e0170d40f,"{""boundary"": 4, ""degree_core"": 3, ""random_fill"": 3}","{""degree_0_1"": 1, ""degree_2"": 4, ""degree_3_4"": 4, ""degree_5_8"": 1}","{""0"": 3, ""1"": 3, ""2"": 4}",64,"{""backend"": ""evaluate_m19_theory_calibrated.candidate_features"", ""delta_mode"": ""none"", ""k_max"": 512, ""k_min"": 64, ""variant"": ""conservative""}",15,1.0,0.3333333333333333,0.3333333333333333,0.2,0.8,"{""dp_0_4"": 0.2, ""dp_17_64"": 0.26666666666666666, ""dp_5_16"": 0.5333333333333333}","{""cn_0"": 0.6, ""cn_1"": 0.2, ""cn_2_3"": 0.2}",0.8,13.6,sasb_candidate_builder,f2dffd73f4cf7fe5b16ef9bf040f0394a42c25a1ba08e95ec05438bab494e2b3,15,f2dffd73f4cf7fe5b16ef9bf040f0394a42c25a1ba08e95ec05438bab494e2b3,"{""sasb_builder"": 15}",0,0,0,0,{},0.0,"{""common_neighbor_bin_l1"": 0.0, ""degree_product_bin_l1"": 0.0, ""is_boundary_edge_l1"": 0.0, ""is_bridge_edge_l1"": 0.0, ""is_inter_community_edge_l1"": 0.0, ""is_low_common_neighbor_edge_l1"": 0.0, ""mean_l1"": 0.0}",1,32,10,32.0,0
realworld_completed,bio_celegans,SASB-candidate,sasb,SASB-structured,20260513,1633,late,0.02207505518763797,0.02207505518763797,0.0,179,180,1,0.8064197530864198,0.8069135802469136,145,26,145--26,9,1,1,9,9,0,0.0,0,0,0,10,"[""145"", ""26"", ""33"", ""34"", ""44"", ""48"", ""86"", ""87"", ""89"", ""91""]",91501a54194205444027ee3b236541985ad713adc21bbfd8e68e047d9d03e9f0,"{""boundary"": 4, ""degree_core"": 3, ""random_fill"": 3}","{""degree_0_1"": 9, ""degree_9_plus"": 1}","{""0"": 10}",64,"{""backend"": ""evaluate_m19_theory_calibrated.candidate_features"", ""delta_mode"": ""none"", ""k_max"": 512, ""k_min"": 64, ""variant"": ""conservative""}",9,1.0,0.0,0.0,1.0,1.0,"{""dp_5_16"": 1.0}","{""cn_0"": 1.0}",0.0,9.0,sasb_candidate_builder,947bd51d677a94a3c90d84bacc6618c26082011efb820fa71826fe122d19b4c9,9,947bd51d677a94a3c90d84bacc6618c26082011efb820fa71826fe122d19b4c9,"{""sasb_builder"": 9}",0,0,0,0,{},0.0,"{""common_neighbor_bin_l1"": 0.0, ""degree_product_bin_l1"": 0.0, ""is_boundary_edge_l1"": 0.0, ""is_bridge_edge_l1"": 0.0, ""is_inter_community_edge_l1"": 0.0, ""is_low_common_neighbor_edge_l1"": 0.0, ""mean_l1"": 0.0}",1,32,10,0.0,0
realworld_completed,bio_celegans,SASB-candidate,sasb,SASB-structured,20260513,1634,late,0.02207505518763797,0.02207505518763797,0.0,180,180,0,0.8069135802469136,0.8074074074074075,121,228,121--228,8,4,4,8,32,2,0.6666666666666666,1,0,1,10,"[""40"", ""121"", ""118"", ""241"", ""228"", ""93"", ""163"", ""108"", ""41"", ""167""]",7765d6a661c3bebab6232a8e9c93af30b5e05dbc0f375c4abb3c76b5715022d1,"{""boundary"": 4, ""degree_core"": 3, ""random_fill"": 3}","{""degree_2"": 2, ""degree_3_4"": 5, ""degree_5_8"": 3}","{""0"": 6, ""1"": 4}",64,"{""backend"": ""evaluate_m19_theory_calibrated.candidate_features"", ""delta_mode"": ""none"", ""k_max"": 512, ""k_min"": 64, ""variant"": ""conservative""}",21,1.0,0.3333333333333333,0.3333333333333333,0.0,0.6666666666666666,"{""dp_17_64"": 0.7142857142857143, ""dp_5_16"": 0.2857142857142857}","{""cn_0"": 0.42857142857142855, ""cn_1"": 0.23809523809523808, ""cn_2_3"": 0.2857142857142857, ""cn_4_8"": 0.047619047619047616}",1.0952380952380953,24.428571428571427,sasb_candidate_builder,b40fb70566d83982432add076278ab5b06ca97e1d4f1bcbed41094094681dbf1,21,b40fb70566d83982432add076278ab5b06ca97e1d4f1bcbed41094094681dbf1,"{""sasb_builder"": 21}",0,0,0,0,{},0.0,"{""common_neighbor_bin_l1"": 0.0, ""degree_product_bin_l1"": 0.0, ""is_boundary_edge_l1"": 0.0, ""is_bridge_edge_l1"": 0.0, ""is_inter_community_edge_l1"": 0.0, ""is_low_common_neighbor_edge_l1"": 0.0, ""mean_l1"": 0.0}",1,32,10,10.833333333333334,0
realworld_completed,bio_celegans,SASB-candidate,sasb,SASB-structured,20260513,1635,late,0.02207505518763797,0.02207505518763797,0.0,180,180,0,0.8074074074074075,0.8079012345679012,108,118,108--118,2,7,2,7,14,1,1.0,0,0,0,10,"[""40"", ""118"", ""121"", ""241"", ""93"", ""163"", ""228"", ""108"", ""41"", ""167""]",6e55ffa91b9c6589fc8dd564475ec232d2f6ad068434f4e8e1c5a8d64aefd3b7,"{""boundary"": 4, ""degree_core"": 3, ""random_fill"": 3}","{""degree_2"": 2, ""degree_3_4"": 5, ""degree_5_8"": 3}","{""0"": 6, ""1"": 4}",64,"{""backend"": ""evaluate_m19_theory_calibrated.candidate_features"", ""delta_mode"": ""none"", ""k_max"": 512, ""k_min"": 64, ""variant"": ""conservative""}",20,1.0,0.3,0.3,0.0,0.75,"{""dp_17_64"": 0.7, ""dp_5_16"": 0.3}","{""cn_0"": 0.5, ""cn_1"": 0.25, ""cn_2_3"": 0.2, ""cn_4_8"": 0.05}",0.95,22.1,sasb_candidate_builder,f1a4780ff0999b0fcdb4d0f43d5faed73da51bd21bf23933e229aa5b55b80ef4,20,f1a4780ff0999b0fcdb4d0f43d5faed73da51bd21bf23933e229aa5b55b80ef4,"{""sasb_builder"": 20}",0,0,0,0,{},0.0,"{""common_neighbor_bin_l1"": 0.0, ""degree_product_bin_l1"": 0.0, ""is_boundary_edge_l1"": 0.0, ""is_bridge_edge_l1"": 0.0, ""is_inter_community_edge_l1"": 0.0, ""is_low_common_neighbor_edge_l1"": 0.0, ""mean_l1"": 0.0}",1,32,10,9.0,0
realworld_completed,bio_celegans,SASB-candidate,sasb,SASB-structured,20260513,1636,late,0.02207505518763797,0.02207505518763797,0.0,180,181,1,0.8079012345679012,0.808395061728395,108,121,108--121,1,7,1,7,7,0,0.0,0,0,0,10,"[""40"", ""121"", ""118"", ""241"", ""93"", ""163"", ""228"", ""41"", ""108"", ""167""]",fe755d868a411cdc494fcddb84c51ec411e9222fe791ed7c5a9dcaec1d647579,"{""boundary"": 4, ""degree_core"": 3, ""random_fill"": 3}","{""degree_0_1"": 1, ""degree_2"": 1, ""degree_3_4"": 5, ""degree_5_8"": 3}","{""0"": 6, ""1"": 4}",64,"{""backend"": ""evaluate_m19_theory_calibrated.candidate_features"", ""delta_mode"": ""none"", ""k_max"": 512, ""k_min"": 64, ""variant"": ""conservative""}",19,1.0,0.3157894736842105,0.3157894736842105,0.05263157894736842,0.7368421052631579,"{""dp_17_64"": 0.7368421052631579, ""dp_5_16"": 0.2631578947368421}","{""cn_0"": 0.5789473684210527, ""cn_1"": 0.15789473684210525, ""cn_2_3"": 0.21052631578947367, ""cn_4_8"": 0.05263157894736842}",0.8421052631578947,20.789473684210527,sasb_candidate_builder,8725a19a17ab1c2c45bb8a55ad752b1daee357d296edffae2adcd092884ef733,19,8725a19a17ab1c2c45bb8a55ad752b1daee357d296edffae2adcd092884ef733,"{""sasb_builder"": 19}",0,0,0,0,{},0.0,"{""common_neighbor_bin_l1"": 0.0, ""degree_product_bin_l1"": 0.0, ""is_boundary_edge_l1"": 0.0, ""is_bridge_edge_l1"": 0.0, ""is_inter_community_edge_l1"": 0.0, ""is_low_common_neighbor_edge_l1"": 0.0, ""mean_l1"": 0.0}",1,32,10,18.0,0
realworld_completed,bio_celegans,SASB-candidate,sasb,SASB-structured,20260513,1637,late,0.02207505518763797,0.02207505518763797,0.0,181,181,0,0.808395061728395,0.8088888888888889,57,92,57--92,2,3,2,3,6,1,1.0,0,2,2,10,"[""85"", ""431"", ""92"", ""166"", ""94"", ""375"", ""57"", ""356"", ""234"", ""373""]",9168b6b837919fb62723c0665804e8224753bc8f1d36005b9dccfb281b55fbf3,"{""boundary"": 4, ""degree_core"": 3, ""random_fill"": 3}","{""degree_0_1"": 3, ""degree_2"": 3, ""degree_3_4"": 4}","{""0"": 3, ""1"": 4, ""2"": 3}",64,"{""backend"": ""evaluate_m19_theory_calibrated.candidate_features"", ""delta_mode"": ""none"", ""k_max"": 512, ""k_min"": 64, ""variant"": ""conservative""}",11,1.0,0.2727272727272727,0.2727272727272727,0.45454545454545453,1.0,"{""dp_0_4"": 0.2727272727272727, ""dp_5_16"": 0.7272727272727273}","{""cn_0"": 0.9090909090909091, ""cn_1"": 0.09090909090909091}",0.09090909090909091,6.454545454545454,sasb_candidate_builder,14f96bb002c1c25388887ced4a70c5a3d0ef436b50a55a17025767658aba87c9,11,14f96bb002c1c25388887ced4a70c5a3d0ef436b50a55a17025767658aba87c9,"{""sasb_builder"": 11}",0,0,0,0,{},0.0,"{""common_neighbor_bin_l1"": 0.0, ""degree_product_bin_l1"": 0.0, ""is_boundary_edge_l1"": 0.0, ""is_bridge_edge_l1"": 0.0, ""is_inter_community_edge_l1"": 0.0, ""is_low_common_neighbor_edge_l1"": 0.0, ""mean_l1"": 0.0}",1,32,10,4.0,0
realworld_completed,bio_celegans,SASB-candidate,sasb,SASB-structured,20260513,1638,late,0.02207505518763797,0.02207505518763797,0.0,181,181,0,0.8088888888888889,0.8093827160493827,166,85,166--85,2,4,2,4,8,0,0.0,1,1,0,10,"[""85"", ""431"", ""166"", ""375"", ""94"", ""92"", ""234"", ""356"", ""373"", ""57""]",cfe11d097168d4ba8597c784f3246a4a73fd3ce99d27c0a22876baa181693ef8,"{""boundary"": 4, ""degree_core"": 3, ""random_fill"": 3}","{""degree_0_1"": 4, ""degree_2"": 3, ""degree_3_4"": 3}","{""0"": 3, ""1"": 4, ""2"": 3}",64,"{""backend"": ""evaluate_m19_theory_calibrated.candidate_features"", ""delta_mode"": ""none"", ""k_max"": 512, ""k_min"": 64, ""variant"": ""conservative""}",10,1.0,0.3,0.3,0.6,1.0,"{""dp_0_4"": 0.5, ""dp_5_16"": 0.5}","{""cn_0"": 1.0}",0.0,5.7,sasb_candidate_builder,3c0d97a7683e97ddeb1a367f6aecf297f408dd594a7031dfa5373cc6aa3f0f3a,10,3c0d97a7683e97ddeb1a367f6aecf297f408dd594a7031dfa5373cc6aa3f0f3a,"{""sasb_builder"": 10}",0,0,0,0,{},0.0,"{""common_neighbor_bin_l1"": 0.0, ""degree_product_bin_l1"": 0.0, ""is_boundary_edge_l1"": 0.0, ""is_bridge_edge_l1"": 0.0, ""is_inter_community_edge_l1"": 0.0, ""is_low_common_neighbor_edge_l1"": 0.0, ""mean_l1"": 0.0}",1,32,10,0.0,0
realworld_completed,bio_celegans,SASB-candidate,sasb,SASB-structured,20260513,1639,late,0.02207505518763797,0.02207505518763797,0.0,181,182,1,0.8093827160493827,0.8098765432098766,166,92,166--92,1,2,1,2,2,0,0.0,0,1,1,10,"[""85"", ""431"", ""375"", ""92"", ""94"", ""166"", ""234"", ""373"", ""57"", ""356""]",0423a0c7df11b85ef178bc856bfb4b8cbcba5ac60875f83c64d3770ff3c5f3e6,"{""boundary"": 4, ""degree_core"": 3, ""random_fill"": 3}","{""degree_0_1"": 5, ""degree_2"": 2, ""degree_3_4"": 3}","{""0"": 3, ""1"": 4, ""2"": 3}",64,"{""backend"": ""evaluate_m19_theory_calibrated.candidate_features"", ""delta_mode"": ""none"", ""k_max"": 512, ""k_min"": 64, ""variant"": ""conservative""}",9,1.0,0.3333333333333333,0.3333333333333333,1.0,1.0,"{""dp_0_4"": 0.5555555555555556, ""dp_5_16"": 0.4444444444444444}","{""cn_0"": 1.0}",0.0,4.555555555555555,sasb_candidate_builder,23bf0cc3272b047e1718bf788f3ae3cfed5a2fada9923f38a29c07e69e8faddc,9,23bf0cc3272b047e1718bf788f3ae3cfed5a2fada9923f38a29c07e69e8faddc,"{""sasb_builder"": 9}",0,0,0,0,{},0.0,"{""common_neighbor_bin_l1"": 0.0, ""degree_product_bin_l1"": 0.0, ""is_boundary_edge_l1"": 0.0, ""is_bridge_edge_l1"": 0.0, ""is_inter_community_edge_l1"": 0.0, ""is_low_common_neighbor_edge_l1"": 0.0, ""mean_l1"": 0.0}",1,32,10,0.0,0
realworld_completed,bio_celegans,SASB-candidate,sasb,SASB-structured,20260513,1640,late,0.02207505518763797,0.02207505518763797,0.0,182,182,0,0.8098765432098766,0.8103703703703704,113,283,113--283,2,4,2,4,8,1,1.0,0,1,1,10,"[""283"", ""90"", ""46"", ""101"", ""281"", ""282"", ""79"", ""285"", ""420"", ""113""]",976b7bc0f2ee8e636534e64e9d860b1e3088b5fafe78d56ec6930b4d5bb061ab,"{""boundary"": 4, ""degree_core"": 3, ""random_fill"": 3}","{""degree_2"": 3, ""degree_3_4"": 7}","{""0"": 3, ""1"": 3, ""2"": 4}",64,"{""backend"": ""evaluate_m19_theory_calibrated.candidate_features"", ""delta_mode"": ""none"", ""k_max"": 512, ""k_min"": 64, ""variant"": ""conservative""}",15,1.0,0.26666666666666666,0.26666666666666666,0.06666666666666667,0.8666666666666667,"{""dp_5_16"": 1.0}","{""cn_0"": 0.6, ""cn_1"": 0.26666666666666666, ""cn_2_3"": 0.13333333333333333}",0.5333333333333333,10.066666666666666,sasb_candidate_builder,7c43892d3514ebbc2623a60a06379410cd7c0fa7dc755708f83c013d79ff5715,15,7c43892d3514ebbc2623a60a06379410cd7c0fa7dc755708f83c013d79ff5715,"{""sasb_builder"": 15}",0,0,0,0,{},0.0,"{""common_neighbor_bin_l1"": 0.0, ""degree_product_bin_l1"": 0.0, ""is_boundary_edge_l1"": 0.0, ""is_bridge_edge_l1"": 0.0, ""is_inter_community_edge_l1"": 0.0, ""is_low_common_neighbor_edge_l1"": 0.0, ""mean_l1"": 0.0}",1,32,10,11.666666666666668,0
realworld_completed,bio_celegans,SASB-candidate,sasb,SASB-structured,20260513,1641,late,0.02207505518763797,0.019867549668874173,0.0022075055187637978,182,183,1,0.8103703703703704,0.8108641975308643,101,113,101--113,3,1,1,3,3,0,0.0,0,1,1,10,"[""90"", ""283"", ""46"", ""101"", ""281"", ""282"", ""79"", ""420"", ""113"", ""285""]",12f3a1c12bfbb100fcb09e1884f21042644d4782b898c9cb0cd4fd653c24375e,"{""boundary"": 4, ""degree_core"": 3, ""random_fill"": 3}","{""degree_0_1"": 1, ""degree_2"": 2, ""degree_3_4"": 7}","{""0"": 3, ""1"": 3, ""2"": 4}",64,"{""backend"": ""evaluate_m19_theory_calibrated.candidate_features"", ""delta_mode"": ""none"", ""k_max"": 512, ""k_min"": 64, ""variant"": ""conservative""}",14,1.0,0.2857142857142857,0.2857142857142857,0.14285714285714285,0.9285714285714286,"{""dp_0_4"": 0.07142857142857142, ""dp_5_16"": 0.9285714285714286}","{""cn_0"": 0.7142857142857143, ""cn_1"": 0.21428571428571427, ""cn_2_3"": 0.07142857142857142}",0.35714285714285715,9.285714285714286,sasb_candidate_builder,f6c6ed29eea26909c5279db405c10540eb6c881fe6f8f566f2c2b0f4102fa685,14,f6c6ed29eea26909c5279db405c10540eb6c881fe6f8f566f2c2b0f4102fa685,"{""sasb_builder"": 14}",0,0,0,0,{},0.0,"{""common_neighbor_bin_l1"": 0.0, ""degree_product_bin_l1"": 0.0, ""is_boundary_edge_l1"": 0.0, ""is_bridge_edge_l1"": 0.0, ""is_inter_community_edge_l1"": 0.0, ""is_low_common_neighbor_edge_l1"": 0.0, ""mean_l1"": 0.0}",1,32,10,18.0,0
realworld_completed,bio_celegans,SASB-candidate,sasb,SASB-structured,20260513,1642,late,0.019867549668874173,0.019867549668874173,0.0,183,184,1,0.8108641975308643,0.811358024691358,446,56,446--56,3,1,1,3,3,0,0.0,0,2,2,9,"[""96"", ""446"", ""449"", ""447"", ""450"", ""452"", ""59"", ""56"", ""50""]",ab44340c3531a767134a496c3c1e6bfa02670056e79f172a1a8f02b5ae2e6bbe,"{""boundary"": 3, ""degree_core"": 3, ""random_fill"": 3}","{""degree_0_1"": 6, ""degree_2"": 1, ""degree_3_4"": 1, ""degree_5_8"": 1}","{""0"": 4, ""1"": 2, ""2"": 3}",64,"{""backend"": ""evaluate_m19_theory_calibrated.candidate_features"", ""delta_mode"": ""none"", ""k_max"": 512, ""k_min"": 64, ""variant"": ""conservative""}",8,1.0,0.25,0.25,1.0,1.0,"{""dp_0_4"": 0.375, ""dp_5_16"": 0.625}","{""cn_0"": 1.0}",0.0,6.0,sasb_candidate_builder,7d0ca05d2fb0c65b9dcad2c77743922614c5febcb8d9836591020fc3ca134924,8,7d0ca05d2fb0c65b9dcad2c77743922614c5febcb8d9836591020fc3ca134924,"{""sasb_builder"": 8}",0,0,0,0,{},0.0,"{""common_neighbor_bin_l1"": 0.0, ""degree_product_bin_l1"": 0.0, ""is_boundary_edge_l1"": 0.0, ""is_bridge_edge_l1"": 0.0, ""is_inter_community_edge_l1"": 0.0, ""is_low_common_neighbor_edge_l1"": 0.0, ""mean_l1"": 0.0}",1,32,9,0.0,0
realworld_completed,bio_celegans,SASB-candidate,sasb,SASB-structured,20260513,1643,late,0.019867549668874173,0.019867549668874173,0.0,184,184,0,0.811358024691358,0.8118518518518518,142,201,142--201,8,3,3,8,24,2,1.0,1,0,1,9,"[""142"", ""143"", ""201"", ""314"", ""212"", ""215"", ""313"", ""286"", ""321""]",8bd22dfe36f1622eb907bb8746b1f62c77933a0f80acf02c25a528ee9d96a7a3,"{""boundary"": 3, ""degree_core"": 3, ""random_fill"": 3}","{""degree_3_4"": 7, ""degree_5_8"": 2}","{""0"": 3, ""1"": 2, ""2"": 4}",64,"{""backend"": ""evaluate_m19_theory_calibrated.candidate_features"", ""delta_mode"": ""none"", ""k_max"": 512, ""k_min"": 64, ""variant"": ""conservative""}",19,1.0,0.5263157894736842,0.5263157894736842,0.0,0.0,"{""dp_17_64"": 0.7894736842105263, ""dp_5_16"": 0.21052631578947367}","{""cn_2_3"": 0.9473684210526315, ""cn_4_8"": 0.05263157894736842}",2.3684210526315788,24.105263157894736,sasb_candidate_builder,54edf9c94263355d9be981565fb59233a3495910e99421506743e95364b9cde4,19,54edf9c94263355d9be981565fb59233a3495910e99421506743e95364b9cde4,"{""sasb_builder"": 19}",0,0,0,0,{},0.0,"{""common_neighbor_bin_l1"": 0.0, ""degree_product_bin_l1"": 0.0, ""is_boundary_edge_l1"": 0.0, ""is_bridge_edge_l1"": 0.0, ""is_inter_community_edge_l1"": 0.0, ""is_low_common_neighbor_edge_l1"": 0.0, ""mean_l1"": 0.0}",1,32,9,7.0,0
realworld_completed,bio_celegans,SASB-candidate,sasb,SASB-structured,20260513,1644,late,0.019867549668874173,0.019867549668874173,0.0,184,184,0,0.8118518518518518,0.8123456790123457,143,201,143--201,8,2,2,8,16,1,1.0,0,1,1,9,"[""143"", ""142"", ""212"", ""314"", ""215"", ""286"", ""313"", ""201"", ""321""]",4c9e94055a3511ae79eea1f1f8838420f986a9b005b6dacaaf2e293b918aac60,"{""boundary"": 3, ""degree_core"": 3, ""random_fill"": 3}","{""degree_2"": 1, ""degree_3_4"": 6, ""degree_5_8"": 2}","{""0"": 3, ""1"": 2, ""2"": 4}",64,"{""backend"": ""evaluate_m19_theory_calibrated.candidate_features"", ""delta_mode"": ""none"", ""k_max"": 512, ""k_min"": 64, ""variant"": ""conservative""}",18,1.0,0.5,0.5,0.0,0.16666666666666666,"{""dp_17_64"": 0.7222222222222222, ""dp_5_16"": 0.2777777777777778}","{""cn_1"": 0.16666666666666666, ""cn_2_3"": 0.7777777777777778, ""cn_4_8"": 0.05555555555555555}",2.1666666666666665,22.0,sasb_candidate_builder,390d7dc90dacfe79e2497be7b92138a88484e041917c26c4c80986b0a97a47c8,18,390d7dc90dacfe79e2497be7b92138a88484e041917c26c4c80986b0a97a47c8,"{""sasb_builder"": 18}",0,0,0,0,{},0.0,"{""common_neighbor_bin_l1"": 0.0, ""degree_product_bin_l1"": 0.0, ""is_boundary_edge_l1"": 0.0, ""is_bridge_edge_l1"": 0.0, ""is_inter_community_edge_l1"": 0.0, ""is_low_common_neighbor_edge_l1"": 0.0, ""mean_l1"": 0.0}",1,32,9,13.0,0
realworld_completed,bio_celegans,SASB-candidate,sasb,SASB-structured,20260513,1645,late,0.019867549668874173,0.019867549668874173,0.0,184,185,1,0.8123456790123457,0.8128395061728395,201,212,201--212,1,3,1,3,3,0,0.0,0,1,1,9,"[""142"", ""143"", ""212"", ""314"", ""215"", ""286"", ""321"", ""313"", ""201""]",53e31d4f645e76ca08396e44b9f650596b5b8b8d8eba67a0aa052530d6fbd128,"{""boundary"": 3, ""degree_core"": 3, ""random_fill"": 3}","{""degree_0_1"": 1, ""degree_3_4"": 6, ""degree_5_8"": 2}","{""0"": 3, ""1"": 2, ""2"": 4}",64,"{""backend"": ""evaluate_m19_theory_calibrated.candidate_features"", ""delta_mode"": ""none"", ""k_max"": 512, ""k_min"": 64, ""variant"": ""conservative""}",17,1.0,0.47058823529411764,0.47058823529411764,0.058823529411764705,0.17647058823529413,"{""dp_0_4"": 0.058823529411764705, ""dp_17_64"": 0.7647058823529411, ""dp_5_16"": 0.17647058823529413}","{""cn_0"": 0.058823529411764705, ""cn_1"": 0.11764705882352941, ""cn_2_3"": 0.7647058823529411, ""cn_4_8"": 0.058823529411764705}",2.1176470588235294,20.647058823529413,sasb_candidate_builder,30db544f8f42bb33ababfe817582970737231333984537f02b53b92838e15576,17,30db544f8f42bb33ababfe817582970737231333984537f02b53b92838e15576,"{""sasb_builder"": 17}",0,0,0,0,{},0.0,"{""common_neighbor_bin_l1"": 0.0, ""degree_product_bin_l1"": 0.0, ""is_boundary_edge_l1"": 0.0, ""is_bridge_edge_l1"": 0.0, ""is_inter_community_edge_l1"": 0.0, ""is_low_common_neighbor_edge_l1"": 0.0, ""mean_l1"": 0.0}",1,32,9,16.0,0
realworld_completed,bio_celegans,SASB-candidate,sasb,SASB-structured,20260513,1646,late,0.019867549668874173,0.019867549668874173,0.0,185,186,1,0.8128395061728395,0.8133333333333334,145,33,145--33,8,1,1,8,8,0,0.0,0,0,0,9,"[""145"", ""33"", ""34"", ""44"", ""48"", ""86"", ""89"", ""87"", ""91""]",1ebb493bba2ce754f97c1b093280d4c77988143e112b4938df30d6d92d7a0422,"{""boundary"": 3, ""degree_core"": 3, ""random_fill"": 3}","{""degree_0_1"": 8, ""degree_5_8"": 1}","{""0"": 9}",64,"{""backend"": ""evaluate_m19_theory_calibrated.candidate_features"", ""delta_mode"": ""none"", ""k_max"": 512, ""k_min"": 64, ""variant"": ""conservative""}",8,1.0,0.0,0.0,1.0,1.0,"{""dp_5_16"": 1.0}","{""cn_0"": 1.0}",0.0,8.0,sasb_candidate_builder,1d3df36c0c7fd4b07f0c064fcd50b0a41fbf3fad52ce8d59466b45e692e3ea74,8,1d3df36c0c7fd4b07f0c064fcd50b0a41fbf3fad52ce8d59466b45e692e3ea74,"{""sasb_builder"": 8}",0,0,0,0,{},0.0,"{""common_neighbor_bin_l1"": 0.0, ""degree_product_bin_l1"": 0.0, ""is_boundary_edge_l1"": 0.0, ""is_bridge_edge_l1"": 0.0, ""is_inter_community_edge_l1"": 0.0, ""is_low_common_neighbor_edge_l1"": 0.0, ""mean_l1"": 0.0}",1,32,9,0.0,0
realworld_completed,bio_celegans,SASB-candidate,sasb,SASB-structured,20260513,1647,late,0.019867549668874173,0.019867549668874173,0.0,186,186,0,0.8133333333333334,0.8138271604938272,40,93,40--93,6,4,4,6,24,2,0.6666666666666666,1,1,0,9,"[""40"", ""118"", ""121"", ""93"", ""163"", ""228"", ""41"", ""167"", ""241""]",2da668cfe90dc9c771cbb9b426fafc40bbd6fc36d9f020f94716166d19766446,"{""boundary"": 3, ""degree_core"": 3, ""random_fill"": 3}","{""degree_2"": 1, ""degree_3_4"": 5, ""degree_5_8"": 3}","{""0"": 6, ""1"": 3}",64,"{""backend"": ""evaluate_m19_theory_calibrated.candidate_features"", ""delta_mode"": ""none"", ""k_max"": 512, ""k_min"": 64, ""variant"": ""conservative""}",18,1.0,0.2777777777777778,0.2777777777777778,0.0,0.7222222222222222,"{""dp_17_64"": 0.7777777777777778, ""dp_5_16"": 0.2222222222222222}","{""cn_0"": 0.5555555555555556, ""cn_1"": 0.16666666666666666, ""cn_2_3"": 0.2222222222222222, ""cn_4_8"": 0.05555555555555555}",0.8888888888888888,20.166666666666668,sasb_candidate_builder,c2373e34e6bcb7ded583cad1161ccba92704addf889cf8ffa85472a3497205a0,18,c2373e34e6bcb7ded583cad1161ccba92704addf889cf8ffa85472a3497205a0,"{""sasb_builder"": 18}",0,0,0,0,{},0.0,"{""common_neighbor_bin_l1"": 0.0, ""degree_product_bin_l1"": 0.0, ""is_boundary_edge_l1"": 0.0, ""is_bridge_edge_l1"": 0.0, ""is_inter_community_edge_l1"": 0.0, ""is_low_common_neighbor_edge_l1"": 0.0, ""mean_l1"": 0.0}",1,32,9,8.4,0
realworld_completed,bio_celegans,SASB-candidate,sasb,SASB-structured,20260513,1648,late,0.019867549668874173,0.019867549668874173,0.0,186,186,0,0.8138271604938272,0.814320987654321,228,241,228--241,3,3,3,3,9,0,0.0,1,1,0,9,"[""40"", ""118"", ""121"", ""163"", ""228"", ""241"", ""41"", ""93"", ""167""]",a081290d86d4a5c7d367cabca6188a05c0a29bd1ac3959a7d6fc3787e9dbf860,"{""boundary"": 3, ""degree_core"": 3, ""random_fill"": 3}","{""degree_2"": 1, ""degree_3_4"": 5, ""degree_5_8"": 3}","{""0"": 6, ""1"": 3}",64,"{""backend"": ""evaluate_m19_theory_calibrated.candidate_features"", ""delta_mode"": ""none"", ""k_max"": 512, ""k_min"": 64, ""variant"": ""conservative""}",17,1.0,0.23529411764705882,0.23529411764705882,0.0,0.7647058823529411,"{""dp_17_64"": 0.6470588235294118, ""dp_5_16"": 0.35294117647058826}","{""cn_0"": 0.5882352941176471, ""cn_1"": 0.17647058823529413, ""cn_2_3"": 0.17647058823529413, ""cn_4_8"": 0.058823529411764705}",0.8235294117647058,17.88235294117647,sasb_candidate_builder,a4467307ba8ccb47b1d69f535b82446f03a0887a928d4883078bab4f2db33bd1,17,a4467307ba8ccb47b1d69f535b82446f03a0887a928d4883078bab4f2db33bd1,"{""sasb_builder"": 17}",0,0,0,0,{},0.0,"{""common_neighbor_bin_l1"": 0.0, ""degree_product_bin_l1"": 0.0, ""is_boundary_edge_l1"": 0.0, ""is_bridge_edge_l1"": 0.0, ""is_inter_community_edge_l1"": 0.0, ""is_low_common_neighbor_edge_l1"": 0.0, ""mean_l1"": 0.0}",1,32,9,8.666666666666666,0
realworld_completed,bio_celegans,SASB-candidate,sasb,SASB-structured,20260513,1649,late,0.019867549668874173,0.019867549668874173,0.0,186,186,0,0.814320987654321,0.8148148148148148,118,241,118--241,6,2,2,6,12,1,1.0,0,0,0,9,"[""40"", ""118"", ""121"", ""163"", ""41"", ""93"", ""228"", ""167"", ""241""]",30b2bd765497ef98693dd0f4cacc51520c0fa71f1c140d903edc25455eebc5ff,"{""boundary"": 3, ""degree_core"": 3, ""random_fill"": 3}","{""degree_2"": 3, ""degree_3_4"": 3, ""degree_5_8"": 3}","{""0"": 6, ""1"": 3}",64,"{""backend"": ""evaluate_m19_theory_calibrated.candidate_features"", ""delta_mode"": ""none"", ""k_max"": 512, ""k_min"": 64, ""variant"": ""conservative""}",16,1.0,0.1875,0.1875,0.0,0.75,"{""dp_0_4"": 0.0625, ""dp_17_64"": 0.5625, ""dp_5_16"": 0.375}","{""cn_0"": 0.5625, ""cn_1"": 0.1875, ""cn_2_3"": 0.1875, ""cn_4_8"": 0.0625}",0.875,17.25,sasb_candidate_builder,a70d309439c638e605926f319549a37285137607b996d8f91c3346ac96db7570,16,a70d309439c638e605926f319549a37285137607b996d8f91c3346ac96db7570,"{""sasb_builder"": 16}",0,0,0,0,{},0.0,"{""common_neighbor_bin_l1"": 0.0, ""degree_product_bin_l1"": 0.0, ""is_boundary_edge_l1"": 0.0, ""is_bridge_edge_l1"": 0.0, ""is_inter_community_edge_l1"": 0.0, ""is_low_common_neighbor_edge_l1"": 0.0, ""mean_l1"": 0.0}",1,32,9,8.0,0
realworld_completed,bio_celegans,SASB-candidate,sasb,SASB-structured,20260513,1650,late,0.019867549668874173,0.019867549668874173,0.0,186,187,1,0.8148148148148148,0.8153086419753086,121,241,121--241,6,1,1,6,6,0,0.0,0,0,0,9,"[""40"", ""121"", ""118"", ""163"", ""41"", ""93"", ""228"", ""241"", ""167""]",d1fa62aa195681d35aef6150e71558422fddc472dc0c719efd324d5ac02631db,"{""boundary"": 3, ""degree_core"": 3, ""random_fill"": 3}","{""degree_0_1"": 1, ""degree_2"": 2, ""degree_3_4"": 3, ""degree_5_8"": 3}","{""0"": 6, ""1"": 3}",64,"{""backend"": ""evaluate_m19_theory_calibrated.candidate_features"", ""delta_mode"": ""none"", ""k_max"": 512, ""k_min"": 64, ""variant"": ""conservative""}",15,1.0,0.2,0.2,0.06666666666666667,0.7333333333333333,"{""dp_0_4"": 0.06666666666666667, ""dp_17_64"": 0.4, ""dp_5_16"": 0.5333333333333333}","{""cn_0"": 0.6666666666666666, ""cn_1"": 0.06666666666666667, ""cn_2_3"": 0.2, ""cn_4_8"": 0.06666666666666667}",0.7333333333333333,15.866666666666667,sasb_candidate_builder,11ae3a2e740498f7cf494d04de7b61da7b36ef2c180fa387f6fdd03582a7f71a,15,11ae3a2e740498f7cf494d04de7b61da7b36ef2c180fa387f6fdd03582a7f71a,"{""sasb_builder"": 15}",0,0,0,0,{},0.0,"{""common_neighbor_bin_l1"": 0.0, ""degree_product_bin_l1"": 0.0, ""is_boundary_edge_l1"": 0.0, ""is_bridge_edge_l1"": 0.0, ""is_inter_community_edge_l1"": 0.0, ""is_low_common_neighbor_edge_l1"": 0.0, ""mean_l1"": 0.0}",1,32,9,16.0,0
realworld_completed,bio_celegans,SASB-candidate,sasb,SASB-structured,20260513,1651,late,0.019867549668874173,0.019867549668874173,0.0,187,187,0,0.8153086419753086,0.8158024691358025,65,66,65--66,3,5,3,5,15,1,0.5,1,1,0,9,"[""78"", ""398"", ""66"", ""77"", ""64"", ""75"", ""65"", ""76"", ""278""]",9c8ea2c5c33cb6ab302014acf34d28208cffd6b1f317bf9fb48b6b901bd4fb41,"{""boundary"": 3, ""community_rep"": 1, ""degree_core"": 3, ""random_fill"": 2}","{""degree_0_1"": 1, ""degree_2"": 1, ""degree_3_4"": 3, ""degree_5_8"": 4}","{""0"": 4, ""1"": 2, ""2"": 3}",64,"{""backend"": ""evaluate_m19_theory_calibrated.candidate_features"", ""delta_mode"": ""none"", ""k_max"": 512, ""k_min"": 64, ""variant"": ""conservative""}",18,1.0,0.4444444444444444,0.4444444444444444,0.05555555555555555,0.5555555555555556,"{""dp_0_4"": 0.05555555555555555, ""dp_17_64"": 0.7777777777777778, ""dp_5_16"": 0.16666666666666666}","{""cn_0"": 0.3888888888888889, ""cn_1"": 0.16666666666666666, ""cn_2_3"": 0.3888888888888889, ""cn_4_8"": 0.05555555555555555}",1.5,21.833333333333332,sasb_candidate_builder,e6272925a7c2c26c31a1bf82bc0a3c14ac4691a0e9be3b79107c1c2ed863ae83,18,e6272925a7c2c26c31a1bf82bc0a3c14ac4691a0e9be3b79107c1c2ed863ae83,"{""sasb_builder"": 18}",0,0,0,0,{},0.0,"{""common_neighbor_bin_l1"": 0.0, ""degree_product_bin_l1"": 0.0, ""is_boundary_edge_l1"": 0.0, ""is_bridge_edge_l1"": 0.0, ""is_inter_community_edge_l1"": 0.0, ""is_low_common_neighbor_edge_l1"": 0.0, ""mean_l1"": 0.0}",1,32,9,11.333333333333332,0
realworld_completed,bio_celegans,SASB-candidate,sasb,SASB-structured,20260513,1652,late,0.019867549668874173,0.019867549668874173,0.0,187,187,0,0.8158024691358025,0.8162962962962963,76,78,76--78,2,6,2,6,12,1,1.0,0,2,2,9,"[""78"", ""398"", ""77"", ""64"", ""66"", ""75"", ""65"", ""76"", ""278""]",e0953511935558b049f22fe667710c584058a4b283480109d30083dfc333ae5e,"{""boundary"": 3, ""community_rep"": 1, ""degree_core"": 3, ""random_fill"": 2}","{""degree_0_1"": 1, ""degree_2"": 2, ""degree_3_4"": 3, ""degree_5_8"": 3}","{""0"": 4, ""1"": 2, ""2"": 3}",64,"{""backend"": ""evaluate_m19_theory_calibrated.candidate_features"", ""delta_mode"": ""none"", ""k_max"": 512, ""k_min"": 64, ""variant"": ""conservative""}",17,1.0,0.4117647058823529,0.4117647058823529,0.11764705882352941,0.5294117647058824,"{""dp_0_4"": 0.058823529411764705, ""dp_17_64"": 0.7058823529411765, ""dp_5_16"": 0.23529411764705882}","{""cn_0"": 0.4117647058823529, ""cn_1"": 0.11764705882352941, ""cn_2_3"": 0.4117647058823529, ""cn_4_8"": 0.058823529411764705}",1.5294117647058822,20.58823529411765,sasb_candidate_builder,10801f6cdda534541529285f7f35338dfec7d49c567b2b7da0c913e9ca16f435,17,10801f6cdda534541529285f7f35338dfec7d49c567b2b7da0c913e9ca16f435,"{""sasb_builder"": 17}",0,0,0,0,{},0.0,"{""common_neighbor_bin_l1"": 0.0, ""degree_product_bin_l1"": 0.0, ""is_boundary_edge_l1"": 0.0, ""is_bridge_edge_l1"": 0.0, ""is_inter_community_edge_l1"": 0.0, ""is_low_common_neighbor_edge_l1"": 0.0, ""mean_l1"": 0.0}",1,32,9,10.0,0
realworld_completed,bio_celegans,SASB-candidate,sasb,SASB-structured,20260513,1653,late,0.019867549668874173,0.019867549668874173,0.0,187,188,1,0.8162962962962963,0.8167901234567901,75,76,75--76,4,1,1,4,4,0,0.0,0,2,2,9,"[""78"", ""398"", ""77"", ""64"", ""66"", ""75"", ""65"", ""76"", ""278""]",e0953511935558b049f22fe667710c584058a4b283480109d30083dfc333ae5e,"{""boundary"": 3, ""community_rep"": 1, ""degree_core"": 3, ""random_fill"": 2}","{""degree_0_1"": 2, ""degree_2"": 1, ""degree_3_4"": 3, ""degree_5_8"": 3}","{""0"": 4, ""1"": 2, ""2"": 3}",64,"{""backend"": ""evaluate_m19_theory_calibrated.candidate_features"", ""delta_mode"": ""none"", ""k_max"": 512, ""k_min"": 64, ""variant"": ""conservative""}",16,1.0,0.4375,0.4375,0.1875,0.5,"{""dp_0_4"": 0.125, ""dp_17_64"": 0.75, ""dp_5_16"": 0.125}","{""cn_0"": 0.5, ""cn_2_3"": 0.4375, ""cn_4_8"": 0.0625}",1.4375,19.4375,sasb_candidate_builder,a3dd8f81189cc7350d96b1ae5a50f00f8c3991f6a8034e19df5f02f2313fda61,16,a3dd8f81189cc7350d96b1ae5a50f00f8c3991f6a8034e19df5f02f2313fda61,"{""sasb_builder"": 16}",0,0,0,0,{},0.0,"{""common_neighbor_bin_l1"": 0.0, ""degree_product_bin_l1"": 0.0, ""is_boundary_edge_l1"": 0.0, ""is_bridge_edge_l1"": 0.0, ""is_inter_community_edge_l1"": 0.0, ""is_low_common_neighbor_edge_l1"": 0.0, ""mean_l1"": 0.0}",1,32,9,16.0,0
realworld_completed,bio_celegans,SASB-candidate,sasb,SASB-structured,20260513,1654,late,0.019867549668874173,0.019867549668874173,0.0,188,189,1,0.8167901234567901,0.817283950617284,234,94,234--94,1,3,1,3,3,0,0.0,0,1,1,9,"[""431"", ""85"", ""94"", ""375"", ""234"", ""356"", ""57"", ""373"", ""92""]",e3fb7d65f61e26331c2edd6a188cd201bc97b3c45b2d154a34df869edd7baec0,"{""boundary"": 3, ""degree_core"": 3, ""random_fill"": 3}","{""degree_0_1"": 5, ""degree_2"": 1, ""degree_3_4"": 3}","{""0"": 3, ""1"": 3, ""2"": 3}",64,"{""backend"": ""evaluate_m19_theory_calibrated.candidate_features"", ""delta_mode"": ""none"", ""k_max"": 512, ""k_min"": 64, ""variant"": ""conservative""}",8,1.0,0.25,0.25,1.0,1.0,"{""dp_0_4"": 0.625, ""dp_5_16"": 0.375}","{""cn_0"": 1.0}",0.0,4.5,sasb_candidate_builder,2672d9daa32bf5e5174599463896bef44cfa038047552b1ed3ab4df8184dc303,8,2672d9daa32bf5e5174599463896bef44cfa038047552b1ed3ab4df8184dc303,"{""sasb_builder"": 8}",0,0,0,0,{},0.0,"{""common_neighbor_bin_l1"": 0.0, ""degree_product_bin_l1"": 0.0, ""is_boundary_edge_l1"": 0.0, ""is_bridge_edge_l1"": 0.0, ""is_inter_community_edge_l1"": 0.0, ""is_low_common_neighbor_edge_l1"": 0.0, ""mean_l1"": 0.0}",1,32,9,0.0,0
realworld_completed,bio_celegans,SASB-candidate,sasb,SASB-structured,20260513,1655,late,0.019867549668874173,0.019867549668874173,0.0,189,190,1,0.817283950617284,0.8177777777777778,150,97,150--97,1,7,1,7,7,0,0.0,0,0,0,9,"[""97"", ""302"", ""307"", ""35"", ""150"", ""293"", ""347"", ""362"", ""360""]",36e829b3d0b9c8562238921dae81d5d979bc5ad1cc5260767e514d09df6afad2,"{""boundary"": 3, ""degree_core"": 3, ""random_fill"": 3}","{""degree_0_1"": 5, ""degree_2"": 3, ""degree_5_8"": 1}","{""0"": 6, ""1"": 3}",64,"{""backend"": ""evaluate_m19_theory_calibrated.candidate_features"", ""delta_mode"": ""none"", ""k_max"": 512, ""k_min"": 64, ""variant"": ""conservative""}",9,1.0,0.2222222222222222,0.2222222222222222,0.5555555555555556,1.0,"{""dp_0_4"": 0.2222222222222222, ""dp_5_16"": 0.7777777777777778}","{""cn_0"": 1.0}",0.0,7.888888888888889,sasb_candidate_builder,2560741b44d9303d76f2cb64a976d65dcfbd3f631b25fd0ff33eb23b44e05d08,9,2560741b44d9303d76f2cb64a976d65dcfbd3f631b25fd0ff33eb23b44e05d08,"{""sasb_builder"": 9}",0,0,0,0,{},0.0,"{""common_neighbor_bin_l1"": 0.0, ""degree_product_bin_l1"": 0.0, ""is_boundary_edge_l1"": 0.0, ""is_bridge_edge_l1"": 0.0, ""is_inter_community_edge_l1"": 0.0, ""is_low_common_neighbor_edge_l1"": 0.0, ""mean_l1"": 0.0}",1,32,9,0.0,0
realworld_completed,bio_celegans,SASB-candidate,sasb,SASB-structured,20260513,1656,late,0.019867549668874173,0.019867549668874173,0.0,190,190,0,0.8177777777777778,0.8182716049382716,154,310,154--310,7,4,4,7,28,2,0.6666666666666666,1,0,1,9,"[""154"", ""160"", ""310"", ""162"", ""309"", ""71"", ""345"", ""308"", ""299""]",7576ad15578469efc70509568935f0190a91476fc94888b18a430f666ceccf3a,"{""boundary"": 3, ""degree_core"": 3, ""random_fill"": 3}","{""degree_0_1"": 1, ""degree_2"": 2, ""degree_3_4"": 4, ""degree_5_8"": 2}","{""0"": 3, ""1"": 3, ""2"": 3}",64,"{""backend"": ""evaluate_m19_theory_calibrated.candidate_features"", ""delta_mode"": ""none"", ""k_max"": 512, ""k_min"": 64, ""variant"": ""conservative""}",15,1.0,0.4666666666666667,0.4666666666666667,0.06666666666666667,0.4666666666666667,"{""dp_0_4"": 0.13333333333333333, ""dp_17_64"": 0.4, ""dp_5_16"": 0.4666666666666667}","{""cn_0"": 0.26666666666666666, ""cn_1"": 0.2, ""cn_2_3"": 0.4666666666666667, ""cn_4_8"": 0.06666666666666667}",1.4,16.533333333333335,sasb_candidate_builder,4e18f8f9c8ae3b7223a191c76cbd7f9c0b3f9ff559a5bc73453068efdca09c2d,15,4e18f8f9c8ae3b7223a191c76cbd7f9c0b3f9ff559a5bc73453068efdca09c2d,"{""sasb_builder"": 15}",0,0,0,0,{},0.0,"{""common_neighbor_bin_l1"": 0.0, ""degree_product_bin_l1"": 0.0, ""is_boundary_edge_l1"": 0.0, ""is_bridge_edge_l1"": 0.0, ""is_inter_community_edge_l1"": 0.0, ""is_low_common_neighbor_edge_l1"": 0.0, ""mean_l1"": 0.0}",1,32,9,16.0,0
realworld_completed,bio_celegans,SASB-candidate,sasb,SASB-structured,20260513,1657,late,0.019867549668874173,0.019867549668874173,0.0,190,190,0,0.8182716049382716,0.8187654320987654,160,310,160--310,5,3,3,5,15,1,0.5,1,2,1,9,"[""154"", ""160"", ""309"", ""162"", ""310"", ""71"", ""345"", ""308"", ""299""]",01c704e5dc77953e698ffa12de965c9d0ebba957270e9f45eb59b84cef177b87,"{""boundary"": 3, ""degree_core"": 3, ""random_fill"": 3}","{""degree_0_1"": 1, ""degree_2"": 2, ""degree_3_4"": 4, ""degree_5_8"": 2}","{""0"": 3, ""1"": 3, ""2"": 3}",64,"{""backend"": ""evaluate_m19_theory_calibrated.candidate_features"", ""delta_mode"": ""none"", ""k_max"": 512, ""k_min"": 64, ""variant"": ""conservative""}",14,1.0,0.42857142857142855,0.42857142857142855,0.07142857142857142,0.7142857142857143,"{""dp_0_4"": 0.14285714285714285, ""dp_17_64"": 0.2857142857142857, ""dp_5_16"": 0.5714285714285714}","{""cn_0"": 0.2857142857142857, ""cn_1"": 0.42857142857142855, ""cn_2_3"": 0.2857142857142857}",1.0714285714285714,13.785714285714286,sasb_candidate_builder,4c39b3d445c0f61baf9d3fb107a2cf235c6db9280fbb0e64794bf35b08217d40,14,4c39b3d445c0f61baf9d3fb107a2cf235c6db9280fbb0e64794bf35b08217d40,"{""sasb_builder"": 14}",0,0,0,0,{},0.0,"{""common_neighbor_bin_l1"": 0.0, ""degree_product_bin_l1"": 0.0, ""is_boundary_edge_l1"": 0.0, ""is_bridge_edge_l1"": 0.0, ""is_inter_community_edge_l1"": 0.0, ""is_low_common_neighbor_edge_l1"": 0.0, ""mean_l1"": 0.0}",1,32,9,18.0,0
realworld_completed,bio_celegans,SASB-candidate,sasb,SASB-structured,20260513,1658,late,0.019867549668874173,0.019867549668874173,0.0,190,191,1,0.8187654320987654,0.8192592592592592,309,310,309--310,3,2,2,3,6,0,0.0,0,1,1,9,"[""154"", ""160"", ""309"", ""162"", ""71"", ""299"", ""308"", ""310"", ""345""]",2034c9eafbdabe0c36f2a43ab12d89b9c9300a390daf19281075d85373099914,"{""boundary"": 3, ""degree_core"": 3, ""random_fill"": 3}","{""degree_0_1"": 1, ""degree_2"": 3, ""degree_3_4"": 4, ""degree_5_8"": 1}","{""0"": 3, ""1"": 3, ""2"": 3}",64,"{""backend"": ""evaluate_m19_theory_calibrated.candidate_features"", ""delta_mode"": ""none"", ""k_max"": 512, ""k_min"": 64, ""variant"": ""conservative""}",13,1.0,0.38461538461538464,0.38461538461538464,0.15384615384615385,0.7692307692307693,"{""dp_0_4"": 0.15384615384615385, ""dp_17_64"": 0.3076923076923077, ""dp_5_16"": 0.5384615384615384}","{""cn_0"": 0.38461538461538464, ""cn_1"": 0.38461538461538464, ""cn_2_3"": 0.23076923076923078}",0.9230769230769231,12.23076923076923,sasb_candidate_builder,764d9eb514598af0e87bd4849245957f999b888804526ed8dd33cc3d383e0511,13,764d9eb514598af0e87bd4849245957f999b888804526ed8dd33cc3d383e0511,"{""sasb_builder"": 13}",0,0,0,0,{},0.0,"{""common_neighbor_bin_l1"": 0.0, ""degree_product_bin_l1"": 0.0, ""is_boundary_edge_l1"": 0.0, ""is_bridge_edge_l1"": 0.0, ""is_inter_community_edge_l1"": 0.0, ""is_low_common_neighbor_edge_l1"": 0.0, ""mean_l1"": 0.0}",1,32,9,28.0,0
realworld_completed,bio_celegans,SASB-candidate,sasb,SASB-structured,20260513,1659,late,0.019867549668874173,0.019867549668874173,0.0,191,191,0,0.8192592592592592,0.8197530864197531,101,283,101--283,2,3,2,3,6,1,1.0,0,1,1,9,"[""46"", ""281"", ""90"", ""282"", ""283"", ""79"", ""420"", ""101"", ""285""]",27d8cb81eff78e7bf2742891c4d1c1f933f679bbaa423aff4169ca151a329aec,"{""boundary"": 3, ""degree_core"": 3, ""random_fill"": 3}","{""degree_2"": 3, ""degree_3_4"": 6}","{""0"": 4, ""1"": 5}",64,"{""backend"": ""evaluate_m19_theory_calibrated.candidate_features"", ""delta_mode"": ""none"", ""k_max"": 512, ""k_min"": 64, ""variant"": ""conservative""}",13,1.0,0.07692307692307693,0.07692307692307693,0.07692307692307693,0.9230769230769231,"{""dp_5_16"": 1.0}","{""cn_0"": 0.6923076923076923, ""cn_1"": 0.23076923076923078, ""cn_2_3"": 0.07692307692307693}",0.38461538461538464,9.23076923076923,sasb_candidate_builder,c7a861325491cda1c043bcea6a4626a1555b754c955b6828bfe45e3326acb5eb,13,c7a861325491cda1c043bcea6a4626a1555b754c955b6828bfe45e3326acb5eb,"{""sasb_builder"": 13}",0,0,0,0,{},0.0,"{""common_neighbor_bin_l1"": 0.0, ""degree_product_bin_l1"": 0.0, ""is_boundary_edge_l1"": 0.0, ""is_bridge_edge_l1"": 0.0, ""is_inter_community_edge_l1"": 0.0, ""is_low_common_neighbor_edge_l1"": 0.0, ""mean_l1"": 0.0}",1,32,9,3.0,0
realworld_completed,bio_celegans,SASB-candidate,sasb,SASB-structured,20260513,1660,late,0.019867549668874173,0.019867549668874173,0.0,191,191,0,0.8197530864197531,0.8202469135802469,79,90,79--90,3,4,3,4,12,2,1.0,0,1,1,9,"[""46"", ""281"", ""90"", ""282"", ""79"", ""283"", ""285"", ""101"", ""420""]",aea3cead03f7bae7d7117c0ca63d398cec2285aca843f4686044b2796d341fd1,"{""boundary"": 3, ""degree_core"": 3, ""random_fill"": 3}","{""degree_0_1"": 1, ""degree_2"": 3, ""degree_3_4"": 5}","{""0"": 4, ""1"": 5}",64,"{""backend"": ""evaluate_m19_theory_calibrated.candidate_features"", ""delta_mode"": ""none"", ""k_max"": 512, ""k_min"": 64, ""variant"": ""conservative""}",12,1.0,0.08333333333333333,0.08333333333333333,0.16666666666666666,0.9166666666666666,"{""dp_0_4"": 0.08333333333333333, ""dp_5_16"": 0.9166666666666666}","{""cn_0"": 0.75, ""cn_1"": 0.16666666666666666, ""cn_2_3"": 0.08333333333333333}",0.3333333333333333,8.583333333333334,sasb_candidate_builder,ba9cf53f1a39441cca6ac54ce28a250ade99e29255536f33d7af7fefce3b8c92,12,ba9cf53f1a39441cca6ac54ce28a250ade99e29255536f33d7af7fefce3b8c92,"{""sasb_builder"": 12}",0,0,0,0,{},0.0,"{""common_neighbor_bin_l1"": 0.0, ""degree_product_bin_l1"": 0.0, ""is_boundary_edge_l1"": 0.0, ""is_bridge_edge_l1"": 0.0, ""is_inter_community_edge_l1"": 0.0, ""is_low_common_neighbor_edge_l1"": 0.0, ""mean_l1"": 0.0}",1,32,9,4.0,0
realworld_completed,bio_celegans,SASB-candidate,sasb,SASB-structured,20260513,1661,late,0.019867549668874173,0.019867549668874173,0.0,191,191,0,0.8202469135802469,0.8207407407407408,282,285,282--285,3,2,2,3,6,1,1.0,0,0,0,9,"[""46"", ""281"", ""282"", ""90"", ""283"", ""285"", ""79"", ""420"", ""101""]",cf94b8947053ea44a97a4179f21297071d6d86ed9d07ae1d30aa5b6161370397,"{""boundary"": 3, ""degree_core"": 3, ""random_fill"": 3}","{""degree_0_1"": 1, ""degree_2"": 4, ""degree_3_4"": 4}","{""0"": 4, ""1"": 5}",64,"{""backend"": ""evaluate_m19_theory_calibrated.candidate_features"", ""delta_mode"": ""none"", ""k_max"": 512, ""k_min"": 64, ""variant"": ""conservative""}",11,1.0,0.09090909090909091,0.09090909090909091,0.18181818181818182,1.0,"{""dp_0_4"": 0.18181818181818182, ""dp_5_16"": 0.8181818181818182}","{""cn_0"": 0.8181818181818182, ""cn_1"": 0.18181818181818182}",0.18181818181818182,7.2727272727272725,sasb_candidate_builder,31c66eaa8332c1214a108a2ce3343173a2f21242d31dfd24cbfc95bef9c9936d,11,31c66eaa8332c1214a108a2ce3343173a2f21242d31dfd24cbfc95bef9c9936d,"{""sasb_builder"": 11}",0,0,0,0,{},0.0,"{""common_neighbor_bin_l1"": 0.0, ""degree_product_bin_l1"": 0.0, ""is_boundary_edge_l1"": 0.0, ""is_bridge_edge_l1"": 0.0, ""is_inter_community_edge_l1"": 0.0, ""is_low_common_neighbor_edge_l1"": 0.0, ""mean_l1"": 0.0}",1,32,9,3.0,0
realworld_completed,bio_celegans,SASB-candidate,sasb,SASB-structured,20260513,1662,late,0.019867549668874173,0.019867549668874173,0.0,191,191,0,0.8207407407407408,0.8212345679012346,282,420,282--420,2,2,2,2,4,1,1.0,0,0,0,9,"[""46"", ""281"", ""90"", ""282"", ""283"", ""420"", ""79"", ""101"", ""285""]",a203df940777637d0935a7a71539367c951a5f08c04c51e0b6a2b23d7443f121,"{""boundary"": 3, ""degree_core"": 3, ""random_fill"": 3}","{""degree_0_1"": 2, ""degree_2"": 4, ""degree_3_4"": 3}","{""0"": 4, ""1"": 5}",64,"{""backend"": ""evaluate_m19_theory_calibrated.candidate_features"", ""delta_mode"": ""none"", ""k_max"": 512, ""k_min"": 64, ""variant"": ""conservative""}",10,1.0,0.1,0.1,0.3,1.0,"{""dp_0_4"": 0.4, ""dp_5_16"": 0.6}","{""cn_0"": 0.9, ""cn_1"": 0.1}",0.1,6.4,sasb_candidate_builder,d450edfd9a7c035301f1797fab62071354235559f680018e84080f03290677fd,10,d450edfd9a7c035301f1797fab62071354235559f680018e84080f03290677fd,"{""sasb_builder"": 10}",0,0,0,0,{},0.0,"{""common_neighbor_bin_l1"": 0.0, ""degree_product_bin_l1"": 0.0, ""is_boundary_edge_l1"": 0.0, ""is_bridge_edge_l1"": 0.0, ""is_inter_community_edge_l1"": 0.0, ""is_low_common_neighbor_edge_l1"": 0.0, ""mean_l1"": 0.0}",1,32,9,2.0,0
realworld_completed,bio_celegans,SASB-candidate,sasb,SASB-structured,20260513,1663,late,0.019867549668874173,0.017660044150110375,0.0022075055187637978,191,192,1,0.8212345679012346,0.8217283950617283,101,90,101--90,1,3,1,3,3,0,0.0,0,1,1,9,"[""46"", ""281"", ""90"", ""283"", ""79"", ""101"", ""285"", ""420"", ""282""]",9f6cc5ec52725ef8a78df509eba2976b4200c0a3717339005b5f0791e24ba79b,"{""boundary"": 3, ""degree_core"": 3, ""random_fill"": 3}","{""degree_0_1"": 4, ""degree_2"": 2, ""degree_3_4"": 3}","{""0"": 4, ""1"": 5}",64,"{""backend"": ""evaluate_m19_theory_calibrated.candidate_features"", ""delta_mode"": ""none"", ""k_max"": 512, ""k_min"": 64, ""variant"": ""conservative""}",9,1.0,0.1111111111111111,0.1111111111111111,0.5555555555555556,1.0,"{""dp_0_4"": 0.5555555555555556, ""dp_5_16"": 0.4444444444444444}","{""cn_0"": 1.0}",0.0,5.777777777777778,sasb_candidate_builder,5ab4d30186c613d2041d01f952d9b9879bc34a6ea2f305bd6551413aae87048e,9,5ab4d30186c613d2041d01f952d9b9879bc34a6ea2f305bd6551413aae87048e,"{""sasb_builder"": 9}",0,0,0,0,{},0.0,"{""common_neighbor_bin_l1"": 0.0, ""degree_product_bin_l1"": 0.0, ""is_boundary_edge_l1"": 0.0, ""is_bridge_edge_l1"": 0.0, ""is_inter_community_edge_l1"": 0.0, ""is_low_common_neighbor_edge_l1"": 0.0, ""mean_l1"": 0.0}",1,32,9,0.0,0
realworld_completed,bio_celegans,SASB-candidate,sasb,SASB-structured,20260513,1664,late,0.017660044150110375,0.017660044150110375,0.0,192,193,1,0.8217283950617283,0.8222222222222222,446,59,446--59,2,1,1,2,2,0,0.0,0,2,2,8,"[""96"", ""446"", ""449"", ""447"", ""450"", ""50"", ""452"", ""59""]",0f0b018c56cdd5b02f69b4e02be7f09fb82fed41199a9411d1b0ed8ca83114d3,"{""boundary"": 3, ""degree_core"": 2, ""random_fill"": 3}","{""degree_0_1"": 5, ""degree_2"": 2, ""degree_5_8"": 1}","{""0"": 4, ""1"": 2, ""2"": 2}",64,"{""backend"": ""evaluate_m19_theory_calibrated.candidate_features"", ""delta_mode"": ""none"", ""k_max"": 512, ""k_min"": 64, ""variant"": ""conservative""}",7,1.0,0.2857142857142857,0.2857142857142857,1.0,1.0,"{""dp_0_4"": 0.2857142857142857, ""dp_5_16"": 0.7142857142857143}","{""cn_0"": 1.0}",0.0,5.571428571428571,sasb_candidate_builder,78949c15c2942005fda76a460e5befb56d0465e634f865403cfa439c7442cb6a,7,78949c15c2942005fda76a460e5befb56d0465e634f865403cfa439c7442cb6a,"{""sasb_builder"": 7}",0,0,0,0,{},0.0,"{""common_neighbor_bin_l1"": 0.0, ""degree_product_bin_l1"": 0.0, ""is_boundary_edge_l1"": 0.0, ""is_bridge_edge_l1"": 0.0, ""is_inter_community_edge_l1"": 0.0, ""is_low_common_neighbor_edge_l1"": 0.0, ""mean_l1"": 0.0}",1,32,8,0.0,0
realworld_completed,bio_celegans,SASB-candidate,sasb,SASB-structured,20260513,1665,late,0.017660044150110375,0.017660044150110375,0.0,193,193,0,0.8222222222222222,0.822716049382716,116,364,116--364,2,6,2,6,12,1,1.0,0,1,1,8,"[""364"", ""74"", ""291"", ""292"", ""99"", ""381"", ""257"", ""116""]",41d523e52ac65b0c32e5b5b32799879d695ca6e85903ccda3ff5d5f386e2991f,"{""boundary"": 3, ""degree_core"": 2, ""random_fill"": 3}","{""degree_0_1"": 1, ""degree_2"": 2, ""degree_3_4"": 4, ""degree_5_8"": 1}","{""0"": 2, ""1"": 3, ""2"": 3}",64,"{""backend"": ""evaluate_m19_theory_calibrated.candidate_features"", ""delta_mode"": ""none"", ""k_max"": 512, ""k_min"": 64, ""variant"": ""conservative""}",13,1.0,0.46153846153846156,0.46153846153846156,0.07692307692307693,0.7692307692307693,"{""dp_0_4"": 0.15384615384615385, ""dp_17_64"": 0.3076923076923077, ""dp_5_16"": 0.5384615384615384}","{""cn_0"": 0.5384615384615384, ""cn_1"": 0.23076923076923078, ""cn_2_3"": 0.23076923076923078}",0.9230769230769231,14.923076923076923,sasb_candidate_builder,a8959f187709cb0d60b844f0703c8515a26aaf26ab1055fb4c6b07f6ee825636,13,a8959f187709cb0d60b844f0703c8515a26aaf26ab1055fb4c6b07f6ee825636,"{""sasb_builder"": 13}",0,0,0,0,{},0.0,"{""common_neighbor_bin_l1"": 0.0, ""degree_product_bin_l1"": 0.0, ""is_boundary_edge_l1"": 0.0, ""is_bridge_edge_l1"": 0.0, ""is_inter_community_edge_l1"": 0.0, ""is_low_common_neighbor_edge_l1"": 0.0, ""mean_l1"": 0.0}",1,32,8,12.0,0
realworld_completed,bio_celegans,SASB-candidate,sasb,SASB-structured,20260513,1666,late,0.017660044150110375,0.017660044150110375,0.0,193,194,1,0.822716049382716,0.8232098765432099,364,381,364--381,5,2,2,5,10,0,0.0,1,2,1,8,"[""364"", ""74"", ""291"", ""292"", ""99"", ""257"", ""116"", ""381""]",6b48a03d15f80c96e89f2c717bc21fd1161a002eaeba2544383654ee47607422,"{""boundary"": 3, ""degree_core"": 2, ""random_fill"": 3}","{""degree_0_1"": 2, ""degree_2"": 1, ""degree_3_4"": 4, ""degree_5_8"": 1}","{""0"": 2, ""1"": 3, ""2"": 3}",64,"{""backend"": ""evaluate_m19_theory_calibrated.candidate_features"", ""delta_mode"": ""none"", ""k_max"": 512, ""k_min"": 64, ""variant"": ""conservative""}",12,1.0,0.5,0.5,0.25,0.75,"{""dp_0_4"": 0.16666666666666666, ""dp_17_64"": 0.25, ""dp_5_16"": 0.5833333333333334}","{""cn_0"": 0.75, ""cn_2_3"": 0.25}",0.75,13.583333333333334,sasb_candidate_builder,fea6ab3e47f42ede309e0ac34593e51e1f474f5cfd8de2e0435798c0137acbda,12,fea6ab3e47f42ede309e0ac34593e51e1f474f5cfd8de2e0435798c0137acbda,"{""sasb_builder"": 12}",0,0,0,0,{},0.0,"{""common_neighbor_bin_l1"": 0.0, ""degree_product_bin_l1"": 0.0, ""is_boundary_edge_l1"": 0.0, ""is_bridge_edge_l1"": 0.0, ""is_inter_community_edge_l1"": 0.0, ""is_low_common_neighbor_edge_l1"": 0.0, ""mean_l1"": 0.0}",1,32,8,24.0,0
realworld_completed,bio_celegans,SASB-candidate,sasb,SASB-structured,20260513,1667,late,0.017660044150110375,0.017660044150110375,0.0,194,195,1,0.8232098765432099,0.8237037037037037,145,34,145--34,7,1,1,7,7,0,0.0,0,0,0,8,"[""145"", ""34"", ""44"", ""48"", ""86"", ""89"", ""91"", ""87""]",e820eba39646e1e4ddaecd8bf74e7f343c8f1a87dc8c8784764b59803296d0ff,"{""boundary"": 3, ""degree_core"": 2, ""random_fill"": 3}","{""degree_0_1"": 7, ""degree_5_8"": 1}","{""0"": 8}",64,"{""backend"": ""evaluate_m19_theory_calibrated.candidate_features"", ""delta_mode"": ""none"", ""k_max"": 512, ""k_min"": 64, ""variant"": ""conservative""}",7,1.0,0.0,0.0,1.0,1.0,"{""dp_5_16"": 1.0}","{""cn_0"": 1.0}",0.0,7.0,sasb_candidate_builder,1213a0fff7921b15f2a6882fa17dded74e5242e7374cd43d61a07993799cf5ea,7,1213a0fff7921b15f2a6882fa17dded74e5242e7374cd43d61a07993799cf5ea,"{""sasb_builder"": 7}",0,0,0,0,{},0.0,"{""common_neighbor_bin_l1"": 0.0, ""degree_product_bin_l1"": 0.0, ""is_boundary_edge_l1"": 0.0, ""is_bridge_edge_l1"": 0.0, ""is_inter_community_edge_l1"": 0.0, ""is_low_common_neighbor_edge_l1"": 0.0, ""mean_l1"": 0.0}",1,32,8,0.0,0
realworld_completed,bio_celegans,SASB-candidate,sasb,SASB-structured,20260513,1668,late,0.017660044150110375,0.017660044150110375,0.0,195,195,0,0.8237037037037037,0.8241975308641976,118,163,118--163,5,3,3,5,15,2,1.0,0,0,0,8,"[""40"", ""118"", ""121"", ""163"", ""41"", ""228"", ""93"", ""167""]",0ca95ff09faabe31cbae780c9083cc88eab82470db35daf0f04dcd2aab5ac240,"{""boundary"": 3, ""degree_core"": 2, ""random_fill"": 3}","{""degree_2"": 2, ""degree_3_4"": 3, ""degree_5_8"": 3}","{""0"": 5, ""1"": 3}",64,"{""backend"": ""evaluate_m19_theory_calibrated.candidate_features"", ""delta_mode"": ""none"", ""k_max"": 512, ""k_min"": 64, ""variant"": ""conservative""}",14,1.0,0.21428571428571427,0.21428571428571427,0.0,0.7142857142857143,"{""dp_0_4"": 0.07142857142857142, ""dp_17_64"": 0.21428571428571427, ""dp_5_16"": 0.7142857142857143}","{""cn_0"": 0.6428571428571429, ""cn_1"": 0.07142857142857142, ""cn_2_3"": 0.21428571428571427, ""cn_4_8"": 0.07142857142857142}",0.7857142857142857,15.214285714285714,sasb_candidate_builder,3cdbc25efbc73faa8ea7f2241dfeccf6e8f6574fb8fb07db76762875fd274bdf,14,3cdbc25efbc73faa8ea7f2241dfeccf6e8f6574fb8fb07db76762875fd274bdf,"{""sasb_builder"": 14}",0,0,0,0,{},0.0,"{""common_neighbor_bin_l1"": 0.0, ""degree_product_bin_l1"": 0.0, ""is_boundary_edge_l1"": 0.0, ""is_bridge_edge_l1"": 0.0, ""is_inter_community_edge_l1"": 0.0, ""is_low_common_neighbor_edge_l1"": 0.0, ""mean_l1"": 0.0}",1,32,8,6.0,0
realworld_completed,bio_celegans,SASB-candidate,sasb,SASB-structured,20260513,1669,late,0.017660044150110375,0.017660044150110375,0.0,195,195,0,0.8241975308641976,0.8246913580246914,121,163,121--163,5,2,2,5,10,1,1.0,0,0,0,8,"[""40"", ""121"", ""118"", ""41"", ""93"", ""167"", ""228"", ""163""]",2b30cef719342e472552a81fe3c9e8bd549c8bbe27eb65a4bb529ba98ce5470e,"{""boundary"": 3, ""degree_core"": 2, ""random_fill"": 3}","{""degree_2"": 3, ""degree_3_4"": 3, ""degree_5_8"": 2}","{""0"": 5, ""1"": 3}",64,"{""backend"": ""evaluate_m19_theory_calibrated.candidate_features"", ""delta_mode"": ""none"", ""k_max"": 512, ""k_min"": 64, ""variant"": ""conservative""}",13,1.0,0.23076923076923078,0.23076923076923078,0.0,0.8461538461538461,"{""dp_0_4"": 0.07692307692307693, ""dp_17_64"": 0.23076923076923078, ""dp_5_16"": 0.6923076923076923}","{""cn_0"": 0.6923076923076923, ""cn_1"": 0.15384615384615385, ""cn_2_3"": 0.15384615384615385}",0.5384615384615384,13.384615384615385,sasb_candidate_builder,39e0a88f9f07d2987df1c949275008857a81583fb82369e83006a19dda3ee138,13,39e0a88f9f07d2987df1c949275008857a81583fb82369e83006a19dda3ee138,"{""sasb_builder"": 13}",0,0,0,0,{},0.0,"{""common_neighbor_bin_l1"": 0.0, ""degree_product_bin_l1"": 0.0, ""is_boundary_edge_l1"": 0.0, ""is_bridge_edge_l1"": 0.0, ""is_inter_community_edge_l1"": 0.0, ""is_low_common_neighbor_edge_l1"": 0.0, ""mean_l1"": 0.0}",1,32,8,11.0,0
realworld_completed,bio_celegans,SASB-candidate,sasb,SASB-structured,20260513,1670,late,0.017660044150110375,0.017660044150110375,0.0,195,195,0,0.8246913580246914,0.8251851851851851,40,41,40--41,5,3,3,5,15,2,1.0,1,1,0,8,"[""40"", ""118"", ""121"", ""41"", ""93"", ""228"", ""163"", ""167""]",d9928cd1fc40283c344a33b9a5b26848cc7dbadae2c189d39e48be323b51c4df,"{""boundary"": 3, ""degree_core"": 2, ""random_fill"": 3}","{""degree_0_1"": 1, ""degree_2"": 2, ""degree_3_4"": 4, ""degree_5_8"": 1}","{""0"": 5, ""1"": 3}",64,"{""backend"": ""evaluate_m19_theory_calibrated.candidate_features"", ""delta_mode"": ""none"", ""k_max"": 512, ""k_min"": 64, ""variant"": ""conservative""}",12,1.0,0.25,0.25,0.08333333333333333,0.8333333333333334,"{""dp_0_4"": 0.16666666666666666, ""dp_17_64"": 0.16666666666666666, ""dp_5_16"": 0.6666666666666666}","{""cn_0"": 0.75, ""cn_1"": 0.08333333333333333, ""cn_2_3"": 0.16666666666666666}",0.5,12.166666666666666,sasb_candidate_builder,208ac5f9f37a6126a610c6f0efe5d327485b152232cc3f8c27803e4a3a9dae9b,12,208ac5f9f37a6126a610c6f0efe5d327485b152232cc3f8c27803e4a3a9dae9b,"{""sasb_builder"": 12}",0,0,0,0,{},0.0,"{""common_neighbor_bin_l1"": 0.0, ""degree_product_bin_l1"": 0.0, ""is_boundary_edge_l1"": 0.0, ""is_bridge_edge_l1"": 0.0, ""is_inter_community_edge_l1"": 0.0, ""is_low_common_neighbor_edge_l1"": 0.0, ""mean_l1"": 0.0}",1,32,8,6.0,0
realworld_completed,bio_celegans,SASB-candidate,sasb,SASB-structured,20260513,1671,late,0.017660044150110375,0.017660044150110375,0.0,195,195,0,0.8251851851851851,0.825679012345679,118,121,118--121,4,4,4,4,16,3,1.0,0,0,0,8,"[""40"", ""118"", ""121"", ""93"", ""167"", ""163"", ""228"", ""41""]",45b63947439b1e68e9e851d3a8bf144b7b0644850e78d706221a807f5ef86ab8,"{""boundary"": 3, ""degree_core"": 2, ""random_fill"": 3}","{""degree_0_1"": 1, ""degree_2"": 3, ""degree_3_4"": 4}","{""0"": 5, ""1"": 3}",64,"{""backend"": ""evaluate_m19_theory_calibrated.candidate_features"", ""delta_mode"": ""none"", ""k_max"": 512, ""k_min"": 64, ""variant"": ""conservative""}",11,1.0,0.18181818181818182,0.18181818181818182,0.09090909090909091,0.9090909090909091,"{""dp_0_4"": 0.18181818181818182, ""dp_5_16"": 0.8181818181818182}","{""cn_0"": 0.8181818181818182, ""cn_1"": 0.09090909090909091, ""cn_2_3"": 0.09090909090909091}",0.36363636363636365,10.090909090909092,sasb_candidate_builder,5a589b5bf5beeced129a1081864d5300cb6471febc81ebb8432cebbb650c987b,11,5a589b5bf5beeced129a1081864d5300cb6471febc81ebb8432cebbb650c987b,"{""sasb_builder"": 11}",0,0,0,0,{},0.0,"{""common_neighbor_bin_l1"": 0.0, ""degree_product_bin_l1"": 0.0, ""is_boundary_edge_l1"": 0.0, ""is_bridge_edge_l1"": 0.0, ""is_inter_community_edge_l1"": 0.0, ""is_low_common_neighbor_edge_l1"": 0.0, ""mean_l1"": 0.0}",1,32,8,2.0,0
realworld_completed,bio_celegans,SASB-candidate,sasb,SASB-structured,20260513,1672,late,0.017660044150110375,0.017660044150110375,0.0,195,195,0,0.825679012345679,0.8261728395061728,167,228,167--228,2,2,2,2,4,1,1.0,0,1,1,8,"[""40"", ""118"", ""121"", ""93"", ""167"", ""163"", ""228"", ""41""]",45b63947439b1e68e9e851d3a8bf144b7b0644850e78d706221a807f5ef86ab8,"{""boundary"": 3, ""degree_core"": 2, ""random_fill"": 3}","{""degree_0_1"": 1, ""degree_2"": 3, ""degree_3_4"": 4}","{""0"": 5, ""1"": 3}",64,"{""backend"": ""evaluate_m19_theory_calibrated.candidate_features"", ""delta_mode"": ""none"", ""k_max"": 512, ""k_min"": 64, ""variant"": ""conservative""}",10,1.0,0.2,0.2,0.1,1.0,"{""dp_0_4"": 0.2, ""dp_5_16"": 0.8}","{""cn_0"": 0.9, ""cn_1"": 0.1}",0.1,7.7,sasb_candidate_builder,09b8fccb352e6241fde8133659bc28bd0c666f6a2a3c3413e16ee1d5d02448c1,10,09b8fccb352e6241fde8133659bc28bd0c666f6a2a3c3413e16ee1d5d02448c1,"{""sasb_builder"": 10}",0,0,0,0,{},0.0,"{""common_neighbor_bin_l1"": 0.0, ""degree_product_bin_l1"": 0.0, ""is_boundary_edge_l1"": 0.0, ""is_bridge_edge_l1"": 0.0, ""is_inter_community_edge_l1"": 0.0, ""is_low_common_neighbor_edge_l1"": 0.0, ""mean_l1"": 0.0}",1,32,8,2.0,0
realworld_completed,bio_celegans,SASB-candidate,sasb,SASB-structured,20260513,1673,late,0.017660044150110375,0.017660044150110375,0.0,195,195,0,0.8261728395061728,0.8266666666666667,118,40,118--40,3,4,3,4,12,0,0.0,1,0,1,8,"[""40"", ""118"", ""121"", ""93"", ""41"", ""163"", ""228"", ""167""]",b4bbc4928052e74942894ba705c8d717cb86a5864e051ed5ab8933b3c244ddc6,"{""boundary"": 3, ""degree_core"": 2, ""random_fill"": 3}","{""degree_0_1"": 3, ""degree_2"": 1, ""degree_3_4"": 4}","{""0"": 5, ""1"": 3}",64,"{""backend"": ""evaluate_m19_theory_calibrated.candidate_features"", ""delta_mode"": ""none"", ""k_max"": 512, ""k_min"": 64, ""variant"": ""conservative""}",9,1.0,0.2222222222222222,0.2222222222222222,0.3333333333333333,1.0,"{""dp_0_4"": 0.3333333333333333, ""dp_5_16"": 0.6666666666666666}","{""cn_0"": 1.0}",0.0,7.222222222222222,sasb_candidate_builder,9a5d1a9388dab628dced3b05aa7f5467332aace7630b1ac18f42540f886fef2c,9,9a5d1a9388dab628dced3b05aa7f5467332aace7630b1ac18f42540f886fef2c,"{""sasb_builder"": 9}",0,0,0,0,{},0.0,"{""common_neighbor_bin_l1"": 0.0, ""degree_product_bin_l1"": 0.0, ""is_boundary_edge_l1"": 0.0, ""is_bridge_edge_l1"": 0.0, ""is_inter_community_edge_l1"": 0.0, ""is_low_common_neighbor_edge_l1"": 0.0, ""mean_l1"": 0.0}",1,32,8,0.0,0
realworld_completed,bio_celegans,SASB-candidate,sasb,SASB-structured,20260513,1674,late,0.017660044150110375,0.017660044150110375,0.0,195,195,0,0.8266666666666667,0.8271604938271605,118,41,118--41,2,2,2,2,4,0,0.0,0,0,0,8,"[""121"", ""40"", ""93"", ""118"", ""41"", ""167"", ""228"", ""163""]",b60342126a467490eb3bca5e6718b01147360c70ad6d25fe154f453b43666201,"{""boundary"": 3, ""degree_core"": 2, ""random_fill"": 3}","{""degree_0_1"": 3, ""degree_2"": 2, ""degree_3_4"": 3}","{""0"": 5, ""1"": 3}",64,"{""backend"": ""evaluate_m19_theory_calibrated.candidate_features"", ""delta_mode"": ""none"", ""k_max"": 512, ""k_min"": 64, ""variant"": ""conservative""}",8,1.0,0.125,0.125,0.5,1.0,"{""dp_0_4"": 0.5, ""dp_5_16"": 0.5}","{""cn_0"": 1.0}",0.0,5.375,sasb_candidate_builder,b0d5a1d6c1af428064f54e2b03a05632093a130f2b008eb552bf5aa3be7c38bf,8,b0d5a1d6c1af428064f54e2b03a05632093a130f2b008eb552bf5aa3be7c38bf,"{""sasb_builder"": 8}",0,0,0,0,{},0.0,"{""common_neighbor_bin_l1"": 0.0, ""degree_product_bin_l1"": 0.0, ""is_boundary_edge_l1"": 0.0, ""is_bridge_edge_l1"": 0.0, ""is_inter_community_edge_l1"": 0.0, ""is_low_common_neighbor_edge_l1"": 0.0, ""mean_l1"": 0.0}",1,32,8,0.0,0
realworld_completed,bio_celegans,SASB-candidate,sasb,SASB-structured,20260513,1675,late,0.017660044150110375,0.017660044150110375,0.0,195,196,1,0.8271604938271605,0.8276543209876543,118,93,118--93,1,3,1,3,3,0,0.0,0,1,1,8,"[""121"", ""40"", ""93"", ""118"", ""163"", ""41"", ""167"", ""228""]",40d1a56f93eb0869226c3b8e767be440c931f5857109ae51fa722bcc81fdb497,"{""boundary"": 3, ""degree_core"": 2, ""random_fill"": 3}","{""degree_0_1"": 5, ""degree_3_4"": 3}","{""0"": 5, ""1"": 3}",64,"{""backend"": ""evaluate_m19_theory_calibrated.candidate_features"", ""delta_mode"": ""none"", ""k_max"": 512, ""k_min"": 64, ""variant"": ""conservative""}",7,1.0,0.14285714285714285,0.14285714285714285,1.0,1.0,"{""dp_0_4"": 0.7142857142857143, ""dp_5_16"": 0.2857142857142857}","{""cn_0"": 1.0}",0.0,4.714285714285714,sasb_candidate_builder,6da61a81596c13591d03a72d2078210d367769e86548e4f3d554926f9324fd8e,7,6da61a81596c13591d03a72d2078210d367769e86548e4f3d554926f9324fd8e,"{""sasb_builder"": 7}",0,0,0,0,{},0.0,"{""common_neighbor_bin_l1"": 0.0, ""degree_product_bin_l1"": 0.0, ""is_boundary_edge_l1"": 0.0, ""is_bridge_edge_l1"": 0.0, ""is_inter_community_edge_l1"": 0.0, ""is_low_common_neighbor_edge_l1"": 0.0, ""mean_l1"": 0.0}",1,32,8,0.0,0
realworld_completed,bio_celegans,SASB-candidate,sasb,SASB-structured,20260513,1676,late,0.017660044150110375,0.017660044150110375,0.0,196,197,1,0.8276543209876543,0.8281481481481482,441,60,441--60,1,2,1,2,2,0,0.0,0,0,0,8,"[""62"", ""448"", ""60"", ""441"", ""7"", ""81"", ""8"", ""9""]",bde2e93250dc6af5be98a5c670685d9c4c15dbbbe0acb026a427877ce03c8bc0,"{""boundary"": 3, ""degree_core"": 2, ""random_fill"": 3}","{""degree_0_1"": 5, ""degree_2"": 1, ""degree_3_4"": 2}","{""0"": 4, ""1"": 4}",64,"{""backend"": ""evaluate_m19_theory_calibrated.candidate_features"", ""delta_mode"": ""none"", ""k_max"": 512, ""k_min"": 64, ""variant"": ""conservative""}",7,1.0,0.14285714285714285,0.14285714285714285,1.0,1.0,"{""dp_0_4"": 0.7142857142857143, ""dp_5_16"": 0.2857142857142857}","{""cn_0"": 1.0}",0.0,5.0,sasb_candidate_builder,3f8bb7fa20ebaee9f7c08c8143b2753aef9e8242aa8898c75c6894c0139660ad,7,3f8bb7fa20ebaee9f7c08c8143b2753aef9e8242aa8898c75c6894c0139660ad,"{""sasb_builder"": 7}",0,0,0,0,{},0.0,"{""common_neighbor_bin_l1"": 0.0, ""degree_product_bin_l1"": 0.0, ""is_boundary_edge_l1"": 0.0, ""is_bridge_edge_l1"": 0.0, ""is_inter_community_edge_l1"": 0.0, ""is_low_common_neighbor_edge_l1"": 0.0, ""mean_l1"": 0.0}",1,32,8,0.0,0
realworld_completed,bio_celegans,SASB-candidate,sasb,SASB-structured,20260513,1677,late,0.017660044150110375,0.017660044150110375,0.0,197,197,0,0.8281481481481482,0.8286419753086419,75,77,75--77,3,5,3,5,15,2,1.0,0,0,0,8,"[""398"", ""65"", ""77"", ""78"", ""64"", ""66"", ""75"", ""278""]",1b540f4d44c2870e18550a13fea74a00040341ba4ac3e1298fa49a16065875c3,"{""boundary"": 3, ""degree_core"": 2, ""random_fill"": 3}","{""degree_0_1"": 1, ""degree_2"": 1, ""degree_3_4"": 3, ""degree_5_8"": 3}","{""0"": 6, ""1"": 2}",64,"{""backend"": ""evaluate_m19_theory_calibrated.candidate_features"", ""delta_mode"": ""none"", ""k_max"": 512, ""k_min"": 64, ""variant"": ""conservative""}",15,1.0,0.06666666666666667,0.06666666666666667,0.13333333333333333,0.4666666666666667,"{""dp_0_4"": 0.06666666666666667, ""dp_17_64"": 0.6666666666666666, ""dp_5_16"": 0.26666666666666666}","{""cn_0"": 0.4666666666666667, ""cn_2_3"": 0.4666666666666667, ""cn_4_8"": 0.06666666666666667}",1.5333333333333334,19.4,sasb_candidate_builder,76c3236e9c13a4d9e8ed56d1ee5c46f4a039f4c968e303ab837c0fbd082ce2ea,15,76c3236e9c13a4d9e8ed56d1ee5c46f4a039f4c968e303ab837c0fbd082ce2ea,"{""sasb_builder"": 15}",0,0,0,0,{},0.0,"{""common_neighbor_bin_l1"": 0.0, ""degree_product_bin_l1"": 0.0, ""is_boundary_edge_l1"": 0.0, ""is_bridge_edge_l1"": 0.0, ""is_inter_community_edge_l1"": 0.0, ""is_low_common_neighbor_edge_l1"": 0.0, ""mean_l1"": 0.0}",1,32,8,3.333333333333333,0
realworld_completed,bio_celegans,SASB-candidate,sasb,SASB-structured,20260513,1678,late,0.017660044150110375,0.017660044150110375,0.0,197,197,0,0.8286419753086419,0.8291358024691358,75,78,75--78,2,5,2,5,10,1,1.0,1,1,0,8,"[""398"", ""65"", ""78"", ""64"", ""66"", ""75"", ""278"", ""77""]",84ce56649aa9bf9b9603a00a0cad0988735eae09cadb555adc05f1744f9863d7,"{""boundary"": 3, ""degree_core"": 2, ""random_fill"": 3}","{""degree_0_1"": 1, ""degree_2"": 2, ""degree_3_4"": 3, ""degree_5_8"": 2}","{""0"": 6, ""1"": 2}",64,"{""backend"": ""evaluate_m19_theory_calibrated.candidate_features"", ""delta_mode"": ""none"", ""k_max"": 512, ""k_min"": 64, ""variant"": ""conservative""}",14,1.0,0.07142857142857142,0.07142857142857142,0.14285714285714285,0.5714285714285714,"{""dp_0_4"": 0.07142857142857142, ""dp_17_64"": 0.5, ""dp_5_16"": 0.42857142857142855}","{""cn_0"": 0.5, ""cn_1"": 0.07142857142857142, ""cn_2_3"": 0.42857142857142855}",1.3571428571428572,17.571428571428573,sasb_candidate_builder,d6a497d1305d2152451e5673dc158ce465388b10b161b5411be2badaa13650a0,14,d6a497d1305d2152451e5673dc158ce465388b10b161b5411be2badaa13650a0,"{""sasb_builder"": 14}",0,0,0,0,{},0.0,"{""common_neighbor_bin_l1"": 0.0, ""degree_product_bin_l1"": 0.0, ""is_boundary_edge_l1"": 0.0, ""is_bridge_edge_l1"": 0.0, ""is_inter_community_edge_l1"": 0.0, ""is_low_common_neighbor_edge_l1"": 0.0, ""mean_l1"": 0.0}",1,32,8,5.0,0
realworld_completed,bio_celegans,SASB-candidate,sasb,SASB-structured,20260513,1679,late,0.017660044150110375,0.017660044150110375,0.0,197,197,0,0.8291358024691358,0.8296296296296296,64,66,64--66,4,4,4,4,16,3,1.0,0,0,0,8,"[""398"", ""65"", ""64"", ""66"", ""77"", ""78"", ""278"", ""75""]",166f1a5a516d36a79df374d7da4bf3d1c5e88b077c349ad0febdc51f68332dcf,"{""boundary"": 3, ""degree_core"": 2, ""random_fill"": 3}","{""degree_0_1"": 2, ""degree_2"": 1, ""degree_3_4"": 4, ""degree_5_8"": 1}","{""0"": 6, ""1"": 2}",64,"{""backend"": ""evaluate_m19_theory_calibrated.candidate_features"", ""delta_mode"": ""none"", ""k_max"": 512, ""k_min"": 64, ""variant"": ""conservative""}",13,1.0,0.07692307692307693,0.07692307692307693,0.23076923076923078,0.5384615384615384,"{""dp_0_4"": 0.07692307692307693, ""dp_17_64"": 0.3076923076923077, ""dp_5_16"": 0.6153846153846154}","{""cn_0"": 0.5384615384615384, ""cn_2_3"": 0.46153846153846156}",1.3846153846153846,16.307692307692307,sasb_candidate_builder,6f822a0861c0ef6c03bf794e7ad3389470484eccd9c259a3407d53b3585345db,13,6f822a0861c0ef6c03bf794e7ad3389470484eccd9c259a3407d53b3585345db,"{""sasb_builder"": 13}",0,0,0,0,{},0.0,"{""common_neighbor_bin_l1"": 0.0, ""degree_product_bin_l1"": 0.0, ""is_boundary_edge_l1"": 0.0, ""is_bridge_edge_l1"": 0.0, ""is_inter_community_edge_l1"": 0.0, ""is_low_common_neighbor_edge_l1"": 0.0, ""mean_l1"": 0.0}",1,32,8,2.0,0
realworld_completed,bio_celegans,SASB-candidate,sasb,SASB-structured,20260513,1680,late,0.017660044150110375,0.017660044150110375,0.0,197,197,0,0.8296296296296296,0.8301234567901234,64,77,64--77,3,4,3,4,12,2,1.0,0,0,0,8,"[""398"", ""65"", ""77"", ""78"", ""64"", ""66"", ""278"", ""75""]",4c443aa399051c776935ab434782d257249e0bb3b08c33e10744411ffded2c80,"{""boundary"": 3, ""degree_core"": 2, ""random_fill"": 3}","{""degree_0_1"": 2, ""degree_2"": 1, ""degree_3_4"": 4, ""degree_5_8"": 1}","{""0"": 6, ""1"": 2}",64,"{""backend"": ""evaluate_m19_theory_calibrated.candidate_features"", ""delta_mode"": ""none"", ""k_max"": 512, ""k_min"": 64, ""variant"": ""conservative""}",12,1.0,0.08333333333333333,0.08333333333333333,0.25,0.5833333333333334,"{""dp_0_4"": 0.08333333333333333, ""dp_17_64"": 0.3333333333333333, ""dp_5_16"": 0.5833333333333334}","{""cn_0"": 0.5833333333333334, ""cn_2_3"": 0.4166666666666667}",0.9166666666666666,14.0,sasb_candidate_builder,3f67ba633736fd7cf2d632fc7113e3ec5bb559063003df5646662b66dabc0187,12,3f67ba633736fd7cf2d632fc7113e3ec5bb559063003df5646662b66dabc0187,"{""sasb_builder"": 12}",0,0,0,0,{},0.0,"{""common_neighbor_bin_l1"": 0.0, ""degree_product_bin_l1"": 0.0, ""is_boundary_edge_l1"": 0.0, ""is_bridge_edge_l1"": 0.0, ""is_inter_community_edge_l1"": 0.0, ""is_low_common_neighbor_edge_l1"": 0.0, ""mean_l1"": 0.0}",1,32,8,2.6666666666666665,0
realworld_completed,bio_celegans,SASB-candidate,sasb,SASB-structured,20260513,1681,late,0.017660044150110375,0.017660044150110375,0.0,197,197,0,0.8301234567901234,0.8306172839506173,64,78,64--78,2,4,2,4,8,1,1.0,1,0,2,8,"[""398"", ""65"", ""78"", ""66"", ""77"", ""64"", ""75"", ""278""]",c8ca6cd0338537c5ea89c9d08f17e10e8a7390e143fed22ffc77702a6e5eb935,"{""boundary"": 3, ""degree_core"": 2, ""random_fill"": 3}","{""degree_0_1"": 2, ""degree_2"": 2, ""degree_3_4"": 3, ""degree_5_8"": 1}","{""0"": 6, ""1"": 2}",64,"{""backend"": ""evaluate_m19_theory_calibrated.candidate_features"", ""delta_mode"": ""none"", ""k_max"": 512, ""k_min"": 64, ""variant"": ""conservative""}",11,1.0,0.09090909090909091,0.09090909090909091,0.2727272727272727,0.7272727272727273,"{""dp_0_4"": 0.09090909090909091, ""dp_17_64"": 0.2727272727272727, ""dp_5_16"": 0.6363636363636364}","{""cn_0"": 0.6363636363636364, ""cn_1"": 0.09090909090909091, ""cn_2_3"": 0.2727272727272727}",0.6363636363636364,12.090909090909092,sasb_candidate_builder,5ffbea898fb8ed170cb5df7251f1c4e27af51679509835ca040de08645093376,11,5ffbea898fb8ed170cb5df7251f1c4e27af51679509835ca040de08645093376,"{""sasb_builder"": 11}",0,0,0,0,{},0.0,"{""common_neighbor_bin_l1"": 0.0, ""degree_product_bin_l1"": 0.0, ""is_boundary_edge_l1"": 0.0, ""is_bridge_edge_l1"": 0.0, ""is_inter_community_edge_l1"": 0.0, ""is_low_common_neighbor_edge_l1"": 0.0, ""mean_l1"": 0.0}",1,32,8,4.0,0
realworld_completed,bio_celegans,SASB-candidate,sasb,SASB-structured,20260513,1682,late,0.017660044150110375,0.017660044150110375,0.0,197,197,0,0.8306172839506173,0.8311111111111111,66,77,66--77,3,3,3,3,9,2,1.0,0,1,1,8,"[""398"", ""65"", ""66"", ""77"", ""78"", ""278"", ""64"", ""75""]",8c5e987801518282f456de890039a15960dbc3830abb362e508e4973c86ba72b,"{""boundary"": 3, ""degree_core"": 2, ""random_fill"": 3}","{""degree_0_1"": 3, ""degree_2"": 1, ""degree_3_4"": 3, ""degree_5_8"": 1}","{""0"": 6, ""1"": 2}",64,"{""backend"": ""evaluate_m19_theory_calibrated.candidate_features"", ""delta_mode"": ""none"", ""k_max"": 512, ""k_min"": 64, ""variant"": ""conservative""}",10,1.0,0.1,0.1,0.4,0.7,"{""dp_0_4"": 0.1, ""dp_17_64"": 0.3, ""dp_5_16"": 0.6}","{""cn_0"": 0.7, ""cn_2_3"": 0.3}",0.6,10.7,sasb_candidate_builder,354b73dbcae5397121b780937d80e86d87ed69fa4c885fca7253470cb86421d1,10,354b73dbcae5397121b780937d80e86d87ed69fa4c885fca7253470cb86421d1,"{""sasb_builder"": 10}",0,0,0,0,{},0.0,"{""common_neighbor_bin_l1"": 0.0, ""degree_product_bin_l1"": 0.0, ""is_boundary_edge_l1"": 0.0, ""is_bridge_edge_l1"": 0.0, ""is_inter_community_edge_l1"": 0.0, ""is_low_common_neighbor_edge_l1"": 0.0, ""mean_l1"": 0.0}",1,32,8,2.0,0
realworld_completed,bio_celegans,SASB-candidate,sasb,SASB-structured,20260513,1683,late,0.017660044150110375,0.017660044150110375,0.0,197,197,0,0.8311111111111111,0.831604938271605,66,78,66--78,2,3,2,3,6,1,1.0,0,1,1,8,"[""398"", ""65"", ""78"", ""66"", ""77"", ""75"", ""278"", ""64""]",6422a10ca3283917cd1ac5738788abb2cb6bc6176fe5b89c933f07002588a929,"{""boundary"": 3, ""degree_core"": 2, ""random_fill"": 3}","{""degree_0_1"": 3, ""degree_2"": 3, ""degree_3_4"": 1, ""degree_5_8"": 1}","{""0"": 6, ""1"": 2}",64,"{""backend"": ""evaluate_m19_theory_calibrated.candidate_features"", ""delta_mode"": ""none"", ""k_max"": 512, ""k_min"": 64, ""variant"": ""conservative""}",9,1.0,0.1111111111111111,0.1111111111111111,0.4444444444444444,1.0,"{""dp_0_4"": 0.1111111111111111, ""dp_17_64"": 0.1111111111111111, ""dp_5_16"": 0.7777777777777778}","{""cn_0"": 0.7777777777777778, ""cn_1"": 0.2222222222222222}",0.2222222222222222,8.88888888888889,sasb_candidate_builder,2075b3c37256bde4fa0db75079b0b28a2dbe9a0a4bb62dc1a7407dbb6428db45,9,2075b3c37256bde4fa0db75079b0b28a2dbe9a0a4bb62dc1a7407dbb6428db45,"{""sasb_builder"": 9}",0,0,0,0,{},0.0,"{""common_neighbor_bin_l1"": 0.0, ""degree_product_bin_l1"": 0.0, ""is_boundary_edge_l1"": 0.0, ""is_bridge_edge_l1"": 0.0, ""is_inter_community_edge_l1"": 0.0, ""is_low_common_neighbor_edge_l1"": 0.0, ""mean_l1"": 0.0}",1,32,8,3.0,0
realworld_completed,bio_celegans,SASB-candidate,sasb,SASB-structured,20260513,1684,late,0.017660044150110375,0.017660044150110375,0.0,197,197,0,0.831604938271605,0.8320987654320988,77,78,77--78,2,2,2,2,4,1,1.0,0,1,1,8,"[""398"", ""65"", ""77"", ""78"", ""278"", ""75"", ""64"", ""66""]",927449e1fa00e37488a706394389e38d57781f097db753acea18a61d9c598fb7,"{""boundary"": 3, ""degree_core"": 2, ""random_fill"": 3}","{""degree_0_1"": 4, ""degree_2"": 3, ""degree_5_8"": 1}","{""0"": 6, ""1"": 2}",64,"{""backend"": ""evaluate_m19_theory_calibrated.candidate_features"", ""delta_mode"": ""none"", ""k_max"": 512, ""k_min"": 64, ""variant"": ""conservative""}",8,1.0,0.125,0.125,0.625,1.0,"{""dp_0_4"": 0.25, ""dp_5_16"": 0.75}","{""cn_0"": 0.875, ""cn_1"": 0.125}",0.125,7.5,sasb_candidate_builder,0ea6a5a6b5ed6b03f17c60d6a299956c47fe9c09b3a7fee689d6971dc008bc92,8,0ea6a5a6b5ed6b03f17c60d6a299956c47fe9c09b3a7fee689d6971dc008bc92,"{""sasb_builder"": 8}",0,0,0,0,{},0.0,"{""common_neighbor_bin_l1"": 0.0, ""degree_product_bin_l1"": 0.0, ""is_boundary_edge_l1"": 0.0, ""is_bridge_edge_l1"": 0.0, ""is_inter_community_edge_l1"": 0.0, ""is_low_common_neighbor_edge_l1"": 0.0, ""mean_l1"": 0.0}",1,32,8,2.0,0
realworld_completed,bio_celegans,SASB-candidate,sasb,SASB-structured,20260513,1685,late,0.017660044150110375,0.017660044150110375,0.0,197,198,1,0.8320987654320988,0.8325925925925926,278,65,278--65,1,2,1,2,2,0,0.0,0,1,1,8,"[""398"", ""65"", ""278"", ""64"", ""66"", ""77"", ""78"", ""75""]",2c1b46aa9089392b1aea2a4be33df454a5edf317e64057e227c866b6ca2824f9,"{""boundary"": 3, ""degree_core"": 2, ""random_fill"": 3}","{""degree_0_1"": 6, ""degree_2"": 1, ""degree_5_8"": 1}","{""0"": 6, ""1"": 2}",64,"{""backend"": ""evaluate_m19_theory_calibrated.candidate_features"", ""delta_mode"": ""none"", ""k_max"": 512, ""k_min"": 64, ""variant"": ""conservative""}",7,1.0,0.14285714285714285,0.14285714285714285,1.0,1.0,"{""dp_0_4"": 0.14285714285714285, ""dp_5_16"": 0.8571428571428571}","{""cn_0"": 1.0}",0.0,6.285714285714286,sasb_candidate_builder,8641351100a9ef6035010c850422928469d9627d94d26dbfd88861d02882ae8e,7,8641351100a9ef6035010c850422928469d9627d94d26dbfd88861d02882ae8e,"{""sasb_builder"": 7}",0,0,0,0,{},0.0,"{""common_neighbor_bin_l1"": 0.0, ""degree_product_bin_l1"": 0.0, ""is_boundary_edge_l1"": 0.0, ""is_bridge_edge_l1"": 0.0, ""is_inter_community_edge_l1"": 0.0, ""is_low_common_neighbor_edge_l1"": 0.0, ""mean_l1"": 0.0}",1,32,8,0.0,0
realworld_completed,bio_celegans,SASB-candidate,sasb,SASB-structured,20260513,1686,late,0.017660044150110375,0.017660044150110375,0.0,198,198,0,0.8325925925925926,0.8330864197530864,115,217,115--217,4,5,4,5,20,1,0.3333333333333333,1,1,0,8,"[""217"", ""115"", ""186"", ""134"", ""114"", ""69"", ""177"", ""216""]",cd9d967333b672d41898c8b70bd2d7bf5caf704d57b58d426993c320a3dcac06,"{""boundary"": 3, ""degree_core"": 2, ""random_fill"": 3}","{""degree_0_1"": 1, ""degree_2"": 3, ""degree_3_4"": 3, ""degree_5_8"": 1}","{""0"": 4, ""1"": 4}",64,"{""backend"": ""evaluate_m19_theory_calibrated.candidate_features"", ""delta_mode"": ""none"", ""k_max"": 512, ""k_min"": 64, ""variant"": ""conservative""}",11,1.0,0.18181818181818182,0.18181818181818182,0.09090909090909091,0.8181818181818182,"{""dp_0_4"": 0.09090909090909091, ""dp_17_64"": 0.09090909090909091, ""dp_5_16"": 0.8181818181818182}","{""cn_0"": 0.2727272727272727, ""cn_1"": 0.5454545454545454, ""cn_2_3"": 0.18181818181818182}",0.9090909090909091,10.090909090909092,sasb_candidate_builder,e1b64a47f7bcc5bbedc840cdfbb768334660d49a9ad97d1dd1beb13083b565e7,11,e1b64a47f7bcc5bbedc840cdfbb768334660d49a9ad97d1dd1beb13083b565e7,"{""sasb_builder"": 11}",0,0,0,0,{},0.0,"{""common_neighbor_bin_l1"": 0.0, ""degree_product_bin_l1"": 0.0, ""is_boundary_edge_l1"": 0.0, ""is_bridge_edge_l1"": 0.0, ""is_inter_community_edge_l1"": 0.0, ""is_low_common_neighbor_edge_l1"": 0.0, ""mean_l1"": 0.0}",1,32,8,20.0,0
realworld_completed,bio_celegans,SASB-candidate,sasb,SASB-structured,20260513,1687,late,0.017660044150110375,0.017660044150110375,0.0,198,199,1,0.8330864197530864,0.8335802469135802,186,217,186--217,3,4,3,4,12,0,0.0,1,1,0,8,"[""217"", ""186"", ""115"", ""134"", ""114"", ""177"", ""69"", ""216""]",2f50620d8bbc206c37d466c854a0da2cbbdd36ac1fe540fe0d1105e638fe23ef,"{""boundary"": 3, ""degree_core"": 2, ""random_fill"": 3}","{""degree_0_1"": 1, ""degree_2"": 3, ""degree_3_4"": 4}","{""0"": 4, ""1"": 4}",64,"{""backend"": ""evaluate_m19_theory_calibrated.candidate_features"", ""delta_mode"": ""none"", ""k_max"": 512, ""k_min"": 64, ""variant"": ""conservative""}",10,1.0,0.1,0.1,0.2,0.9,"{""dp_0_4"": 0.2, ""dp_5_16"": 0.8}","{""cn_0"": 0.4, ""cn_1"": 0.5, ""cn_2_3"": 0.1}",0.7,7.5,sasb_candidate_builder,bd5ca68a98e5f36533c7a04b57541ef57aa872aed34d09242c1d8cfb330ddc5d,10,bd5ca68a98e5f36533c7a04b57541ef57aa872aed34d09242c1d8cfb330ddc5d,"{""sasb_builder"": 10}",0,0,0,0,{},0.0,"{""common_neighbor_bin_l1"": 0.0, ""degree_product_bin_l1"": 0.0, ""is_boundary_edge_l1"": 0.0, ""is_bridge_edge_l1"": 0.0, ""is_inter_community_edge_l1"": 0.0, ""is_low_common_neighbor_edge_l1"": 0.0, ""mean_l1"": 0.0}",1,32,8,32.0,0
realworld_completed,bio_celegans,SASB-candidate,sasb,SASB-structured,20260513,1688,late,0.017660044150110375,0.017660044150110375,0.0,199,200,1,0.8335802469135802,0.8340740740740741,356,85,356--85,1,3,1,3,3,0,0.0,0,0,0,8,"[""85"", ""431"", ""375"", ""94"", ""356"", ""57"", ""373"", ""92""]",23d2679c56dc256898d61cb9e76420259a9503f660465c02408fc78106af6d18,"{""boundary"": 3, ""degree_core"": 2, ""random_fill"": 3}","{""degree_0_1"": 4, ""degree_2"": 2, ""degree_3_4"": 2}","{""0"": 2, ""1"": 3, ""2"": 3}",64,"{""backend"": ""evaluate_m19_theory_calibrated.candidate_features"", ""delta_mode"": ""none"", ""k_max"": 512, ""k_min"": 64, ""variant"": ""conservative""}",7,1.0,0.2857142857142857,0.2857142857142857,1.0,1.0,"{""dp_0_4"": 0.7142857142857143, ""dp_5_16"": 0.2857142857142857}","{""cn_0"": 1.0}",0.0,4.285714285714286,sasb_candidate_builder,96a9b55d92f8baa07eba06326172c03f85607c62fead9c5a0d25ab2eb6beccfa,7,96a9b55d92f8baa07eba06326172c03f85607c62fead9c5a0d25ab2eb6beccfa,"{""sasb_builder"": 7}",0,0,0,0,{},0.0,"{""common_neighbor_bin_l1"": 0.0, ""degree_product_bin_l1"": 0.0, ""is_boundary_edge_l1"": 0.0, ""is_bridge_edge_l1"": 0.0, ""is_inter_community_edge_l1"": 0.0, ""is_low_common_neighbor_edge_l1"": 0.0, ""mean_l1"": 0.0}",1,32,8,0.0,0
realworld_completed,bio_celegans,SASB-candidate,sasb,SASB-structured,20260513,1689,late,0.017660044150110375,0.017660044150110375,0.0,200,201,1,0.8340740740740741,0.8345679012345679,293,97,293--97,1,6,1,6,6,0,0.0,0,0,0,8,"[""97"", ""302"", ""307"", ""35"", ""293"", ""362"", ""360"", ""347""]",2ad7b5a4cb42344511decbd8a2c203178d5bfa54480b67ee520245e38fb87050,"{""boundary"": 3, ""degree_core"": 2, ""random_fill"": 3}","{""degree_0_1"": 4, ""degree_2"": 3, ""degree_5_8"": 1}","{""0"": 5, ""1"": 3}",64,"{""backend"": ""evaluate_m19_theory_calibrated.candidate_features"", ""delta_mode"": ""none"", ""k_max"": 512, ""k_min"": 64, ""variant"": ""conservative""}",8,1.0,0.25,0.25,0.5,1.0,"{""dp_0_4"": 0.25, ""dp_5_16"": 0.75}","{""cn_0"": 1.0}",0.0,7.0,sasb_candidate_builder,770e86f8d1ecc7cfca2a280b27f804b55fce2b8b4d9e91da5647d10ca7e265aa,8,770e86f8d1ecc7cfca2a280b27f804b55fce2b8b4d9e91da5647d10ca7e265aa,"{""sasb_builder"": 8}",0,0,0,0,{},0.0,"{""common_neighbor_bin_l1"": 0.0, ""degree_product_bin_l1"": 0.0, ""is_boundary_edge_l1"": 0.0, ""is_bridge_edge_l1"": 0.0, ""is_inter_community_edge_l1"": 0.0, ""is_low_common_neighbor_edge_l1"": 0.0, ""mean_l1"": 0.0}",1,32,8,0.0,0
realworld_completed,bio_celegans,SASB-candidate,sasb,SASB-structured,20260513,1690,late,0.017660044150110375,0.017660044150110375,0.0,201,201,0,0.8345679012345679,0.8350617283950618,142,212,142--212,7,2,2,7,14,1,1.0,1,0,1,8,"[""142"", ""143"", ""314"", ""215"", ""286"", ""313"", ""321"", ""212""]",b52d4cbf9360cf94355e521c832711ad6954da7d78bc703ae42cd604f5dbbb35,"{""boundary"": 3, ""degree_core"": 2, ""random_fill"": 3}","{""degree_2"": 1, ""degree_3_4"": 5, ""degree_5_8"": 2}","{""0"": 4, ""1"": 4}",64,"{""backend"": ""evaluate_m19_theory_calibrated.candidate_features"", ""delta_mode"": ""none"", ""k_max"": 512, ""k_min"": 64, ""variant"": ""conservative""}",16,1.0,0.4375,0.4375,0.0,0.125,"{""dp_17_64"": 0.6875, ""dp_5_16"": 0.3125}","{""cn_1"": 0.125, ""cn_2_3"": 0.8125, ""cn_4_8"": 0.0625}",2.25,20.875,sasb_candidate_builder,a5efc6a0c800ba9a513b9d8686208fd2702ded8037806832cd8f5bf8a76aa81e,16,a5efc6a0c800ba9a513b9d8686208fd2702ded8037806832cd8f5bf8a76aa81e,"{""sasb_builder"": 16}",0,0,0,0,{},0.0,"{""common_neighbor_bin_l1"": 0.0, ""degree_product_bin_l1"": 0.0, ""is_boundary_edge_l1"": 0.0, ""is_bridge_edge_l1"": 0.0, ""is_inter_community_edge_l1"": 0.0, ""is_low_common_neighbor_edge_l1"": 0.0, ""mean_l1"": 0.0}",1,32,8,7.0,0
realworld_completed,bio_celegans,SASB-candidate,sasb,SASB-structured,20260513,1691,late,0.017660044150110375,0.017660044150110375,0.0,201,202,1,0.8350617283950618,0.8355555555555556,143,212,143--212,7,1,1,7,7,0,0.0,0,1,1,8,"[""143"", ""142"", ""314"", ""215"", ""286"", ""313"", ""212"", ""321""]",d7ad45303fbc626e9363dcf80f5284e0c5b257e1b7b2de02ef006f3486f769b3,"{""boundary"": 3, ""degree_core"": 2, ""random_fill"": 3}","{""degree_0_1"": 1, ""degree_3_4"": 5, ""degree_5_8"": 2}","{""0"": 4, ""1"": 4}",64,"{""backend"": ""evaluate_m19_theory_calibrated.candidate_features"", ""delta_mode"": ""none"", ""k_max"": 512, ""k_min"": 64, ""variant"": ""conservative""}",15,1.0,0.4,0.4,0.06666666666666667,0.06666666666666667,"{""dp_17_64"": 0.7333333333333333, ""dp_5_16"": 0.26666666666666666}","{""cn_0"": 0.06666666666666667, ""cn_2_3"": 0.8666666666666667, ""cn_4_8"": 0.06666666666666667}",2.2,19.333333333333332,sasb_candidate_builder,5bb6e0faeb2e5d00ac4117db3ff6cb438116bcb958c071cf3fa986ca79dc6f70,15,5bb6e0faeb2e5d00ac4117db3ff6cb438116bcb958c071cf3fa986ca79dc6f70,"{""sasb_builder"": 15}",0,0,0,0,{},0.0,"{""common_neighbor_bin_l1"": 0.0, ""degree_product_bin_l1"": 0.0, ""is_boundary_edge_l1"": 0.0, ""is_bridge_edge_l1"": 0.0, ""is_inter_community_edge_l1"": 0.0, ""is_low_common_neighbor_edge_l1"": 0.0, ""mean_l1"": 0.0}",1,32,8,14.0,0
realworld_completed,bio_celegans,SASB-candidate,sasb,SASB-structured,20260513,1692,late,0.017660044150110375,0.017660044150110375,0.0,202,202,0,0.8355555555555556,0.8360493827160493,2,222,2--222,3,4,3,4,12,1,0.5,0,1,1,8,"[""319"", ""442"", ""222"", ""2"", ""221"", ""318"", ""316"", ""369""]",455489e6e89c6d76f52bacfda1d56c251af81987d159af6bf2b75ba0deaf0e8e,"{""boundary"": 3, ""degree_core"": 2, ""random_fill"": 3}","{""degree_0_1"": 1, ""degree_2"": 1, ""degree_3_4"": 6}","{""0"": 3, ""1"": 5}",64,"{""backend"": ""evaluate_m19_theory_calibrated.candidate_features"", ""delta_mode"": ""none"", ""k_max"": 512, ""k_min"": 64, ""variant"": ""conservative""}",12,1.0,0.25,0.25,0.08333333333333333,0.6666666666666666,"{""dp_0_4"": 0.08333333333333333, ""dp_5_16"": 0.9166666666666666}","{""cn_0"": 0.08333333333333333, ""cn_1"": 0.5833333333333334, ""cn_2_3"": 0.3333333333333333}",1.25,11.166666666666666,sasb_candidate_builder,bbcd25e59cd93525f7346f410ebcdaa6807ca9f04a59bf95bac05d56f26167ee,12,bbcd25e59cd93525f7346f410ebcdaa6807ca9f04a59bf95bac05d56f26167ee,"{""sasb_builder"": 12}",0,0,0,0,{},0.0,"{""common_neighbor_bin_l1"": 0.0, ""degree_product_bin_l1"": 0.0, ""is_boundary_edge_l1"": 0.0, ""is_bridge_edge_l1"": 0.0, ""is_inter_community_edge_l1"": 0.0, ""is_low_common_neighbor_edge_l1"": 0.0, ""mean_l1"": 0.0}",1,32,8,16.666666666666664,0
realworld_completed,bio_celegans,SASB-candidate,sasb,SASB-structured,20260513,1693,late,0.017660044150110375,0.017660044150110375,0.0,202,203,1,0.8360493827160493,0.8365432098765432,2,221,2--221,2,3,2,3,6,0,0.0,1,2,1,8,"[""319"", ""442"", ""222"", ""221"", ""318"", ""2"", ""369"", ""316""]",5c9c4f24328b6f6f9ec73d7d00042a5c872915b81f83b83b8905b23a03964b3e,"{""boundary"": 3, ""degree_core"": 2, ""random_fill"": 3}","{""degree_0_1"": 1, ""degree_2"": 2, ""degree_3_4"": 5}","{""0"": 3, ""1"": 5}",64,"{""backend"": ""evaluate_m19_theory_calibrated.candidate_features"", ""delta_mode"": ""none"", ""k_max"": 512, ""k_min"": 64, ""variant"": ""conservative""}",11,1.0,0.2727272727272727,0.2727272727272727,0.18181818181818182,0.7272727272727273,"{""dp_0_4"": 0.09090909090909091, ""dp_5_16"": 0.9090909090909091}","{""cn_0"": 0.18181818181818182, ""cn_1"": 0.5454545454545454, ""cn_2_3"": 0.2727272727272727}",1.0909090909090908,9.727272727272727,sasb_candidate_builder,2c9b6302af106dc9bd498b6c6b209a4aad69b70fff2f1ecd8f894898b5b4b787,11,2c9b6302af106dc9bd498b6c6b209a4aad69b70fff2f1ecd8f894898b5b4b787,"{""sasb_builder"": 11}",0,0,0,0,{},0.0,"{""common_neighbor_bin_l1"": 0.0, ""degree_product_bin_l1"": 0.0, ""is_boundary_edge_l1"": 0.0, ""is_bridge_edge_l1"": 0.0, ""is_inter_community_edge_l1"": 0.0, ""is_low_common_neighbor_edge_l1"": 0.0, ""mean_l1"": 0.0}",1,32,8,24.0,0
realworld_completed,bio_celegans,SASB-candidate,sasb,SASB-structured,20260513,1694,late,0.017660044150110375,0.017660044150110375,0.0,203,203,0,0.8365432098765432,0.837037037037037,30,343,30--343,2,7,2,7,14,1,1.0,0,2,2,8,"[""343"", ""424"", ""267"", ""270"", ""315"", ""38"", ""388"", ""30""]",165225123a3d27b5822ba68a26429c6bf2d777a1b0001123a52ca2ee704e9967,"{""boundary"": 3, ""degree_core"": 2, ""random_fill"": 3}","{""degree_2"": 2, ""degree_3_4"": 4, ""degree_5_8"": 2}","{""0"": 3, ""1"": 2, ""2"": 3}",64,"{""backend"": ""evaluate_m19_theory_calibrated.candidate_features"", ""delta_mode"": ""none"", ""k_max"": 512, ""k_min"": 64, ""variant"": ""conservative""}",14,1.0,0.5,0.5,0.0,0.21428571428571427,"{""dp_0_4"": 0.07142857142857142, ""dp_17_64"": 0.35714285714285715, ""dp_5_16"": 0.5714285714285714}","{""cn_0"": 0.07142857142857142, ""cn_1"": 0.14285714285714285, ""cn_2_3"": 0.7142857142857143, ""cn_4_8"": 0.07142857142857142}",1.8571428571428572,16.357142857142858,sasb_candidate_builder,c4f494922b9860bfadaa0176f4e0bcfc746d17ff5c836674d728dda405d0783c,14,c4f494922b9860bfadaa0176f4e0bcfc746d17ff5c836674d728dda405d0783c,"{""sasb_builder"": 14}",0,0,0,0,{},0.0,"{""common_neighbor_bin_l1"": 0.0, ""degree_product_bin_l1"": 0.0, ""is_boundary_edge_l1"": 0.0, ""is_bridge_edge_l1"": 0.0, ""is_inter_community_edge_l1"": 0.0, ""is_low_common_neighbor_edge_l1"": 0.0, ""mean_l1"": 0.0}",1,32,8,12.0,0
realworld_completed,bio_celegans,SASB-candidate,sasb,SASB-structured,20260513,1695,late,0.017660044150110375,0.017660044150110375,0.0,203,204,1,0.837037037037037,0.8375308641975309,30,38,30--38,1,2,1,2,2,0,0.0,0,2,2,8,"[""343"", ""424"", ""267"", ""270"", ""315"", ""388"", ""30"", ""38""]",a45c0f22a63cc60b4975855182e453f5823279f843fad3dd0c262c733d168e8a,"{""boundary"": 3, ""degree_core"": 2, ""random_fill"": 3}","{""degree_0_1"": 1, ""degree_2"": 1, ""degree_3_4"": 4, ""degree_5_8"": 2}","{""0"": 3, ""1"": 2, ""2"": 3}",64,"{""backend"": ""evaluate_m19_theory_calibrated.candidate_features"", ""delta_mode"": ""none"", ""k_max"": 512, ""k_min"": 64, ""variant"": ""conservative""}",13,1.0,0.5384615384615384,0.5384615384615384,0.15384615384615385,0.15384615384615385,"{""dp_0_4"": 0.07692307692307693, ""dp_17_64"": 0.38461538461538464, ""dp_5_16"": 0.5384615384615384}","{""cn_0"": 0.15384615384615385, ""cn_2_3"": 0.7692307692307693, ""cn_4_8"": 0.07692307692307693}",1.8461538461538463,14.923076923076923,sasb_candidate_builder,eb8c6979fb5cd07b353eaaad3a787312b782210893f492ab39c9a104e7deeedf,13,eb8c6979fb5cd07b353eaaad3a787312b782210893f492ab39c9a104e7deeedf,"{""sasb_builder"": 13}",0,0,0,0,{},0.0,"{""common_neighbor_bin_l1"": 0.0, ""degree_product_bin_l1"": 0.0, ""is_boundary_edge_l1"": 0.0, ""is_bridge_edge_l1"": 0.0, ""is_inter_community_edge_l1"": 0.0, ""is_low_common_neighbor_edge_l1"": 0.0, ""mean_l1"": 0.0}",1,32,8,14.0,0
realworld_completed,bio_celegans,SASB-candidate,sasb,SASB-structured,20260513,1696,late,0.017660044150110375,0.01545253863134658,0.002207505518763796,204,205,1,0.8375308641975309,0.8380246913580247,281,46,281--46,3,4,3,4,12,0,0.0,1,1,0,8,"[""46"", ""281"", ""283"", ""79"", ""90"", ""420"", ""282"", ""285""]",d6345a60c26cee7e051826a127b302a571ca3536d45f511ae2c8806dd62eb3dd,"{""boundary"": 3, ""degree_core"": 2, ""random_fill"": 3}","{""degree_0_1"": 3, ""degree_2"": 3, ""degree_3_4"": 2}","{""0"": 4, ""1"": 4}",64,"{""backend"": ""evaluate_m19_theory_calibrated.candidate_features"", ""delta_mode"": ""none"", ""k_max"": 512, ""k_min"": 64, ""variant"": ""conservative""}",8,1.0,0.125,0.125,0.5,1.0,"{""dp_0_4"": 0.625, ""dp_5_16"": 0.375}","{""cn_0"": 1.0}",0.0,5.5,sasb_candidate_builder,0408fe5b8fc42809531e2a187049182e023d22ef97e2c80ff34b363a6e5d3ab0,8,0408fe5b8fc42809531e2a187049182e023d22ef97e2c80ff34b363a6e5d3ab0,"{""sasb_builder"": 8}",0,0,0,0,{},0.0,"{""common_neighbor_bin_l1"": 0.0, ""degree_product_bin_l1"": 0.0, ""is_boundary_edge_l1"": 0.0, ""is_bridge_edge_l1"": 0.0, ""is_inter_community_edge_l1"": 0.0, ""is_low_common_neighbor_edge_l1"": 0.0, ""mean_l1"": 0.0}",1,32,8,0.0,0
realworld_completed,bio_celegans,SASB-candidate,sasb,SASB-structured,20260513,1697,late,0.01545253863134658,0.01545253863134658,0.0,205,206,1,0.8380246913580247,0.8385185185185186,446,96,446--96,1,5,1,5,5,0,0.0,0,0,0,7,"[""96"", ""449"", ""446"", ""447"", ""452"", ""450"", ""50""]",c14d7c2e903e9e0fc0c2ddad42c7c1100cd3dfb7554f43235e5bcc450ebd300d,"{""boundary"": 2, ""degree_core"": 2, ""random_fill"": 3}","{""degree_0_1"": 5, ""degree_2"": 1, ""degree_5_8"": 1}","{""0"": 5, ""1"": 2}",64,"{""backend"": ""evaluate_m19_theory_calibrated.candidate_features"", ""delta_mode"": ""none"", ""k_max"": 512, ""k_min"": 64, ""variant"": ""conservative""}",6,1.0,0.16666666666666666,0.16666666666666666,1.0,1.0,"{""dp_0_4"": 0.16666666666666666, ""dp_5_16"": 0.8333333333333334}","{""cn_0"": 1.0}",0.0,5.333333333333333,sasb_candidate_builder,97c34485fe8df479c3c9585c8278544d0d2434fef45d0c43d99bfee4da95a577,6,97c34485fe8df479c3c9585c8278544d0d2434fef45d0c43d99bfee4da95a577,"{""sasb_builder"": 6}",0,0,0,0,{},0.0,"{""common_neighbor_bin_l1"": 0.0, ""degree_product_bin_l1"": 0.0, ""is_boundary_edge_l1"": 0.0, ""is_bridge_edge_l1"": 0.0, ""is_inter_community_edge_l1"": 0.0, ""is_low_common_neighbor_edge_l1"": 0.0, ""mean_l1"": 0.0}",1,32,7,0.0,0
realworld_completed,bio_celegans,SASB-candidate,sasb,SASB-structured,20260513,1698,late,0.01545253863134658,0.01545253863134658,0.0,206,207,1,0.8385185185185186,0.8390123456790124,146,208,146--208,2,2,2,2,4,0,0.0,0,1,1,7,"[""146"", ""214"", ""208"", ""337"", ""4"", ""264"", ""168""]",19fa1c63bf085c672ad8429135bca58b2f6506923dca95775ee9e7ab67cb48d1,"{""boundary"": 2, ""community_rep"": 1, ""degree_core"": 2, ""random_fill"": 2}","{""degree_0_1"": 2, ""degree_2"": 5}","{""0"": 2, ""1"": 3, ""2"": 2}",64,"{""backend"": ""evaluate_m19_theory_calibrated.candidate_features"", ""delta_mode"": ""none"", ""k_max"": 512, ""k_min"": 64, ""variant"": ""conservative""}",6,1.0,0.3333333333333333,0.3333333333333333,1.0,1.0,"{""dp_0_4"": 1.0}","{""cn_0"": 1.0}",0.0,3.3333333333333335,sasb_candidate_builder,f63880fb01cd1de2c4b73d88d12f2ec19cd052a272122f21bbd8a6225ccce4f0,6,f63880fb01cd1de2c4b73d88d12f2ec19cd052a272122f21bbd8a6225ccce4f0,"{""sasb_builder"": 6}",0,0,0,0,{},0.0,"{""common_neighbor_bin_l1"": 0.0, ""degree_product_bin_l1"": 0.0, ""is_boundary_edge_l1"": 0.0, ""is_bridge_edge_l1"": 0.0, ""is_inter_community_edge_l1"": 0.0, ""is_low_common_neighbor_edge_l1"": 0.0, ""mean_l1"": 0.0}",1,32,7,20.0,0
realworld_completed,bio_celegans,SASB-candidate,sasb,SASB-structured,20260513,1699,late,0.01545253863134658,0.01545253863134658,0.0,207,208,1,0.8390123456790124,0.8395061728395061,121,40,121--40,3,3,3,3,9,0,0.0,1,2,1,7,"[""121"", ""40"", ""93"", ""163"", ""167"", ""228"", ""41""]",6cebe87eafbc45c15cf15a875ef90f4cbd526b010a518c68dd07c8c1dcc2a455,"{""boundary"": 2, ""degree_core"": 2, ""random_fill"": 3}","{""degree_0_1"": 4, ""degree_2"": 1, ""degree_3_4"": 2}","{""0"": 2, ""1"": 3, ""2"": 2}",64,"{""backend"": ""evaluate_m19_theory_calibrated.candidate_features"", ""delta_mode"": ""none"", ""k_max"": 512, ""k_min"": 64, ""variant"": ""conservative""}",6,1.0,0.3333333333333333,0.3333333333333333,1.0,1.0,"{""dp_0_4"": 0.6666666666666666, ""dp_5_16"": 0.3333333333333333}","{""cn_0"": 1.0}",0.0,4.333333333333333,sasb_candidate_builder,7cda25f9fec777ddab27f274aa549ca6b11b4f0ca280035bc76520f3e3f0288f,6,7cda25f9fec777ddab27f274aa549ca6b11b4f0ca280035bc76520f3e3f0288f,"{""sasb_builder"": 6}",0,0,0,0,{},0.0,"{""common_neighbor_bin_l1"": 0.0, ""degree_product_bin_l1"": 0.0, ""is_boundary_edge_l1"": 0.0, ""is_bridge_edge_l1"": 0.0, ""is_inter_community_edge_l1"": 0.0, ""is_low_common_neighbor_edge_l1"": 0.0, ""mean_l1"": 0.0}",1,32,7,0.0,0
realworld_completed,bio_celegans,SASB-candidate,sasb,SASB-structured,20260513,1700,late,0.01545253863134658,0.01545253863134658,0.0,208,209,1,0.8395061728395061,0.84,448,60,448--60,3,1,1,3,3,0,0.0,0,0,0,7,"[""62"", ""448"", ""60"", ""7"", ""8"", ""9"", ""81""]",5090dbececbb3c09b6f2b0cef3ac6d3e95dfd429467bb7bb42e7e3a1601544bb,"{""boundary"": 2, ""degree_core"": 2, ""random_fill"": 3}","{""degree_0_1"": 5, ""degree_3_4"": 2}","{""0"": 3, ""1"": 4}",64,"{""backend"": ""evaluate_m19_theory_calibrated.candidate_features"", ""delta_mode"": ""none"", ""k_max"": 512, ""k_min"": 64, ""variant"": ""conservative""}",6,1.0,0.16666666666666666,0.16666666666666666,1.0,1.0,"{""dp_0_4"": 0.8333333333333334, ""dp_5_16"": 0.16666666666666666}","{""cn_0"": 1.0}",0.0,5.0,sasb_candidate_builder,862262a631d9f070b6e95d31555b6b0e3aa464717da86598b916a9c444f05be9,6,862262a631d9f070b6e95d31555b6b0e3aa464717da86598b916a9c444f05be9,"{""sasb_builder"": 6}",0,0,0,0,{},0.0,"{""common_neighbor_bin_l1"": 0.0, ""degree_product_bin_l1"": 0.0, ""is_boundary_edge_l1"": 0.0, ""is_bridge_edge_l1"": 0.0, ""is_inter_community_edge_l1"": 0.0, ""is_low_common_neighbor_edge_l1"": 0.0, ""mean_l1"": 0.0}",1,32,7,0.0,0
realworld_completed,bio_celegans,SASB-candidate,sasb,SASB-structured,20260513,1701,late,0.01545253863134658,0.01545253863134658,0.0,209,210,1,0.84,0.8404938271604938,398,64,398--64,6,1,1,6,6,0,0.0,0,0,0,7,"[""398"", ""64"", ""65"", ""66"", ""77"", ""78"", ""75""]",3319f0c21bf26816fcc896eeb87fbd3391c837501cdffd35b8c0bdca18364248,"{""boundary"": 2, ""degree_core"": 2, ""random_fill"": 3}","{""degree_0_1"": 6, ""degree_5_8"": 1}","{""0"": 7}",64,"{""backend"": ""evaluate_m19_theory_calibrated.candidate_features"", ""delta_mode"": ""none"", ""k_max"": 512, ""k_min"": 64, ""variant"": ""conservative""}",6,1.0,0.0,0.0,1.0,1.0,"{""dp_5_16"": 1.0}","{""cn_0"": 1.0}",0.0,6.0,sasb_candidate_builder,1e44a61cbbede7d54dca243a4e20b36e1c5111f5def427bb90343c1096c69f6b,6,1e44a61cbbede7d54dca243a4e20b36e1c5111f5def427bb90343c1096c69f6b,"{""sasb_builder"": 6}",0,0,0,0,{},0.0,"{""common_neighbor_bin_l1"": 0.0, ""degree_product_bin_l1"": 0.0, ""is_boundary_edge_l1"": 0.0, ""is_bridge_edge_l1"": 0.0, ""is_inter_community_edge_l1"": 0.0, ""is_low_common_neighbor_edge_l1"": 0.0, ""mean_l1"": 0.0}",1,32,7,0.0,0
realworld_completed,bio_celegans,SASB-candidate,sasb,SASB-structured,20260513,1702,late,0.01545253863134658,0.01545253863134658,0.0,210,211,1,0.8404938271604938,0.8409876543209877,373,94,373--94,1,2,1,2,2,0,0.0,0,1,1,7,"[""431"", ""375"", ""85"", ""94"", ""57"", ""92"", ""373""]",ed2d0fc8a2668299058990bdcf3175e031274908beb62b2a98ae11e1e0030a37,"{""boundary"": 2, ""degree_core"": 2, ""random_fill"": 3}","{""degree_0_1"": 3, ""degree_2"": 3, ""degree_3_4"": 1}","{""0"": 3, ""1"": 2, ""2"": 2}",64,"{""backend"": ""evaluate_m19_theory_calibrated.candidate_features"", ""delta_mode"": ""none"", ""k_max"": 512, ""k_min"": 64, ""variant"": ""conservative""}",6,1.0,0.3333333333333333,0.3333333333333333,1.0,1.0,"{""dp_0_4"": 0.8333333333333334, ""dp_5_16"": 0.16666666666666666}","{""cn_0"": 1.0}",0.0,3.6666666666666665,sasb_candidate_builder,de4ef6a228b65807425b4c11bef0a94a9a1136ce5b9ae99bf3db141d6d34172e,6,de4ef6a228b65807425b4c11bef0a94a9a1136ce5b9ae99bf3db141d6d34172e,"{""sasb_builder"": 6}",0,0,0,0,{},0.0,"{""common_neighbor_bin_l1"": 0.0, ""degree_product_bin_l1"": 0.0, ""is_boundary_edge_l1"": 0.0, ""is_bridge_edge_l1"": 0.0, ""is_inter_community_edge_l1"": 0.0, ""is_low_common_neighbor_edge_l1"": 0.0, ""mean_l1"": 0.0}",1,32,7,0.0,0
realworld_completed,bio_celegans,SASB-candidate,sasb,SASB-structured,20260513,1703,late,0.01545253863134658,0.01545253863134658,0.0,211,211,0,0.8409876543209877,0.8414814814814815,302,35,302--35,2,2,2,2,4,0,0.0,0,1,1,7,"[""97"", ""302"", ""307"", ""35"", ""360"", ""362"", ""347""]",8e4603e4b4348ee579636e9b67a9619a804713fa25c2cd668fcd28f321fbd068,"{""boundary"": 2, ""degree_core"": 2, ""random_fill"": 3}","{""degree_0_1"": 3, ""degree_2"": 3, ""degree_5_8"": 1}","{""0"": 4, ""1"": 3}",64,"{""backend"": ""evaluate_m19_theory_calibrated.candidate_features"", ""delta_mode"": ""none"", ""k_max"": 512, ""k_min"": 64, ""variant"": ""conservative""}",7,1.0,0.2857142857142857,0.2857142857142857,0.42857142857142855,1.0,"{""dp_0_4"": 0.2857142857142857, ""dp_5_16"": 0.7142857142857143}","{""cn_0"": 1.0}",0.0,6.142857142857143,sasb_candidate_builder,cc48c11a4fc8529365926b94fce4bbfd0258da85bc0ec488949552f6f8e3c887,7,cc48c11a4fc8529365926b94fce4bbfd0258da85bc0ec488949552f6f8e3c887,"{""sasb_builder"": 7}",0,0,0,0,{},0.0,"{""common_neighbor_bin_l1"": 0.0, ""degree_product_bin_l1"": 0.0, ""is_boundary_edge_l1"": 0.0, ""is_bridge_edge_l1"": 0.0, ""is_inter_community_edge_l1"": 0.0, ""is_low_common_neighbor_edge_l1"": 0.0, ""mean_l1"": 0.0}",1,32,7,0.0,0
realworld_completed,bio_celegans,SASB-candidate,sasb,SASB-structured,20260513,1704,late,0.01545253863134658,0.01545253863134658,0.0,211,212,1,0.8414814814814815,0.8419753086419753,302,97,302--97,1,5,1,5,5,0,0.0,0,0,0,7,"[""97"", ""307"", ""302"", ""347"", ""360"", ""35"", ""362""]",59c1c148056d2d4b283763cb08051e9167f576df875b335c3e92115afaf31327,"{""boundary"": 2, ""degree_core"": 2, ""random_fill"": 3}","{""degree_0_1"": 5, ""degree_2"": 1, ""degree_5_8"": 1}","{""0"": 4, ""1"": 3}",64,"{""backend"": ""evaluate_m19_theory_calibrated.candidate_features"", ""delta_mode"": ""none"", ""k_max"": 512, ""k_min"": 64, ""variant"": ""conservative""}",6,1.0,0.3333333333333333,0.3333333333333333,1.0,1.0,"{""dp_0_4"": 0.16666666666666666, ""dp_5_16"": 0.8333333333333334}","{""cn_0"": 1.0}",0.0,5.333333333333333,sasb_candidate_builder,0ba8c58af97e8f608f80c02a648a12b14d142e71c2c5b33253e85883d4fe22e0,6,0ba8c58af97e8f608f80c02a648a12b14d142e71c2c5b33253e85883d4fe22e0,"{""sasb_builder"": 6}",0,0,0,0,{},0.0,"{""common_neighbor_bin_l1"": 0.0, ""degree_product_bin_l1"": 0.0, ""is_boundary_edge_l1"": 0.0, ""is_bridge_edge_l1"": 0.0, ""is_inter_community_edge_l1"": 0.0, ""is_low_common_neighbor_edge_l1"": 0.0, ""mean_l1"": 0.0}",1,32,7,0.0,0
realworld_completed,bio_celegans,SASB-candidate,sasb,SASB-structured,20260513,1705,late,0.01545253863134658,0.01545253863134658,0.0,212,212,0,0.8419753086419753,0.8424691358024692,142,215,142--215,6,3,3,6,18,2,1.0,0,1,1,7,"[""142"", ""143"", ""314"", ""215"", ""321"", ""286"", ""313""]",8472e0708ad4cbbc5f5a05ae4c16e15c01afd1ebabfc10096e236387aeba1d1c,"{""boundary"": 2, ""degree_core"": 2, ""random_fill"": 3}","{""degree_3_4"": 5, ""degree_5_8"": 2}","{""0"": 4, ""1"": 3}",64,"{""backend"": ""evaluate_m19_theory_calibrated.candidate_features"", ""delta_mode"": ""none"", ""k_max"": 512, ""k_min"": 64, ""variant"": ""conservative""}",14,1.0,0.42857142857142855,0.42857142857142855,0.0,0.0,"{""dp_17_64"": 0.7857142857142857, ""dp_5_16"": 0.21428571428571427}","{""cn_2_3"": 0.9285714285714286, ""cn_4_8"": 0.07142857142857142}",2.357142857142857,18.642857142857142,sasb_candidate_builder,ad1415ee4a26dcc867ca812a1be1e6c078134acdd9c83605dc9f7f3cd60c2e3e,14,ad1415ee4a26dcc867ca812a1be1e6c078134acdd9c83605dc9f7f3cd60c2e3e,"{""sasb_builder"": 14}",0,0,0,0,{},0.0,"{""common_neighbor_bin_l1"": 0.0, ""degree_product_bin_l1"": 0.0, ""is_boundary_edge_l1"": 0.0, ""is_bridge_edge_l1"": 0.0, ""is_inter_community_edge_l1"": 0.0, ""is_low_common_neighbor_edge_l1"": 0.0, ""mean_l1"": 0.0}",1,32,7,5.0,0
realworld_completed,bio_celegans,SASB-candidate,sasb,SASB-structured,20260513,1706,late,0.01545253863134658,0.01545253863134658,0.0,212,212,0,0.8424691358024692,0.8429629629629629,143,215,143--215,6,2,2,6,12,1,1.0,0,1,1,7,"[""142"", ""143"", ""314"", ""286"", ""313"", ""321"", ""215""]",faa4d0b826b219f831f69607f4ab7ef6ba23bdda269be7c7b54e675c8bb97649,"{""boundary"": 2, ""degree_core"": 2, ""random_fill"": 3}","{""degree_2"": 1, ""degree_3_4"": 4, ""degree_5_8"": 2}","{""0"": 4, ""1"": 3}",64,"{""backend"": ""evaluate_m19_theory_calibrated.candidate_features"", ""delta_mode"": ""none"", ""k_max"": 512, ""k_min"": 64, ""variant"": ""conservative""}",13,1.0,0.46153846153846156,0.46153846153846156,0.0,0.23076923076923078,"{""dp_17_64"": 0.46153846153846156, ""dp_5_16"": 0.5384615384615384}","{""cn_1"": 0.23076923076923078, ""cn_2_3"": 0.6923076923076923, ""cn_4_8"": 0.07692307692307693}",2.076923076923077,16.53846153846154,sasb_candidate_builder,3a5f31d84b53a799a5982111c590ffb128466f7b222a85e9a93261e83f7fc697,13,3a5f31d84b53a799a5982111c590ffb128466f7b222a85e9a93261e83f7fc697,"{""sasb_builder"": 13}",0,0,0,0,{},0.0,"{""common_neighbor_bin_l1"": 0.0, ""degree_product_bin_l1"": 0.0, ""is_boundary_edge_l1"": 0.0, ""is_bridge_edge_l1"": 0.0, ""is_inter_community_edge_l1"": 0.0, ""is_low_common_neighbor_edge_l1"": 0.0, ""mean_l1"": 0.0}",1,32,7,9.0,0
realworld_completed,bio_celegans,SASB-candidate,sasb,SASB-structured,20260513,1707,late,0.01545253863134658,0.01545253863134658,0.0,212,213,1,0.8429629629629629,0.8434567901234568,215,286,215--286,1,3,1,3,3,0,0.0,0,1,1,7,"[""142"", ""143"", ""314"", ""286"", ""321"", ""215"", ""313""]",dc853859dacf45e0f9d2400318de1284adf3e48f1b2102195f5a7085aa255ee0,"{""boundary"": 2, ""degree_core"": 2, ""random_fill"": 3}","{""degree_0_1"": 1, ""degree_3_4"": 4, ""degree_5_8"": 2}","{""0"": 4, ""1"": 3}",64,"{""backend"": ""evaluate_m19_theory_calibrated.candidate_features"", ""delta_mode"": ""none"", ""k_max"": 512, ""k_min"": 64, ""variant"": ""conservative""}",12,1.0,0.4166666666666667,0.4166666666666667,0.08333333333333333,0.25,"{""dp_0_4"": 0.08333333333333333, ""dp_17_64"": 0.25, ""dp_5_16"": 0.6666666666666666}","{""cn_0"": 0.08333333333333333, ""cn_1"": 0.16666666666666666, ""cn_2_3"": 0.6666666666666666, ""cn_4_8"": 0.08333333333333333}",2.0,15.166666666666666,sasb_candidate_builder,013f9e7eff6d81010c0c0340271d511f32e17e164ca31bcb2d86d757be4ac0a2,12,013f9e7eff6d81010c0c0340271d511f32e17e164ca31bcb2d86d757be4ac0a2,"{""sasb_builder"": 12}",0,0,0,0,{},0.0,"{""common_neighbor_bin_l1"": 0.0, ""degree_product_bin_l1"": 0.0, ""is_boundary_edge_l1"": 0.0, ""is_bridge_edge_l1"": 0.0, ""is_inter_community_edge_l1"": 0.0, ""is_low_common_neighbor_edge_l1"": 0.0, ""mean_l1"": 0.0}",1,32,7,12.0,0
realworld_completed,bio_celegans,SASB-candidate,sasb,SASB-structured,20260513,1708,late,0.01545253863134658,0.01545253863134658,0.0,213,214,1,0.8434567901234568,0.8439506172839506,145,44,145--44,6,1,1,6,6,0,0.0,0,0,0,7,"[""145"", ""44"", ""48"", ""86"", ""91"", ""87"", ""89""]",5b146e2c4d8187fdd5e19428095b307647cd2965028b2bb5df9424a26ec02aa5,"{""boundary"": 2, ""degree_core"": 2, ""random_fill"": 3}","{""degree_0_1"": 6, ""degree_5_8"": 1}","{""0"": 7}",64,"{""backend"": ""evaluate_m19_theory_calibrated.candidate_features"", ""delta_mode"": ""none"", ""k_max"": 512, ""k_min"": 64, ""variant"": ""conservative""}",6,1.0,0.0,0.0,1.0,1.0,"{""dp_5_16"": 1.0}","{""cn_0"": 1.0}",0.0,6.0,sasb_candidate_builder,e749782688f5907a493b1f6a00df88782daa99794e46983fc070dbb686e51044,6,e749782688f5907a493b1f6a00df88782daa99794e46983fc070dbb686e51044,"{""sasb_builder"": 6}",0,0,0,0,{},0.0,"{""common_neighbor_bin_l1"": 0.0, ""degree_product_bin_l1"": 0.0, ""is_boundary_edge_l1"": 0.0, ""is_bridge_edge_l1"": 0.0, ""is_inter_community_edge_l1"": 0.0, ""is_low_common_neighbor_edge_l1"": 0.0, ""mean_l1"": 0.0}",1,32,7,0.0,0
realworld_completed,bio_celegans,SASB-candidate,sasb,SASB-structured,20260513,1709,late,0.01545253863134658,0.01545253863134658,0.0,214,214,0,0.8439506172839506,0.8444444444444444,154,299,154--299,6,2,2,6,12,1,1.0,0,1,1,7,"[""154"", ""160"", ""162"", ""71"", ""299"", ""345"", ""309""]",761e9c201270655bdc717bee9a113eb51bc050a310ca513102502f2dcd67d8ae,"{""boundary"": 2, ""degree_core"": 2, ""random_fill"": 3}","{""degree_2"": 3, ""degree_3_4"": 3, ""degree_5_8"": 1}","{""0"": 3, ""1"": 4}",64,"{""backend"": ""evaluate_m19_theory_calibrated.candidate_features"", ""delta_mode"": ""none"", ""k_max"": 512, ""k_min"": 64, ""variant"": ""conservative""}",11,1.0,0.36363636363636365,0.36363636363636365,0.0,0.7272727272727273,"{""dp_0_4"": 0.09090909090909091, ""dp_17_64"": 0.2727272727272727, ""dp_5_16"": 0.6363636363636364}","{""cn_0"": 0.2727272727272727, ""cn_1"": 0.45454545454545453, ""cn_2_3"": 0.2727272727272727}",1.0909090909090908,12.818181818181818,sasb_candidate_builder,5a76c909d47824863086288e90ea0bb69f987404032ba73a4a5eaeb90cd3a26c,11,5a76c909d47824863086288e90ea0bb69f987404032ba73a4a5eaeb90cd3a26c,"{""sasb_builder"": 11}",0,0,0,0,{},0.0,"{""common_neighbor_bin_l1"": 0.0, ""degree_product_bin_l1"": 0.0, ""is_boundary_edge_l1"": 0.0, ""is_bridge_edge_l1"": 0.0, ""is_inter_community_edge_l1"": 0.0, ""is_low_common_neighbor_edge_l1"": 0.0, ""mean_l1"": 0.0}",1,32,7,10.0,0
realworld_completed,bio_celegans,SASB-candidate,sasb,SASB-structured,20260513,1710,late,0.01545253863134658,0.01545253863134658,0.0,214,215,1,0.8444444444444444,0.8449382716049383,154,345,154--345,5,2,2,5,10,0,0.0,1,0,1,7,"[""154"", ""160"", ""162"", ""71"", ""345"", ""309"", ""299""]",56565f2b4ea23b3f17ac26ed545de79c373f228901e815b6b18857fde0f53dcc,"{""boundary"": 2, ""degree_core"": 2, ""random_fill"": 3}","{""degree_0_1"": 1, ""degree_2"": 2, ""degree_3_4"": 3, ""degree_5_8"": 1}","{""0"": 3, ""1"": 4}",64,"{""backend"": ""evaluate_m19_theory_calibrated.candidate_features"", ""delta_mode"": ""none"", ""k_max"": 512, ""k_min"": 64, ""variant"": ""conservative""}",10,1.0,0.4,0.4,0.2,0.7,"{""dp_0_4"": 0.1, ""dp_17_64"": 0.1, ""dp_5_16"": 0.8}","{""cn_0"": 0.5, ""cn_1"": 0.2, ""cn_2_3"": 0.3}",0.9,11.3,sasb_candidate_builder,d1a1fb6b4c3ea5ceaa2b830a2df8ec1c71872c9e3fbeb97066e59d8e408b753c,10,d1a1fb6b4c3ea5ceaa2b830a2df8ec1c71872c9e3fbeb97066e59d8e408b753c,"{""sasb_builder"": 10}",0,0,0,0,{},0.0,"{""common_neighbor_bin_l1"": 0.0, ""degree_product_bin_l1"": 0.0, ""is_boundary_edge_l1"": 0.0, ""is_bridge_edge_l1"": 0.0, ""is_inter_community_edge_l1"": 0.0, ""is_low_common_neighbor_edge_l1"": 0.0, ""mean_l1"": 0.0}",1,32,7,20.0,0
realworld_completed,bio_celegans,SASB-candidate,sasb,SASB-structured,20260513,1711,late,0.01545253863134658,0.01545253863134658,0.0,215,215,0,0.8449382716049383,0.8454320987654321,267,343,267--343,3,6,3,6,18,2,1.0,0,1,1,7,"[""343"", ""424"", ""267"", ""270"", ""388"", ""38"", ""315""]",283156ae0559ed5d01cd72d715220ba2c824aa59a3043bd8503168b0703ab6f8,"{""boundary"": 2, ""degree_core"": 2, ""random_fill"": 3}","{""degree_0_1"": 1, ""degree_3_4"": 4, ""degree_5_8"": 2}","{""0"": 3, ""1"": 4}",64,"{""backend"": ""evaluate_m19_theory_calibrated.candidate_features"", ""delta_mode"": ""none"", ""k_max"": 512, ""k_min"": 64, ""variant"": ""conservative""}",12,1.0,0.4166666666666667,0.4166666666666667,0.08333333333333333,0.08333333333333333,"{""dp_17_64"": 0.4166666666666667, ""dp_5_16"": 0.5833333333333334}","{""cn_0"": 0.08333333333333333, ""cn_2_3"": 0.8333333333333334, ""cn_4_8"": 0.08333333333333333}",2.0,15.5,sasb_candidate_builder,dc55a9feeb11c43a3f223883bdd075fd3b5eab1aa76c812d96dad144c4f14d53,12,dc55a9feeb11c43a3f223883bdd075fd3b5eab1aa76c812d96dad144c4f14d53,"{""sasb_builder"": 12}",0,0,0,0,{},0.0,"{""common_neighbor_bin_l1"": 0.0, ""degree_product_bin_l1"": 0.0, ""is_boundary_edge_l1"": 0.0, ""is_bridge_edge_l1"": 0.0, ""is_inter_community_edge_l1"": 0.0, ""is_low_common_neighbor_edge_l1"": 0.0, ""mean_l1"": 0.0}",1,32,7,6.0,0
realworld_completed,bio_celegans,SASB-candidate,sasb,SASB-structured,20260513,1712,late,0.01545253863134658,0.01545253863134658,0.0,215,215,0,0.8454320987654321,0.845925925925926,267,424,267--424,2,5,2,5,10,1,1.0,0,1,1,7,"[""343"", ""424"", ""270"", ""315"", ""388"", ""267"", ""38""]",ca37c6443a7cdbdb440a9560cde72443265eda1e59aefcb0d6bf2d333e581f41,"{""boundary"": 2, ""degree_core"": 2, ""random_fill"": 3}","{""degree_0_1"": 1, ""degree_2"": 1, ""degree_3_4"": 3, ""degree_5_8"": 2}","{""0"": 3, ""1"": 4}",64,"{""backend"": ""evaluate_m19_theory_calibrated.candidate_features"", ""delta_mode"": ""none"", ""k_max"": 512, ""k_min"": 64, ""variant"": ""conservative""}",11,1.0,0.45454545454545453,0.45454545454545453,0.09090909090909091,0.36363636363636365,"{""dp_17_64"": 0.09090909090909091, ""dp_5_16"": 0.9090909090909091}","{""cn_0"": 0.09090909090909091, ""cn_1"": 0.2727272727272727, ""cn_2_3"": 0.6363636363636364}",1.6363636363636365,13.181818181818182,sasb_candidate_builder,2ce02663e2b1af0dda7784d5387d10164673c63784bc7e12e7ad404929453282,11,2ce02663e2b1af0dda7784d5387d10164673c63784bc7e12e7ad404929453282,"{""sasb_builder"": 11}",0,0,0,0,{},0.0,"{""common_neighbor_bin_l1"": 0.0, ""degree_product_bin_l1"": 0.0, ""is_boundary_edge_l1"": 0.0, ""is_bridge_edge_l1"": 0.0, ""is_inter_community_edge_l1"": 0.0, ""is_low_common_neighbor_edge_l1"": 0.0, ""mean_l1"": 0.0}",1,32,7,8.0,0
realworld_completed,bio_celegans,SASB-candidate,sasb,SASB-structured,20260513,1713,late,0.01545253863134658,0.013245033112582781,0.0022075055187637978,215,216,1,0.845925925925926,0.8464197530864197,267,315,267--315,1,3,1,3,3,0,0.0,0,2,2,7,"[""343"", ""424"", ""270"", ""315"", ""267"", ""388"", ""38""]",dff9d79de49469ad4ddaff21a90407b08de74a0817efc87b7045338417533e46,"{""boundary"": 2, ""degree_core"": 2, ""random_fill"": 3}","{""degree_0_1"": 2, ""degree_3_4"": 4, ""degree_5_8"": 1}","{""0"": 3, ""1"": 4}",64,"{""backend"": ""evaluate_m19_theory_calibrated.candidate_features"", ""delta_mode"": ""none"", ""k_max"": 512, ""k_min"": 64, ""variant"": ""conservative""}",10,1.0,0.4,0.4,0.2,0.4,"{""dp_0_4"": 0.1, ""dp_17_64"": 0.1, ""dp_5_16"": 0.8}","{""cn_0"": 0.2, ""cn_1"": 0.2, ""cn_2_3"": 0.6}",1.5,11.8,sasb_candidate_builder,cb0dedd6cefb1d81ee1c9788333537d61af1f369149368a07f5e4c1a5772a258,10,cb0dedd6cefb1d81ee1c9788333537d61af1f369149368a07f5e4c1a5772a258,"{""sasb_builder"": 10}",0,0,0,0,{},0.0,"{""common_neighbor_bin_l1"": 0.0, ""degree_product_bin_l1"": 0.0, ""is_boundary_edge_l1"": 0.0, ""is_bridge_edge_l1"": 0.0, ""is_inter_community_edge_l1"": 0.0, ""is_low_common_neighbor_edge_l1"": 0.0, ""mean_l1"": 0.0}",1,32,7,12.0,0
realworld_completed,bio_celegans,SASB-candidate,sasb,SASB-structured,20260513,1714,late,0.013245033112582781,0.013245033112582781,0.0,216,217,1,0.8464197530864197,0.8469135802469135,447,96,447--96,1,4,1,4,4,0,0.0,0,0,0,6,"[""96"", ""449"", ""447"", ""450"", ""50"", ""452""]",7c648c598f277ede53ac441cbc5af173464ec7f5c49ce52708a81678a8e87731,"{""boundary"": 2, ""degree_core"": 2, ""random_fill"": 2}","{""degree_0_1"": 4, ""degree_2"": 1, ""degree_3_4"": 1}","{""0"": 4, ""1"": 2}",64,"{""backend"": ""evaluate_m19_theory_calibrated.candidate_features"", ""delta_mode"": ""none"", ""k_max"": 512, ""k_min"": 64, ""variant"": ""conservative""}",5,1.0,0.2,0.2,1.0,1.0,"{""dp_0_4"": 0.8, ""dp_5_16"": 0.2}","{""cn_0"": 1.0}",0.0,4.4,sasb_candidate_builder,b22cc78c8847fef096585ede99508e29562773e92def6c1a6f4265301cddbf56,5,b22cc78c8847fef096585ede99508e29562773e92def6c1a6f4265301cddbf56,"{""sasb_builder"": 5}",0,0,0,0,{},0.0,"{""common_neighbor_bin_l1"": 0.0, ""degree_product_bin_l1"": 0.0, ""is_boundary_edge_l1"": 0.0, ""is_bridge_edge_l1"": 0.0, ""is_inter_community_edge_l1"": 0.0, ""is_low_common_neighbor_edge_l1"": 0.0, ""mean_l1"": 0.0}",1,32,6,0.0,0
realworld_completed,bio_celegans,SASB-candidate,sasb,SASB-structured,20260513,1715,late,0.013245033112582781,0.013245033112582781,0.0,217,217,0,0.8469135802469135,0.8474074074074074,291,292,291--292,4,4,4,4,16,3,1.0,0,1,1,6,"[""74"", ""291"", ""292"", ""364"", ""257"", ""99""]",6b5e9c3ceb2d8b9862d76d50dd33f140a62fb81dfa6066923034419c512ce5bb,"{""boundary"": 2, ""degree_core"": 2, ""random_fill"": 2}","{""degree_0_1"": 1, ""degree_3_4"": 5}","{""0"": 2, ""1"": 4}",64,"{""backend"": ""evaluate_m19_theory_calibrated.candidate_features"", ""delta_mode"": ""none"", ""k_max"": 512, ""k_min"": 64, ""variant"": ""conservative""}",10,1.0,0.3,0.3,0.1,0.7,"{""dp_0_4"": 0.1, ""dp_5_16"": 0.9}","{""cn_0"": 0.7, ""cn_2_3"": 0.3}",0.9,13.6,sasb_candidate_builder,84290727778c6afa13f076831c10b0fd54a5eaf11388654622a256417e3ef1b8,10,84290727778c6afa13f076831c10b0fd54a5eaf11388654622a256417e3ef1b8,"{""sasb_builder"": 10}",0,0,0,0,{},0.0,"{""common_neighbor_bin_l1"": 0.0, ""degree_product_bin_l1"": 0.0, ""is_boundary_edge_l1"": 0.0, ""is_bridge_edge_l1"": 0.0, ""is_inter_community_edge_l1"": 0.0, ""is_low_common_neighbor_edge_l1"": 0.0, ""mean_l1"": 0.0}",1,32,6,2.0,0
realworld_completed,bio_celegans,SASB-candidate,sasb,SASB-structured,20260513,1716,late,0.013245033112582781,0.013245033112582781,0.0,217,217,0,0.8474074074074074,0.8479012345679012,291,364,291--364,3,4,3,4,12,2,1.0,0,1,1,6,"[""74"", ""364"", ""291"", ""292"", ""257"", ""99""]",30369b19e90c334c08aa10df49a8e8711ba2984e22e3a8aab08946b13caf0b29,"{""boundary"": 2, ""degree_core"": 2, ""random_fill"": 2}","{""degree_0_1"": 1, ""degree_3_4"": 5}","{""0"": 2, ""1"": 4}",64,"{""backend"": ""evaluate_m19_theory_calibrated.candidate_features"", ""delta_mode"": ""none"", ""k_max"": 512, ""k_min"": 64, ""variant"": ""conservative""}",9,1.0,0.3333333333333333,0.3333333333333333,0.1111111111111111,0.7777777777777778,"{""dp_0_4"": 0.1111111111111111, ""dp_5_16"": 0.8888888888888888}","{""cn_0"": 0.7777777777777778, ""cn_2_3"": 0.2222222222222222}",0.4444444444444444,10.88888888888889,sasb_candidate_builder,0eed2b579ddddbc91f619e82cd32644ff657d09a4689f4be81d5231b45bd5c65,9,0eed2b579ddddbc91f619e82cd32644ff657d09a4689f4be81d5231b45bd5c65,"{""sasb_builder"": 9}",0,0,0,0,{},0.0,"{""common_neighbor_bin_l1"": 0.0, ""degree_product_bin_l1"": 0.0, ""is_boundary_edge_l1"": 0.0, ""is_bridge_edge_l1"": 0.0, ""is_inter_community_edge_l1"": 0.0, ""is_low_common_neighbor_edge_l1"": 0.0, ""mean_l1"": 0.0}",1,32,6,2.6666666666666665,0
realworld_completed,bio_celegans,SASB-candidate,sasb,SASB-structured,20260513,1717,late,0.013245033112582781,0.013245033112582781,0.0,217,217,0,0.8479012345679012,0.8483950617283951,292,364,292--364,3,3,3,3,9,2,1.0,0,1,1,6,"[""74"", ""292"", ""364"", ""99"", ""291"", ""257""]",f231222ca5558dc2dbff4c6441c4c93f21d3c9d5602a4a1e6ed372660a9f04ee,"{""boundary"": 2, ""degree_core"": 2, ""random_fill"": 2}","{""degree_0_1"": 1, ""degree_2"": 1, ""degree_3_4"": 4}","{""0"": 2, ""1"": 4}",64,"{""backend"": ""evaluate_m19_theory_calibrated.candidate_features"", ""delta_mode"": ""none"", ""k_max"": 512, ""k_min"": 64, ""variant"": ""conservative""}",8,1.0,0.375,0.375,0.125,0.875,"{""dp_0_4"": 0.125, ""dp_5_16"": 0.875}","{""cn_0"": 0.875, ""cn_2_3"": 0.125}",0.25,8.625,sasb_candidate_builder,9b016b6aa42e53a237f5cc075bb958bedb52267381863a121a00a39c10062c7d,8,9b016b6aa42e53a237f5cc075bb958bedb52267381863a121a00a39c10062c7d,"{""sasb_builder"": 8}",0,0,0,0,{},0.0,"{""common_neighbor_bin_l1"": 0.0, ""degree_product_bin_l1"": 0.0, ""is_boundary_edge_l1"": 0.0, ""is_bridge_edge_l1"": 0.0, ""is_inter_community_edge_l1"": 0.0, ""is_low_common_neighbor_edge_l1"": 0.0, ""mean_l1"": 0.0}",1,32,6,2.0,0
realworld_completed,bio_celegans,SASB-candidate,sasb,SASB-structured,20260513,1718,late,0.013245033112582781,0.013245033112582781,0.0,217,218,1,0.8483950617283951,0.8488888888888889,257,74,257--74,1,4,1,4,4,0,0.0,0,0,0,6,"[""74"", ""291"", ""99"", ""292"", ""364"", ""257""]",dc4243b18d8eadbb332801471e0c1b0e2f1ef46bc95b5a6c8610d1d992168557,"{""boundary"": 2, ""degree_core"": 2, ""random_fill"": 2}","{""degree_0_1"": 1, ""degree_2"": 3, ""degree_3_4"": 2}","{""0"": 2, ""1"": 4}",64,"{""backend"": ""evaluate_m19_theory_calibrated.candidate_features"", ""delta_mode"": ""none"", ""k_max"": 512, ""k_min"": 64, ""variant"": ""conservative""}",7,1.0,0.42857142857142855,0.42857142857142855,0.14285714285714285,1.0,"{""dp_0_4"": 0.14285714285714285, ""dp_5_16"": 0.8571428571428571}","{""cn_0"": 1.0}",0.0,6.571428571428571,sasb_candidate_builder,3596d26fb47b6c4a7861fdcbc5f0cd0c98e6863e31569fe22921e964a6c4c958,7,3596d26fb47b6c4a7861fdcbc5f0cd0c98e6863e31569fe22921e964a6c4c958,"{""sasb_builder"": 7}",0,0,0,0,{},0.0,"{""common_neighbor_bin_l1"": 0.0, ""degree_product_bin_l1"": 0.0, ""is_boundary_edge_l1"": 0.0, ""is_bridge_edge_l1"": 0.0, ""is_inter_community_edge_l1"": 0.0, ""is_low_common_neighbor_edge_l1"": 0.0, ""mean_l1"": 0.0}",1,32,6,0.0,0
realworld_completed,bio_celegans,SASB-candidate,sasb,SASB-structured,20260513,1719,late,0.013245033112582781,0.013245033112582781,0.0,218,219,1,0.8488888888888889,0.8493827160493828,448,62,448--62,2,4,2,4,8,0,0.0,1,0,1,6,"[""62"", ""448"", ""7"", ""8"", ""81"", ""9""]",2bb9fbbf7bcfde5d2e302c391e0a17a777cd181c2ae73cd2d4e04231ddd45500,"{""boundary"": 2, ""degree_core"": 2, ""random_fill"": 2}","{""degree_0_1"": 4, ""degree_2"": 1, ""degree_3_4"": 1}","{""0"": 2, ""1"": 4}",64,"{""backend"": ""evaluate_m19_theory_calibrated.candidate_features"", ""delta_mode"": ""none"", ""k_max"": 512, ""k_min"": 64, ""variant"": ""conservative""}",5,1.0,0.2,0.2,1.0,1.0,"{""dp_0_4"": 0.8, ""dp_5_16"": 0.2}","{""cn_0"": 1.0}",0.0,4.4,sasb_candidate_builder,595c865f5eba57816979861ae3db79940e5e619930c58e9719e9ecb92e510674,5,595c865f5eba57816979861ae3db79940e5e619930c58e9719e9ecb92e510674,"{""sasb_builder"": 5}",0,0,0,0,{},0.0,"{""common_neighbor_bin_l1"": 0.0, ""degree_product_bin_l1"": 0.0, ""is_boundary_edge_l1"": 0.0, ""is_bridge_edge_l1"": 0.0, ""is_inter_community_edge_l1"": 0.0, ""is_low_common_neighbor_edge_l1"": 0.0, ""mean_l1"": 0.0}",1,32,6,0.0,0
realworld_completed,bio_celegans,SASB-candidate,sasb,SASB-structured,20260513,1720,late,0.013245033112582781,0.013245033112582781,0.0,219,220,1,0.8493827160493828,0.8498765432098765,398,65,398--65,5,1,1,5,5,0,0.0,0,0,0,6,"[""398"", ""65"", ""66"", ""75"", ""77"", ""78""]",2fdcf51cfbd261526bcdc7abc09784b196e6b14ad1315a197dc6b881787ef8a5,"{""boundary"": 2, ""degree_core"": 2, ""random_fill"": 2}","{""degree_0_1"": 5, ""degree_5_8"": 1}","{""0"": 6}",64,"{""backend"": ""evaluate_m19_theory_calibrated.candidate_features"", ""delta_mode"": ""none"", ""k_max"": 512, ""k_min"": 64, ""variant"": ""conservative""}",5,1.0,0.0,0.0,1.0,1.0,"{""dp_5_16"": 1.0}","{""cn_0"": 1.0}",0.0,5.0,sasb_candidate_builder,fb76700a66e953639fe179b3893527f321e3c23780283384fe42fc55b7948402,5,fb76700a66e953639fe179b3893527f321e3c23780283384fe42fc55b7948402,"{""sasb_builder"": 5}",0,0,0,0,{},0.0,"{""common_neighbor_bin_l1"": 0.0, ""degree_product_bin_l1"": 0.0, ""is_boundary_edge_l1"": 0.0, ""is_bridge_edge_l1"": 0.0, ""is_inter_community_edge_l1"": 0.0, ""is_low_common_neighbor_edge_l1"": 0.0, ""mean_l1"": 0.0}",1,32,6,0.0,0
realworld_completed,bio_celegans,SASB-candidate,sasb,SASB-structured,20260513,1721,late,0.013245033112582781,0.013245033112582781,0.0,220,221,1,0.8498765432098765,0.8503703703703703,375,85,375--85,2,2,2,2,4,0,0.0,0,1,1,6,"[""431"", ""85"", ""375"", ""57"", ""92"", ""94""]",131987d285b9a5e042e9ca8f1717265bd12952a062fb29e6f6037b299fae439a,"{""boundary"": 2, ""degree_core"": 2, ""random_fill"": 2}","{""degree_0_1"": 3, ""degree_2"": 2, ""degree_3_4"": 1}","{""0"": 3, ""1"": 3}",64,"{""backend"": ""evaluate_m19_theory_calibrated.candidate_features"", ""delta_mode"": ""none"", ""k_max"": 512, ""k_min"": 64, ""variant"": ""conservative""}",5,1.0,0.2,0.2,1.0,1.0,"{""dp_0_4"": 0.8, ""dp_5_16"": 0.2}","{""cn_0"": 1.0}",0.0,3.6,sasb_candidate_builder,ac662b1dc5b148c69ebab216b9bec87105a8bf277df0fbd7b92ea2c79ad2e3a2,5,ac662b1dc5b148c69ebab216b9bec87105a8bf277df0fbd7b92ea2c79ad2e3a2,"{""sasb_builder"": 5}",0,0,0,0,{},0.0,"{""common_neighbor_bin_l1"": 0.0, ""degree_product_bin_l1"": 0.0, ""is_boundary_edge_l1"": 0.0, ""is_bridge_edge_l1"": 0.0, ""is_inter_community_edge_l1"": 0.0, ""is_low_common_neighbor_edge_l1"": 0.0, ""mean_l1"": 0.0}",1,32,6,0.0,0
realworld_completed,bio_celegans,SASB-candidate,sasb,SASB-structured,20260513,1722,late,0.013245033112582781,0.013245033112582781,0.0,221,222,1,0.8503703703703703,0.8508641975308642,307,35,307--35,2,1,1,2,2,0,0.0,0,1,1,6,"[""97"", ""307"", ""347"", ""35"", ""362"", ""360""]",80b42c7dbf4c7048443a9d54252b0ebb4db2c2d5e002ca9b7b132301ffc202ac,"{""boundary"": 2, ""degree_core"": 2, ""random_fill"": 2}","{""degree_0_1"": 4, ""degree_2"": 1, ""degree_3_4"": 1}","{""0"": 4, ""1"": 2}",64,"{""backend"": ""evaluate_m19_theory_calibrated.candidate_features"", ""delta_mode"": ""none"", ""k_max"": 512, ""k_min"": 64, ""variant"": ""conservative""}",5,1.0,0.2,0.2,1.0,1.0,"{""dp_0_4"": 0.8, ""dp_5_16"": 0.2}","{""cn_0"": 1.0}",0.0,4.4,sasb_candidate_builder,e271697ff51125f6832598b5a1f8a1ea5e89584953578a709031b97c176c390a,5,e271697ff51125f6832598b5a1f8a1ea5e89584953578a709031b97c176c390a,"{""sasb_builder"": 5}",0,0,0,0,{},0.0,"{""common_neighbor_bin_l1"": 0.0, ""degree_product_bin_l1"": 0.0, ""is_boundary_edge_l1"": 0.0, ""is_bridge_edge_l1"": 0.0, ""is_inter_community_edge_l1"": 0.0, ""is_low_common_neighbor_edge_l1"": 0.0, ""mean_l1"": 0.0}",1,32,6,0.0,0
realworld_completed,bio_celegans,SASB-candidate,sasb,SASB-structured,20260513,1723,late,0.013245033112582781,0.013245033112582781,0.0,222,222,0,0.8508641975308642,0.851358024691358,109,180,109--180,5,2,2,5,10,1,1.0,1,0,1,6,"[""109"", ""236"", ""107"", ""111"", ""295"", ""180""]",9f1c3d8efa3d395bd12d9f763826a6a8f0fbe6892b8e2f3e7edb81df19c100f8,"{""boundary"": 2, ""degree_core"": 2, ""random_fill"": 2}","{""degree_2"": 2, ""degree_3_4"": 3, ""degree_5_8"": 1}","{""0"": 4, ""1"": 2}",64,"{""backend"": ""evaluate_m19_theory_calibrated.candidate_features"", ""delta_mode"": ""none"", ""k_max"": 512, ""k_min"": 64, ""variant"": ""conservative""}",9,1.0,0.3333333333333333,0.3333333333333333,0.0,0.6666666666666666,"{""dp_5_16"": 1.0}","{""cn_1"": 0.6666666666666666, ""cn_2_3"": 0.3333333333333333}",1.3333333333333333,10.555555555555555,sasb_candidate_builder,b7166caf130e420bdcdee5e42259581584a05a36e6ce4dd92452a6a2162c95cc,9,b7166caf130e420bdcdee5e42259581584a05a36e6ce4dd92452a6a2162c95cc,"{""sasb_builder"": 9}",0,0,0,0,{},0.0,"{""common_neighbor_bin_l1"": 0.0, ""degree_product_bin_l1"": 0.0, ""is_boundary_edge_l1"": 0.0, ""is_bridge_edge_l1"": 0.0, ""is_inter_community_edge_l1"": 0.0, ""is_low_common_neighbor_edge_l1"": 0.0, ""mean_l1"": 0.0}",1,32,6,7.0,0
realworld_completed,bio_celegans,SASB-candidate,sasb,SASB-structured,20260513,1724,late,0.013245033112582781,0.013245033112582781,0.0,222,222,0,0.851358024691358,0.8518518518518519,109,236,109--236,4,3,3,4,12,1,0.5,1,0,1,6,"[""236"", ""109"", ""107"", ""111"", ""295"", ""180""]",ee907b97aebc2a85a76988319b7b317f4bd76ce990981accdb36d720f7a0bb49,"{""boundary"": 2, ""degree_core"": 2, ""random_fill"": 2}","{""degree_0_1"": 1, ""degree_2"": 1, ""degree_3_4"": 4}","{""0"": 4, ""1"": 2}",64,"{""backend"": ""evaluate_m19_theory_calibrated.candidate_features"", ""delta_mode"": ""none"", ""k_max"": 512, ""k_min"": 64, ""variant"": ""conservative""}",8,1.0,0.25,0.25,0.125,0.75,"{""dp_0_4"": 0.125, ""dp_5_16"": 0.875}","{""cn_0"": 0.125, ""cn_1"": 0.625, ""cn_2_3"": 0.25}",1.125,8.875,sasb_candidate_builder,96c3b0248699247162e4d0b2886593cbc51ed71594ea80d22d141d434627d8ef,8,96c3b0248699247162e4d0b2886593cbc51ed71594ea80d22d141d434627d8ef,"{""sasb_builder"": 8}",0,0,0,0,{},0.0,"{""common_neighbor_bin_l1"": 0.0, ""degree_product_bin_l1"": 0.0, ""is_boundary_edge_l1"": 0.0, ""is_bridge_edge_l1"": 0.0, ""is_inter_community_edge_l1"": 0.0, ""is_low_common_neighbor_edge_l1"": 0.0, ""mean_l1"": 0.0}",1,32,6,10.0,0
realworld_completed,bio_celegans,SASB-candidate,sasb,SASB-structured,20260513,1725,late,0.013245033112582781,0.013245033112582781,0.0,222,223,1,0.8518518518518519,0.8523456790123457,111,236,111--236,3,2,2,3,6,0,0.0,0,1,1,6,"[""111"", ""236"", ""107"", ""109"", ""295"", ""180""]",e47f22371a2661d949089c83eebec16636761498dfb769a10b6d44106a3ba662,"{""boundary"": 2, ""degree_core"": 2, ""random_fill"": 2}","{""degree_0_1"": 1, ""degree_2"": 2, ""degree_3_4"": 3}","{""0"": 4, ""1"": 2}",64,"{""backend"": ""evaluate_m19_theory_calibrated.candidate_features"", ""delta_mode"": ""none"", ""k_max"": 512, ""k_min"": 64, ""variant"": ""conservative""}",7,1.0,0.14285714285714285,0.14285714285714285,0.2857142857142857,0.8571428571428571,"{""dp_0_4"": 0.14285714285714285, ""dp_5_16"": 0.8571428571428571}","{""cn_0"": 0.2857142857142857, ""cn_1"": 0.5714285714285714, ""cn_2_3"": 0.14285714285714285}",0.8571428571428571,6.714285714285714,sasb_candidate_builder,b6d88cc7cfd29f722ea36438a8826cc1a974c0c971717c079111bd7de5542033,7,b6d88cc7cfd29f722ea36438a8826cc1a974c0c971717c079111bd7de5542033,"{""sasb_builder"": 7}",0,0,0,0,{},0.0,"{""common_neighbor_bin_l1"": 0.0, ""degree_product_bin_l1"": 0.0, ""is_boundary_edge_l1"": 0.0, ""is_bridge_edge_l1"": 0.0, ""is_inter_community_edge_l1"": 0.0, ""is_low_common_neighbor_edge_l1"": 0.0, ""mean_l1"": 0.0}",1,32,6,16.0,0
realworld_completed,bio_celegans,SASB-candidate,sasb,SASB-structured,20260513,1726,late,0.013245033112582781,0.013245033112582781,0.0,223,223,0,0.8523456790123457,0.8528395061728395,142,286,142--286,5,2,2,5,10,1,1.0,0,0,0,6,"[""142"", ""143"", ""314"", ""313"", ""321"", ""286""]",f006cac83702c6a599434a9f6c329a6e21d5f853f0935e2f128ff376929760b4,"{""boundary"": 2, ""degree_core"": 2, ""random_fill"": 2}","{""degree_2"": 1, ""degree_3_4"": 3, ""degree_5_8"": 2}","{""0"": 6}",64,"{""backend"": ""evaluate_m19_theory_calibrated.candidate_features"", ""delta_mode"": ""none"", ""k_max"": 512, ""k_min"": 64, ""variant"": ""conservative""}",11,1.0,0.0,0.0,0.0,0.18181818181818182,"{""dp_17_64"": 0.2727272727272727, ""dp_5_16"": 0.7272727272727273}","{""cn_1"": 0.18181818181818182, ""cn_2_3"": 0.7272727272727273, ""cn_4_8"": 0.09090909090909091}",2.1818181818181817,15.363636363636363,sasb_candidate_builder,25042806503c220e81db5a086cd8208a60862c608a01644a3af10e6e3de2133d,11,25042806503c220e81db5a086cd8208a60862c608a01644a3af10e6e3de2133d,"{""sasb_builder"": 11}",0,0,0,0,{},0.0,"{""common_neighbor_bin_l1"": 0.0, ""degree_product_bin_l1"": 0.0, ""is_boundary_edge_l1"": 0.0, ""is_bridge_edge_l1"": 0.0, ""is_inter_community_edge_l1"": 0.0, ""is_low_common_neighbor_edge_l1"": 0.0, ""mean_l1"": 0.0}",1,32,6,5.0,0
realworld_completed,bio_celegans,SASB-candidate,sasb,SASB-structured,20260513,1727,late,0.013245033112582781,0.013245033112582781,0.0,223,224,1,0.8528395061728395,0.8533333333333334,143,286,143--286,5,1,1,5,5,0,0.0,0,1,1,6,"[""143"", ""142"", ""314"", ""313"", ""286"", ""321""]",62a45bc90493f352b9f90b2357dd8a978d629b1042ead70b9e334c3fe1da28be,"{""boundary"": 2, ""degree_core"": 2, ""random_fill"": 2}","{""degree_0_1"": 1, ""degree_3_4"": 4, ""degree_5_8"": 1}","{""0"": 6}",64,"{""backend"": ""evaluate_m19_theory_calibrated.candidate_features"", ""delta_mode"": ""none"", ""k_max"": 512, ""k_min"": 64, ""variant"": ""conservative""}",10,1.0,0.0,0.0,0.1,0.1,"{""dp_17_64"": 0.2, ""dp_5_16"": 0.8}","{""cn_0"": 0.1, ""cn_2_3"": 0.9}",2.1,13.9,sasb_candidate_builder,2dc58be85ea0cc4cdf3acd31b57068945c5a8fea6fa5223744d6c7eadc365cc4,10,2dc58be85ea0cc4cdf3acd31b57068945c5a8fea6fa5223744d6c7eadc365cc4,"{""sasb_builder"": 10}",0,0,0,0,{},0.0,"{""common_neighbor_bin_l1"": 0.0, ""degree_product_bin_l1"": 0.0, ""is_boundary_edge_l1"": 0.0, ""is_bridge_edge_l1"": 0.0, ""is_inter_community_edge_l1"": 0.0, ""is_low_common_neighbor_edge_l1"": 0.0, ""mean_l1"": 0.0}",1,32,6,10.0,0
realworld_completed,bio_celegans,SASB-candidate,sasb,SASB-structured,20260513,1728,late,0.013245033112582781,0.013245033112582781,0.0,224,225,1,0.8533333333333334,0.8538271604938271,145,48,145--48,5,1,1,5,5,0,0.0,0,0,0,6,"[""145"", ""48"", ""86"", ""87"", ""89"", ""91""]",25211d94acf7c712a6ac9ca4178a02cee677683da274f48daa367de9e8bdc903,"{""boundary"": 2, ""degree_core"": 2, ""random_fill"": 2}","{""degree_0_1"": 5, ""degree_5_8"": 1}","{""0"": 6}",64,"{""backend"": ""evaluate_m19_theory_calibrated.candidate_features"", ""delta_mode"": ""none"", ""k_max"": 512, ""k_min"": 64, ""variant"": ""conservative""}",5,1.0,0.0,0.0,1.0,1.0,"{""dp_5_16"": 1.0}","{""cn_0"": 1.0}",0.0,5.0,sasb_candidate_builder,1b8950d0aaef6c0b564c3671e63337db5c83c81a88bd5773f7d173cfa81593b8,5,1b8950d0aaef6c0b564c3671e63337db5c83c81a88bd5773f7d173cfa81593b8,"{""sasb_builder"": 5}",0,0,0,0,{},0.0,"{""common_neighbor_bin_l1"": 0.0, ""degree_product_bin_l1"": 0.0, ""is_boundary_edge_l1"": 0.0, ""is_bridge_edge_l1"": 0.0, ""is_inter_community_edge_l1"": 0.0, ""is_low_common_neighbor_edge_l1"": 0.0, ""mean_l1"": 0.0}",1,32,6,0.0,0
realworld_completed,bio_celegans,SASB-candidate,sasb,SASB-structured,20260513,1729,late,0.013245033112582781,0.013245033112582781,0.0,225,225,0,0.8538271604938271,0.854320987654321,222,319,222--319,3,4,3,4,12,1,0.5,1,1,0,6,"[""319"", ""442"", ""222"", ""318"", ""221"", ""369""]",64bc93b8f4c5807e05416b7ccd0045a5535b05e55e5eca3198331cd08ecd99bb,"{""boundary"": 2, ""degree_core"": 2, ""random_fill"": 2}","{""degree_2"": 2, ""degree_3_4"": 4}","{""0"": 3, ""1"": 3}",64,"{""backend"": ""evaluate_m19_theory_calibrated.candidate_features"", ""delta_mode"": ""none"", ""k_max"": 512, ""k_min"": 64, ""variant"": ""conservative""}",9,1.0,0.3333333333333333,0.3333333333333333,0.0,0.6666666666666666,"{""dp_5_16"": 1.0}","{""cn_1"": 0.6666666666666666, ""cn_2_3"": 0.3333333333333333}",1.3333333333333333,10.222222222222221,sasb_candidate_builder,4864071a39f7b6f3d2d8983b3f0c760d70c59087009b3a411718b0804d915e82,9,4864071a39f7b6f3d2d8983b3f0c760d70c59087009b3a411718b0804d915e82,"{""sasb_builder"": 9}",0,0,0,0,{},0.0,"{""common_neighbor_bin_l1"": 0.0, ""degree_product_bin_l1"": 0.0, ""is_boundary_edge_l1"": 0.0, ""is_bridge_edge_l1"": 0.0, ""is_inter_community_edge_l1"": 0.0, ""is_low_common_neighbor_edge_l1"": 0.0, ""mean_l1"": 0.0}",1,32,6,6.666666666666666,0
realworld_completed,bio_celegans,SASB-candidate,sasb,SASB-structured,20260513,1730,late,0.013245033112582781,0.013245033112582781,0.0,225,225,0,0.854320987654321,0.8548148148148148,318,442,318--442,3,4,3,4,12,1,0.5,1,0,1,6,"[""442"", ""318"", ""319"", ""221"", ""369"", ""222""]",1f8a1ab7dfe68eb3963ef26299a0866a3ff9c984ca5a7ffcf86a084fbf0af0d2,"{""boundary"": 2, ""degree_core"": 2, ""random_fill"": 2}","{""degree_2"": 3, ""degree_3_4"": 3}","{""0"": 3, ""1"": 3}",64,"{""backend"": ""evaluate_m19_theory_calibrated.candidate_features"", ""delta_mode"": ""none"", ""k_max"": 512, ""k_min"": 64, ""variant"": ""conservative""}",8,1.0,0.25,0.25,0.0,0.875,"{""dp_0_4"": 0.125, ""dp_5_16"": 0.875}","{""cn_1"": 0.875, ""cn_2_3"": 0.125}",1.125,8.125,sasb_candidate_builder,570cc7e3a2233931345a605e5a4198f0226210fe7e5eeb00d5f0b5d2d6098400,8,570cc7e3a2233931345a605e5a4198f0226210fe7e5eeb00d5f0b5d2d6098400,"{""sasb_builder"": 8}",0,0,0,0,{},0.0,"{""common_neighbor_bin_l1"": 0.0, ""degree_product_bin_l1"": 0.0, ""is_boundary_edge_l1"": 0.0, ""is_bridge_edge_l1"": 0.0, ""is_inter_community_edge_l1"": 0.0, ""is_low_common_neighbor_edge_l1"": 0.0, ""mean_l1"": 0.0}",1,32,6,9.0,0
realworld_completed,bio_celegans,SASB-candidate,sasb,SASB-structured,20260513,1731,late,0.013245033112582781,0.013245033112582781,0.0,225,226,1,0.8548148148148148,0.8553086419753086,319,442,319--442,3,3,3,3,9,0,0.0,1,0,1,6,"[""319"", ""442"", ""221"", ""222"", ""318"", ""369""]",ef3511bd5c24f2d617e581e7027a4445d644f78f02c0806fd8b884c13b6109fe,"{""boundary"": 2, ""degree_core"": 2, ""random_fill"": 2}","{""degree_2"": 4, ""degree_3_4"": 2}","{""0"": 3, ""1"": 3}",64,"{""backend"": ""evaluate_m19_theory_calibrated.candidate_features"", ""delta_mode"": ""none"", ""k_max"": 512, ""k_min"": 64, ""variant"": ""conservative""}",7,1.0,0.14285714285714285,0.14285714285714285,0.14285714285714285,1.0,"{""dp_0_4"": 0.2857142857142857, ""dp_5_16"": 0.7142857142857143}","{""cn_0"": 0.14285714285714285, ""cn_1"": 0.8571428571428571}",0.8571428571428571,5.857142857142857,sasb_candidate_builder,5a84c8f7017c093b368d794ad7196fb6f17c3efeeeab6702a8ee66b1a99a5e31,7,5a84c8f7017c093b368d794ad7196fb6f17c3efeeeab6702a8ee66b1a99a5e31,"{""sasb_builder"": 7}",0,0,0,0,{},0.0,"{""common_neighbor_bin_l1"": 0.0, ""degree_product_bin_l1"": 0.0, ""is_boundary_edge_l1"": 0.0, ""is_bridge_edge_l1"": 0.0, ""is_inter_community_edge_l1"": 0.0, ""is_low_common_neighbor_edge_l1"": 0.0, ""mean_l1"": 0.0}",1,32,6,18.0,0
realworld_completed,bio_celegans,SASB-candidate,sasb,SASB-structured,20260513,1732,late,0.013245033112582781,0.013245033112582781,0.0,226,227,1,0.8553086419753086,0.8558024691358025,259,262,259--262,2,3,2,3,6,0,0.0,1,1,0,6,"[""262"", ""259"", ""255"", ""250"", ""260"", ""263""]",8dfe8e9417199daf8a70e6261774a5dfb941b2f017dc9eabe67d58da9088db6b,"{""boundary"": 2, ""degree_core"": 2, ""random_fill"": 2}","{""degree_0_1"": 3, ""degree_2"": 2, ""degree_3_4"": 1}","{""0"": 3, ""1"": 3}",64,"{""backend"": ""evaluate_m19_theory_calibrated.candidate_features"", ""delta_mode"": ""none"", ""k_max"": 512, ""k_min"": 64, ""variant"": ""conservative""}",5,1.0,0.2,0.2,1.0,1.0,"{""dp_0_4"": 0.8, ""dp_5_16"": 0.2}","{""cn_0"": 1.0}",0.0,3.6,sasb_candidate_builder,ea9d7d25ef4fbd4a0bda11bc8128759c455bb6ab485847ee23563aebabf20063,5,ea9d7d25ef4fbd4a0bda11bc8128759c455bb6ab485847ee23563aebabf20063,"{""sasb_builder"": 5}",0,0,0,0,{},0.0,"{""common_neighbor_bin_l1"": 0.0, ""degree_product_bin_l1"": 0.0, ""is_boundary_edge_l1"": 0.0, ""is_bridge_edge_l1"": 0.0, ""is_inter_community_edge_l1"": 0.0, ""is_low_common_neighbor_edge_l1"": 0.0, ""mean_l1"": 0.0}",1,32,6,18.0,0
realworld_completed,bio_celegans,SASB-candidate,sasb,SASB-structured,20260513,1733,late,0.013245033112582781,0.013245033112582781,0.0,227,227,0,0.8558024691358025,0.8562962962962963,315,343,315--343,2,5,2,5,10,1,1.0,0,1,1,6,"[""343"", ""424"", ""270"", ""388"", ""38"", ""315""]",44a7255d71ad7b58a5cc006d5ad657519b7dbc2a744bd221ea6840a0bd86b4a9,"{""boundary"": 2, ""degree_core"": 2, ""random_fill"": 2}","{""degree_0_1"": 1, ""degree_2"": 1, ""degree_3_4"": 3, ""degree_5_8"": 1}","{""0"": 3, ""1"": 3}",64,"{""backend"": ""evaluate_m19_theory_calibrated.candidate_features"", ""delta_mode"": ""none"", ""k_max"": 512, ""k_min"": 64, ""variant"": ""conservative""}",9,1.0,0.4444444444444444,0.4444444444444444,0.1111111111111111,0.3333333333333333,"{""dp_17_64"": 0.1111111111111111, ""dp_5_16"": 0.8888888888888888}","{""cn_0"": 0.1111111111111111, ""cn_1"": 0.2222222222222222, ""cn_2_3"": 0.6666666666666666}",1.6666666666666667,11.777777777777779,sasb_candidate_builder,01971738121c13f8a6bce2d7a0b42707d3ffc7814772d5be1243f5bd8fde2ea1,9,01971738121c13f8a6bce2d7a0b42707d3ffc7814772d5be1243f5bd8fde2ea1,"{""sasb_builder"": 9}",0,0,0,0,{},0.0,"{""common_neighbor_bin_l1"": 0.0, ""degree_product_bin_l1"": 0.0, ""is_boundary_edge_l1"": 0.0, ""is_bridge_edge_l1"": 0.0, ""is_inter_community_edge_l1"": 0.0, ""is_low_common_neighbor_edge_l1"": 0.0, ""mean_l1"": 0.0}",1,32,6,6.0,0
realworld_completed,bio_celegans,SASB-candidate,sasb,SASB-structured,20260513,1734,late,0.013245033112582781,0.013245033112582781,0.0,227,228,1,0.8562962962962963,0.8567901234567902,315,424,315--424,1,4,1,4,4,0,0.0,0,1,1,6,"[""343"", ""424"", ""270"", ""388"", ""315"", ""38""]",c1986967f1bd49b8b3b01551c20b60be39a51ecffdc8049f89f3e1adb4066e98,"{""boundary"": 2, ""degree_core"": 2, ""random_fill"": 2}","{""degree_0_1"": 2, ""degree_3_4"": 4}","{""0"": 3, ""1"": 3}",64,"{""backend"": ""evaluate_m19_theory_calibrated.candidate_features"", ""delta_mode"": ""none"", ""k_max"": 512, ""k_min"": 64, ""variant"": ""conservative""}",8,1.0,0.5,0.5,0.25,0.25,"{""dp_0_4"": 0.25, ""dp_5_16"": 0.75}","{""cn_0"": 0.25, ""cn_2_3"": 0.75}",1.5,10.125,sasb_candidate_builder,813cd5c6445cfa1e6c5de0df5ee29180a0e2122dbc0e8f7b6ec31df6d29349a7,8,813cd5c6445cfa1e6c5de0df5ee29180a0e2122dbc0e8f7b6ec31df6d29349a7,"{""sasb_builder"": 8}",0,0,0,0,{},0.0,"{""common_neighbor_bin_l1"": 0.0, ""degree_product_bin_l1"": 0.0, ""is_boundary_edge_l1"": 0.0, ""is_bridge_edge_l1"": 0.0, ""is_inter_community_edge_l1"": 0.0, ""is_low_common_neighbor_edge_l1"": 0.0, ""mean_l1"": 0.0}",1,32,6,10.0,0
realworld_completed,bio_celegans,SASB-candidate,sasb,SASB-structured,20260513,1735,late,0.013245033112582781,0.013245033112582781,0.0,228,228,0,0.8567901234567902,0.8572839506172839,271,320,271--320,4,3,3,4,12,1,0.5,1,1,0,6,"[""271"", ""320"", ""196"", ""191"", ""197"", ""329""]",af17f9172bd3c15f62ffd24080574b44b7ba1aef5466c2c8ba334346a25e8e87,"{""boundary"": 2, ""degree_core"": 2, ""random_fill"": 2}","{""degree_0_1"": 3, ""degree_2"": 1, ""degree_3_4"": 2}","{""0"": 3, ""1"": 3}",64,"{""backend"": ""evaluate_m19_theory_calibrated.candidate_features"", ""delta_mode"": ""none"", ""k_max"": 512, ""k_min"": 64, ""variant"": ""conservative""}",6,1.0,0.3333333333333333,0.3333333333333333,0.5,1.0,"{""dp_0_4"": 0.5, ""dp_5_16"": 0.5}","{""cn_0"": 0.5, ""cn_1"": 0.5}",0.5,6.166666666666667,sasb_candidate_builder,198c7f32cd7d2d9db480233dee28e50d7443c489c105005de5adbcf5765290a0,6,198c7f32cd7d2d9db480233dee28e50d7443c489c105005de5adbcf5765290a0,"{""sasb_builder"": 6}",0,0,0,0,{},0.0,"{""common_neighbor_bin_l1"": 0.0, ""degree_product_bin_l1"": 0.0, ""is_boundary_edge_l1"": 0.0, ""is_bridge_edge_l1"": 0.0, ""is_inter_community_edge_l1"": 0.0, ""is_low_common_neighbor_edge_l1"": 0.0, ""mean_l1"": 0.0}",1,32,6,12.0,0
realworld_completed,bio_celegans,SASB-candidate,sasb,SASB-structured,20260513,1736,late,0.013245033112582781,0.011037527593818985,0.002207505518763796,228,229,1,0.8572839506172839,0.8577777777777778,196,271,196--271,2,3,2,3,6,0,0.0,1,0,1,6,"[""271"", ""196"", ""320"", ""191"", ""197"", ""329""]",a1c434138b039218611b2de508eebe76980d48082372e602a91fb51ca7b9f1aa,"{""boundary"": 2, ""degree_core"": 2, ""random_fill"": 2}","{""degree_0_1"": 3, ""degree_2"": 2, ""degree_3_4"": 1}","{""0"": 3, ""1"": 3}",64,"{""backend"": ""evaluate_m19_theory_calibrated.candidate_features"", ""delta_mode"": ""none"", ""k_max"": 512, ""k_min"": 64, ""variant"": ""conservative""}",5,1.0,0.2,0.2,1.0,1.0,"{""dp_0_4"": 0.8, ""dp_5_16"": 0.2}","{""cn_0"": 1.0}",0.0,3.6,sasb_candidate_builder,9ecf41683fea4b4d7cdb874f23447c330ecb7b0a84fae38cd84fca32d08dbcb4,5,9ecf41683fea4b4d7cdb874f23447c330ecb7b0a84fae38cd84fca32d08dbcb4,"{""sasb_builder"": 5}",0,0,0,0,{},0.0,"{""common_neighbor_bin_l1"": 0.0, ""degree_product_bin_l1"": 0.0, ""is_boundary_edge_l1"": 0.0, ""is_bridge_edge_l1"": 0.0, ""is_inter_community_edge_l1"": 0.0, ""is_low_common_neighbor_edge_l1"": 0.0, ""mean_l1"": 0.0}",1,32,6,18.0,0
realworld_completed,bio_celegans,SASB-candidate,sasb,SASB-structured,20260513,1737,late,0.011037527593818985,0.011037527593818985,0.0,229,230,1,0.8577777777777778,0.8582716049382716,449,50,449--50,2,1,1,2,2,0,0.0,0,1,1,5,"[""96"", ""449"", ""450"", ""452"", ""50""]",80c74f868fb39bf41c0879cba124729b30e24747000928f3252d03414670c901,"{""boundary"": 2, ""degree_core"": 1, ""random_fill"": 2}","{""degree_0_1"": 3, ""degree_2"": 1, ""degree_3_4"": 1}","{""0"": 3, ""1"": 2}",64,"{""backend"": ""evaluate_m19_theory_calibrated.candidate_features"", ""delta_mode"": ""none"", ""k_max"": 512, ""k_min"": 64, ""variant"": ""conservative""}",4,1.0,0.25,0.25,1.0,1.0,"{""dp_0_4"": 0.75, ""dp_5_16"": 0.25}","{""cn_0"": 1.0}",0.0,3.5,sasb_candidate_builder,cc4655423407f14a9ce5fd4cb58b2473e897f85461c29c29e5b229463c64f16a,4,cc4655423407f14a9ce5fd4cb58b2473e897f85461c29c29e5b229463c64f16a,"{""sasb_builder"": 4}",0,0,0,0,{},0.0,"{""common_neighbor_bin_l1"": 0.0, ""degree_product_bin_l1"": 0.0, ""is_boundary_edge_l1"": 0.0, ""is_bridge_edge_l1"": 0.0, ""is_inter_community_edge_l1"": 0.0, ""is_low_common_neighbor_edge_l1"": 0.0, ""mean_l1"": 0.0}",1,32,5,0.0,0
realworld_completed,bio_celegans,SASB-candidate,sasb,SASB-structured,20260513,1738,late,0.011037527593818985,0.011037527593818985,0.0,230,230,0,0.8582716049382716,0.8587654320987654,147,182,147--182,4,2,2,4,8,1,1.0,1,1,0,5,"[""147"", ""182"", ""15"", ""330"", ""24""]",76abf44b49f3749eda00a005c4049a975ac230497313ead83a38f33f2142b5ca,"{""boundary"": 2, ""community_rep"": 1, ""degree_core"": 1, ""random_fill"": 1}","{""degree_2"": 4, ""degree_3_4"": 1}","{""0"": 2, ""1"": 3}",64,"{""backend"": ""evaluate_m19_theory_calibrated.candidate_features"", ""delta_mode"": ""none"", ""k_max"": 512, ""k_min"": 64, ""variant"": ""conservative""}",6,1.0,0.3333333333333333,0.3333333333333333,0.0,1.0,"{""dp_0_4"": 0.3333333333333333, ""dp_5_16"": 0.6666666666666666}","{""cn_0"": 0.3333333333333333, ""cn_1"": 0.6666666666666666}",0.6666666666666666,6.666666666666667,sasb_candidate_builder,13e44ab59c31e7fe502e5c3231f955ae6c3ec1c030e348de747954573582d3a7,6,13e44ab59c31e7fe502e5c3231f955ae6c3ec1c030e348de747954573582d3a7,"{""sasb_builder"": 6}",0,0,0,0,{},0.0,"{""common_neighbor_bin_l1"": 0.0, ""degree_product_bin_l1"": 0.0, ""is_boundary_edge_l1"": 0.0, ""is_bridge_edge_l1"": 0.0, ""is_inter_community_edge_l1"": 0.0, ""is_low_common_neighbor_edge_l1"": 0.0, ""mean_l1"": 0.0}",1,32,5,6.0,0
realworld_completed,bio_celegans,SASB-candidate,sasb,SASB-structured,20260513,1739,late,0.011037527593818985,0.011037527593818985,0.0,230,231,1,0.8587654320987654,0.8592592592592593,147,330,147--330,3,2,2,3,6,0,0.0,1,1,0,5,"[""147"", ""330"", ""15"", ""182"", ""24""]",08fbb75d29ef9c528b75369b0c5999b956ba2665df97a4a8d6c6c9575dc10d6a,"{""boundary"": 2, ""degree_core"": 1, ""random_fill"": 2}","{""degree_0_1"": 1, ""degree_2"": 3, ""degree_3_4"": 1}","{""0"": 2, ""1"": 3}",64,"{""backend"": ""evaluate_m19_theory_calibrated.candidate_features"", ""delta_mode"": ""none"", ""k_max"": 512, ""k_min"": 64, ""variant"": ""conservative""}",5,1.0,0.2,0.2,0.4,1.0,"{""dp_0_4"": 0.4, ""dp_5_16"": 0.6}","{""cn_0"": 0.8, ""cn_1"": 0.2}",0.2,4.8,sasb_candidate_builder,94535a43e95fd3760857bc3d39cab98c391498d89c61c220d7bfa7c89b133151,5,94535a43e95fd3760857bc3d39cab98c391498d89c61c220d7bfa7c89b133151,"{""sasb_builder"": 5}",0,0,0,0,{},0.0,"{""common_neighbor_bin_l1"": 0.0, ""degree_product_bin_l1"": 0.0, ""is_boundary_edge_l1"": 0.0, ""is_bridge_edge_l1"": 0.0, ""is_inter_community_edge_l1"": 0.0, ""is_low_common_neighbor_edge_l1"": 0.0, ""mean_l1"": 0.0}",1,32,5,12.0,0
realworld_completed,bio_celegans,SASB-candidate,sasb,SASB-structured,20260513,1740,late,0.011037527593818985,0.011037527593818985,0.0,231,232,1,0.8592592592592593,0.8597530864197531,214,337,214--337,2,2,2,2,4,0,0.0,0,1,1,5,"[""337"", ""4"", ""214"", ""146"", ""168""]",015eecd6ba72b417e31ddeb2147f3ac775b81dfdb1ccb3a445169b07395ef08b,"{""boundary"": 2, ""degree_core"": 1, ""random_fill"": 2}","{""degree_0_1"": 2, ""degree_2"": 3}","{""0"": 2, ""1"": 3}",64,"{""backend"": ""evaluate_m19_theory_calibrated.candidate_features"", ""delta_mode"": ""none"", ""k_max"": 512, ""k_min"": 64, ""variant"": ""conservative""}",4,1.0,0.25,0.25,1.0,1.0,"{""dp_0_4"": 1.0}","{""cn_0"": 1.0}",0.0,3.0,sasb_candidate_builder,6b31b3150c9d589a2a44a1e5d5f4c2dd485416c9996c476942d4366cd825768e,4,6b31b3150c9d589a2a44a1e5d5f4c2dd485416c9996c476942d4366cd825768e,"{""sasb_builder"": 4}",0,0,0,0,{},0.0,"{""common_neighbor_bin_l1"": 0.0, ""degree_product_bin_l1"": 0.0, ""is_boundary_edge_l1"": 0.0, ""is_bridge_edge_l1"": 0.0, ""is_inter_community_edge_l1"": 0.0, ""is_low_common_neighbor_edge_l1"": 0.0, ""mean_l1"": 0.0}",1,32,5,12.0,0
realworld_completed,bio_celegans,SASB-candidate,sasb,SASB-structured,20260513,1741,late,0.011037527593818985,0.011037527593818985,0.0,232,232,0,0.8597530864197531,0.860246913580247,31,49,31--49,4,2,2,4,8,1,1.0,0,0,0,5,"[""31"", ""32"", ""195"", ""272"", ""49""]",0ddb23241e97ae7d91093b6f306df2aa40f52a92a6fe0eec08803c6ebe85d4ea,"{""boundary"": 2, ""degree_core"": 1, ""random_fill"": 2}","{""degree_2"": 1, ""degree_3_4"": 4}","{""0"": 5}",64,"{""backend"": ""evaluate_m19_theory_calibrated.candidate_features"", ""delta_mode"": ""none"", ""k_max"": 512, ""k_min"": 64, ""variant"": ""conservative""}",8,1.0,0.0,0.0,0.0,0.75,"{""dp_5_16"": 1.0}","{""cn_0"": 0.5, ""cn_1"": 0.25, ""cn_2_3"": 0.25}",0.875,11.125,sasb_candidate_builder,0673a6d65990c8fd8aa7b5a815129ee58062fb68e7cd5cdcb2b92272e7ce6f44,8,0673a6d65990c8fd8aa7b5a815129ee58062fb68e7cd5cdcb2b92272e7ce6f44,"{""sasb_builder"": 8}",0,0,0,0,{},0.0,"{""common_neighbor_bin_l1"": 0.0, ""degree_product_bin_l1"": 0.0, ""is_boundary_edge_l1"": 0.0, ""is_bridge_edge_l1"": 0.0, ""is_inter_community_edge_l1"": 0.0, ""is_low_common_neighbor_edge_l1"": 0.0, ""mean_l1"": 0.0}",1,32,5,4.0,0
realworld_completed,bio_celegans,SASB-candidate,sasb,SASB-structured,20260513,1742,late,0.011037527593818985,0.011037527593818985,0.0,232,233,1,0.860246913580247,0.8607407407407407,32,49,32--49,4,1,1,4,4,0,0.0,0,0,0,5,"[""32"", ""195"", ""272"", ""49"", ""31""]",e6524b641bd23239a35a86b42d2aa0c12f2dc1b35e09da889c5d3c72e8a69ccc,"{""boundary"": 2, ""degree_core"": 1, ""random_fill"": 2}","{""degree_0_1"": 1, ""degree_3_4"": 4}","{""0"": 5}",64,"{""backend"": ""evaluate_m19_theory_calibrated.candidate_features"", ""delta_mode"": ""none"", ""k_max"": 512, ""k_min"": 64, ""variant"": ""conservative""}",7,1.0,0.0,0.0,0.14285714285714285,0.7142857142857143,"{""dp_0_4"": 0.14285714285714285, ""dp_5_16"": 0.8571428571428571}","{""cn_0"": 0.7142857142857143, ""cn_2_3"": 0.2857142857142857}",0.5714285714285714,9.571428571428571,sasb_candidate_builder,c2b095fdcbfbfc9ae544a7c2afabcc463339bc33365887913f9980a16ba39f2d,7,c2b095fdcbfbfc9ae544a7c2afabcc463339bc33365887913f9980a16ba39f2d,"{""sasb_builder"": 7}",0,0,0,0,{},0.0,"{""common_neighbor_bin_l1"": 0.0, ""degree_product_bin_l1"": 0.0, ""is_boundary_edge_l1"": 0.0, ""is_bridge_edge_l1"": 0.0, ""is_inter_community_edge_l1"": 0.0, ""is_low_common_neighbor_edge_l1"": 0.0, ""mean_l1"": 0.0}",1,32,5,8.0,0
realworld_completed,bio_celegans,SASB-candidate,sasb,SASB-structured,20260513,1743,late,0.011037527593818985,0.011037527593818985,0.0,233,233,0,0.8607407407407407,0.8612345679012345,261,348,261--348,2,4,2,4,8,1,1.0,0,0,0,5,"[""348"", ""366"", ""249"", ""261"", ""55""]",6a52f7220ca5b54d112aae71302438b0728b6aeee5b66cd933d759a4caf19246,"{""boundary"": 2, ""degree_core"": 1, ""random_fill"": 2}","{""degree_2"": 1, ""degree_3_4"": 4}","{""0"": 5}",64,"{""backend"": ""evaluate_m19_theory_calibrated.candidate_features"", ""delta_mode"": ""none"", ""k_max"": 512, ""k_min"": 64, ""variant"": ""conservative""}",8,1.0,0.0,0.0,0.0,0.625,"{""dp_5_16"": 1.0}","{""cn_0"": 0.375, ""cn_1"": 0.25, ""cn_2_3"": 0.375}",1.125,11.125,sasb_candidate_builder,5d1b0feddb773edd1ddc6662d82aca445708beec928dfb4ca8ce5a6c4cf90bb5,8,5d1b0feddb773edd1ddc6662d82aca445708beec928dfb4ca8ce5a6c4cf90bb5,"{""sasb_builder"": 8}",0,0,0,0,{},0.0,"{""common_neighbor_bin_l1"": 0.0, ""degree_product_bin_l1"": 0.0, ""is_boundary_edge_l1"": 0.0, ""is_bridge_edge_l1"": 0.0, ""is_inter_community_edge_l1"": 0.0, ""is_low_common_neighbor_edge_l1"": 0.0, ""mean_l1"": 0.0}",1,32,5,4.0,0
realworld_completed,bio_celegans,SASB-candidate,sasb,SASB-structured,20260513,1744,late,0.011037527593818985,0.011037527593818985,0.0,233,234,1,0.8612345679012345,0.8617283950617284,261,366,261--366,1,4,1,4,4,0,0.0,0,0,0,5,"[""366"", ""249"", ""348"", ""261"", ""55""]",f8e09f779c77b5e69c41a8275738ddb8f09ddbc96486e9ba4849fc9289880277,"{""boundary"": 2, ""degree_core"": 1, ""random_fill"": 2}","{""degree_0_1"": 1, ""degree_3_4"": 4}","{""0"": 5}",64,"{""backend"": ""evaluate_m19_theory_calibrated.candidate_features"", ""delta_mode"": ""none"", ""k_max"": 512, ""k_min"": 64, ""variant"": ""conservative""}",7,1.0,0.0,0.0,0.14285714285714285,0.5714285714285714,"{""dp_0_4"": 0.14285714285714285, ""dp_5_16"": 0.8571428571428571}","{""cn_0"": 0.5714285714285714, ""cn_2_3"": 0.42857142857142855}",0.8571428571428571,9.571428571428571,sasb_candidate_builder,7df9b1e091b7e2a91047f8ab30a2e0d70561e2a068e73ca127ea678087c7cadd,7,7df9b1e091b7e2a91047f8ab30a2e0d70561e2a068e73ca127ea678087c7cadd,"{""sasb_builder"": 7}",0,0,0,0,{},0.0,"{""common_neighbor_bin_l1"": 0.0, ""degree_product_bin_l1"": 0.0, ""is_boundary_edge_l1"": 0.0, ""is_bridge_edge_l1"": 0.0, ""is_inter_community_edge_l1"": 0.0, ""is_low_common_neighbor_edge_l1"": 0.0, ""mean_l1"": 0.0}",1,32,5,8.0,0
realworld_completed,bio_celegans,SASB-candidate,sasb,SASB-structured,20260513,1745,late,0.011037527593818985,0.011037527593818985,0.0,234,235,1,0.8617283950617284,0.8622222222222222,398,66,398--66,4,1,1,4,4,0,0.0,0,0,0,5,"[""398"", ""66"", ""75"", ""78"", ""77""]",90f35d8e620ea77fd40bf3b3393cf64f0c2a7a5c0829bc4bf73706f47469f554,"{""boundary"": 2, ""degree_core"": 1, ""random_fill"": 2}","{""degree_0_1"": 4, ""degree_3_4"": 1}","{""0"": 5}",64,"{""backend"": ""evaluate_m19_theory_calibrated.candidate_features"", ""delta_mode"": ""none"", ""k_max"": 512, ""k_min"": 64, ""variant"": ""conservative""}",4,1.0,0.0,0.0,1.0,1.0,"{""dp_0_4"": 1.0}","{""cn_0"": 1.0}",0.0,4.0,sasb_candidate_builder,78a80495d08262f990612c54f68b4c6aac42732f6af6e3857f660449f3936b4b,4,78a80495d08262f990612c54f68b4c6aac42732f6af6e3857f660449f3936b4b,"{""sasb_builder"": 4}",0,0,0,0,{},0.0,"{""common_neighbor_bin_l1"": 0.0, ""degree_product_bin_l1"": 0.0, ""is_boundary_edge_l1"": 0.0, ""is_bridge_edge_l1"": 0.0, ""is_inter_community_edge_l1"": 0.0, ""is_low_common_neighbor_edge_l1"": 0.0, ""mean_l1"": 0.0}",1,32,5,0.0,0
realworld_completed,bio_celegans,SASB-candidate,sasb,SASB-structured,20260513,1746,late,0.011037527593818985,0.011037527593818985,0.0,235,235,0,0.8622222222222222,0.8627160493827161,291,74,291--74,2,3,2,3,6,0,0.0,0,0,0,5,"[""74"", ""99"", ""291"", ""292"", ""364""]",d1e71ea7c0f38ca92e69bb60f268f3703a1dbbd28d9845187b4b674ad40191be,"{""boundary"": 2, ""degree_core"": 1, ""random_fill"": 2}","{""degree_2"": 3, ""degree_3_4"": 2}","{""0"": 5}",64,"{""backend"": ""evaluate_m19_theory_calibrated.candidate_features"", ""delta_mode"": ""none"", ""k_max"": 512, ""k_min"": 64, ""variant"": ""conservative""}",6,1.0,0.0,0.0,0.0,1.0,"{""dp_5_16"": 1.0}","{""cn_0"": 1.0}",0.0,6.0,sasb_candidate_builder,217721e96defcfaa936e818ec77719629422f673951765f263bdd637433fc1f7,6,217721e96defcfaa936e818ec77719629422f673951765f263bdd637433fc1f7,"{""sasb_builder"": 6}",0,0,0,0,{},0.0,"{""common_neighbor_bin_l1"": 0.0, ""degree_product_bin_l1"": 0.0, ""is_boundary_edge_l1"": 0.0, ""is_bridge_edge_l1"": 0.0, ""is_inter_community_edge_l1"": 0.0, ""is_low_common_neighbor_edge_l1"": 0.0, ""mean_l1"": 0.0}",1,32,5,0.0,0
realworld_completed,bio_celegans,SASB-candidate,sasb,SASB-structured,20260513,1747,late,0.011037527593818985,0.011037527593818985,0.0,235,236,1,0.8627160493827161,0.8632098765432099,291,99,291--99,1,3,1,3,3,0,0.0,0,0,0,5,"[""99"", ""292"", ""364"", ""291"", ""74""]",71bcfce63bd64b1974fb1e35dae12bd726887858d664a68c8ca1bf2228286a0b,"{""boundary"": 2, ""degree_core"": 1, ""random_fill"": 2}","{""degree_0_1"": 1, ""degree_2"": 3, ""degree_3_4"": 1}","{""0"": 5}",64,"{""backend"": ""evaluate_m19_theory_calibrated.candidate_features"", ""delta_mode"": ""none"", ""k_max"": 512, ""k_min"": 64, ""variant"": ""conservative""}",5,1.0,0.0,0.0,0.2,1.0,"{""dp_0_4"": 0.6, ""dp_5_16"": 0.4}","{""cn_0"": 1.0}",0.0,4.6,sasb_candidate_builder,5190e52c25526329b9cdd23e5bfd3ac750508070c6ecfd79b4abd9ad6a25487b,5,5190e52c25526329b9cdd23e5bfd3ac750508070c6ecfd79b4abd9ad6a25487b,"{""sasb_builder"": 5}",0,0,0,0,{},0.0,"{""common_neighbor_bin_l1"": 0.0, ""degree_product_bin_l1"": 0.0, ""is_boundary_edge_l1"": 0.0, ""is_bridge_edge_l1"": 0.0, ""is_inter_community_edge_l1"": 0.0, ""is_low_common_neighbor_edge_l1"": 0.0, ""mean_l1"": 0.0}",1,32,5,0.0,0
realworld_completed,bio_celegans,SASB-candidate,sasb,SASB-structured,20260513,1748,late,0.011037527593818985,0.011037527593818985,0.0,236,237,1,0.8632098765432099,0.8637037037037038,307,97,307--97,1,4,1,4,4,0,0.0,0,0,0,5,"[""97"", ""307"", ""347"", ""362"", ""360""]",ed76604a02c79c42054cdaffe49d374ff30b7ac1408543df0543b4e42f3a9814,"{""boundary"": 2, ""degree_core"": 1, ""random_fill"": 2}","{""degree_0_1"": 4, ""degree_3_4"": 1}","{""0"": 5}",64,"{""backend"": ""evaluate_m19_theory_calibrated.candidate_features"", ""delta_mode"": ""none"", ""k_max"": 512, ""k_min"": 64, ""variant"": ""conservative""}",4,1.0,0.0,0.0,1.0,1.0,"{""dp_0_4"": 1.0}","{""cn_0"": 1.0}",0.0,4.0,sasb_candidate_builder,40fa3c014d2ab353e1e3142b9627f088f778d01c15d03ee3de5d609f40bc388c,4,40fa3c014d2ab353e1e3142b9627f088f778d01c15d03ee3de5d609f40bc388c,"{""sasb_builder"": 4}",0,0,0,0,{},0.0,"{""common_neighbor_bin_l1"": 0.0, ""degree_product_bin_l1"": 0.0, ""is_boundary_edge_l1"": 0.0, ""is_bridge_edge_l1"": 0.0, ""is_inter_community_edge_l1"": 0.0, ""is_low_common_neighbor_edge_l1"": 0.0, ""mean_l1"": 0.0}",1,32,5,0.0,0
realworld_completed,bio_celegans,SASB-candidate,sasb,SASB-structured,20260513,1749,late,0.011037527593818985,0.011037527593818985,0.0,237,237,0,0.8637037037037038,0.8641975308641975,129,220,129--220,2,4,2,4,8,1,1.0,0,0,0,5,"[""220"", ""344"", ""129"", ""242"", ""5""]",f0d05b58665c1f51becc721916c07beab8e99f97c0d85951054321985e8c9a5c,"{""boundary"": 2, ""degree_core"": 1, ""random_fill"": 2}","{""degree_0_1"": 1, ""degree_2"": 2, ""degree_3_4"": 2}","{""0"": 5}",64,"{""backend"": ""evaluate_m19_theory_calibrated.candidate_features"", ""delta_mode"": ""none"", ""k_max"": 512, ""k_min"": 64, ""variant"": ""conservative""}",6,1.0,0.0,0.0,0.16666666666666666,0.8333333333333334,"{""dp_0_4"": 0.16666666666666666, ""dp_5_16"": 0.8333333333333334}","{""cn_0"": 0.16666666666666666, ""cn_1"": 0.6666666666666666, ""cn_2_3"": 0.16666666666666666}",1.0,7.333333333333333,sasb_candidate_builder,66082bf9b599e3420aaea06faa38d11268684908e7007aee34ea252977c639e1,6,66082bf9b599e3420aaea06faa38d11268684908e7007aee34ea252977c639e1,"{""sasb_builder"": 6}",0,0,0,0,{},0.0,"{""common_neighbor_bin_l1"": 0.0, ""degree_product_bin_l1"": 0.0, ""is_boundary_edge_l1"": 0.0, ""is_bridge_edge_l1"": 0.0, ""is_inter_community_edge_l1"": 0.0, ""is_low_common_neighbor_edge_l1"": 0.0, ""mean_l1"": 0.0}",1,32,5,5.0,0
realworld_completed,bio_celegans,SASB-candidate,sasb,SASB-structured,20260513,1750,late,0.011037527593818985,0.011037527593818985,0.0,237,238,1,0.8641975308641975,0.8646913580246913,129,344,129--344,1,3,1,3,3,0,0.0,0,0,0,5,"[""220"", ""344"", ""242"", ""5"", ""129""]",3cdd98c1659b4369f831e990a13a82c349fb90d1efb64339ccf1fde45a070411,"{""boundary"": 2, ""degree_core"": 1, ""random_fill"": 2}","{""degree_0_1"": 2, ""degree_2"": 1, ""degree_3_4"": 2}","{""0"": 5}",64,"{""backend"": ""evaluate_m19_theory_calibrated.candidate_features"", ""delta_mode"": ""none"", ""k_max"": 512, ""k_min"": 64, ""variant"": ""conservative""}",5,1.0,0.0,0.0,0.4,1.0,"{""dp_0_4"": 0.4, ""dp_5_16"": 0.6}","{""cn_0"": 0.4, ""cn_1"": 0.6}",0.6,5.4,sasb_candidate_builder,80cf60d4c6b71c14bdfcb60c87c294424867cc67b3f9d6778421cc82af42186f,5,80cf60d4c6b71c14bdfcb60c87c294424867cc67b3f9d6778421cc82af42186f,"{""sasb_builder"": 5}",0,0,0,0,{},0.0,"{""common_neighbor_bin_l1"": 0.0, ""degree_product_bin_l1"": 0.0, ""is_boundary_edge_l1"": 0.0, ""is_bridge_edge_l1"": 0.0, ""is_inter_community_edge_l1"": 0.0, ""is_low_common_neighbor_edge_l1"": 0.0, ""mean_l1"": 0.0}",1,32,5,8.0,0
realworld_completed,bio_celegans,SASB-candidate,sasb,SASB-structured,20260513,1751,late,0.011037527593818985,0.011037527593818985,0.0,238,238,0,0.8646913580246913,0.8651851851851852,142,313,142--313,4,3,3,4,12,2,1.0,0,0,0,5,"[""142"", ""143"", ""314"", ""313"", ""321""]",6840c875553747f48d6b03d173f0daf3c567771105e76dc397b456dc77f36afe,"{""boundary"": 2, ""degree_core"": 1, ""random_fill"": 2}","{""degree_3_4"": 5}","{""0"": 5}",64,"{""backend"": ""evaluate_m19_theory_calibrated.candidate_features"", ""delta_mode"": ""none"", ""k_max"": 512, ""k_min"": 64, ""variant"": ""conservative""}",9,1.0,0.0,0.0,0.0,0.0,"{""dp_5_16"": 1.0}","{""cn_2_3"": 1.0}",2.3333333333333335,13.333333333333334,sasb_candidate_builder,9cac344e418a1705ae355d789e6a16e56223fee71efc828fa295e98d5ac1decd,9,9cac344e418a1705ae355d789e6a16e56223fee71efc828fa295e98d5ac1decd,"{""sasb_builder"": 9}",0,0,0,0,{},0.0,"{""common_neighbor_bin_l1"": 0.0, ""degree_product_bin_l1"": 0.0, ""is_boundary_edge_l1"": 0.0, ""is_bridge_edge_l1"": 0.0, ""is_inter_community_edge_l1"": 0.0, ""is_low_common_neighbor_edge_l1"": 0.0, ""mean_l1"": 0.0}",1,32,5,2.6666666666666665,0
realworld_completed,bio_celegans,SASB-candidate,sasb,SASB-structured,20260513,1752,late,0.011037527593818985,0.011037527593818985,0.0,238,238,0,0.8651851851851852,0.865679012345679,143,313,143--313,4,2,2,4,8,1,1.0,0,0,0,5,"[""143"", ""314"", ""142"", ""313"", ""321""]",d6d9d4efcfbbe8df092c465ccf988507c900526435200cc754a97cfce185d065,"{""boundary"": 2, ""degree_core"": 1, ""random_fill"": 2}","{""degree_2"": 1, ""degree_3_4"": 4}","{""0"": 5}",64,"{""backend"": ""evaluate_m19_theory_calibrated.candidate_features"", ""delta_mode"": ""none"", ""k_max"": 512, ""k_min"": 64, ""variant"": ""conservative""}",8,1.0,0.0,0.0,0.0,0.25,"{""dp_5_16"": 1.0}","{""cn_1"": 0.25, ""cn_2_3"": 0.75}",1.875,11.125,sasb_candidate_builder,e09c878d467a5fc2b69595b39b443bf9640da476103afaf981a5d61847a5a9a8,8,e09c878d467a5fc2b69595b39b443bf9640da476103afaf981a5d61847a5a9a8,"{""sasb_builder"": 8}",0,0,0,0,{},0.0,"{""common_neighbor_bin_l1"": 0.0, ""degree_product_bin_l1"": 0.0, ""is_boundary_edge_l1"": 0.0, ""is_bridge_edge_l1"": 0.0, ""is_inter_community_edge_l1"": 0.0, ""is_low_common_neighbor_edge_l1"": 0.0, ""mean_l1"": 0.0}",1,32,5,4.0,0
realworld_completed,bio_celegans,SASB-candidate,sasb,SASB-structured,20260513,1753,late,0.011037527593818985,0.011037527593818985,0.0,238,239,1,0.865679012345679,0.8661728395061729,313,314,313--314,1,4,1,4,4,0,0.0,0,1,1,5,"[""314"", ""142"", ""143"", ""313"", ""321""]",4b7741b9ef63866663371ccd750d694eee5a930fcf63778a45957e9087e5b7fd,"{""boundary"": 2, ""degree_core"": 1, ""random_fill"": 2}","{""degree_0_1"": 1, ""degree_3_4"": 4}","{""0"": 5}",64,"{""backend"": ""evaluate_m19_theory_calibrated.candidate_features"", ""delta_mode"": ""none"", ""k_max"": 512, ""k_min"": 64, ""variant"": ""conservative""}",7,1.0,0.0,0.0,0.14285714285714285,0.14285714285714285,"{""dp_0_4"": 0.14285714285714285, ""dp_5_16"": 0.8571428571428571}","{""cn_0"": 0.14285714285714285, ""cn_2_3"": 0.8571428571428571}",1.7142857142857142,9.571428571428571,sasb_candidate_builder,d717b2afb5c7b3741e9b82152ca8c6df567696f2e754b634a5d4c8e581a81ce7,7,d717b2afb5c7b3741e9b82152ca8c6df567696f2e754b634a5d4c8e581a81ce7,"{""sasb_builder"": 7}",0,0,0,0,{},0.0,"{""common_neighbor_bin_l1"": 0.0, ""degree_product_bin_l1"": 0.0, ""is_boundary_edge_l1"": 0.0, ""is_bridge_edge_l1"": 0.0, ""is_inter_community_edge_l1"": 0.0, ""is_low_common_neighbor_edge_l1"": 0.0, ""mean_l1"": 0.0}",1,32,5,8.0,0
realworld_completed,bio_celegans,SASB-candidate,sasb,SASB-structured,20260513,1754,late,0.011037527593818985,0.011037527593818985,0.0,239,240,1,0.8661728395061729,0.8666666666666667,145,86,145--86,4,1,1,4,4,0,0.0,0,0,0,5,"[""145"", ""86"", ""87"", ""89"", ""91""]",bed6170e9be9c3ba005a2090d1f83d84d8b98a4e8df2f201e36d3d1acd9aa911,"{""boundary"": 2, ""degree_core"": 1, ""random_fill"": 2}","{""degree_0_1"": 4, ""degree_3_4"": 1}","{""0"": 5}",64,"{""backend"": ""evaluate_m19_theory_calibrated.candidate_features"", ""delta_mode"": ""none"", ""k_max"": 512, ""k_min"": 64, ""variant"": ""conservative""}",4,1.0,0.0,0.0,1.0,1.0,"{""dp_0_4"": 1.0}","{""cn_0"": 1.0}",0.0,4.0,sasb_candidate_builder,851d3c4f50059ce19f8baa83fd1561d8c9a00469447e9c47c625738f832e2bd1,4,851d3c4f50059ce19f8baa83fd1561d8c9a00469447e9c47c625738f832e2bd1,"{""sasb_builder"": 4}",0,0,0,0,{},0.0,"{""common_neighbor_bin_l1"": 0.0, ""degree_product_bin_l1"": 0.0, ""is_boundary_edge_l1"": 0.0, ""is_bridge_edge_l1"": 0.0, ""is_inter_community_edge_l1"": 0.0, ""is_low_common_neighbor_edge_l1"": 0.0, ""mean_l1"": 0.0}",1,32,5,0.0,0
realworld_completed,bio_celegans,SASB-candidate,sasb,SASB-structured,20260513,1755,late,0.011037527593818985,0.011037527593818985,0.0,240,240,0,0.8666666666666667,0.8671604938271605,154,309,154--309,4,2,2,4,8,1,1.0,0,0,0,5,"[""154"", ""160"", ""162"", ""309"", ""71""]",3491a2bee6a35bccc0bf88ecf308aeedf1851f5bc8d2c1d743f0d1ffcd694621,"{""boundary"": 2, ""degree_core"": 1, ""random_fill"": 2}","{""degree_2"": 1, ""degree_3_4"": 4}","{""0"": 5}",64,"{""backend"": ""evaluate_m19_theory_calibrated.candidate_features"", ""delta_mode"": ""none"", ""k_max"": 512, ""k_min"": 64, ""variant"": ""conservative""}",8,1.0,0.0,0.0,0.0,0.625,"{""dp_5_16"": 1.0}","{""cn_0"": 0.375, ""cn_1"": 0.25, ""cn_2_3"": 0.375}",1.125,11.125,sasb_candidate_builder,4e19ffda8c411428ec85d87d28ed24df3fefe889470ac2f71a75e502738297ad,8,4e19ffda8c411428ec85d87d28ed24df3fefe889470ac2f71a75e502738297ad,"{""sasb_builder"": 8}",0,0,0,0,{},0.0,"{""common_neighbor_bin_l1"": 0.0, ""degree_product_bin_l1"": 0.0, ""is_boundary_edge_l1"": 0.0, ""is_bridge_edge_l1"": 0.0, ""is_inter_community_edge_l1"": 0.0, ""is_low_common_neighbor_edge_l1"": 0.0, ""mean_l1"": 0.0}",1,32,5,4.0,0
realworld_completed,bio_celegans,SASB-candidate,sasb,SASB-structured,20260513,1756,late,0.011037527593818985,0.011037527593818985,0.0,240,241,1,0.8671604938271605,0.8676543209876543,160,309,160--309,4,1,1,4,4,0,0.0,0,0,0,5,"[""160"", ""154"", ""162"", ""71"", ""309""]",dfd8e8466330d1cdee653c75e552ca185619152dda9dba024366053ba8eef464,"{""boundary"": 2, ""degree_core"": 1, ""random_fill"": 2}","{""degree_0_1"": 1, ""degree_3_4"": 4}","{""0"": 5}",64,"{""backend"": ""evaluate_m19_theory_calibrated.candidate_features"", ""delta_mode"": ""none"", ""k_max"": 512, ""k_min"": 64, ""variant"": ""conservative""}",7,1.0,0.0,0.0,0.14285714285714285,0.5714285714285714,"{""dp_0_4"": 0.14285714285714285, ""dp_5_16"": 0.8571428571428571}","{""cn_0"": 0.5714285714285714, ""cn_2_3"": 0.42857142857142855}",0.8571428571428571,9.571428571428571,sasb_candidate_builder,0f7dcf01a61cb45ce8da98ff0b08dffe5acff07742244474dcac44426582fca5,7,0f7dcf01a61cb45ce8da98ff0b08dffe5acff07742244474dcac44426582fca5,"{""sasb_builder"": 7}",0,0,0,0,{},0.0,"{""common_neighbor_bin_l1"": 0.0, ""degree_product_bin_l1"": 0.0, ""is_boundary_edge_l1"": 0.0, ""is_bridge_edge_l1"": 0.0, ""is_inter_community_edge_l1"": 0.0, ""is_low_common_neighbor_edge_l1"": 0.0, ""mean_l1"": 0.0}",1,32,5,8.0,0
realworld_completed,bio_celegans,SASB-candidate,sasb,SASB-structured,20260513,1757,late,0.011037527593818985,0.011037527593818985,0.0,241,241,0,0.8676543209876543,0.8681481481481481,169,173,169--173,2,4,2,4,8,1,1.0,1,0,1,5,"[""173"", ""169"", ""170"", ""172"", ""171""]",31d9d978cb237cebea6d2bfc04641a0cf7ad4dda9022b004218c8008068b3cef,"{""boundary"": 2, ""community_rep"": 1, ""degree_core"": 1, ""random_fill"": 1}","{""degree_2"": 4, ""degree_3_4"": 1}","{""0"": 2, ""1"": 3}",64,"{""backend"": ""evaluate_m19_theory_calibrated.candidate_features"", ""delta_mode"": ""none"", ""k_max"": 512, ""k_min"": 64, ""variant"": ""conservative""}",6,1.0,0.3333333333333333,0.3333333333333333,0.0,1.0,"{""dp_0_4"": 0.3333333333333333, ""dp_5_16"": 0.6666666666666666}","{""cn_1"": 1.0}",1.0,6.666666666666667,sasb_candidate_builder,93c588dc4a66fe3997f67c22a12cba0d744e4f2fe5ba63cd06c64790637ac82a,6,93c588dc4a66fe3997f67c22a12cba0d744e4f2fe5ba63cd06c64790637ac82a,"{""sasb_builder"": 6}",0,0,0,0,{},0.0,"{""common_neighbor_bin_l1"": 0.0, ""degree_product_bin_l1"": 0.0, ""is_boundary_edge_l1"": 0.0, ""is_bridge_edge_l1"": 0.0, ""is_inter_community_edge_l1"": 0.0, ""is_low_common_neighbor_edge_l1"": 0.0, ""mean_l1"": 0.0}",1,32,5,6.0,0
realworld_completed,bio_celegans,SASB-candidate,sasb,SASB-structured,20260513,1758,late,0.011037527593818985,0.011037527593818985,0.0,241,242,1,0.8681481481481481,0.868641975308642,172,173,172--173,2,3,2,3,6,0,0.0,1,0,1,5,"[""173"", ""172"", ""170"", ""169"", ""171""]",2cd37a42139e9fb42194e21512a927d549785eaeaec2be46daf8652dd5e667aa,"{""boundary"": 2, ""degree_core"": 1, ""random_fill"": 2}","{""degree_0_1"": 1, ""degree_2"": 3, ""degree_3_4"": 1}","{""0"": 2, ""1"": 3}",64,"{""backend"": ""evaluate_m19_theory_calibrated.candidate_features"", ""delta_mode"": ""none"", ""k_max"": 512, ""k_min"": 64, ""variant"": ""conservative""}",5,1.0,0.2,0.2,0.4,1.0,"{""dp_0_4"": 0.4, ""dp_5_16"": 0.6}","{""cn_0"": 0.4, ""cn_1"": 0.6}",0.6,4.8,sasb_candidate_builder,51e4eaf92f82dbb25c9c7e3e4f10e624039c4ae02aa76e5899eec5bf2ff51fc4,5,51e4eaf92f82dbb25c9c7e3e4f10e624039c4ae02aa76e5899eec5bf2ff51fc4,"{""sasb_builder"": 5}",0,0,0,0,{},0.0,"{""common_neighbor_bin_l1"": 0.0, ""degree_product_bin_l1"": 0.0, ""is_boundary_edge_l1"": 0.0, ""is_bridge_edge_l1"": 0.0, ""is_inter_community_edge_l1"": 0.0, ""is_low_common_neighbor_edge_l1"": 0.0, ""mean_l1"": 0.0}",1,32,5,12.0,0
realworld_completed,bio_celegans,SASB-candidate,sasb,SASB-structured,20260513,1759,late,0.011037527593818985,0.011037527593818985,0.0,242,242,0,0.868641975308642,0.8691358024691358,174,239,174--239,2,4,2,4,8,1,1.0,0,0,0,5,"[""239"", ""240"", ""174"", ""376"", ""238""]",e2e5c45e523e012e19d968f4d05992d81ba1026a25780365cd902f548605f365,"{""boundary"": 2, ""community_rep"": 1, ""degree_core"": 1, ""random_fill"": 1}","{""degree_2"": 4, ""degree_3_4"": 1}","{""0"": 3, ""1"": 2}",64,"{""backend"": ""evaluate_m19_theory_calibrated.candidate_features"", ""delta_mode"": ""none"", ""k_max"": 512, ""k_min"": 64, ""variant"": ""conservative""}",6,1.0,0.3333333333333333,0.3333333333333333,0.0,1.0,"{""dp_0_4"": 0.3333333333333333, ""dp_5_16"": 0.6666666666666666}","{""cn_1"": 1.0}",1.0,6.666666666666667,sasb_candidate_builder,a9f2f1151430ab162e7c65198a644974c9a1d0a94c73cdde6cea37c750c853ea,6,a9f2f1151430ab162e7c65198a644974c9a1d0a94c73cdde6cea37c750c853ea,"{""sasb_builder"": 6}",0,0,0,0,{},0.0,"{""common_neighbor_bin_l1"": 0.0, ""degree_product_bin_l1"": 0.0, ""is_boundary_edge_l1"": 0.0, ""is_bridge_edge_l1"": 0.0, ""is_inter_community_edge_l1"": 0.0, ""is_low_common_neighbor_edge_l1"": 0.0, ""mean_l1"": 0.0}",1,32,5,6.0,0
realworld_completed,bio_celegans,SASB-candidate,sasb,SASB-structured,20260513,1760,late,0.011037527593818985,0.011037527593818985,0.0,242,243,1,0.8691358024691358,0.8696296296296296,238,239,238--239,2,3,2,3,6,0,0.0,1,0,1,5,"[""239"", ""240"", ""238"", ""376"", ""174""]",8e1b995d1451192169cec1def5afb84c7112b4c0973d5cc4275611537d88da25,"{""boundary"": 2, ""community_rep"": 1, ""degree_core"": 1, ""random_fill"": 1}","{""degree_0_1"": 1, ""degree_2"": 3, ""degree_3_4"": 1}","{""0"": 3, ""1"": 2}",64,"{""backend"": ""evaluate_m19_theory_calibrated.candidate_features"", ""delta_mode"": ""none"", ""k_max"": 512, ""k_min"": 64, ""variant"": ""conservative""}",5,1.0,0.4,0.4,0.4,1.0,"{""dp_0_4"": 0.4, ""dp_5_16"": 0.6}","{""cn_0"": 0.4, ""cn_1"": 0.6}",0.6,4.8,sasb_candidate_builder,0a9f54ceadbd6babd8377a0ce42cfbc744c262aa4577cc829941ba72aaa5fe59,5,0a9f54ceadbd6babd8377a0ce42cfbc744c262aa4577cc829941ba72aaa5fe59,"{""sasb_builder"": 5}",0,0,0,0,{},0.0,"{""common_neighbor_bin_l1"": 0.0, ""degree_product_bin_l1"": 0.0, ""is_boundary_edge_l1"": 0.0, ""is_bridge_edge_l1"": 0.0, ""is_inter_community_edge_l1"": 0.0, ""is_low_common_neighbor_edge_l1"": 0.0, ""mean_l1"": 0.0}",1,32,5,12.0,0
realworld_completed,bio_celegans,SASB-candidate,sasb,SASB-structured,20260513,1761,late,0.011037527593818985,0.011037527593818985,0.0,243,243,0,0.8696296296296296,0.8701234567901235,270,343,270--343,3,4,3,4,12,2,1.0,1,0,1,5,"[""343"", ""270"", ""388"", ""424"", ""38""]",5b71e395c40ac89b3fa6128670756bc1f33d97c00d14d1f591a0d3ce28d1dad8,"{""boundary"": 2, ""community_rep"": 1, ""degree_core"": 1, ""random_fill"": 1}","{""degree_0_1"": 1, ""degree_3_4"": 4}","{""0"": 3, ""1"": 2}",64,"{""backend"": ""evaluate_m19_theory_calibrated.candidate_features"", ""delta_mode"": ""none"", ""k_max"": 512, ""k_min"": 64, ""variant"": ""conservative""}",7,1.0,0.42857142857142855,0.42857142857142855,0.14285714285714285,0.14285714285714285,"{""dp_0_4"": 0.14285714285714285, ""dp_5_16"": 0.8571428571428571}","{""cn_0"": 0.14285714285714285, ""cn_2_3"": 0.8571428571428571}",1.7142857142857142,9.571428571428571,sasb_candidate_builder,44e3fe4250854b73b823e4e0c4eef0bd772a8be44ddaff33dc36b2f3b4099892,7,44e3fe4250854b73b823e4e0c4eef0bd772a8be44ddaff33dc36b2f3b4099892,"{""sasb_builder"": 7}",0,0,0,0,{},0.0,"{""common_neighbor_bin_l1"": 0.0, ""degree_product_bin_l1"": 0.0, ""is_boundary_edge_l1"": 0.0, ""is_bridge_edge_l1"": 0.0, ""is_inter_community_edge_l1"": 0.0, ""is_low_common_neighbor_edge_l1"": 0.0, ""mean_l1"": 0.0}",1,32,5,4.0,0
realworld_completed,bio_celegans,SASB-candidate,sasb,SASB-structured,20260513,1762,late,0.011037527593818985,0.011037527593818985,0.0,243,243,0,0.8701234567901235,0.8706172839506173,343,388,343--388,3,3,3,3,9,1,0.5,1,1,0,5,"[""343"", ""388"", ""424"", ""270"", ""38""]",0cd8b6901116710a551ee2cc5e46536e3b3591758061d0966c0fbb964ffd6ac3,"{""boundary"": 2, ""degree_core"": 1, ""random_fill"": 2}","{""degree_0_1"": 1, ""degree_2"": 1, ""degree_3_4"": 3}","{""0"": 3, ""1"": 2}",64,"{""backend"": ""evaluate_m19_theory_calibrated.candidate_features"", ""delta_mode"": ""none"", ""k_max"": 512, ""k_min"": 64, ""variant"": ""conservative""}",6,1.0,0.3333333333333333,0.3333333333333333,0.16666666666666666,0.8333333333333334,"{""dp_0_4"": 0.16666666666666666, ""dp_5_16"": 0.8333333333333334}","{""cn_0"": 0.16666666666666666, ""cn_1"": 0.6666666666666666, ""cn_2_3"": 0.16666666666666666}",1.0,7.0,sasb_candidate_builder,3dde91684328115f9c268b299f9038df1551f62813d19e3d2d291d2459345f1a,6,3dde91684328115f9c268b299f9038df1551f62813d19e3d2d291d2459345f1a,"{""sasb_builder"": 6}",0,0,0,0,{},0.0,"{""common_neighbor_bin_l1"": 0.0, ""degree_product_bin_l1"": 0.0, ""is_boundary_edge_l1"": 0.0, ""is_bridge_edge_l1"": 0.0, ""is_inter_community_edge_l1"": 0.0, ""is_low_common_neighbor_edge_l1"": 0.0, ""mean_l1"": 0.0}",1,32,5,6.0,0
realworld_completed,bio_celegans,SASB-candidate,sasb,SASB-structured,20260513,1763,late,0.011037527593818985,0.011037527593818985,0.0,243,244,1,0.8706172839506173,0.8711111111111111,343,424,343--424,2,3,2,3,6,0,0.0,1,1,0,5,"[""424"", ""343"", ""270"", ""38"", ""388""]",6d6d7f97546fc63b53033e11f5c0de02e08740ebfa668c91997008c2dd09ec3b,"{""boundary"": 2, ""degree_core"": 1, ""random_fill"": 2}","{""degree_0_1"": 1, ""degree_2"": 3, ""degree_3_4"": 1}","{""0"": 3, ""1"": 2}",64,"{""backend"": ""evaluate_m19_theory_calibrated.candidate_features"", ""delta_mode"": ""none"", ""k_max"": 512, ""k_min"": 64, ""variant"": ""conservative""}",5,1.0,0.2,0.2,0.4,1.0,"{""dp_0_4"": 0.4, ""dp_5_16"": 0.6}","{""cn_0"": 0.4, ""cn_1"": 0.6}",0.6,4.8,sasb_candidate_builder,f8c7f317aa384c38e3198b35266ffd923ad9413286dde4b372c7fc3180a06516,5,f8c7f317aa384c38e3198b35266ffd923ad9413286dde4b372c7fc3180a06516,"{""sasb_builder"": 5}",0,0,0,0,{},0.0,"{""common_neighbor_bin_l1"": 0.0, ""degree_product_bin_l1"": 0.0, ""is_boundary_edge_l1"": 0.0, ""is_bridge_edge_l1"": 0.0, ""is_inter_community_edge_l1"": 0.0, ""is_low_common_neighbor_edge_l1"": 0.0, ""mean_l1"": 0.0}",1,32,5,12.0,0
realworld_completed,bio_celegans,SASB-candidate,sasb,SASB-structured,20260513,1764,late,0.011037527593818985,0.011037527593818985,0.0,244,245,1,0.8711111111111111,0.8716049382716049,273,274,273--274,3,2,2,3,6,0,0.0,1,1,0,5,"[""273"", ""274"", ""276"", ""275"", ""311""]",fb9e1292a081f7f4286d4c750a5c90277202160bc7f07670946ddb104cbc17df,"{""boundary"": 2, ""degree_core"": 1, ""random_fill"": 2}","{""degree_0_1"": 1, ""degree_2"": 3, ""degree_3_4"": 1}","{""0"": 2, ""1"": 3}",64,"{""backend"": ""evaluate_m19_theory_calibrated.candidate_features"", ""delta_mode"": ""none"", ""k_max"": 512, ""k_min"": 64, ""variant"": ""conservative""}",5,1.0,0.2,0.2,0.4,1.0,"{""dp_0_4"": 0.4, ""dp_5_16"": 0.6}","{""cn_0"": 0.4, ""cn_1"": 0.6}",0.6,4.8,sasb_candidate_builder,df9d40a0986402a8a77aed44513fd3d05c89b8a89f0316c8ff5b0112c9f444c4,5,df9d40a0986402a8a77aed44513fd3d05c89b8a89f0316c8ff5b0112c9f444c4,"{""sasb_builder"": 5}",0,0,0,0,{},0.0,"{""common_neighbor_bin_l1"": 0.0, ""degree_product_bin_l1"": 0.0, ""is_boundary_edge_l1"": 0.0, ""is_bridge_edge_l1"": 0.0, ""is_inter_community_edge_l1"": 0.0, ""is_low_common_neighbor_edge_l1"": 0.0, ""mean_l1"": 0.0}",1,32,5,12.0,0
realworld_completed,bio_celegans,SASB-candidate,sasb,SASB-structured,20260513,1765,late,0.011037527593818985,0.011037527593818985,0.0,245,245,0,0.8716049382716049,0.8720987654320987,280,322,280--322,2,4,2,4,8,1,1.0,0,1,1,5,"[""322"", ""297"", ""280"", ""338"", ""296""]",2224be0b5eba574471030900ec22daf0556e99683ad910802cbca08181d9c34e,"{""boundary"": 2, ""community_rep"": 1, ""degree_core"": 1, ""random_fill"": 1}","{""degree_2"": 4, ""degree_3_4"": 1}","{""0"": 2, ""1"": 3}",64,"{""backend"": ""evaluate_m19_theory_calibrated.candidate_features"", ""delta_mode"": ""none"", ""k_max"": 512, ""k_min"": 64, ""variant"": ""conservative""}",6,1.0,0.3333333333333333,0.3333333333333333,0.0,1.0,"{""dp_0_4"": 0.3333333333333333, ""dp_5_16"": 0.6666666666666666}","{""cn_1"": 1.0}",1.0,6.666666666666667,sasb_candidate_builder,24cede3a0c11a96841af43e03b3e6c1f067d6f958dcd419fe937eccdcaa7d230,6,24cede3a0c11a96841af43e03b3e6c1f067d6f958dcd419fe937eccdcaa7d230,"{""sasb_builder"": 6}",0,0,0,0,{},0.0,"{""common_neighbor_bin_l1"": 0.0, ""degree_product_bin_l1"": 0.0, ""is_boundary_edge_l1"": 0.0, ""is_bridge_edge_l1"": 0.0, ""is_inter_community_edge_l1"": 0.0, ""is_low_common_neighbor_edge_l1"": 0.0, ""mean_l1"": 0.0}",1,32,5,6.0,0
realworld_completed,bio_celegans,SASB-candidate,sasb,SASB-structured,20260513,1766,late,0.011037527593818985,0.011037527593818985,0.0,245,246,1,0.8720987654320987,0.8725925925925926,296,322,296--322,2,3,2,3,6,0,0.0,1,1,0,5,"[""322"", ""297"", ""296"", ""338"", ""280""]",ebdcc97d34c58a0f1d254e040731e6dd70f91c871a81733c61c4d61b0a41ed19,"{""boundary"": 2, ""community_rep"": 1, ""degree_core"": 1, ""random_fill"": 1}","{""degree_0_1"": 1, ""degree_2"": 3, ""degree_3_4"": 1}","{""0"": 2, ""1"": 3}",64,"{""backend"": ""evaluate_m19_theory_calibrated.candidate_features"", ""delta_mode"": ""none"", ""k_max"": 512, ""k_min"": 64, ""variant"": ""conservative""}",5,1.0,0.4,0.4,0.4,1.0,"{""dp_0_4"": 0.4, ""dp_5_16"": 0.6}","{""cn_0"": 0.4, ""cn_1"": 0.6}",0.6,4.8,sasb_candidate_builder,ac096485be5795a2409720aa543da54b65490cb67f4faaa20fe2105cdeb2ec9d,5,ac096485be5795a2409720aa543da54b65490cb67f4faaa20fe2105cdeb2ec9d,"{""sasb_builder"": 5}",0,0,0,0,{},0.0,"{""common_neighbor_bin_l1"": 0.0, ""degree_product_bin_l1"": 0.0, ""is_boundary_edge_l1"": 0.0, ""is_bridge_edge_l1"": 0.0, ""is_inter_community_edge_l1"": 0.0, ""is_low_common_neighbor_edge_l1"": 0.0, ""mean_l1"": 0.0}",1,32,5,12.0,0
realworld_completed,bio_celegans,SASB-candidate,sasb,SASB-structured,20260513,1767,late,0.011037527593818985,0.011037527593818985,0.0,246,247,1,0.8725925925925926,0.8730864197530864,161,342,161--342,4,1,1,4,4,0,0.0,0,0,0,5,"[""161"", ""156"", ""175"", ""284"", ""342""]",2f887d768290c1bd4e3af4046a6305a238bfcc1a0ee0264c8b2ff226d6c3dc2a,"{""boundary"": 2, ""community_rep"": 1, ""degree_core"": 1, ""random_fill"": 1}","{""degree_0_1"": 1, ""degree_3_4"": 4}","{""0"": 2, ""1"": 3}",64,"{""backend"": ""evaluate_m19_theory_calibrated.candidate_features"", ""delta_mode"": ""none"", ""k_max"": 512, ""k_min"": 64, ""variant"": ""conservative""}",7,1.0,0.42857142857142855,0.42857142857142855,0.14285714285714285,0.14285714285714285,"{""dp_0_4"": 0.14285714285714285, ""dp_5_16"": 0.8571428571428571}","{""cn_0"": 0.14285714285714285, ""cn_2_3"": 0.8571428571428571}",1.7142857142857142,9.571428571428571,sasb_candidate_builder,e9024071ab5772dbf60bf2ace63c4c3a555129321cbc5ee2803c7cc00afd1e3f,7,e9024071ab5772dbf60bf2ace63c4c3a555129321cbc5ee2803c7cc00afd1e3f,"{""sasb_builder"": 7}",0,0,0,0,{},0.0,"{""common_neighbor_bin_l1"": 0.0, ""degree_product_bin_l1"": 0.0, ""is_boundary_edge_l1"": 0.0, ""is_bridge_edge_l1"": 0.0, ""is_inter_community_edge_l1"": 0.0, ""is_low_common_neighbor_edge_l1"": 0.0, ""mean_l1"": 0.0}",1,32,5,8.0,0
realworld_completed,bio_celegans,SASB-candidate,sasb,SASB-structured,20260513,1768,late,0.011037527593818985,0.011037527593818985,0.0,247,247,0,0.8730864197530864,0.8735802469135803,140,194,140--194,3,4,3,4,12,2,1.0,0,0,0,5,"[""194"", ""27"", ""371"", ""404"", ""140""]",016d797461074f700b37136128ad6b167f363c530261ba34f370b3bf418ec5ee,"{""boundary"": 2, ""degree_core"": 1, ""random_fill"": 2}","{""degree_3_4"": 5}","{""0"": 5}",64,"{""backend"": ""evaluate_m19_theory_calibrated.candidate_features"", ""delta_mode"": ""none"", ""k_max"": 512, ""k_min"": 64, ""variant"": ""conservative""}",9,1.0,0.0,0.0,0.0,0.2222222222222222,"{""dp_5_16"": 1.0}","{""cn_0"": 0.2222222222222222, ""cn_2_3"": 0.7777777777777778}",1.7777777777777777,13.333333333333334,sasb_candidate_builder,27fd5f862094ca31a2e403ed2377f028e69b4610265b2cc2f29017cdf21bc03b,9,27fd5f862094ca31a2e403ed2377f028e69b4610265b2cc2f29017cdf21bc03b,"{""sasb_builder"": 9}",0,0,0,0,{},0.0,"{""common_neighbor_bin_l1"": 0.0, ""degree_product_bin_l1"": 0.0, ""is_boundary_edge_l1"": 0.0, ""is_bridge_edge_l1"": 0.0, ""is_inter_community_edge_l1"": 0.0, ""is_low_common_neighbor_edge_l1"": 0.0, ""mean_l1"": 0.0}",1,32,5,2.6666666666666665,0
realworld_completed,bio_celegans,SASB-candidate,sasb,SASB-structured,20260513,1769,late,0.011037527593818985,0.011037527593818985,0.0,247,247,0,0.8735802469135803,0.8740740740740741,140,371,140--371,2,4,2,4,8,1,1.0,0,0,0,5,"[""27"", ""371"", ""194"", ""404"", ""140""]",88812f2a2ebfe21eeb9d7ed3477b2527d690d7a9cdff4f34c173ce8f2af34b1f,"{""boundary"": 2, ""degree_core"": 1, ""random_fill"": 2}","{""degree_2"": 1, ""degree_3_4"": 4}","{""0"": 5}",64,"{""backend"": ""evaluate_m19_theory_calibrated.candidate_features"", ""delta_mode"": ""none"", ""k_max"": 512, ""k_min"": 64, ""variant"": ""conservative""}",8,1.0,0.0,0.0,0.0,0.375,"{""dp_5_16"": 1.0}","{""cn_0"": 0.25, ""cn_1"": 0.125, ""cn_2_3"": 0.625}",1.5,11.125,sasb_candidate_builder,46a35653a1c1046a9bae521b57327097c01781bfca9ff279ec99ee7621454096,8,46a35653a1c1046a9bae521b57327097c01781bfca9ff279ec99ee7621454096,"{""sasb_builder"": 8}",0,0,0,0,{},0.0,"{""common_neighbor_bin_l1"": 0.0, ""degree_product_bin_l1"": 0.0, ""is_boundary_edge_l1"": 0.0, ""is_bridge_edge_l1"": 0.0, ""is_inter_community_edge_l1"": 0.0, ""is_low_common_neighbor_edge_l1"": 0.0, ""mean_l1"": 0.0}",1,32,5,4.0,0
realworld_completed,bio_celegans,SASB-candidate,sasb,SASB-structured,20260513,1770,late,0.011037527593818985,0.011037527593818985,0.0,247,247,0,0.8740740740740741,0.8745679012345678,27,371,27--371,4,3,3,4,12,2,1.0,1,1,0,5,"[""27"", ""194"", ""371"", ""140"", ""404""]",fa80975bf0eb40e224498f7c91032bcabf0b9e61b5c0864ae9657c009c222660,"{""boundary"": 2, ""degree_core"": 1, ""random_fill"": 2}","{""degree_0_1"": 1, ""degree_3_4"": 4}","{""0"": 5}",64,"{""backend"": ""evaluate_m19_theory_calibrated.candidate_features"", ""delta_mode"": ""none"", ""k_max"": 512, ""k_min"": 64, ""variant"": ""conservative""}",7,1.0,0.0,0.0,0.14285714285714285,0.2857142857142857,"{""dp_0_4"": 0.14285714285714285, ""dp_5_16"": 0.8571428571428571}","{""cn_0"": 0.2857142857142857, ""cn_2_3"": 0.7142857142857143}",1.4285714285714286,9.571428571428571,sasb_candidate_builder,d686091fcf965b83886bfe342b495e46f972c75736780f9c5e748874ce5cbb66,7,d686091fcf965b83886bfe342b495e46f972c75736780f9c5e748874ce5cbb66,"{""sasb_builder"": 7}",0,0,0,0,{},0.0,"{""common_neighbor_bin_l1"": 0.0, ""degree_product_bin_l1"": 0.0, ""is_boundary_edge_l1"": 0.0, ""is_bridge_edge_l1"": 0.0, ""is_inter_community_edge_l1"": 0.0, ""is_low_common_neighbor_edge_l1"": 0.0, ""mean_l1"": 0.0}",1,32,5,4.0,0
realworld_completed,bio_celegans,SASB-candidate,sasb,SASB-structured,20260513,1771,late,0.011037527593818985,0.011037527593818985,0.0,247,247,0,0.8745679012345678,0.8750617283950617,27,404,27--404,3,3,3,3,9,1,0.5,1,1,0,5,"[""194"", ""27"", ""404"", ""140"", ""371""]",f0b2b54b4fffed135938d3502d12e143b6843fd47d56d4294537cd9288884576,"{""boundary"": 2, ""degree_core"": 1, ""random_fill"": 2}","{""degree_0_1"": 1, ""degree_2"": 1, ""degree_3_4"": 3}","{""0"": 5}",64,"{""backend"": ""evaluate_m19_theory_calibrated.candidate_features"", ""delta_mode"": ""none"", ""k_max"": 512, ""k_min"": 64, ""variant"": ""conservative""}",6,1.0,0.0,0.0,0.16666666666666666,0.8333333333333334,"{""dp_0_4"": 0.16666666666666666, ""dp_5_16"": 0.8333333333333334}","{""cn_0"": 0.3333333333333333, ""cn_1"": 0.5, ""cn_2_3"": 0.16666666666666666}",0.8333333333333334,7.0,sasb_candidate_builder,89b13376e4e85da06a515c0d08ff5a9f77e53bd28a43d6002a7f4b9766a83bfc,6,89b13376e4e85da06a515c0d08ff5a9f77e53bd28a43d6002a7f4b9766a83bfc,"{""sasb_builder"": 6}",0,0,0,0,{},0.0,"{""common_neighbor_bin_l1"": 0.0, ""degree_product_bin_l1"": 0.0, ""is_boundary_edge_l1"": 0.0, ""is_bridge_edge_l1"": 0.0, ""is_inter_community_edge_l1"": 0.0, ""is_low_common_neighbor_edge_l1"": 0.0, ""mean_l1"": 0.0}",1,32,5,6.0,0
realworld_completed,bio_celegans,SASB-candidate,sasb,SASB-structured,20260513,1772,late,0.011037527593818985,0.011037527593818985,0.0,247,247,0,0.8750617283950617,0.8755555555555555,194,371,194--371,3,2,2,3,6,1,1.0,0,0,0,5,"[""194"", ""27"", ""371"", ""404"", ""140""]",016d797461074f700b37136128ad6b167f363c530261ba34f370b3bf418ec5ee,"{""boundary"": 2, ""degree_core"": 1, ""random_fill"": 2}","{""degree_0_1"": 1, ""degree_2"": 3, ""degree_3_4"": 1}","{""0"": 5}",64,"{""backend"": ""evaluate_m19_theory_calibrated.candidate_features"", ""delta_mode"": ""none"", ""k_max"": 512, ""k_min"": 64, ""variant"": ""conservative""}",5,1.0,0.0,0.0,0.4,1.0,"{""dp_0_4"": 0.4, ""dp_5_16"": 0.6}","{""cn_0"": 0.4, ""cn_1"": 0.6}",0.6,4.8,sasb_candidate_builder,3bbe777b5530e7481328536dff1806443481897f361558215cd7e374ece9d37b,5,3bbe777b5530e7481328536dff1806443481897f361558215cd7e374ece9d37b,"{""sasb_builder"": 5}",0,0,0,0,{},0.0,"{""common_neighbor_bin_l1"": 0.0, ""degree_product_bin_l1"": 0.0, ""is_boundary_edge_l1"": 0.0, ""is_bridge_edge_l1"": 0.0, ""is_inter_community_edge_l1"": 0.0, ""is_low_common_neighbor_edge_l1"": 0.0, ""mean_l1"": 0.0}",1,32,5,6.0,0
realworld_completed,bio_celegans,SASB-candidate,sasb,SASB-structured,20260513,1773,late,0.011037527593818985,0.008830022075055188,0.0022075055187637978,247,248,1,0.8755555555555555,0.8760493827160494,194,404,194--404,2,2,2,2,4,0,0.0,1,1,0,5,"[""194"", ""27"", ""404"", ""371"", ""140""]",8e3c6fd76ba33eab7dd11c287bfbaaeb495d49b7535136dc59570b168aaba2fc,"{""boundary"": 2, ""degree_core"": 1, ""random_fill"": 2}","{""degree_0_1"": 2, ""degree_2"": 3}","{""0"": 5}",64,"{""backend"": ""evaluate_m19_theory_calibrated.candidate_features"", ""delta_mode"": ""none"", ""k_max"": 512, ""k_min"": 64, ""variant"": ""conservative""}",4,1.0,0.0,0.0,1.0,1.0,"{""dp_0_4"": 1.0}","{""cn_0"": 1.0}",0.0,3.0,sasb_candidate_builder,93e410dfb02b59ab27b278c33916816a2b3bfbd27ee3ffce8dadbc3d218d736e,4,93e410dfb02b59ab27b278c33916816a2b3bfbd27ee3ffce8dadbc3d218d736e,"{""sasb_builder"": 4}",0,0,0,0,{},0.0,"{""common_neighbor_bin_l1"": 0.0, ""degree_product_bin_l1"": 0.0, ""is_boundary_edge_l1"": 0.0, ""is_bridge_edge_l1"": 0.0, ""is_inter_community_edge_l1"": 0.0, ""is_low_common_neighbor_edge_l1"": 0.0, ""mean_l1"": 0.0}",1,32,5,12.0,0
realworld_completed,bio_celegans,SASB-candidate,sasb,SASB-structured,20260513,1774,late,0.008830022075055188,0.008830022075055188,0.0,248,249,1,0.8760493827160494,0.8765432098765432,449,96,449--96,1,3,1,3,3,0,0.0,0,0,0,4,"[""96"", ""449"", ""452"", ""450""]",ae3aaa937911df037fca0af1024c4ce416e1f4aeec28bd304a60f09cbe7140ad,"{""boundary"": 1, ""degree_core"": 1, ""random_fill"": 2}","{""degree_0_1"": 3, ""degree_3_4"": 1}","{""0"": 4}",64,"{""backend"": ""evaluate_m19_theory_calibrated.candidate_features"", ""delta_mode"": ""none"", ""k_max"": 512, ""k_min"": 64, ""variant"": ""conservative""}",3,1.0,0.0,0.0,1.0,1.0,"{""dp_0_4"": 1.0}","{""cn_0"": 1.0}",0.0,3.0,sasb_candidate_builder,be729099e2b47207c743c3509c18e6f8e746ef8ab2f0c3c348b6ac75bb592fdf,3,be729099e2b47207c743c3509c18e6f8e746ef8ab2f0c3c348b6ac75bb592fdf,"{""sasb_builder"": 3}",0,0,0,0,{},0.0,"{""common_neighbor_bin_l1"": 0.0, ""degree_product_bin_l1"": 0.0, ""is_boundary_edge_l1"": 0.0, ""is_bridge_edge_l1"": 0.0, ""is_inter_community_edge_l1"": 0.0, ""is_low_common_neighbor_edge_l1"": 0.0, ""mean_l1"": 0.0}",1,32,4,0.0,0
realworld_completed,bio_celegans,SASB-candidate,sasb,SASB-structured,20260513,1775,late,0.008830022075055188,0.008830022075055188,0.0,249,250,1,0.8765432098765432,0.8770370370370371,16,392,16--392,2,2,2,2,4,0,0.0,1,0,1,4,"[""16"", ""392"", ""122"", ""181""]",6d1f3e0bb39f1b898ddb51be7280cb5d6884dfa0ba6a5581a376859cf6e41088,"{""boundary"": 1, ""degree_core"": 1, ""random_fill"": 2}","{""degree_0_1"": 2, ""degree_2"": 2}","{""0"": 2, ""1"": 2}",64,"{""backend"": ""evaluate_m19_theory_calibrated.candidate_features"", ""delta_mode"": ""none"", ""k_max"": 512, ""k_min"": 64, ""variant"": ""conservative""}",3,1.0,0.3333333333333333,0.3333333333333333,1.0,1.0,"{""dp_0_4"": 1.0}","{""cn_0"": 1.0}",0.0,2.6666666666666665,sasb_candidate_builder,31d924792b5ab114e71087968542fa0356e6b555e31e335b8d0ed3dca789d800,3,31d924792b5ab114e71087968542fa0356e6b555e31e335b8d0ed3dca789d800,"{""sasb_builder"": 3}",0,0,0,0,{},0.0,"{""common_neighbor_bin_l1"": 0.0, ""degree_product_bin_l1"": 0.0, ""is_boundary_edge_l1"": 0.0, ""is_bridge_edge_l1"": 0.0, ""is_inter_community_edge_l1"": 0.0, ""is_low_common_neighbor_edge_l1"": 0.0, ""mean_l1"": 0.0}",1,32,4,8.0,0
realworld_completed,bio_celegans,SASB-candidate,sasb,SASB-structured,20260513,1776,late,0.008830022075055188,0.008830022075055188,0.0,250,250,0,0.8770370370370371,0.8775308641975309,195,272,195--272,3,3,3,3,9,2,1.0,0,0,0,4,"[""195"", ""272"", ""32"", ""31""]",5babb033c2cd3f589e2943bead65f7701eaa634c1b8a8d021d1c3dd854e1ef35,"{""boundary"": 1, ""community_rep"": 1, ""degree_core"": 1, ""random_fill"": 1}","{""degree_3_4"": 4}","{""0"": 4}",64,"{""backend"": ""evaluate_m19_theory_calibrated.candidate_features"", ""delta_mode"": ""none"", ""k_max"": 512, ""k_min"": 64, ""variant"": ""conservative""}",6,1.0,0.0,0.0,0.0,0.6666666666666666,"{""dp_5_16"": 1.0}","{""cn_0"": 0.6666666666666666, ""cn_2_3"": 0.3333333333333333}",0.6666666666666666,9.0,sasb_candidate_builder,f465f63e6f835d236d32cb7abdc583f3ed77015316db1e3751322210632e0feb,6,f465f63e6f835d236d32cb7abdc583f3ed77015316db1e3751322210632e0feb,"{""sasb_builder"": 6}",0,0,0,0,{},0.0,"{""common_neighbor_bin_l1"": 0.0, ""degree_product_bin_l1"": 0.0, ""is_boundary_edge_l1"": 0.0, ""is_bridge_edge_l1"": 0.0, ""is_inter_community_edge_l1"": 0.0, ""is_low_common_neighbor_edge_l1"": 0.0, ""mean_l1"": 0.0}",1,32,4,2.0,0
realworld_completed,bio_celegans,SASB-candidate,sasb,SASB-structured,20260513,1777,late,0.008830022075055188,0.008830022075055188,0.0,250,250,0,0.8775308641975309,0.8780246913580247,31,32,31--32,3,3,3,3,9,2,1.0,0,0,0,4,"[""31"", ""32"", ""195"", ""272""]",6bbc8acc86b22d1720cc2a2fa39722e8b0855e4671078b3078b468e4fab47a75,"{""boundary"": 1, ""degree_core"": 1, ""random_fill"": 2}","{""degree_2"": 2, ""degree_3_4"": 2}","{""0"": 4}",64,"{""backend"": ""evaluate_m19_theory_calibrated.candidate_features"", ""delta_mode"": ""none"", ""k_max"": 512, ""k_min"": 64, ""variant"": ""conservative""}",5,1.0,0.0,0.0,0.0,0.8,"{""dp_5_16"": 1.0}","{""cn_0"": 0.8, ""cn_2_3"": 0.2}",0.4,6.6,sasb_candidate_builder,616f70a0eae750cb18564bd11ef3f536d3b239513a4f9eb80803501e0558daef,5,616f70a0eae750cb18564bd11ef3f536d3b239513a4f9eb80803501e0558daef,"{""sasb_builder"": 5}",0,0,0,0,{},0.0,"{""common_neighbor_bin_l1"": 0.0, ""degree_product_bin_l1"": 0.0, ""is_boundary_edge_l1"": 0.0, ""is_bridge_edge_l1"": 0.0, ""is_inter_community_edge_l1"": 0.0, ""is_low_common_neighbor_edge_l1"": 0.0, ""mean_l1"": 0.0}",1,32,4,2.0,0
realworld_completed,bio_celegans,SASB-candidate,sasb,SASB-structured,20260513,1778,late,0.008830022075055188,0.008830022075055188,0.0,250,250,0,0.8780246913580247,0.8785185185185185,195,31,195--31,2,2,2,2,4,0,0.0,1,1,0,4,"[""195"", ""272"", ""32"", ""31""]",5babb033c2cd3f589e2943bead65f7701eaa634c1b8a8d021d1c3dd854e1ef35,"{""boundary"": 1, ""community_rep"": 1, ""degree_core"": 1, ""random_fill"": 1}","{""degree_2"": 4}","{""0"": 4}",64,"{""backend"": ""evaluate_m19_theory_calibrated.candidate_features"", ""delta_mode"": ""none"", ""k_max"": 512, ""k_min"": 64, ""variant"": ""conservative""}",4,1.0,0.0,0.0,0.0,1.0,"{""dp_0_4"": 1.0}","{""cn_0"": 1.0}",0.0,4.0,sasb_candidate_builder,0d6e5e21addc4abd6c73bd123ecd5a09560d40442129218bd87a7187a70109ce,4,0d6e5e21addc4abd6c73bd123ecd5a09560d40442129218bd87a7187a70109ce,"{""sasb_builder"": 4}",0,0,0,0,{},0.0,"{""common_neighbor_bin_l1"": 0.0, ""degree_product_bin_l1"": 0.0, ""is_boundary_edge_l1"": 0.0, ""is_bridge_edge_l1"": 0.0, ""is_inter_community_edge_l1"": 0.0, ""is_low_common_neighbor_edge_l1"": 0.0, ""mean_l1"": 0.0}",1,32,4,0.0,0
realworld_completed,bio_celegans,SASB-candidate,sasb,SASB-structured,20260513,1779,late,0.008830022075055188,0.008830022075055188,0.0,250,251,1,0.8785185185185185,0.8790123456790123,195,32,195--32,1,2,1,2,2,0,0.0,0,1,1,4,"[""272"", ""32"", ""195"", ""31""]",524b92869fb4545b428ee2739f7473840834a247d0cb9e53ac7bbc3ad9473886,"{""boundary"": 1, ""degree_core"": 1, ""random_fill"": 2}","{""degree_0_1"": 2, ""degree_2"": 2}","{""0"": 4}",64,"{""backend"": ""evaluate_m19_theory_calibrated.candidate_features"", ""delta_mode"": ""none"", ""k_max"": 512, ""k_min"": 64, ""variant"": ""conservative""}",3,1.0,0.0,0.0,1.0,1.0,"{""dp_0_4"": 1.0}","{""cn_0"": 1.0}",0.0,2.6666666666666665,sasb_candidate_builder,60eff6dc09f1086d345a4c24782c425fd3d7790f51c03f842d99978bb3c9bf76,3,60eff6dc09f1086d345a4c24782c425fd3d7790f51c03f842d99978bb3c9bf76,"{""sasb_builder"": 3}",0,0,0,0,{},0.0,"{""common_neighbor_bin_l1"": 0.0, ""degree_product_bin_l1"": 0.0, ""is_boundary_edge_l1"": 0.0, ""is_bridge_edge_l1"": 0.0, ""is_inter_community_edge_l1"": 0.0, ""is_low_common_neighbor_edge_l1"": 0.0, ""mean_l1"": 0.0}",1,32,4,0.0,0
realworld_completed,bio_celegans,SASB-candidate,sasb,SASB-structured,20260513,1780,late,0.008830022075055188,0.008830022075055188,0.0,251,252,1,0.8790123456790123,0.8795061728395062,121,41,121--41,2,1,1,2,2,0,0.0,0,0,0,4,"[""121"", ""93"", ""41"", ""163""]",e00323cb12be034ddb9d19aa988c64d5e981bdcea4586a5ef903ba1dc655614f,"{""boundary"": 1, ""degree_core"": 1, ""random_fill"": 2}","{""degree_0_1"": 2, ""degree_2"": 2}","{""0"": 2, ""1"": 2}",64,"{""backend"": ""evaluate_m19_theory_calibrated.candidate_features"", ""delta_mode"": ""none"", ""k_max"": 512, ""k_min"": 64, ""variant"": ""conservative""}",3,1.0,0.3333333333333333,0.3333333333333333,1.0,1.0,"{""dp_0_4"": 1.0}","{""cn_0"": 1.0}",0.0,2.6666666666666665,sasb_candidate_builder,47ddd11d4d56e789ac0342240c6eec2abc1b90984dc4d730677591ca2c3da8d6,3,47ddd11d4d56e789ac0342240c6eec2abc1b90984dc4d730677591ca2c3da8d6,"{""sasb_builder"": 3}",0,0,0,0,{},0.0,"{""common_neighbor_bin_l1"": 0.0, ""degree_product_bin_l1"": 0.0, ""is_boundary_edge_l1"": 0.0, ""is_bridge_edge_l1"": 0.0, ""is_inter_community_edge_l1"": 0.0, ""is_low_common_neighbor_edge_l1"": 0.0, ""mean_l1"": 0.0}",1,32,4,0.0,0
realworld_completed,bio_celegans,SASB-candidate,sasb,SASB-structured,20260513,1781,late,0.008830022075055188,0.008830022075055188,0.0,252,252,0,0.8795061728395062,0.88,249,348,249--348,3,3,3,3,9,2,1.0,0,0,0,4,"[""249"", ""348"", ""55"", ""366""]",2c05d6cd6a9adde06f7b9728835b028f9b9ba9052459db27a5af95570e767b1b,"{""boundary"": 1, ""community_rep"": 1, ""degree_core"": 1, ""random_fill"": 1}","{""degree_3_4"": 4}","{""0"": 4}",64,"{""backend"": ""evaluate_m19_theory_calibrated.candidate_features"", ""delta_mode"": ""none"", ""k_max"": 512, ""k_min"": 64, ""variant"": ""conservative""}",6,1.0,0.0,0.0,0.0,0.5,"{""dp_5_16"": 1.0}","{""cn_0"": 0.5, ""cn_2_3"": 0.5}",1.0,9.0,sasb_candidate_builder,950a172d96b6e12e590e468e0ddeb0fc694519fc3826592a0639b459999455a4,6,950a172d96b6e12e590e468e0ddeb0fc694519fc3826592a0639b459999455a4,"{""sasb_builder"": 6}",0,0,0,0,{},0.0,"{""common_neighbor_bin_l1"": 0.0, ""degree_product_bin_l1"": 0.0, ""is_boundary_edge_l1"": 0.0, ""is_bridge_edge_l1"": 0.0, ""is_inter_community_edge_l1"": 0.0, ""is_low_common_neighbor_edge_l1"": 0.0, ""mean_l1"": 0.0}",1,32,4,2.0,0
realworld_completed,bio_celegans,SASB-candidate,sasb,SASB-structured,20260513,1782,late,0.008830022075055188,0.008830022075055188,0.0,252,252,0,0.88,0.8804938271604938,249,366,249--366,2,3,2,3,6,1,1.0,0,0,0,4,"[""366"", ""55"", ""348"", ""249""]",e32c023a37b647385e1e53d55df07f920206edbff6da80a3b490211308aff7ec,"{""boundary"": 1, ""degree_core"": 1, ""random_fill"": 2}","{""degree_2"": 2, ""degree_3_4"": 2}","{""0"": 4}",64,"{""backend"": ""evaluate_m19_theory_calibrated.candidate_features"", ""delta_mode"": ""none"", ""k_max"": 512, ""k_min"": 64, ""variant"": ""conservative""}",5,1.0,0.0,0.0,0.0,1.0,"{""dp_5_16"": 1.0}","{""cn_0"": 0.6, ""cn_1"": 0.4}",0.4,6.6,sasb_candidate_builder,589b8f588906f9bcfce54eb024908c0bab602b988cbe198b0a1a7766763a6ec5,5,589b8f588906f9bcfce54eb024908c0bab602b988cbe198b0a1a7766763a6ec5,"{""sasb_builder"": 5}",0,0,0,0,{},0.0,"{""common_neighbor_bin_l1"": 0.0, ""degree_product_bin_l1"": 0.0, ""is_boundary_edge_l1"": 0.0, ""is_bridge_edge_l1"": 0.0, ""is_inter_community_edge_l1"": 0.0, ""is_low_common_neighbor_edge_l1"": 0.0, ""mean_l1"": 0.0}",1,32,4,3.0,0
realworld_completed,bio_celegans,SASB-candidate,sasb,SASB-structured,20260513,1783,late,0.008830022075055188,0.008830022075055188,0.0,252,252,0,0.8804938271604938,0.8809876543209877,348,366,348--366,2,2,2,2,4,1,1.0,0,1,1,4,"[""55"", ""348"", ""249"", ""366""]",42dfd570cd3dd790271cfcbb25ce6eac0fb6e4eefe8b7cda0881a180dda5be7c,"{""boundary"": 1, ""degree_core"": 1, ""random_fill"": 2}","{""degree_0_1"": 1, ""degree_2"": 2, ""degree_3_4"": 1}","{""0"": 4}",64,"{""backend"": ""evaluate_m19_theory_calibrated.candidate_features"", ""delta_mode"": ""none"", ""k_max"": 512, ""k_min"": 64, ""variant"": ""conservative""}",4,1.0,0.0,0.0,0.25,1.0,"{""dp_0_4"": 0.5, ""dp_5_16"": 0.5}","{""cn_0"": 0.75, ""cn_1"": 0.25}",0.25,4.75,sasb_candidate_builder,7bb573b1fe58d142486d6a14a95898f86aee5499c19b56b585ea7395519c0214,4,7bb573b1fe58d142486d6a14a95898f86aee5499c19b56b585ea7395519c0214,"{""sasb_builder"": 4}",0,0,0,0,{},0.0,"{""common_neighbor_bin_l1"": 0.0, ""degree_product_bin_l1"": 0.0, ""is_boundary_edge_l1"": 0.0, ""is_bridge_edge_l1"": 0.0, ""is_inter_community_edge_l1"": 0.0, ""is_low_common_neighbor_edge_l1"": 0.0, ""mean_l1"": 0.0}",1,32,4,2.0,0
realworld_completed,bio_celegans,SASB-candidate,sasb,SASB-structured,20260513,1784,late,0.008830022075055188,0.008830022075055188,0.0,252,253,1,0.8809876543209877,0.8814814814814815,249,55,249--55,1,3,1,3,3,0,0.0,0,0,0,4,"[""55"", ""249"", ""348"", ""366""]",014e38ae6dfb3464344923f05869d8c999269bb038a59e89db7ba34bfe9d9221,"{""boundary"": 1, ""degree_core"": 1, ""random_fill"": 2}","{""degree_0_1"": 3, ""degree_3_4"": 1}","{""0"": 4}",64,"{""backend"": ""evaluate_m19_theory_calibrated.candidate_features"", ""delta_mode"": ""none"", ""k_max"": 512, ""k_min"": 64, ""variant"": ""conservative""}",3,1.0,0.0,0.0,1.0,1.0,"{""dp_0_4"": 1.0}","{""cn_0"": 1.0}",0.0,3.0,sasb_candidate_builder,f47f49487ec8ffef7b1a971954f1d8be6cd5fb279ba6da76b96b2cc383840506,3,f47f49487ec8ffef7b1a971954f1d8be6cd5fb279ba6da76b96b2cc383840506,"{""sasb_builder"": 3}",0,0,0,0,{},0.0,"{""common_neighbor_bin_l1"": 0.0, ""degree_product_bin_l1"": 0.0, ""is_boundary_edge_l1"": 0.0, ""is_bridge_edge_l1"": 0.0, ""is_inter_community_edge_l1"": 0.0, ""is_low_common_neighbor_edge_l1"": 0.0, ""mean_l1"": 0.0}",1,32,4,0.0,0
realworld_completed,bio_celegans,SASB-candidate,sasb,SASB-structured,20260513,1785,late,0.008830022075055188,0.008830022075055188,0.0,253,254,1,0.8814814814814815,0.8819753086419753,62,7,62--7,3,1,1,3,3,0,0.0,0,0,0,4,"[""62"", ""7"", ""8"", ""9""]",0a35b67ea800b2a50c84e25640cbc0cb8615b92f4497ee8fe65e3c701132715a,"{""boundary"": 1, ""degree_core"": 1, ""random_fill"": 2}","{""degree_0_1"": 3, ""degree_3_4"": 1}","{""0"": 4}",64,"{""backend"": ""evaluate_m19_theory_calibrated.candidate_features"", ""delta_mode"": ""none"", ""k_max"": 512, ""k_min"": 64, ""variant"": ""conservative""}",3,1.0,0.0,0.0,1.0,1.0,"{""dp_0_4"": 1.0}","{""cn_0"": 1.0}",0.0,3.0,sasb_candidate_builder,96c1061c1b7947bd5c263a9ee430ca19f3510a62d2a95297a1655d8440113d82,3,96c1061c1b7947bd5c263a9ee430ca19f3510a62d2a95297a1655d8440113d82,"{""sasb_builder"": 3}",0,0,0,0,{},0.0,"{""common_neighbor_bin_l1"": 0.0, ""degree_product_bin_l1"": 0.0, ""is_boundary_edge_l1"": 0.0, ""is_bridge_edge_l1"": 0.0, ""is_inter_community_edge_l1"": 0.0, ""is_low_common_neighbor_edge_l1"": 0.0, ""mean_l1"": 0.0}",1,32,4,0.0,0
realworld_completed,bio_celegans,SASB-candidate,sasb,SASB-structured,20260513,1786,late,0.008830022075055188,0.008830022075055188,0.0,254,255,1,0.8819753086419753,0.8824691358024691,216,217,216--217,1,3,1,3,3,0,0.0,0,0,0,4,"[""217"", ""177"", ""69"", ""216""]",abf7507e9dfc78ac004b5ac161c37ab5186405b39f48f2732418fd4233eb54c0,"{""boundary"": 1, ""community_rep"": 1, ""degree_core"": 1, ""random_fill"": 1}","{""degree_0_1"": 1, ""degree_2"": 2, ""degree_3_4"": 1}","{""0"": 2, ""1"": 2}",64,"{""backend"": ""evaluate_m19_theory_calibrated.candidate_features"", ""delta_mode"": ""none"", ""k_max"": 512, ""k_min"": 64, ""variant"": ""conservative""}",4,1.0,0.5,0.5,0.25,1.0,"{""dp_0_4"": 0.5, ""dp_5_16"": 0.5}","{""cn_0"": 0.75, ""cn_1"": 0.25}",0.25,4.75,sasb_candidate_builder,070c2424ba976fa47d3f3659aacb9fcb8fb0213bfa2cedf4f74671fb6eec3790,4,070c2424ba976fa47d3f3659aacb9fcb8fb0213bfa2cedf4f74671fb6eec3790,"{""sasb_builder"": 4}",0,0,0,0,{},0.0,"{""common_neighbor_bin_l1"": 0.0, ""degree_product_bin_l1"": 0.0, ""is_boundary_edge_l1"": 0.0, ""is_bridge_edge_l1"": 0.0, ""is_inter_community_edge_l1"": 0.0, ""is_low_common_neighbor_edge_l1"": 0.0, ""mean_l1"": 0.0}",1,32,4,6.0,0
realworld_completed,bio_celegans,SASB-candidate,sasb,SASB-structured,20260513,1787,late,0.008830022075055188,0.008830022075055188,0.0,255,255,0,0.8824691358024691,0.882962962962963,292,74,292--74,2,2,2,2,4,0,0.0,1,1,0,4,"[""292"", ""364"", ""99"", ""74""]",3acfab6bed34568b820c010c83bc1e8a444d72d93330e7007fad532606f99ab7,"{""boundary"": 1, ""community_rep"": 1, ""degree_core"": 1, ""random_fill"": 1}","{""degree_2"": 4}","{""0"": 2, ""1"": 2}",64,"{""backend"": ""evaluate_m19_theory_calibrated.candidate_features"", ""delta_mode"": ""none"", ""k_max"": 512, ""k_min"": 64, ""variant"": ""conservative""}",4,1.0,0.5,0.5,0.0,1.0,"{""dp_0_4"": 1.0}","{""cn_0"": 1.0}",0.0,4.0,sasb_candidate_builder,bbf4ebd143d8ed711de24741da03b0389aeef6340fa28b224045e153a3573af9,4,bbf4ebd143d8ed711de24741da03b0389aeef6340fa28b224045e153a3573af9,"{""sasb_builder"": 4}",0,0,0,0,{},0.0,"{""common_neighbor_bin_l1"": 0.0, ""degree_product_bin_l1"": 0.0, ""is_boundary_edge_l1"": 0.0, ""is_bridge_edge_l1"": 0.0, ""is_inter_community_edge_l1"": 0.0, ""is_low_common_neighbor_edge_l1"": 0.0, ""mean_l1"": 0.0}",1,32,4,0.0,0
realworld_completed,bio_celegans,SASB-candidate,sasb,SASB-structured,20260513,1788,late,0.008830022075055188,0.008830022075055188,0.0,255,256,1,0.882962962962963,0.8834567901234568,292,99,292--99,1,2,1,2,2,0,0.0,0,1,1,4,"[""364"", ""99"", ""74"", ""292""]",ff4fba3edfcf42828ce4d9986edc978a44653582e276205cbcf9a6bc66304e5d,"{""boundary"": 1, ""degree_core"": 1, ""random_fill"": 2}","{""degree_0_1"": 2, ""degree_2"": 2}","{""0"": 2, ""1"": 2}",64,"{""backend"": ""evaluate_m19_theory_calibrated.candidate_features"", ""delta_mode"": ""none"", ""k_max"": 512, ""k_min"": 64, ""variant"": ""conservative""}",3,1.0,0.3333333333333333,0.3333333333333333,1.0,1.0,"{""dp_0_4"": 1.0}","{""cn_0"": 1.0}",0.0,2.6666666666666665,sasb_candidate_builder,05e1a626b488a353d2c59bf2e687e751a8c0d3f1f1ff4a07acf67ad133ebbb16,3,05e1a626b488a353d2c59bf2e687e751a8c0d3f1f1ff4a07acf67ad133ebbb16,"{""sasb_builder"": 3}",0,0,0,0,{},0.0,"{""common_neighbor_bin_l1"": 0.0, ""degree_product_bin_l1"": 0.0, ""is_boundary_edge_l1"": 0.0, ""is_bridge_edge_l1"": 0.0, ""is_inter_community_edge_l1"": 0.0, ""is_low_common_neighbor_edge_l1"": 0.0, ""mean_l1"": 0.0}",1,32,4,0.0,0
realworld_completed,bio_celegans,SASB-candidate,sasb,SASB-structured,20260513,1789,late,0.008830022075055188,0.008830022075055188,0.0,256,257,1,0.8834567901234568,0.8839506172839506,431,57,431--57,3,1,1,3,3,0,0.0,0,0,0,4,"[""431"", ""57"", ""85"", ""92""]",47b3dc736438eac7ae6cba9e3f2efe757be5e7d03b71a32db971aeab3d6ba7d6,"{""boundary"": 1, ""degree_core"": 1, ""random_fill"": 2}","{""degree_0_1"": 3, ""degree_3_4"": 1}","{""0"": 4}",64,"{""backend"": ""evaluate_m19_theory_calibrated.candidate_features"", ""delta_mode"": ""none"", ""k_max"": 512, ""k_min"": 64, ""variant"": ""conservative""}",3,1.0,0.0,0.0,1.0,1.0,"{""dp_0_4"": 1.0}","{""cn_0"": 1.0}",0.0,3.0,sasb_candidate_builder,5cbf3102bb5f34df48dd4c4c83a6cda52f1f63988cf8b90fc2e1b0da813a0d1f,3,5cbf3102bb5f34df48dd4c4c83a6cda52f1f63988cf8b90fc2e1b0da813a0d1f,"{""sasb_builder"": 3}",0,0,0,0,{},0.0,"{""common_neighbor_bin_l1"": 0.0, ""degree_product_bin_l1"": 0.0, ""is_boundary_edge_l1"": 0.0, ""is_bridge_edge_l1"": 0.0, ""is_inter_community_edge_l1"": 0.0, ""is_low_common_neighbor_edge_l1"": 0.0, ""mean_l1"": 0.0}",1,32,4,0.0,0
realworld_completed,bio_celegans,SASB-candidate,sasb,SASB-structured,20260513,1790,late,0.008830022075055188,0.008830022075055188,0.0,257,258,1,0.8839506172839506,0.8844444444444445,347,97,347--97,1,3,1,3,3,0,0.0,0,0,0,4,"[""97"", ""347"", ""360"", ""362""]",b7b514693178722aaaeb30bd2b6673a94e4b947079667ec318390510cedb20ef,"{""boundary"": 1, ""degree_core"": 1, ""random_fill"": 2}","{""degree_0_1"": 3, ""degree_3_4"": 1}","{""0"": 4}",64,"{""backend"": ""evaluate_m19_theory_calibrated.candidate_features"", ""delta_mode"": ""none"", ""k_max"": 512, ""k_min"": 64, ""variant"": ""conservative""}",3,1.0,0.0,0.0,1.0,1.0,"{""dp_0_4"": 1.0}","{""cn_0"": 1.0}",0.0,3.0,sasb_candidate_builder,5a6fce5aaa1786064a42e4e4954e8366dfe634e8eca210ba9766a639404eeaac,3,5a6fce5aaa1786064a42e4e4954e8366dfe634e8eca210ba9766a639404eeaac,"{""sasb_builder"": 3}",0,0,0,0,{},0.0,"{""common_neighbor_bin_l1"": 0.0, ""degree_product_bin_l1"": 0.0, ""is_boundary_edge_l1"": 0.0, ""is_bridge_edge_l1"": 0.0, ""is_inter_community_edge_l1"": 0.0, ""is_low_common_neighbor_edge_l1"": 0.0, ""mean_l1"": 0.0}",1,32,4,0.0,0
realworld_completed,bio_celegans,SASB-candidate,sasb,SASB-structured,20260513,1791,late,0.008830022075055188,0.008830022075055188,0.0,258,258,0,0.8844444444444445,0.8849382716049383,107,111,107--111,3,2,2,3,6,1,1.0,0,0,0,4,"[""107"", ""109"", ""111"", ""295""]",73064931cf4064c84d3f7d488781b6ce82cf73094aadc8259759e905347ea28c,"{""boundary"": 1, ""degree_core"": 1, ""random_fill"": 2}","{""degree_2"": 2, ""degree_3_4"": 2}","{""0"": 4}",64,"{""backend"": ""evaluate_m19_theory_calibrated.candidate_features"", ""delta_mode"": ""none"", ""k_max"": 512, ""k_min"": 64, ""variant"": ""conservative""}",5,1.0,0.0,0.0,0.0,0.8,"{""dp_5_16"": 1.0}","{""cn_1"": 0.8, ""cn_2_3"": 0.2}",1.2,6.6,sasb_candidate_builder,e6638db4eb069d86b29bf6b780c82b84f594f43071275869014f876834f68c33,5,e6638db4eb069d86b29bf6b780c82b84f594f43071275869014f876834f68c33,"{""sasb_builder"": 5}",0,0,0,0,{},0.0,"{""common_neighbor_bin_l1"": 0.0, ""degree_product_bin_l1"": 0.0, ""is_boundary_edge_l1"": 0.0, ""is_bridge_edge_l1"": 0.0, ""is_inter_community_edge_l1"": 0.0, ""is_low_common_neighbor_edge_l1"": 0.0, ""mean_l1"": 0.0}",1,32,4,3.0,0
realworld_completed,bio_celegans,SASB-candidate,sasb,SASB-structured,20260513,1792,late,0.008830022075055188,0.008830022075055188,0.0,258,259,1,0.8849382716049383,0.885432098765432,109,111,109--111,3,1,1,3,3,0,0.0,0,1,1,4,"[""109"", ""107"", ""295"", ""111""]",c95fbfef7cd1110e6595e7338e9995eb52a5877c618e7ebca6056e9336add3ca,"{""boundary"": 1, ""degree_core"": 1, ""random_fill"": 2}","{""degree_0_1"": 1, ""degree_2"": 2, ""degree_3_4"": 1}","{""0"": 4}",64,"{""backend"": ""evaluate_m19_theory_calibrated.candidate_features"", ""delta_mode"": ""none"", ""k_max"": 512, ""k_min"": 64, ""variant"": ""conservative""}",4,1.0,0.0,0.0,0.25,1.0,"{""dp_0_4"": 0.5, ""dp_5_16"": 0.5}","{""cn_0"": 0.25, ""cn_1"": 0.75}",0.75,4.75,sasb_candidate_builder,8ac0b83e3dba4dcb646d17705f5c5be7aebb0c339247030d43d5ae7a215975f1,4,8ac0b83e3dba4dcb646d17705f5c5be7aebb0c339247030d43d5ae7a215975f1,"{""sasb_builder"": 4}",0,0,0,0,{},0.0,"{""common_neighbor_bin_l1"": 0.0, ""degree_product_bin_l1"": 0.0, ""is_boundary_edge_l1"": 0.0, ""is_bridge_edge_l1"": 0.0, ""is_inter_community_edge_l1"": 0.0, ""is_low_common_neighbor_edge_l1"": 0.0, ""mean_l1"": 0.0}",1,32,4,6.0,0
realworld_completed,bio_celegans,SASB-candidate,sasb,SASB-structured,20260513,1793,late,0.008830022075055188,0.008830022075055188,0.0,259,259,0,0.885432098765432,0.8859259259259259,114,115,114--115,2,3,2,3,6,1,1.0,0,0,0,4,"[""115"", ""134"", ""114"", ""186""]",e6c444cbc2ee396135b4c22089792ccf55b1fd15541676b0774958879339da9e,"{""boundary"": 1, ""degree_core"": 1, ""random_fill"": 2}","{""degree_2"": 2, ""degree_3_4"": 2}","{""0"": 4}",64,"{""backend"": ""evaluate_m19_theory_calibrated.candidate_features"", ""delta_mode"": ""none"", ""k_max"": 512, ""k_min"": 64, ""variant"": ""conservative""}",5,1.0,0.0,0.0,0.0,0.8,"{""dp_5_16"": 1.0}","{""cn_1"": 0.8, ""cn_2_3"": 0.2}",1.2,6.6,sasb_candidate_builder,d77c59e01892ba26330586769057b68e863c893cbf6d7fab8b81f3484ac31a6d,5,d77c59e01892ba26330586769057b68e863c893cbf6d7fab8b81f3484ac31a6d,"{""sasb_builder"": 5}",0,0,0,0,{},0.0,"{""common_neighbor_bin_l1"": 0.0, ""degree_product_bin_l1"": 0.0, ""is_boundary_edge_l1"": 0.0, ""is_bridge_edge_l1"": 0.0, ""is_inter_community_edge_l1"": 0.0, ""is_low_common_neighbor_edge_l1"": 0.0, ""mean_l1"": 0.0}",1,32,4,3.0,0
realworld_completed,bio_celegans,SASB-candidate,sasb,SASB-structured,20260513,1794,late,0.008830022075055188,0.008830022075055188,0.0,259,260,1,0.8859259259259259,0.8864197530864197,114,134,114--134,1,3,1,3,3,0,0.0,0,0,0,4,"[""134"", ""115"", ""186"", ""114""]",bb0c377ff6b85a21d7663f9dcaa1a27968b3b017274d629218c4b058c9bf56de,"{""boundary"": 1, ""degree_core"": 1, ""random_fill"": 2}","{""degree_0_1"": 1, ""degree_2"": 2, ""degree_3_4"": 1}","{""0"": 4}",64,"{""backend"": ""evaluate_m19_theory_calibrated.candidate_features"", ""delta_mode"": ""none"", ""k_max"": 512, ""k_min"": 64, ""variant"": ""conservative""}",4,1.0,0.0,0.0,0.25,1.0,"{""dp_0_4"": 0.5, ""dp_5_16"": 0.5}","{""cn_0"": 0.25, ""cn_1"": 0.75}",0.75,4.75,sasb_candidate_builder,a05690d1c170cb3ceb560f1a1862f8fe662357a97c10bc63488422fecdc9dcf4,4,a05690d1c170cb3ceb560f1a1862f8fe662357a97c10bc63488422fecdc9dcf4,"{""sasb_builder"": 4}",0,0,0,0,{},0.0,"{""common_neighbor_bin_l1"": 0.0, ""degree_product_bin_l1"": 0.0, ""is_boundary_edge_l1"": 0.0, ""is_bridge_edge_l1"": 0.0, ""is_inter_community_edge_l1"": 0.0, ""is_low_common_neighbor_edge_l1"": 0.0, ""mean_l1"": 0.0}",1,32,4,6.0,0
realworld_completed,bio_celegans,SASB-candidate,sasb,SASB-structured,20260513,1795,late,0.008830022075055188,0.008830022075055188,0.0,260,260,0,0.8864197530864197,0.8869135802469136,142,143,142--143,3,3,3,3,9,2,1.0,0,0,0,4,"[""142"", ""143"", ""321"", ""314""]",1f4d9b426e20f88a72a036e060b5f3bfbba9734c7bbb90720c9d6ddf9ace7cb7,"{""boundary"": 1, ""community_rep"": 1, ""degree_core"": 1, ""random_fill"": 1}","{""degree_3_4"": 4}","{""0"": 4}",64,"{""backend"": ""evaluate_m19_theory_calibrated.candidate_features"", ""delta_mode"": ""none"", ""k_max"": 512, ""k_min"": 64, ""variant"": ""conservative""}",6,1.0,0.0,0.0,0.0,0.0,"{""dp_5_16"": 1.0}","{""cn_2_3"": 1.0}",2.0,9.0,sasb_candidate_builder,a2c246f1c9c768d1964ee5d8b45afca361c1592fafb1e13c3af4884deb3d7891,6,a2c246f1c9c768d1964ee5d8b45afca361c1592fafb1e13c3af4884deb3d7891,"{""sasb_builder"": 6}",0,0,0,0,{},0.0,"{""common_neighbor_bin_l1"": 0.0, ""degree_product_bin_l1"": 0.0, ""is_boundary_edge_l1"": 0.0, ""is_bridge_edge_l1"": 0.0, ""is_inter_community_edge_l1"": 0.0, ""is_low_common_neighbor_edge_l1"": 0.0, ""mean_l1"": 0.0}",1,32,4,2.0,0
realworld_completed,bio_celegans,SASB-candidate,sasb,SASB-structured,20260513,1796,late,0.008830022075055188,0.008830022075055188,0.0,260,260,0,0.8869135802469136,0.8874074074074074,142,314,142--314,2,3,2,3,6,1,1.0,0,0,0,4,"[""314"", ""321"", ""142"", ""143""]",a82f1c982a92848b869e88134ec6675f64c4b567e9531d43daaba182eb251960,"{""boundary"": 1, ""degree_core"": 1, ""random_fill"": 2}","{""degree_2"": 2, ""degree_3_4"": 2}","{""0"": 4}",64,"{""backend"": ""evaluate_m19_theory_calibrated.candidate_features"", ""delta_mode"": ""none"", ""k_max"": 512, ""k_min"": 64, ""variant"": ""conservative""}",5,1.0,0.0,0.0,0.0,0.8,"{""dp_5_16"": 1.0}","{""cn_1"": 0.8, ""cn_2_3"": 0.2}",1.2,6.6,sasb_candidate_builder,a790a60adf9d557f75a8bb235111472df73bf2cb12d31a6e0c0c3a87788da60b,5,a790a60adf9d557f75a8bb235111472df73bf2cb12d31a6e0c0c3a87788da60b,"{""sasb_builder"": 5}",0,0,0,0,{},0.0,"{""common_neighbor_bin_l1"": 0.0, ""degree_product_bin_l1"": 0.0, ""is_boundary_edge_l1"": 0.0, ""is_bridge_edge_l1"": 0.0, ""is_inter_community_edge_l1"": 0.0, ""is_low_common_neighbor_edge_l1"": 0.0, ""mean_l1"": 0.0}",1,32,4,3.0,0
realworld_completed,bio_celegans,SASB-candidate,sasb,SASB-structured,20260513,1797,late,0.008830022075055188,0.008830022075055188,0.0,260,261,1,0.8874074074074074,0.8879012345679013,142,321,142--321,1,3,1,3,3,0,0.0,0,0,0,4,"[""321"", ""143"", ""142"", ""314""]",991bd60b9536590aa0f32350948c3eb3835571eb0a73ebb9729c00e1d7cd9c29,"{""boundary"": 1, ""degree_core"": 1, ""random_fill"": 2}","{""degree_0_1"": 1, ""degree_2"": 2, ""degree_3_4"": 1}","{""0"": 4}",64,"{""backend"": ""evaluate_m19_theory_calibrated.candidate_features"", ""delta_mode"": ""none"", ""k_max"": 512, ""k_min"": 64, ""variant"": ""conservative""}",4,1.0,0.0,0.0,0.25,1.0,"{""dp_0_4"": 0.5, ""dp_5_16"": 0.5}","{""cn_0"": 0.25, ""cn_1"": 0.75}",0.75,4.75,sasb_candidate_builder,787134c674fc2217e0f3ebc333f6cd03be0fc628d8212e8185cdd229f67ce3c5,4,787134c674fc2217e0f3ebc333f6cd03be0fc628d8212e8185cdd229f67ce3c5,"{""sasb_builder"": 4}",0,0,0,0,{},0.0,"{""common_neighbor_bin_l1"": 0.0, ""degree_product_bin_l1"": 0.0, ""is_boundary_edge_l1"": 0.0, ""is_bridge_edge_l1"": 0.0, ""is_inter_community_edge_l1"": 0.0, ""is_low_common_neighbor_edge_l1"": 0.0, ""mean_l1"": 0.0}",1,32,4,6.0,0
realworld_completed,bio_celegans,SASB-candidate,sasb,SASB-structured,20260513,1798,late,0.008830022075055188,0.008830022075055188,0.0,261,262,1,0.8879012345679013,0.8883950617283951,145,87,145--87,3,1,1,3,3,0,0.0,0,0,0,4,"[""145"", ""87"", ""89"", ""91""]",34d45a00d05b158c0f406b617c1fc079317370ca2bb718913cfe70dde98dc434,"{""boundary"": 1, ""degree_core"": 1, ""random_fill"": 2}","{""degree_0_1"": 3, ""degree_3_4"": 1}","{""0"": 4}",64,"{""backend"": ""evaluate_m19_theory_calibrated.candidate_features"", ""delta_mode"": ""none"", ""k_max"": 512, ""k_min"": 64, ""variant"": ""conservative""}",3,1.0,0.0,0.0,1.0,1.0,"{""dp_0_4"": 1.0}","{""cn_0"": 1.0}",0.0,3.0,sasb_candidate_builder,cb45d49f294a0d27311399680374ef85dd1b07efc71cb748ab423c88fa4f12e6,3,cb45d49f294a0d27311399680374ef85dd1b07efc71cb748ab423c88fa4f12e6,"{""sasb_builder"": 3}",0,0,0,0,{},0.0,"{""common_neighbor_bin_l1"": 0.0, ""degree_product_bin_l1"": 0.0, ""is_boundary_edge_l1"": 0.0, ""is_bridge_edge_l1"": 0.0, ""is_inter_community_edge_l1"": 0.0, ""is_low_common_neighbor_edge_l1"": 0.0, ""mean_l1"": 0.0}",1,32,4,0.0,0
realworld_completed,bio_celegans,SASB-candidate,sasb,SASB-structured,20260513,1799,late,0.008830022075055188,0.008830022075055188,0.0,262,262,0,0.8883950617283951,0.8888888888888888,154,160,154--160,3,3,3,3,9,2,1.0,0,0,0,4,"[""154"", ""160"", ""71"", ""162""]",730782e610f248f8d24c736f1886c03b04dbca599aabbdeacc962000eb28311e,"{""boundary"": 1, ""community_rep"": 1, ""degree_core"": 1, ""random_fill"": 1}","{""degree_3_4"": 4}","{""0"": 4}",64,"{""backend"": ""evaluate_m19_theory_calibrated.candidate_features"", ""delta_mode"": ""none"", ""k_max"": 512, ""k_min"": 64, ""variant"": ""conservative""}",6,1.0,0.0,0.0,0.0,0.5,"{""dp_5_16"": 1.0}","{""cn_0"": 0.5, ""cn_2_3"": 0.5}",1.0,9.0,sasb_candidate_builder,1c84f3d24d185bba84021fb026095bcd6c161da6ca41ad1a4510d53b683a043d,6,1c84f3d24d185bba84021fb026095bcd6c161da6ca41ad1a4510d53b683a043d,"{""sasb_builder"": 6}",0,0,0,0,{},0.0,"{""common_neighbor_bin_l1"": 0.0, ""degree_product_bin_l1"": 0.0, ""is_boundary_edge_l1"": 0.0, ""is_bridge_edge_l1"": 0.0, ""is_inter_community_edge_l1"": 0.0, ""is_low_common_neighbor_edge_l1"": 0.0, ""mean_l1"": 0.0}",1,32,4,2.0,0
realworld_completed,bio_celegans,SASB-candidate,sasb,SASB-structured,20260513,1800,late,0.008830022075055188,0.008830022075055188,0.0,262,262,0,0.8888888888888888,0.8893827160493827,154,162,154--162,2,3,2,3,6,1,1.0,0,0,0,4,"[""162"", ""71"", ""154"", ""160""]",4c1d59a17ddb996128ae81aebe550d993c3e8666007312a3b8682081ef4e0047,"{""boundary"": 1, ""degree_core"": 1, ""random_fill"": 2}","{""degree_2"": 2, ""degree_3_4"": 2}","{""0"": 4}",64,"{""backend"": ""evaluate_m19_theory_calibrated.candidate_features"", ""delta_mode"": ""none"", ""k_max"": 512, ""k_min"": 64, ""variant"": ""conservative""}",5,1.0,0.0,0.0,0.0,1.0,"{""dp_5_16"": 1.0}","{""cn_0"": 0.6, ""cn_1"": 0.4}",0.4,6.6,sasb_candidate_builder,73e948ef5d2d69ec589126790a87e6ae7a917c66ed1b3d0e7208066517d6480d,5,73e948ef5d2d69ec589126790a87e6ae7a917c66ed1b3d0e7208066517d6480d,"{""sasb_builder"": 5}",0,0,0,0,{},0.0,"{""common_neighbor_bin_l1"": 0.0, ""degree_product_bin_l1"": 0.0, ""is_boundary_edge_l1"": 0.0, ""is_bridge_edge_l1"": 0.0, ""is_inter_community_edge_l1"": 0.0, ""is_low_common_neighbor_edge_l1"": 0.0, ""mean_l1"": 0.0}",1,32,4,3.0,0
realworld_completed,bio_celegans,SASB-candidate,sasb,SASB-structured,20260513,1801,late,0.008830022075055188,0.008830022075055188,0.0,262,262,0,0.8893827160493827,0.8898765432098765,160,162,160--162,2,2,2,2,4,1,1.0,0,0,0,4,"[""71"", ""160"", ""162"", ""154""]",a04473aa64ae3c981316f98f2b046fae9662d169d60cd3f0b326e03244720e85,"{""boundary"": 1, ""degree_core"": 1, ""random_fill"": 2}","{""degree_0_1"": 1, ""degree_2"": 2, ""degree_3_4"": 1}","{""0"": 4}",64,"{""backend"": ""evaluate_m19_theory_calibrated.candidate_features"", ""delta_mode"": ""none"", ""k_max"": 512, ""k_min"": 64, ""variant"": ""conservative""}",4,1.0,0.0,0.0,0.25,1.0,"{""dp_0_4"": 0.5, ""dp_5_16"": 0.5}","{""cn_0"": 0.75, ""cn_1"": 0.25}",0.25,4.75,sasb_candidate_builder,c4aa0c2fe952791a3481ca9835bd8c337d07e6ba0f3248480e55fdbf18ab0587,4,c4aa0c2fe952791a3481ca9835bd8c337d07e6ba0f3248480e55fdbf18ab0587,"{""sasb_builder"": 4}",0,0,0,0,{},0.0,"{""common_neighbor_bin_l1"": 0.0, ""degree_product_bin_l1"": 0.0, ""is_boundary_edge_l1"": 0.0, ""is_bridge_edge_l1"": 0.0, ""is_inter_community_edge_l1"": 0.0, ""is_low_common_neighbor_edge_l1"": 0.0, ""mean_l1"": 0.0}",1,32,4,2.0,0
realworld_completed,bio_celegans,SASB-candidate,sasb,SASB-structured,20260513,1802,late,0.008830022075055188,0.008830022075055188,0.0,262,263,1,0.8898765432098765,0.8903703703703704,154,71,154--71,1,3,1,3,3,0,0.0,0,0,0,4,"[""71"", ""154"", ""162"", ""160""]",2fbf5011f82fa82b9762c03585f62e9d16824481ad52d8b0d49130ee95cf5fe6,"{""boundary"": 1, ""degree_core"": 1, ""random_fill"": 2}","{""degree_0_1"": 3, ""degree_3_4"": 1}","{""0"": 4}",64,"{""backend"": ""evaluate_m19_theory_calibrated.candidate_features"", ""delta_mode"": ""none"", ""k_max"": 512, ""k_min"": 64, ""variant"": ""conservative""}",3,1.0,0.0,0.0,1.0,1.0,"{""dp_0_4"": 1.0}","{""cn_0"": 1.0}",0.0,3.0,sasb_candidate_builder,39c870b569359557370e17853e166bddb6c5a7f5f5f0d840c5a30aaab850defa,3,39c870b569359557370e17853e166bddb6c5a7f5f5f0d840c5a30aaab850defa,"{""sasb_builder"": 3}",0,0,0,0,{},0.0,"{""common_neighbor_bin_l1"": 0.0, ""degree_product_bin_l1"": 0.0, ""is_boundary_edge_l1"": 0.0, ""is_bridge_edge_l1"": 0.0, ""is_inter_community_edge_l1"": 0.0, ""is_low_common_neighbor_edge_l1"": 0.0, ""mean_l1"": 0.0}",1,32,4,0.0,0
realworld_completed,bio_celegans,SASB-candidate,sasb,SASB-structured,20260513,1803,late,0.008830022075055188,0.008830022075055188,0.0,263,264,1,0.8903703703703704,0.8908641975308642,211,350,211--350,1,3,1,3,3,0,0.0,0,0,0,4,"[""350"", ""183"", ""372"", ""211""]",30a0463266c1c53194d76a2cc38d2b728eb2946a104cd012cc95be646bc924b4,"{""boundary"": 1, ""community_rep"": 1, ""degree_core"": 1, ""random_fill"": 1}","{""degree_0_1"": 1, ""degree_2"": 2, ""degree_3_4"": 1}","{""0"": 2, ""1"": 2}",64,"{""backend"": ""evaluate_m19_theory_calibrated.candidate_features"", ""delta_mode"": ""none"", ""k_max"": 512, ""k_min"": 64, ""variant"": ""conservative""}",4,1.0,0.5,0.5,0.25,1.0,"{""dp_0_4"": 0.5, ""dp_5_16"": 0.5}","{""cn_0"": 0.25, ""cn_1"": 0.75}",0.75,4.75,sasb_candidate_builder,db7a65678c9e114b6fd97fb45abb70aadcfe0acb4a8ee61aa95b6f78e0900f48,4,db7a65678c9e114b6fd97fb45abb70aadcfe0acb4a8ee61aa95b6f78e0900f48,"{""sasb_builder"": 4}",0,0,0,0,{},0.0,"{""common_neighbor_bin_l1"": 0.0, ""degree_product_bin_l1"": 0.0, ""is_boundary_edge_l1"": 0.0, ""is_bridge_edge_l1"": 0.0, ""is_inter_community_edge_l1"": 0.0, ""is_low_common_neighbor_edge_l1"": 0.0, ""mean_l1"": 0.0}",1,32,4,6.0,0
realworld_completed,bio_celegans,SASB-candidate,sasb,SASB-structured,20260513,1804,late,0.008830022075055188,0.008830022075055188,0.0,264,264,0,0.8908641975308642,0.891358024691358,220,242,220--242,3,2,2,3,6,1,1.0,1,1,0,4,"[""220"", ""242"", ""344"", ""5""]",963118aab2ddabb9fcfb91dc2bb92c45808d100bb26b72eb76a5394f7d11cb52,"{""boundary"": 1, ""community_rep"": 1, ""degree_core"": 1, ""random_fill"": 1}","{""degree_0_1"": 1, ""degree_2"": 2, ""degree_3_4"": 1}","{""0"": 2, ""1"": 2}",64,"{""backend"": ""evaluate_m19_theory_calibrated.candidate_features"", ""delta_mode"": ""none"", ""k_max"": 512, ""k_min"": 64, ""variant"": ""conservative""}",4,1.0,0.5,0.5,0.25,1.0,"{""dp_0_4"": 0.5, ""dp_5_16"": 0.5}","{""cn_0"": 0.25, ""cn_1"": 0.75}",0.75,4.75,sasb_candidate_builder,358909b7846a5ed3482fcd112e1415888a095f1b85b2b38c1164202461f807f7,4,358909b7846a5ed3482fcd112e1415888a095f1b85b2b38c1164202461f807f7,"{""sasb_builder"": 4}",0,0,0,0,{},0.0,"{""common_neighbor_bin_l1"": 0.0, ""degree_product_bin_l1"": 0.0, ""is_boundary_edge_l1"": 0.0, ""is_bridge_edge_l1"": 0.0, ""is_inter_community_edge_l1"": 0.0, ""is_low_common_neighbor_edge_l1"": 0.0, ""mean_l1"": 0.0}",1,32,4,4.0,0
realworld_completed,bio_celegans,SASB-candidate,sasb,SASB-structured,20260513,1805,late,0.008830022075055188,0.008830022075055188,0.0,264,265,1,0.891358024691358,0.8918518518518519,220,344,220--344,2,2,2,2,4,0,0.0,1,1,0,4,"[""220"", ""344"", ""242"", ""5""]",c76a0c434dbad4e4654a5396038b2f7704877e940657f91b3d27f6473979b232,"{""boundary"": 1, ""degree_core"": 1, ""random_fill"": 2}","{""degree_0_1"": 2, ""degree_2"": 2}","{""0"": 2, ""1"": 2}",64,"{""backend"": ""evaluate_m19_theory_calibrated.candidate_features"", ""delta_mode"": ""none"", ""k_max"": 512, ""k_min"": 64, ""variant"": ""conservative""}",3,1.0,0.3333333333333333,0.3333333333333333,1.0,1.0,"{""dp_0_4"": 1.0}","{""cn_0"": 1.0}",0.0,2.6666666666666665,sasb_candidate_builder,7f5b2a39989d0ad87c778ed637a72c18249551d387a00b5df693b640d4c121da,3,7f5b2a39989d0ad87c778ed637a72c18249551d387a00b5df693b640d4c121da,"{""sasb_builder"": 3}",0,0,0,0,{},0.0,"{""common_neighbor_bin_l1"": 0.0, ""degree_product_bin_l1"": 0.0, ""is_boundary_edge_l1"": 0.0, ""is_bridge_edge_l1"": 0.0, ""is_inter_community_edge_l1"": 0.0, ""is_low_common_neighbor_edge_l1"": 0.0, ""mean_l1"": 0.0}",1,32,4,8.0,0
realworld_completed,bio_celegans,SASB-candidate,sasb,SASB-structured,20260513,1806,late,0.008830022075055188,0.008830022075055188,0.0,265,266,1,0.8918518518518519,0.8923456790123456,287,363,287--363,1,2,1,2,2,0,0.0,0,0,0,4,"[""363"", ""84"", ""367"", ""287""]",b5305ffed5ea66f4f613bcc13431651d2f77afb46ab1c095104941375415581d,"{""boundary"": 1, ""degree_core"": 1, ""random_fill"": 2}","{""degree_0_1"": 2, ""degree_2"": 2}","{""0"": 2, ""1"": 2}",64,"{""backend"": ""evaluate_m19_theory_calibrated.candidate_features"", ""delta_mode"": ""none"", ""k_max"": 512, ""k_min"": 64, ""variant"": ""conservative""}",3,1.0,0.3333333333333333,0.3333333333333333,1.0,1.0,"{""dp_0_4"": 1.0}","{""cn_0"": 1.0}",0.0,2.6666666666666665,sasb_candidate_builder,9e4062619200beece737eabf8be1fdf618b0122f9e73c7ff90746fa50e7a70cf,3,9e4062619200beece737eabf8be1fdf618b0122f9e73c7ff90746fa50e7a70cf,"{""sasb_builder"": 3}",0,0,0,0,{},0.0,"{""common_neighbor_bin_l1"": 0.0, ""degree_product_bin_l1"": 0.0, ""is_boundary_edge_l1"": 0.0, ""is_bridge_edge_l1"": 0.0, ""is_inter_community_edge_l1"": 0.0, ""is_low_common_neighbor_edge_l1"": 0.0, ""mean_l1"": 0.0}",1,32,4,6.0,0
realworld_completed,bio_celegans,SASB-candidate,sasb,SASB-structured,20260513,1807,late,0.008830022075055188,0.008830022075055188,0.0,266,266,0,0.8923456790123456,0.8928395061728395,225,378,225--378,2,3,2,3,6,1,1.0,0,0,0,4,"[""378"", ""382"", ""225"", ""377""]",2b37cf07f425153d4294cd7ca512a9bd7723e73ea8f999ec2ea1b9518bb571ea,"{""boundary"": 1, ""degree_core"": 1, ""random_fill"": 2}","{""degree_2"": 2, ""degree_3_4"": 2}","{""0"": 4}",64,"{""backend"": ""evaluate_m19_theory_calibrated.candidate_features"", ""delta_mode"": ""none"", ""k_max"": 512, ""k_min"": 64, ""variant"": ""conservative""}",5,1.0,0.0,0.0,0.0,0.8,"{""dp_5_16"": 1.0}","{""cn_1"": 0.8, ""cn_2_3"": 0.2}",1.2,6.6,sasb_candidate_builder,5bddb2974eefda85289ecb41a72c9317e427148626ac0c884d0728bb4ea1a36d,5,5bddb2974eefda85289ecb41a72c9317e427148626ac0c884d0728bb4ea1a36d,"{""sasb_builder"": 5}",0,0,0,0,{},0.0,"{""common_neighbor_bin_l1"": 0.0, ""degree_product_bin_l1"": 0.0, ""is_boundary_edge_l1"": 0.0, ""is_bridge_edge_l1"": 0.0, ""is_inter_community_edge_l1"": 0.0, ""is_low_common_neighbor_edge_l1"": 0.0, ""mean_l1"": 0.0}",1,32,4,3.0,0
realworld_completed,bio_celegans,SASB-candidate,sasb,SASB-structured,20260513,1808,late,0.008830022075055188,0.008830022075055188,0.0,266,267,1,0.8928395061728395,0.8933333333333333,225,382,225--382,1,3,1,3,3,0,0.0,0,1,1,4,"[""382"", ""377"", ""225"", ""378""]",0a558c486708dd2daeb322b706391ba175b1af98ee18a8ad404bb9ee8e4a8a30,"{""boundary"": 1, ""degree_core"": 1, ""random_fill"": 2}","{""degree_0_1"": 1, ""degree_2"": 2, ""degree_3_4"": 1}","{""0"": 4}",64,"{""backend"": ""evaluate_m19_theory_calibrated.candidate_features"", ""delta_mode"": ""none"", ""k_max"": 512, ""k_min"": 64, ""variant"": ""conservative""}",4,1.0,0.0,0.0,0.25,1.0,"{""dp_0_4"": 0.5, ""dp_5_16"": 0.5}","{""cn_0"": 0.25, ""cn_1"": 0.75}",0.75,4.75,sasb_candidate_builder,26a8d2490dc6120f6fe7aa7bdfdeb457a6a3c45d41b534cb937142780582e8a8,4,26a8d2490dc6120f6fe7aa7bdfdeb457a6a3c45d41b534cb937142780582e8a8,"{""sasb_builder"": 4}",0,0,0,0,{},0.0,"{""common_neighbor_bin_l1"": 0.0, ""degree_product_bin_l1"": 0.0, ""is_boundary_edge_l1"": 0.0, ""is_bridge_edge_l1"": 0.0, ""is_inter_community_edge_l1"": 0.0, ""is_low_common_neighbor_edge_l1"": 0.0, ""mean_l1"": 0.0}",1,32,4,6.0,0
realworld_completed,bio_celegans,SASB-candidate,sasb,SASB-structured,20260513,1809,late,0.008830022075055188,0.008830022075055188,0.0,267,268,1,0.8933333333333333,0.8938271604938272,398,75,398--75,3,1,1,3,3,0,0.0,0,0,0,4,"[""398"", ""75"", ""77"", ""78""]",e9f1aaee7626bdfb1197045bf421b238fb8715befb4b37df2e86c422324f0a1d,"{""boundary"": 1, ""degree_core"": 1, ""random_fill"": 2}","{""degree_0_1"": 3, ""degree_3_4"": 1}","{""0"": 4}",64,"{""backend"": ""evaluate_m19_theory_calibrated.candidate_features"", ""delta_mode"": ""none"", ""k_max"": 512, ""k_min"": 64, ""variant"": ""conservative""}",3,1.0,0.0,0.0,1.0,1.0,"{""dp_0_4"": 1.0}","{""cn_0"": 1.0}",0.0,3.0,sasb_candidate_builder,5a8b371269bd2ae875b88cb7b3344b30c8a574b7d66fc2eb422b24f48e9fd9a4,3,5a8b371269bd2ae875b88cb7b3344b30c8a574b7d66fc2eb422b24f48e9fd9a4,"{""sasb_builder"": 3}",0,0,0,0,{},0.0,"{""common_neighbor_bin_l1"": 0.0, ""degree_product_bin_l1"": 0.0, ""is_boundary_edge_l1"": 0.0, ""is_bridge_edge_l1"": 0.0, ""is_inter_community_edge_l1"": 0.0, ""is_low_common_neighbor_edge_l1"": 0.0, ""mean_l1"": 0.0}",1,32,4,0.0,0
realworld_completed,bio_celegans,SASB-candidate,sasb,SASB-structured,20260513,1810,late,0.008830022075055188,0.008830022075055188,0.0,268,269,1,0.8938271604938272,0.894320987654321,58,61,58--61,1,3,1,3,3,0,0.0,0,0,0,4,"[""61"", ""401"", ""403"", ""58""]",c4565c81890944b3112d78f46bf43f4e05bf47919f0f64036740b1282564ea42,"{""boundary"": 1, ""degree_core"": 1, ""random_fill"": 2}","{""degree_0_1"": 3, ""degree_3_4"": 1}","{""0"": 4}",64,"{""backend"": ""evaluate_m19_theory_calibrated.candidate_features"", ""delta_mode"": ""none"", ""k_max"": 512, ""k_min"": 64, ""variant"": ""conservative""}",3,1.0,0.0,0.0,1.0,1.0,"{""dp_0_4"": 1.0}","{""cn_0"": 1.0}",0.0,3.0,sasb_candidate_builder,8b7a6c899d1edef92c4355e535166862ab472f3da136d61b60d3caa5f1a31786,3,8b7a6c899d1edef92c4355e535166862ab472f3da136d61b60d3caa5f1a31786,"{""sasb_builder"": 3}",0,0,0,0,{},0.0,"{""common_neighbor_bin_l1"": 0.0, ""degree_product_bin_l1"": 0.0, ""is_boundary_edge_l1"": 0.0, ""is_bridge_edge_l1"": 0.0, ""is_inter_community_edge_l1"": 0.0, ""is_low_common_neighbor_edge_l1"": 0.0, ""mean_l1"": 0.0}",1,32,4,6.0,0
realworld_completed,bio_celegans,SASB-candidate,sasb,SASB-structured,20260513,1811,late,0.008830022075055188,0.008830022075055188,0.0,269,270,1,0.894320987654321,0.8948148148148148,151,152,151--152,2,2,2,2,4,0,0.0,1,1,0,4,"[""151"", ""152"", ""383"", ""153""]",8664be0ffda07ff4ef1935bf410cabc798e37f2a13f6f50af098f8f8cb9895d9,"{""boundary"": 1, ""degree_core"": 1, ""random_fill"": 2}","{""degree_0_1"": 2, ""degree_2"": 2}","{""0"": 2, ""1"": 2}",64,"{""backend"": ""evaluate_m19_theory_calibrated.candidate_features"", ""delta_mode"": ""none"", ""k_max"": 512, ""k_min"": 64, ""variant"": ""conservative""}",3,1.0,0.3333333333333333,0.3333333333333333,1.0,1.0,"{""dp_0_4"": 1.0}","{""cn_0"": 1.0}",0.0,2.6666666666666665,sasb_candidate_builder,a22a24c5233686f96dcda1f17faf11f0ca5b46146c4b3436434cd25bb0daf07e,3,a22a24c5233686f96dcda1f17faf11f0ca5b46146c4b3436434cd25bb0daf07e,"{""sasb_builder"": 3}",0,0,0,0,{},0.0,"{""common_neighbor_bin_l1"": 0.0, ""degree_product_bin_l1"": 0.0, ""is_boundary_edge_l1"": 0.0, ""is_bridge_edge_l1"": 0.0, ""is_inter_community_edge_l1"": 0.0, ""is_low_common_neighbor_edge_l1"": 0.0, ""mean_l1"": 0.0}",1,32,4,8.0,0
realworld_completed,bio_celegans,SASB-candidate,sasb,SASB-structured,20260513,1812,late,0.008830022075055188,0.008830022075055188,0.0,270,270,0,0.8948148148148148,0.8953086419753087,156,161,156--161,3,3,3,3,9,2,1.0,0,0,0,4,"[""156"", ""161"", ""284"", ""175""]",89d342cd5a8e8d9af11bc20f6a38136f45e37587d508b9f15bc4b3c56d6bb1e3,"{""boundary"": 1, ""community_rep"": 1, ""degree_core"": 1, ""random_fill"": 1}","{""degree_3_4"": 4}","{""0"": 4}",64,"{""backend"": ""evaluate_m19_theory_calibrated.candidate_features"", ""delta_mode"": ""none"", ""k_max"": 512, ""k_min"": 64, ""variant"": ""conservative""}",6,1.0,0.0,0.0,0.0,0.0,"{""dp_5_16"": 1.0}","{""cn_2_3"": 1.0}",2.0,9.0,sasb_candidate_builder,4250f489895b49a979c4f8e7e8c9ae5a294adcd6f4c804773c0c857cf3fc70eb,6,4250f489895b49a979c4f8e7e8c9ae5a294adcd6f4c804773c0c857cf3fc70eb,"{""sasb_builder"": 6}",0,0,0,0,{},0.0,"{""common_neighbor_bin_l1"": 0.0, ""degree_product_bin_l1"": 0.0, ""is_boundary_edge_l1"": 0.0, ""is_bridge_edge_l1"": 0.0, ""is_inter_community_edge_l1"": 0.0, ""is_low_common_neighbor_edge_l1"": 0.0, ""mean_l1"": 0.0}",1,32,4,2.0,0
realworld_completed,bio_celegans,SASB-candidate,sasb,SASB-structured,20260513,1813,late,0.008830022075055188,0.008830022075055188,0.0,270,270,0,0.8953086419753087,0.8958024691358024,156,175,156--175,2,3,2,3,6,1,1.0,0,0,0,4,"[""175"", ""284"", ""161"", ""156""]",c565c4c9601e0a8af3425074be2961c09758a4d437ac7a6a7d877c1c9c9e7934,"{""boundary"": 1, ""degree_core"": 1, ""random_fill"": 2}","{""degree_2"": 2, ""degree_3_4"": 2}","{""0"": 4}",64,"{""backend"": ""evaluate_m19_theory_calibrated.candidate_features"", ""delta_mode"": ""none"", ""k_max"": 512, ""k_min"": 64, ""variant"": ""conservative""}",5,1.0,0.0,0.0,0.0,0.8,"{""dp_5_16"": 1.0}","{""cn_1"": 0.8, ""cn_2_3"": 0.2}",1.2,6.6,sasb_candidate_builder,ff865335de6affc6fb6752054628bf1ac4fff23f640e8c40be6e159087e6fcff,5,ff865335de6affc6fb6752054628bf1ac4fff23f640e8c40be6e159087e6fcff,"{""sasb_builder"": 5}",0,0,0,0,{},0.0,"{""common_neighbor_bin_l1"": 0.0, ""degree_product_bin_l1"": 0.0, ""is_boundary_edge_l1"": 0.0, ""is_bridge_edge_l1"": 0.0, ""is_inter_community_edge_l1"": 0.0, ""is_low_common_neighbor_edge_l1"": 0.0, ""mean_l1"": 0.0}",1,32,4,3.0,0
realworld_completed,bio_celegans,SASB-candidate,sasb,SASB-structured,20260513,1814,late,0.008830022075055188,0.008830022075055188,0.0,270,271,1,0.8958024691358024,0.8962962962962963,156,284,156--284,1,3,1,3,3,0,0.0,0,1,1,4,"[""284"", ""161"", ""156"", ""175""]",669a36a95c3a9b12e0ae26dbc8f4c30110d36a87b70bb28ce90dd83befb1e0c6,"{""boundary"": 1, ""degree_core"": 1, ""random_fill"": 2}","{""degree_0_1"": 1, ""degree_2"": 2, ""degree_3_4"": 1}","{""0"": 4}",64,"{""backend"": ""evaluate_m19_theory_calibrated.candidate_features"", ""delta_mode"": ""none"", ""k_max"": 512, ""k_min"": 64, ""variant"": ""conservative""}",4,1.0,0.0,0.0,0.25,1.0,"{""dp_0_4"": 0.5, ""dp_5_16"": 0.5}","{""cn_0"": 0.25, ""cn_1"": 0.75}",0.75,4.75,sasb_candidate_builder,487f4b197cdd28b9dd8dcc5b2a7a4a86c74f597719286a2d1be99a3db7b65569,4,487f4b197cdd28b9dd8dcc5b2a7a4a86c74f597719286a2d1be99a3db7b65569,"{""sasb_builder"": 4}",0,0,0,0,{},0.0,"{""common_neighbor_bin_l1"": 0.0, ""degree_product_bin_l1"": 0.0, ""is_boundary_edge_l1"": 0.0, ""is_bridge_edge_l1"": 0.0, ""is_inter_community_edge_l1"": 0.0, ""is_low_common_neighbor_edge_l1"": 0.0, ""mean_l1"": 0.0}",1,32,4,6.0,0
realworld_completed,bio_celegans,SASB-candidate,sasb,SASB-structured,20260513,1815,late,0.008830022075055188,0.008830022075055188,0.0,271,272,1,0.8962962962962963,0.8967901234567901,282,46,282--46,1,3,1,3,3,0,0.0,0,0,0,4,"[""46"", ""282"", ""285"", ""420""]",0128fa28c442d70ecd79201f8ff43a826aa826a4add748c38fc61e4959386313,"{""boundary"": 1, ""degree_core"": 1, ""random_fill"": 2}","{""degree_0_1"": 3, ""degree_3_4"": 1}","{""0"": 4}",64,"{""backend"": ""evaluate_m19_theory_calibrated.candidate_features"", ""delta_mode"": ""none"", ""k_max"": 512, ""k_min"": 64, ""variant"": ""conservative""}",3,1.0,0.0,0.0,1.0,1.0,"{""dp_0_4"": 1.0}","{""cn_0"": 1.0}",0.0,3.0,sasb_candidate_builder,1d4ae0b413f66165d7445db9a4fa880a1a425d92db834ac7ca3ca3cc62c3f0a3,3,1d4ae0b413f66165d7445db9a4fa880a1a425d92db834ac7ca3ca3cc62c3f0a3,"{""sasb_builder"": 3}",0,0,0,0,{},0.0,"{""common_neighbor_bin_l1"": 0.0, ""degree_product_bin_l1"": 0.0, ""is_boundary_edge_l1"": 0.0, ""is_bridge_edge_l1"": 0.0, ""is_inter_community_edge_l1"": 0.0, ""is_low_common_neighbor_edge_l1"": 0.0, ""mean_l1"": 0.0}",1,32,4,0.0,0
realworld_completed,bio_celegans,SASB-candidate,sasb,SASB-structured,20260513,1816,late,0.008830022075055188,0.008830022075055188,0.0,272,272,0,0.8967901234567901,0.8972839506172839,281,79,281--79,2,2,2,2,4,0,0.0,0,0,0,4,"[""281"", ""283"", ""79"", ""90""]",2d1353976be01bdb1e677e755a0a56f1e179d7572cb802e6158b6f796853a346,"{""boundary"": 1, ""community_rep"": 1, ""degree_core"": 1, ""random_fill"": 1}","{""degree_2"": 4}","{""0"": 2, ""1"": 2}",64,"{""backend"": ""evaluate_m19_theory_calibrated.candidate_features"", ""delta_mode"": ""none"", ""k_max"": 512, ""k_min"": 64, ""variant"": ""conservative""}",4,1.0,0.5,0.5,0.0,1.0,"{""dp_0_4"": 1.0}","{""cn_0"": 1.0}",0.0,4.0,sasb_candidate_builder,316e4a14817ca8bdb6b642d31a9d3b863227f267af9aab7fdca52aaac8b2e5b4,4,316e4a14817ca8bdb6b642d31a9d3b863227f267af9aab7fdca52aaac8b2e5b4,"{""sasb_builder"": 4}",0,0,0,0,{},0.0,"{""common_neighbor_bin_l1"": 0.0, ""degree_product_bin_l1"": 0.0, ""is_boundary_edge_l1"": 0.0, ""is_bridge_edge_l1"": 0.0, ""is_inter_community_edge_l1"": 0.0, ""is_low_common_neighbor_edge_l1"": 0.0, ""mean_l1"": 0.0}",1,32,4,0.0,0
realworld_completed,bio_celegans,SASB-candidate,sasb,SASB-structured,20260513,1817,late,0.008830022075055188,0.006622516556291391,0.002207505518763797,272,273,1,0.8972839506172839,0.8977777777777778,281,90,281--90,1,2,1,2,2,0,0.0,0,0,0,4,"[""283"", ""90"", ""79"", ""281""]",847be07311ad415e13e160d63cd83f0bd21d64d6dde8759e732366ad8828b8cd,"{""boundary"": 1, ""community_rep"": 1, ""degree_core"": 1, ""random_fill"": 1}","{""degree_0_1"": 2, ""degree_2"": 2}","{""0"": 2, ""1"": 2}",64,"{""backend"": ""evaluate_m19_theory_calibrated.candidate_features"", ""delta_mode"": ""none"", ""k_max"": 512, ""k_min"": 64, ""variant"": ""conservative""}",3,1.0,0.6666666666666666,0.6666666666666666,1.0,1.0,"{""dp_0_4"": 1.0}","{""cn_0"": 1.0}",0.0,2.6666666666666665,sasb_candidate_builder,9155337c20d584e190299b1db37da950c4fa9b538d2e0e5f31379ce7bb173a47,3,9155337c20d584e190299b1db37da950c4fa9b538d2e0e5f31379ce7bb173a47,"{""sasb_builder"": 3}",0,0,0,0,{},0.0,"{""common_neighbor_bin_l1"": 0.0, ""degree_product_bin_l1"": 0.0, ""is_boundary_edge_l1"": 0.0, ""is_bridge_edge_l1"": 0.0, ""is_inter_community_edge_l1"": 0.0, ""is_low_common_neighbor_edge_l1"": 0.0, ""mean_l1"": 0.0}",1,32,4,0.0,0
realworld_completed,bio_celegans,SASB-candidate,sasb,SASB-structured,20260513,1818,late,0.006622516556291391,0.006622516556291391,0.0,273,274,1,0.8977777777777778,0.8982716049382716,450,96,450--96,1,2,1,2,2,0,0.0,0,0,0,3,"[""96"", ""450"", ""452""]",60851046cf80bb362335c5dd0a2e27e1df8a0fe7247e24d90606a7867fefe79a,"{""boundary"": 1, ""degree_core"": 1, ""random_fill"": 1}","{""degree_0_1"": 2, ""degree_2"": 1}","{""0"": 3}",64,"{""backend"": ""evaluate_m19_theory_calibrated.candidate_features"", ""delta_mode"": ""none"", ""k_max"": 512, ""k_min"": 64, ""variant"": ""conservative""}",2,1.0,0.0,0.0,1.0,1.0,"{""dp_0_4"": 1.0}","{""cn_0"": 1.0}",0.0,2.0,sasb_candidate_builder,dc65f8fc18e95459c3063317116b3bcf64f5ab8c378ca3de6274507df25467f8,2,dc65f8fc18e95459c3063317116b3bcf64f5ab8c378ca3de6274507df25467f8,"{""sasb_builder"": 2}",0,0,0,0,{},0.0,"{""common_neighbor_bin_l1"": 0.0, ""degree_product_bin_l1"": 0.0, ""is_boundary_edge_l1"": 0.0, ""is_bridge_edge_l1"": 0.0, ""is_inter_community_edge_l1"": 0.0, ""is_low_common_neighbor_edge_l1"": 0.0, ""mean_l1"": 0.0}",1,32,3,0.0,0
realworld_completed,bio_celegans,SASB-candidate,sasb,SASB-structured,20260513,1819,late,0.006622516556291391,0.006622516556291391,0.0,274,274,0,0.8982716049382716,0.8987654320987655,15,24,15--24,2,2,2,2,4,1,1.0,0,0,0,3,"[""147"", ""15"", ""24""]",ac46b7a3023fa89febfacb48fa167b29a4b48128c9f644518bdc46f3e707d04a,"{""boundary"": 1, ""community_rep"": 1, ""degree_core"": 1}","{""degree_2"": 3}","{""0"": 3}",64,"{""backend"": ""evaluate_m19_theory_calibrated.candidate_features"", ""delta_mode"": ""none"", ""k_max"": 512, ""k_min"": 64, ""variant"": ""conservative""}",3,1.0,0.0,0.0,0.0,1.0,"{""dp_0_4"": 1.0}","{""cn_0"": 0.6666666666666666, ""cn_1"": 0.3333333333333333}",0.3333333333333333,4.0,sasb_candidate_builder,67b8338bb0544140286f425f460e17d6f706e56410abbb47d781c9b2fa9ab3d4,3,67b8338bb0544140286f425f460e17d6f706e56410abbb47d781c9b2fa9ab3d4,"{""sasb_builder"": 3}",0,0,0,0,{},0.0,"{""common_neighbor_bin_l1"": 0.0, ""degree_product_bin_l1"": 0.0, ""is_boundary_edge_l1"": 0.0, ""is_bridge_edge_l1"": 0.0, ""is_inter_community_edge_l1"": 0.0, ""is_low_common_neighbor_edge_l1"": 0.0, ""mean_l1"": 0.0}",1,32,3,2.0,0
realworld_completed,bio_celegans,SASB-candidate,sasb,SASB-structured,20260513,1820,late,0.006622516556291391,0.006622516556291391,0.0,274,275,1,0.8987654320987655,0.8992592592592593,147,15,147--15,2,1,1,2,2,0,0.0,0,0,0,3,"[""147"", ""15"", ""24""]",ac46b7a3023fa89febfacb48fa167b29a4b48128c9f644518bdc46f3e707d04a,"{""boundary"": 1, ""degree_core"": 1, ""random_fill"": 1}","{""degree_0_1"": 2, ""degree_2"": 1}","{""0"": 3}",64,"{""backend"": ""evaluate_m19_theory_calibrated.candidate_features"", ""delta_mode"": ""none"", ""k_max"": 512, ""k_min"": 64, ""variant"": ""conservative""}",2,1.0,0.0,0.0,1.0,1.0,"{""dp_0_4"": 1.0}","{""cn_0"": 1.0}",0.0,2.0,sasb_candidate_builder,4ca50d135d1e56100066e382e9f052eb24ede957804d19e81c5f9ffb629aa621,2,4ca50d135d1e56100066e382e9f052eb24ede957804d19e81c5f9ffb629aa621,"{""sasb_builder"": 2}",0,0,0,0,{},0.0,"{""common_neighbor_bin_l1"": 0.0, ""degree_product_bin_l1"": 0.0, ""is_boundary_edge_l1"": 0.0, ""is_bridge_edge_l1"": 0.0, ""is_inter_community_edge_l1"": 0.0, ""is_low_common_neighbor_edge_l1"": 0.0, ""mean_l1"": 0.0}",1,32,3,0.0,0
realworld_completed,bio_celegans,SASB-candidate,sasb,SASB-structured,20260513,1821,late,0.006622516556291391,0.006622516556291391,0.0,275,276,1,0.8992592592592593,0.899753086419753,146,4,146--4,1,2,1,2,2,0,0.0,0,0,0,3,"[""4"", ""146"", ""337""]",3b7abf7118a88af4d241ea89abac7596727972f042bfc40738451cfc8adacf4b,"{""boundary"": 1, ""degree_core"": 1, ""random_fill"": 1}","{""degree_0_1"": 2, ""degree_2"": 1}","{""0"": 3}",64,"{""backend"": ""evaluate_m19_theory_calibrated.candidate_features"", ""delta_mode"": ""none"", ""k_max"": 512, ""k_min"": 64, ""variant"": ""conservative""}",2,1.0,0.0,0.0,1.0,1.0,"{""dp_0_4"": 1.0}","{""cn_0"": 1.0}",0.0,2.0,sasb_candidate_builder,62e87b57e577c04dccb06e16489e164a18b33c353dd37e2c6899e6a33c2f80f8,2,62e87b57e577c04dccb06e16489e164a18b33c353dd37e2c6899e6a33c2f80f8,"{""sasb_builder"": 2}",0,0,0,0,{},0.0,"{""common_neighbor_bin_l1"": 0.0, ""degree_product_bin_l1"": 0.0, ""is_boundary_edge_l1"": 0.0, ""is_bridge_edge_l1"": 0.0, ""is_inter_community_edge_l1"": 0.0, ""is_low_common_neighbor_edge_l1"": 0.0, ""mean_l1"": 0.0}",1,32,3,0.0,0
realworld_completed,bio_celegans,SASB-candidate,sasb,SASB-structured,20260513,1822,late,0.006622516556291391,0.006622516556291391,0.0,276,277,1,0.899753086419753,0.9002469135802469,157,210,157--210,1,2,1,2,2,0,0.0,0,0,0,3,"[""210"", ""157"", ""200""]",347a2d3c43f94687add1b488be2d813478957c74236b7faf1aa3018001f302e1,"{""boundary"": 1, ""degree_core"": 1, ""random_fill"": 1}","{""degree_0_1"": 2, ""degree_2"": 1}","{""0"": 3}",64,"{""backend"": ""evaluate_m19_theory_calibrated.candidate_features"", ""delta_mode"": ""none"", ""k_max"": 512, ""k_min"": 64, ""variant"": ""conservative""}",2,1.0,0.0,0.0,1.0,1.0,"{""dp_0_4"": 1.0}","{""cn_0"": 1.0}",0.0,2.0,sasb_candidate_builder,bce092399448c7fd7543d628a824ed27ae411a8c2a78dbd1bfa6003deb0d8932,2,bce092399448c7fd7543d628a824ed27ae411a8c2a78dbd1bfa6003deb0d8932,"{""sasb_builder"": 2}",0,0,0,0,{},0.0,"{""common_neighbor_bin_l1"": 0.0, ""degree_product_bin_l1"": 0.0, ""is_boundary_edge_l1"": 0.0, ""is_bridge_edge_l1"": 0.0, ""is_inter_community_edge_l1"": 0.0, ""is_low_common_neighbor_edge_l1"": 0.0, ""mean_l1"": 0.0}",1,32,3,4.0,0
realworld_completed,bio_celegans,SASB-candidate,sasb,SASB-structured,20260513,1823,late,0.006622516556291391,0.006622516556291391,0.0,277,278,1,0.9002469135802469,0.9007407407407407,102,219,102--219,1,2,1,2,2,0,0.0,0,0,0,3,"[""219"", ""102"", ""379""]",c4982f91a2fbe6e97b81bb3c0787955b704866e49001f1c4f177d65069305af3,"{""boundary"": 1, ""degree_core"": 1, ""random_fill"": 1}","{""degree_0_1"": 2, ""degree_2"": 1}","{""0"": 3}",64,"{""backend"": ""evaluate_m19_theory_calibrated.candidate_features"", ""delta_mode"": ""none"", ""k_max"": 512, ""k_min"": 64, ""variant"": ""conservative""}",2,1.0,0.0,0.0,1.0,1.0,"{""dp_0_4"": 1.0}","{""cn_0"": 1.0}",0.0,2.0,sasb_candidate_builder,8a328da0199897344b4a1d4658d1318570afbbb9db3742f9f6f49a49809b08d7,2,8a328da0199897344b4a1d4658d1318570afbbb9db3742f9f6f49a49809b08d7,"{""sasb_builder"": 2}",0,0,0,0,{},0.0,"{""common_neighbor_bin_l1"": 0.0, ""degree_product_bin_l1"": 0.0, ""is_boundary_edge_l1"": 0.0, ""is_bridge_edge_l1"": 0.0, ""is_inter_community_edge_l1"": 0.0, ""is_low_common_neighbor_edge_l1"": 0.0, ""mean_l1"": 0.0}",1,32,3,4.0,0
realworld_completed,bio_celegans,SASB-candidate,sasb,SASB-structured,20260513,1824,late,0.006622516556291391,0.006622516556291391,0.0,278,278,0,0.9007407407407407,0.9012345679012346,288,386,288--386,2,2,2,2,4,1,1.0,0,0,0,3,"[""288"", ""386"", ""399""]",f6d94d4a7dc3680b2eb3bcb5c1f2efea75f4eefb90351384469c7b5c8843e257,"{""boundary"": 1, ""community_rep"": 1, ""degree_core"": 1}","{""degree_2"": 3}","{""0"": 3}",64,"{""backend"": ""evaluate_m19_theory_calibrated.candidate_features"", ""delta_mode"": ""none"", ""k_max"": 512, ""k_min"": 64, ""variant"": ""conservative""}",3,1.0,0.0,0.0,0.0,1.0,"{""dp_0_4"": 1.0}","{""cn_1"": 1.0}",1.0,4.0,sasb_candidate_builder,bc2ee0d2f19d0c0ebfad48d03b2c74001cefb50a6e53d951e69a3e93a4483810,3,bc2ee0d2f19d0c0ebfad48d03b2c74001cefb50a6e53d951e69a3e93a4483810,"{""sasb_builder"": 3}",0,0,0,0,{},0.0,"{""common_neighbor_bin_l1"": 0.0, ""degree_product_bin_l1"": 0.0, ""is_boundary_edge_l1"": 0.0, ""is_bridge_edge_l1"": 0.0, ""is_inter_community_edge_l1"": 0.0, ""is_low_common_neighbor_edge_l1"": 0.0, ""mean_l1"": 0.0}",1,32,3,2.0,0
realworld_completed,bio_celegans,SASB-candidate,sasb,SASB-structured,20260513,1825,late,0.006622516556291391,0.006622516556291391,0.0,278,279,1,0.9012345679012346,0.9017283950617284,288,399,288--399,1,2,1,2,2,0,0.0,0,0,0,3,"[""399"", ""288"", ""386""]",b4d261f6ac6419874676e85d03303f8873eb01ac605765f9ed03d1e86d662691,"{""boundary"": 1, ""degree_core"": 1, ""random_fill"": 1}","{""degree_0_1"": 2, ""degree_2"": 1}","{""0"": 3}",64,"{""backend"": ""evaluate_m19_theory_calibrated.candidate_features"", ""delta_mode"": ""none"", ""k_max"": 512, ""k_min"": 64, ""variant"": ""conservative""}",2,1.0,0.0,0.0,1.0,1.0,"{""dp_0_4"": 1.0}","{""cn_0"": 1.0}",0.0,2.0,sasb_candidate_builder,5a8d251d5e7bada5e2cf5924a46abfab1597398cb663c7a505365e6a8b2ffcac,2,5a8d251d5e7bada5e2cf5924a46abfab1597398cb663c7a505365e6a8b2ffcac,"{""sasb_builder"": 2}",0,0,0,0,{},0.0,"{""common_neighbor_bin_l1"": 0.0, ""degree_product_bin_l1"": 0.0, ""is_boundary_edge_l1"": 0.0, ""is_bridge_edge_l1"": 0.0, ""is_inter_community_edge_l1"": 0.0, ""is_low_common_neighbor_edge_l1"": 0.0, ""mean_l1"": 0.0}",1,32,3,4.0,0
realworld_completed,bio_celegans,SASB-candidate,sasb,SASB-structured,20260513,1826,late,0.006622516556291391,0.006622516556291391,0.0,279,279,0,0.9017283950617284,0.9022222222222223,237,385,237--385,2,2,2,2,4,1,1.0,0,0,0,3,"[""237"", ""385"", ""400""]",d17e814f9ea13356055413b703675cefac4e3c3bbe7ce2f32916d0a8c614dc5f,"{""boundary"": 1, ""community_rep"": 1, ""degree_core"": 1}","{""degree_2"": 3}","{""0"": 3}",64,"{""backend"": ""evaluate_m19_theory_calibrated.candidate_features"", ""delta_mode"": ""none"", ""k_max"": 512, ""k_min"": 64, ""variant"": ""conservative""}",3,1.0,0.0,0.0,0.0,1.0,"{""dp_0_4"": 1.0}","{""cn_1"": 1.0}",1.0,4.0,sasb_candidate_builder,0209dc41a3353077e31153ebfba8e45f4f1df79d59275952d78ca3adab5c28b7,3,0209dc41a3353077e31153ebfba8e45f4f1df79d59275952d78ca3adab5c28b7,"{""sasb_builder"": 3}",0,0,0,0,{},0.0,"{""common_neighbor_bin_l1"": 0.0, ""degree_product_bin_l1"": 0.0, ""is_boundary_edge_l1"": 0.0, ""is_bridge_edge_l1"": 0.0, ""is_inter_community_edge_l1"": 0.0, ""is_low_common_neighbor_edge_l1"": 0.0, ""mean_l1"": 0.0}",1,32,3,2.0,0
realworld_completed,bio_celegans,SASB-candidate,sasb,SASB-structured,20260513,1827,late,0.006622516556291391,0.006622516556291391,0.0,279,280,1,0.9022222222222223,0.9027160493827161,237,400,237--400,1,2,1,2,2,0,0.0,0,0,0,3,"[""400"", ""237"", ""385""]",36fc3b98626c7cf45c06dd85446e17122167639ddfb8aef4eb540bf72ae8c672,"{""boundary"": 1, ""degree_core"": 1, ""random_fill"": 1}","{""degree_0_1"": 2, ""degree_2"": 1}","{""0"": 3}",64,"{""backend"": ""evaluate_m19_theory_calibrated.candidate_features"", ""delta_mode"": ""none"", ""k_max"": 512, ""k_min"": 64, ""variant"": ""conservative""}",2,1.0,0.0,0.0,1.0,1.0,"{""dp_0_4"": 1.0}","{""cn_0"": 1.0}",0.0,2.0,sasb_candidate_builder,82d86ceb34cb1445a6529779b845f650bc0d7fe7ccd61b2e1757cf113d4b9b36,2,82d86ceb34cb1445a6529779b845f650bc0d7fe7ccd61b2e1757cf113d4b9b36,"{""sasb_builder"": 2}",0,0,0,0,{},0.0,"{""common_neighbor_bin_l1"": 0.0, ""degree_product_bin_l1"": 0.0, ""is_boundary_edge_l1"": 0.0, ""is_bridge_edge_l1"": 0.0, ""is_inter_community_edge_l1"": 0.0, ""is_low_common_neighbor_edge_l1"": 0.0, ""mean_l1"": 0.0}",1,32,3,4.0,0
realworld_completed,bio_celegans,SASB-candidate,sasb,SASB-structured,20260513,1828,late,0.006622516556291391,0.006622516556291391,0.0,280,281,1,0.9027160493827161,0.9032098765432098,272,31,272--31,2,1,1,2,2,0,0.0,0,0,0,3,"[""272"", ""31"", ""32""]",22c01eb6e366b3f5976c22e9b087e1a73e6b6cda4af8d5d4cbe8d3fed08593e2,"{""boundary"": 1, ""degree_core"": 1, ""random_fill"": 1}","{""degree_0_1"": 2, ""degree_2"": 1}","{""0"": 3}",64,"{""backend"": ""evaluate_m19_theory_calibrated.candidate_features"", ""delta_mode"": ""none"", ""k_max"": 512, ""k_min"": 64, ""variant"": ""conservative""}",2,1.0,0.0,0.0,1.0,1.0,"{""dp_0_4"": 1.0}","{""cn_0"": 1.0}",0.0,2.0,sasb_candidate_builder,ea8feaba1c012f958313c40cd35723d640a11e13edfae031c83fa4b7c7d087c0,2,ea8feaba1c012f958313c40cd35723d640a11e13edfae031c83fa4b7c7d087c0,"{""sasb_builder"": 2}",0,0,0,0,{},0.0,"{""common_neighbor_bin_l1"": 0.0, ""degree_product_bin_l1"": 0.0, ""is_boundary_edge_l1"": 0.0, ""is_bridge_edge_l1"": 0.0, ""is_inter_community_edge_l1"": 0.0, ""is_low_common_neighbor_edge_l1"": 0.0, ""mean_l1"": 0.0}",1,32,3,0.0,0
realworld_completed,bio_celegans,SASB-candidate,sasb,SASB-structured,20260513,1829,late,0.006622516556291391,0.006622516556291391,0.0,281,282,1,0.9032098765432098,0.9037037037037037,28,36,28--36,2,1,1,2,2,0,0.0,0,0,0,3,"[""28"", ""36"", ""37""]",33466f46f5ffee45d5c46074f234021dfb2f200545d778d069be5c65377bce1c,"{""boundary"": 1, ""degree_core"": 1, ""random_fill"": 1}","{""degree_0_1"": 2, ""degree_2"": 1}","{""0"": 3}",64,"{""backend"": ""evaluate_m19_theory_calibrated.candidate_features"", ""delta_mode"": ""none"", ""k_max"": 512, ""k_min"": 64, ""variant"": ""conservative""}",2,1.0,0.0,0.0,1.0,1.0,"{""dp_0_4"": 1.0}","{""cn_0"": 1.0}",0.0,2.0,sasb_candidate_builder,f3d7c3dd4d65faf6fee764071232b4e10112d50cd165e011c6fc17861d1ec71e,2,f3d7c3dd4d65faf6fee764071232b4e10112d50cd165e011c6fc17861d1ec71e,"{""sasb_builder"": 2}",0,0,0,0,{},0.0,"{""common_neighbor_bin_l1"": 0.0, ""degree_product_bin_l1"": 0.0, ""is_boundary_edge_l1"": 0.0, ""is_bridge_edge_l1"": 0.0, ""is_inter_community_edge_l1"": 0.0, ""is_low_common_neighbor_edge_l1"": 0.0, ""mean_l1"": 0.0}",1,32,3,4.0,0
realworld_completed,bio_celegans,SASB-candidate,sasb,SASB-structured,20260513,1830,late,0.006622516556291391,0.006622516556291391,0.0,282,283,1,0.9037037037037037,0.9041975308641975,167,40,167--40,1,2,1,2,2,0,0.0,0,0,0,3,"[""40"", ""167"", ""228""]",d5ce79de13b4b3cd3b057b0ce67b453083df0f04137b713ec07de5917f5beeea,"{""boundary"": 1, ""degree_core"": 1, ""random_fill"": 1}","{""degree_0_1"": 2, ""degree_2"": 1}","{""0"": 3}",64,"{""backend"": ""evaluate_m19_theory_calibrated.candidate_features"", ""delta_mode"": ""none"", ""k_max"": 512, ""k_min"": 64, ""variant"": ""conservative""}",2,1.0,0.0,0.0,1.0,1.0,"{""dp_0_4"": 1.0}","{""cn_0"": 1.0}",0.0,2.0,sasb_candidate_builder,694265da09ed027dbacc075ad4d8250924ffa87ce714ee181a15e3182b6e8f84,2,694265da09ed027dbacc075ad4d8250924ffa87ce714ee181a15e3182b6e8f84,"{""sasb_builder"": 2}",0,0,0,0,{},0.0,"{""common_neighbor_bin_l1"": 0.0, ""degree_product_bin_l1"": 0.0, ""is_boundary_edge_l1"": 0.0, ""is_bridge_edge_l1"": 0.0, ""is_inter_community_edge_l1"": 0.0, ""is_low_common_neighbor_edge_l1"": 0.0, ""mean_l1"": 0.0}",1,32,3,0.0,0
realworld_completed,bio_celegans,SASB-candidate,sasb,SASB-structured,20260513,1831,late,0.006622516556291391,0.006622516556291391,0.0,283,283,0,0.9041975308641975,0.9046913580246914,42,47,42--47,2,2,2,2,4,1,1.0,0,0,0,3,"[""387"", ""42"", ""47""]",ecb85ed0be0c51e796950fc2e7cd77fa0bfba4fc0c3b7e4de5fbc6d5919e68cb,"{""boundary"": 1, ""community_rep"": 1, ""degree_core"": 1}","{""degree_2"": 3}","{""0"": 3}",64,"{""backend"": ""evaluate_m19_theory_calibrated.candidate_features"", ""delta_mode"": ""none"", ""k_max"": 512, ""k_min"": 64, ""variant"": ""conservative""}",3,1.0,0.0,0.0,0.0,1.0,"{""dp_0_4"": 1.0}","{""cn_0"": 0.6666666666666666, ""cn_1"": 0.3333333333333333}",0.3333333333333333,4.0,sasb_candidate_builder,6775b77a3051a8e6aef34b8cdb3d7045a8677fc041578a827372ccd7693f0b26,3,6775b77a3051a8e6aef34b8cdb3d7045a8677fc041578a827372ccd7693f0b26,"{""sasb_builder"": 3}",0,0,0,0,{},0.0,"{""common_neighbor_bin_l1"": 0.0, ""degree_product_bin_l1"": 0.0, ""is_boundary_edge_l1"": 0.0, ""is_bridge_edge_l1"": 0.0, ""is_inter_community_edge_l1"": 0.0, ""is_low_common_neighbor_edge_l1"": 0.0, ""mean_l1"": 0.0}",1,32,3,2.0,0
realworld_completed,bio_celegans,SASB-candidate,sasb,SASB-structured,20260513,1832,late,0.006622516556291391,0.006622516556291391,0.0,283,284,1,0.9046913580246914,0.9051851851851852,387,42,387--42,2,1,1,2,2,0,0.0,0,0,0,3,"[""387"", ""42"", ""47""]",ecb85ed0be0c51e796950fc2e7cd77fa0bfba4fc0c3b7e4de5fbc6d5919e68cb,"{""boundary"": 1, ""degree_core"": 1, ""random_fill"": 1}","{""degree_0_1"": 2, ""degree_2"": 1}","{""0"": 3}",64,"{""backend"": ""evaluate_m19_theory_calibrated.candidate_features"", ""delta_mode"": ""none"", ""k_max"": 512, ""k_min"": 64, ""variant"": ""conservative""}",2,1.0,0.0,0.0,1.0,1.0,"{""dp_0_4"": 1.0}","{""cn_0"": 1.0}",0.0,2.0,sasb_candidate_builder,8d91ffb9292ccc6470beb02e4565f4033e168315a9d99b8152767b2da3c3373a,2,8d91ffb9292ccc6470beb02e4565f4033e168315a9d99b8152767b2da3c3373a,"{""sasb_builder"": 2}",0,0,0,0,{},0.0,"{""common_neighbor_bin_l1"": 0.0, ""degree_product_bin_l1"": 0.0, ""is_boundary_edge_l1"": 0.0, ""is_bridge_edge_l1"": 0.0, ""is_inter_community_edge_l1"": 0.0, ""is_low_common_neighbor_edge_l1"": 0.0, ""mean_l1"": 0.0}",1,32,3,0.0,0
realworld_completed,bio_celegans,SASB-candidate,sasb,SASB-structured,20260513,1833,late,0.006622516556291391,0.006622516556291391,0.0,284,285,1,0.9051851851851852,0.905679012345679,445,51,445--51,2,1,1,2,2,0,0.0,0,0,0,3,"[""445"", ""51"", ""53""]",5e63b3af0a95b973cdb5640334f500b200889113a6b456c6959f3298ccd39a52,"{""boundary"": 1, ""degree_core"": 1, ""random_fill"": 1}","{""degree_0_1"": 2, ""degree_2"": 1}","{""0"": 3}",64,"{""backend"": ""evaluate_m19_theory_calibrated.candidate_features"", ""delta_mode"": ""none"", ""k_max"": 512, ""k_min"": 64, ""variant"": ""conservative""}",2,1.0,0.0,0.0,1.0,1.0,"{""dp_0_4"": 1.0}","{""cn_0"": 1.0}",0.0,2.0,sasb_candidate_builder,0216cddc6986f3fda5cf81e3f51e409e97168a1074ab8f9c0d05bc7a54daf027,2,0216cddc6986f3fda5cf81e3f51e409e97168a1074ab8f9c0d05bc7a54daf027,"{""sasb_builder"": 2}",0,0,0,0,{},0.0,"{""common_neighbor_bin_l1"": 0.0, ""degree_product_bin_l1"": 0.0, ""is_boundary_edge_l1"": 0.0, ""is_bridge_edge_l1"": 0.0, ""is_inter_community_edge_l1"": 0.0, ""is_low_common_neighbor_edge_l1"": 0.0, ""mean_l1"": 0.0}",1,32,3,0.0,0
realworld_completed,bio_celegans,SASB-candidate,sasb,SASB-structured,20260513,1834,late,0.006622516556291391,0.006622516556291391,0.0,285,286,1,0.905679012345679,0.9061728395061729,348,55,348--55,1,2,1,2,2,0,0.0,0,0,0,3,"[""55"", ""348"", ""366""]",d5ac773ad652f9ca91fea592fa8f9bbb6c2be7c3f6d7cd9c2e6ca1d1f94a5ea1,"{""boundary"": 1, ""degree_core"": 1, ""random_fill"": 1}","{""degree_0_1"": 2, ""degree_2"": 1}","{""0"": 3}",64,"{""backend"": ""evaluate_m19_theory_calibrated.candidate_features"", ""delta_mode"": ""none"", ""k_max"": 512, ""k_min"": 64, ""variant"": ""conservative""}",2,1.0,0.0,0.0,1.0,1.0,"{""dp_0_4"": 1.0}","{""cn_0"": 1.0}",0.0,2.0,sasb_candidate_builder,7eb8b4d56f505cf12f09b0471d70aa56b66bf60be466276b29a5bea0045d27f3,2,7eb8b4d56f505cf12f09b0471d70aa56b66bf60be466276b29a5bea0045d27f3,"{""sasb_builder"": 2}",0,0,0,0,{},0.0,"{""common_neighbor_bin_l1"": 0.0, ""degree_product_bin_l1"": 0.0, ""is_boundary_edge_l1"": 0.0, ""is_bridge_edge_l1"": 0.0, ""is_inter_community_edge_l1"": 0.0, ""is_low_common_neighbor_edge_l1"": 0.0, ""mean_l1"": 0.0}",1,32,3,0.0,0
realworld_completed,bio_celegans,SASB-candidate,sasb,SASB-structured,20260513,1835,late,0.006622516556291391,0.006622516556291391,0.0,286,287,1,0.9061728395061729,0.9066666666666666,62,8,62--8,2,1,1,2,2,0,0.0,0,0,0,3,"[""62"", ""8"", ""9""]",e47c3554be2598670377026c778acce94601787a20a3dd4da8b15d818306a7dd,"{""boundary"": 1, ""degree_core"": 1, ""random_fill"": 1}","{""degree_0_1"": 2, ""degree_2"": 1}","{""0"": 3}",64,"{""backend"": ""evaluate_m19_theory_calibrated.candidate_features"", ""delta_mode"": ""none"", ""k_max"": 512, ""k_min"": 64, ""variant"": ""conservative""}",2,1.0,0.0,0.0,1.0,1.0,"{""dp_0_4"": 1.0}","{""cn_0"": 1.0}",0.0,2.0,sasb_candidate_builder,c02628c84cb2a2965ac3b58f846a9605d72fcbd56bdba2195cd476ca144ee806,2,c02628c84cb2a2965ac3b58f846a9605d72fcbd56bdba2195cd476ca144ee806,"{""sasb_builder"": 2}",0,0,0,0,{},0.0,"{""common_neighbor_bin_l1"": 0.0, ""degree_product_bin_l1"": 0.0, ""is_boundary_edge_l1"": 0.0, ""is_bridge_edge_l1"": 0.0, ""is_inter_community_edge_l1"": 0.0, ""is_low_common_neighbor_edge_l1"": 0.0, ""mean_l1"": 0.0}",1,32,3,0.0,0
realworld_completed,bio_celegans,SASB-candidate,sasb,SASB-structured,20260513,1836,late,0.006622516556291391,0.006622516556291391,0.0,287,287,0,0.9066666666666666,0.9071604938271605,177,217,177--217,2,2,2,2,4,1,1.0,0,0,0,3,"[""177"", ""217"", ""69""]",2092035f76b4d440c966e776f9c0f0b7b42e124f8c83debc30f6ba8006fe84a6,"{""boundary"": 1, ""community_rep"": 1, ""degree_core"": 1}","{""degree_2"": 3}","{""0"": 3}",64,"{""backend"": ""evaluate_m19_theory_calibrated.candidate_features"", ""delta_mode"": ""none"", ""k_max"": 512, ""k_min"": 64, ""variant"": ""conservative""}",3,1.0,0.0,0.0,0.0,1.0,"{""dp_0_4"": 1.0}","{""cn_0"": 0.6666666666666666, ""cn_1"": 0.3333333333333333}",0.3333333333333333,4.0,sasb_candidate_builder,22ff3a389af9026c6c9017d307a07a268253b6235d8d242c22b5985966fed38f,3,22ff3a389af9026c6c9017d307a07a268253b6235d8d242c22b5985966fed38f,"{""sasb_builder"": 3}",0,0,0,0,{},0.0,"{""common_neighbor_bin_l1"": 0.0, ""degree_product_bin_l1"": 0.0, ""is_boundary_edge_l1"": 0.0, ""is_bridge_edge_l1"": 0.0, ""is_inter_community_edge_l1"": 0.0, ""is_low_common_neighbor_edge_l1"": 0.0, ""mean_l1"": 0.0}",1,32,3,2.0,0
realworld_completed,bio_celegans,SASB-candidate,sasb,SASB-structured,20260513,1837,late,0.006622516556291391,0.006622516556291391,0.0,287,288,1,0.9071604938271605,0.9076543209876543,177,69,177--69,1,2,1,2,2,0,0.0,0,0,0,3,"[""69"", ""177"", ""217""]",3b520a908fc7ec009fcddf7b67f76f46d8db355cfab4343e1b324ebde86ef638,"{""boundary"": 1, ""degree_core"": 1, ""random_fill"": 1}","{""degree_0_1"": 2, ""degree_2"": 1}","{""0"": 3}",64,"{""backend"": ""evaluate_m19_theory_calibrated.candidate_features"", ""delta_mode"": ""none"", ""k_max"": 512, ""k_min"": 64, ""variant"": ""conservative""}",2,1.0,0.0,0.0,1.0,1.0,"{""dp_0_4"": 1.0}","{""cn_0"": 1.0}",0.0,2.0,sasb_candidate_builder,7a9ed68f974821b59388e5afc93aa3fc43992ff9dbfe9be2321c9396e9b13818,2,7a9ed68f974821b59388e5afc93aa3fc43992ff9dbfe9be2321c9396e9b13818,"{""sasb_builder"": 2}",0,0,0,0,{},0.0,"{""common_neighbor_bin_l1"": 0.0, ""degree_product_bin_l1"": 0.0, ""is_boundary_edge_l1"": 0.0, ""is_bridge_edge_l1"": 0.0, ""is_inter_community_edge_l1"": 0.0, ""is_low_common_neighbor_edge_l1"": 0.0, ""mean_l1"": 0.0}",1,32,3,0.0,0
realworld_completed,bio_celegans,SASB-candidate,sasb,SASB-structured,20260513,1838,late,0.006622516556291391,0.006622516556291391,0.0,288,288,0,0.9076543209876543,0.9081481481481481,326,339,326--339,2,2,2,2,4,1,1.0,0,0,0,3,"[""326"", ""339"", ""70""]",10418e0c4ff34f88979feda3c778fc519b041ec5fb74b013ccdb19b5c158b569,"{""boundary"": 1, ""community_rep"": 1, ""degree_core"": 1}","{""degree_2"": 3}","{""0"": 3}",64,"{""backend"": ""evaluate_m19_theory_calibrated.candidate_features"", ""delta_mode"": ""none"", ""k_max"": 512, ""k_min"": 64, ""variant"": ""conservative""}",3,1.0,0.0,0.0,0.0,1.0,"{""dp_0_4"": 1.0}","{""cn_0"": 0.6666666666666666, ""cn_1"": 0.3333333333333333}",0.3333333333333333,4.0,sasb_candidate_builder,561d25d4902b0f79ee94fc9a4aad1678d48a3d1bf83a6b37ef5f122b3644fe82,3,561d25d4902b0f79ee94fc9a4aad1678d48a3d1bf83a6b37ef5f122b3644fe82,"{""sasb_builder"": 3}",0,0,0,0,{},0.0,"{""common_neighbor_bin_l1"": 0.0, ""degree_product_bin_l1"": 0.0, ""is_boundary_edge_l1"": 0.0, ""is_bridge_edge_l1"": 0.0, ""is_inter_community_edge_l1"": 0.0, ""is_low_common_neighbor_edge_l1"": 0.0, ""mean_l1"": 0.0}",1,32,3,2.0,0
realworld_completed,bio_celegans,SASB-candidate,sasb,SASB-structured,20260513,1839,late,0.006622516556291391,0.006622516556291391,0.0,288,289,1,0.9081481481481481,0.908641975308642,326,70,326--70,1,2,1,2,2,0,0.0,0,0,0,3,"[""70"", ""326"", ""339""]",687674a352fdd4d039e3275cb814243b8e39ce8782fa794107a90402ba9394d6,"{""boundary"": 1, ""degree_core"": 1, ""random_fill"": 1}","{""degree_0_1"": 2, ""degree_2"": 1}","{""0"": 3}",64,"{""backend"": ""evaluate_m19_theory_calibrated.candidate_features"", ""delta_mode"": ""none"", ""k_max"": 512, ""k_min"": 64, ""variant"": ""conservative""}",2,1.0,0.0,0.0,1.0,1.0,"{""dp_0_4"": 1.0}","{""cn_0"": 1.0}",0.0,2.0,sasb_candidate_builder,7d3ddbe06fde328bc296b3edce399188ae3d59aace01523a8a2465609e5f651b,2,7d3ddbe06fde328bc296b3edce399188ae3d59aace01523a8a2465609e5f651b,"{""sasb_builder"": 2}",0,0,0,0,{},0.0,"{""common_neighbor_bin_l1"": 0.0, ""degree_product_bin_l1"": 0.0, ""is_boundary_edge_l1"": 0.0, ""is_bridge_edge_l1"": 0.0, ""is_inter_community_edge_l1"": 0.0, ""is_low_common_neighbor_edge_l1"": 0.0, ""mean_l1"": 0.0}",1,32,3,0.0,0
realworld_completed,bio_celegans,SASB-candidate,sasb,SASB-structured,20260513,1840,late,0.006622516556291391,0.006622516556291391,0.0,289,290,1,0.908641975308642,0.9091358024691358,364,74,364--74,2,1,1,2,2,0,0.0,0,0,0,3,"[""364"", ""74"", ""99""]",7098301539f1f00191da655196cc8d47703fe4420ec9e2ec920bbf4971c26846,"{""boundary"": 1, ""degree_core"": 1, ""random_fill"": 1}","{""degree_0_1"": 2, ""degree_2"": 1}","{""0"": 3}",64,"{""backend"": ""evaluate_m19_theory_calibrated.candidate_features"", ""delta_mode"": ""none"", ""k_max"": 512, ""k_min"": 64, ""variant"": ""conservative""}",2,1.0,0.0,0.0,1.0,1.0,"{""dp_0_4"": 1.0}","{""cn_0"": 1.0}",0.0,2.0,sasb_candidate_builder,2f567848ea2e75838df0431805b401722ccc8170c4bc9a2013e4fb032fe5ce48,2,2f567848ea2e75838df0431805b401722ccc8170c4bc9a2013e4fb032fe5ce48,"{""sasb_builder"": 2}",0,0,0,0,{},0.0,"{""common_neighbor_bin_l1"": 0.0, ""degree_product_bin_l1"": 0.0, ""is_boundary_edge_l1"": 0.0, ""is_bridge_edge_l1"": 0.0, ""is_inter_community_edge_l1"": 0.0, ""is_low_common_neighbor_edge_l1"": 0.0, ""mean_l1"": 0.0}",1,32,3,0.0,0
realworld_completed,bio_celegans,SASB-candidate,sasb,SASB-structured,20260513,1841,late,0.006622516556291391,0.006622516556291391,0.0,290,291,1,0.9091358024691358,0.9096296296296297,431,85,431--85,2,1,1,2,2,0,0.0,0,0,0,3,"[""431"", ""85"", ""92""]",2e9e567aac9590a5095450e17cf78eb6bcdaf7e1b3418973900abcc2708e09f7,"{""boundary"": 1, ""degree_core"": 1, ""random_fill"": 1}","{""degree_0_1"": 2, ""degree_2"": 1}","{""0"": 3}",64,"{""backend"": ""evaluate_m19_theory_calibrated.candidate_features"", ""delta_mode"": ""none"", ""k_max"": 512, ""k_min"": 64, ""variant"": ""conservative""}",2,1.0,0.0,0.0,1.0,1.0,"{""dp_0_4"": 1.0}","{""cn_0"": 1.0}",0.0,2.0,sasb_candidate_builder,bfed31ebf2bf3b3b8d7a3aa2e1f5fdd52679f696b81aac6ba93a28486e190ffd,2,bfed31ebf2bf3b3b8d7a3aa2e1f5fdd52679f696b81aac6ba93a28486e190ffd,"{""sasb_builder"": 2}",0,0,0,0,{},0.0,"{""common_neighbor_bin_l1"": 0.0, ""degree_product_bin_l1"": 0.0, ""is_boundary_edge_l1"": 0.0, ""is_bridge_edge_l1"": 0.0, ""is_inter_community_edge_l1"": 0.0, ""is_low_common_neighbor_edge_l1"": 0.0, ""mean_l1"": 0.0}",1,32,3,0.0,0
realworld_completed,bio_celegans,SASB-candidate,sasb,SASB-structured,20260513,1842,late,0.006622516556291391,0.006622516556291391,0.0,291,292,1,0.9096296296296297,0.9101234567901234,121,93,121--93,1,2,1,2,2,0,0.0,0,0,0,3,"[""93"", ""121"", ""163""]",1bab6fa49963d39e3eb2b38d1b50f41bea71b727cd99a2dfa5af25843c410595,"{""boundary"": 1, ""degree_core"": 1, ""random_fill"": 1}","{""degree_0_1"": 2, ""degree_2"": 1}","{""0"": 3}",64,"{""backend"": ""evaluate_m19_theory_calibrated.candidate_features"", ""delta_mode"": ""none"", ""k_max"": 512, ""k_min"": 64, ""variant"": ""conservative""}",2,1.0,0.0,0.0,1.0,1.0,"{""dp_0_4"": 1.0}","{""cn_0"": 1.0}",0.0,2.0,sasb_candidate_builder,84bebda7d9fc8382c1e912dd2bcf82f7dcabcc651030e8a9f53cfda77e89ef91,2,84bebda7d9fc8382c1e912dd2bcf82f7dcabcc651030e8a9f53cfda77e89ef91,"{""sasb_builder"": 2}",0,0,0,0,{},0.0,"{""common_neighbor_bin_l1"": 0.0, ""degree_product_bin_l1"": 0.0, ""is_boundary_edge_l1"": 0.0, ""is_bridge_edge_l1"": 0.0, ""is_inter_community_edge_l1"": 0.0, ""is_low_common_neighbor_edge_l1"": 0.0, ""mean_l1"": 0.0}",1,32,3,0.0,0
realworld_completed,bio_celegans,SASB-candidate,sasb,SASB-structured,20260513,1843,late,0.006622516556291391,0.006622516556291391,0.0,292,293,1,0.9101234567901234,0.9106172839506173,230,95,230--95,1,2,1,2,2,0,0.0,0,0,0,3,"[""95"", ""230"", ""393""]",c794e94360a10466a44f0359d5b99e4425cd5e1c342bfaf69bbbd74be0d52c60,"{""boundary"": 1, ""degree_core"": 1, ""random_fill"": 1}","{""degree_0_1"": 2, ""degree_2"": 1}","{""0"": 3}",64,"{""backend"": ""evaluate_m19_theory_calibrated.candidate_features"", ""delta_mode"": ""none"", ""k_max"": 512, ""k_min"": 64, ""variant"": ""conservative""}",2,1.0,0.0,0.0,1.0,1.0,"{""dp_0_4"": 1.0}","{""cn_0"": 1.0}",0.0,2.0,sasb_candidate_builder,627a37ccf4a7b349a77c259f9297d909dc899d9e1f3e0b86c1aafec89e229d8a,2,627a37ccf4a7b349a77c259f9297d909dc899d9e1f3e0b86c1aafec89e229d8a,"{""sasb_builder"": 2}",0,0,0,0,{},0.0,"{""common_neighbor_bin_l1"": 0.0, ""degree_product_bin_l1"": 0.0, ""is_boundary_edge_l1"": 0.0, ""is_bridge_edge_l1"": 0.0, ""is_inter_community_edge_l1"": 0.0, ""is_low_common_neighbor_edge_l1"": 0.0, ""mean_l1"": 0.0}",1,32,3,0.0,0
realworld_completed,bio_celegans,SASB-candidate,sasb,SASB-structured,20260513,1844,late,0.006622516556291391,0.006622516556291391,0.0,293,294,1,0.9106172839506173,0.9111111111111111,360,97,360--97,1,2,1,2,2,0,0.0,0,0,0,3,"[""97"", ""360"", ""362""]",7955c2f2213482d85f5766762f285192a65a9176df27480f94da697a7c917168,"{""boundary"": 1, ""degree_core"": 1, ""random_fill"": 1}","{""degree_0_1"": 2, ""degree_2"": 1}","{""0"": 3}",64,"{""backend"": ""evaluate_m19_theory_calibrated.candidate_features"", ""delta_mode"": ""none"", ""k_max"": 512, ""k_min"": 64, ""variant"": ""conservative""}",2,1.0,0.0,0.0,1.0,1.0,"{""dp_0_4"": 1.0}","{""cn_0"": 1.0}",0.0,2.0,sasb_candidate_builder,c81cc73f61dcd8a57781299ed3b628ac6528a0ed3fce94c2d99a86ab319dff48,2,c81cc73f61dcd8a57781299ed3b628ac6528a0ed3fce94c2d99a86ab319dff48,"{""sasb_builder"": 2}",0,0,0,0,{},0.0,"{""common_neighbor_bin_l1"": 0.0, ""degree_product_bin_l1"": 0.0, ""is_boundary_edge_l1"": 0.0, ""is_bridge_edge_l1"": 0.0, ""is_inter_community_edge_l1"": 0.0, ""is_low_common_neighbor_edge_l1"": 0.0, ""mean_l1"": 0.0}",1,32,3,0.0,0
realworld_completed,bio_celegans,SASB-candidate,sasb,SASB-structured,20260513,1845,late,0.006622516556291391,0.006622516556291391,0.0,294,294,0,0.9111111111111111,0.9116049382716049,105,133,105--133,2,2,2,2,4,1,1.0,0,0,0,3,"[""105"", ""133"", ""178""]",446c35207b4a649b6ab611a1822bb2509ea86f77ee1ee03b54339771c4d68a31,"{""boundary"": 1, ""community_rep"": 1, ""degree_core"": 1}","{""degree_2"": 3}","{""0"": 3}",64,"{""backend"": ""evaluate_m19_theory_calibrated.candidate_features"", ""delta_mode"": ""none"", ""k_max"": 512, ""k_min"": 64, ""variant"": ""conservative""}",3,1.0,0.0,0.0,0.0,1.0,"{""dp_0_4"": 1.0}","{""cn_1"": 1.0}",1.0,4.0,sasb_candidate_builder,41d9b8c33210030998dc78c3e2f1dec437ab967504c2193cdecef1af1a79af6b,3,41d9b8c33210030998dc78c3e2f1dec437ab967504c2193cdecef1af1a79af6b,"{""sasb_builder"": 3}",0,0,0,0,{},0.0,"{""common_neighbor_bin_l1"": 0.0, ""degree_product_bin_l1"": 0.0, ""is_boundary_edge_l1"": 0.0, ""is_bridge_edge_l1"": 0.0, ""is_inter_community_edge_l1"": 0.0, ""is_low_common_neighbor_edge_l1"": 0.0, ""mean_l1"": 0.0}",1,32,3,2.0,0
realworld_completed,bio_celegans,SASB-candidate,sasb,SASB-structured,20260513,1846,late,0.006622516556291391,0.006622516556291391,0.0,294,295,1,0.9116049382716049,0.9120987654320988,105,178,105--178,1,2,1,2,2,0,0.0,0,0,0,3,"[""178"", ""105"", ""133""]",9a68da20f71ce9db49ce5fa6474c6ead8c90aa710af9acfc5f813dcac18f3314,"{""boundary"": 1, ""degree_core"": 1, ""random_fill"": 1}","{""degree_0_1"": 2, ""degree_2"": 1}","{""0"": 3}",64,"{""backend"": ""evaluate_m19_theory_calibrated.candidate_features"", ""delta_mode"": ""none"", ""k_max"": 512, ""k_min"": 64, ""variant"": ""conservative""}",2,1.0,0.0,0.0,1.0,1.0,"{""dp_0_4"": 1.0}","{""cn_0"": 1.0}",0.0,2.0,sasb_candidate_builder,537bdcaa617a6ac97d8a4c608037fe3abaaf206f87e38419717ecc5c4d68a329,2,537bdcaa617a6ac97d8a4c608037fe3abaaf206f87e38419717ecc5c4d68a329,"{""sasb_builder"": 2}",0,0,0,0,{},0.0,"{""common_neighbor_bin_l1"": 0.0, ""degree_product_bin_l1"": 0.0, ""is_boundary_edge_l1"": 0.0, ""is_bridge_edge_l1"": 0.0, ""is_inter_community_edge_l1"": 0.0, ""is_low_common_neighbor_edge_l1"": 0.0, ""mean_l1"": 0.0}",1,32,3,4.0,0
realworld_completed,bio_celegans,SASB-candidate,sasb,SASB-structured,20260513,1847,late,0.006622516556291391,0.006622516556291391,0.0,295,295,0,0.9120987654320988,0.9125925925925926,106,131,106--131,2,2,2,2,4,1,1.0,0,0,0,3,"[""106"", ""131"", ""389""]",a310ae601e1b754fa359c6adcb3c3d6b427580fb0bdce3fafd4eccbb5e3408da,"{""boundary"": 1, ""community_rep"": 1, ""degree_core"": 1}","{""degree_2"": 3}","{""0"": 3}",64,"{""backend"": ""evaluate_m19_theory_calibrated.candidate_features"", ""delta_mode"": ""none"", ""k_max"": 512, ""k_min"": 64, ""variant"": ""conservative""}",3,1.0,0.0,0.0,0.0,1.0,"{""dp_0_4"": 1.0}","{""cn_1"": 1.0}",1.0,4.0,sasb_candidate_builder,80c49804f6092f089a8c36e4edfe03a3d65d8688e2b95833a625a708fd785a2e,3,80c49804f6092f089a8c36e4edfe03a3d65d8688e2b95833a625a708fd785a2e,"{""sasb_builder"": 3}",0,0,0,0,{},0.0,"{""common_neighbor_bin_l1"": 0.0, ""degree_product_bin_l1"": 0.0, ""is_boundary_edge_l1"": 0.0, ""is_bridge_edge_l1"": 0.0, ""is_inter_community_edge_l1"": 0.0, ""is_low_common_neighbor_edge_l1"": 0.0, ""mean_l1"": 0.0}",1,32,3,2.0,0
realworld_completed,bio_celegans,SASB-candidate,sasb,SASB-structured,20260513,1848,late,0.006622516556291391,0.006622516556291391,0.0,295,296,1,0.9125925925925926,0.9130864197530865,106,389,106--389,1,2,1,2,2,0,0.0,0,0,0,3,"[""389"", ""106"", ""131""]",bddd8fa708349e3b335e6bfe83ef405d14e173c78469e3c16f004c2a60868ac2,"{""boundary"": 1, ""degree_core"": 1, ""random_fill"": 1}","{""degree_0_1"": 2, ""degree_2"": 1}","{""0"": 3}",64,"{""backend"": ""evaluate_m19_theory_calibrated.candidate_features"", ""delta_mode"": ""none"", ""k_max"": 512, ""k_min"": 64, ""variant"": ""conservative""}",2,1.0,0.0,0.0,1.0,1.0,"{""dp_0_4"": 1.0}","{""cn_0"": 1.0}",0.0,2.0,sasb_candidate_builder,2d6f39f8d1216d309ce6c78bda989d195240b5985df64daff2ce9b69108640b5,2,2d6f39f8d1216d309ce6c78bda989d195240b5985df64daff2ce9b69108640b5,"{""sasb_builder"": 2}",0,0,0,0,{},0.0,"{""common_neighbor_bin_l1"": 0.0, ""degree_product_bin_l1"": 0.0, ""is_boundary_edge_l1"": 0.0, ""is_bridge_edge_l1"": 0.0, ""is_inter_community_edge_l1"": 0.0, ""is_low_common_neighbor_edge_l1"": 0.0, ""mean_l1"": 0.0}",1,32,3,4.0,0
realworld_completed,bio_celegans,SASB-candidate,sasb,SASB-structured,20260513,1849,late,0.006622516556291391,0.006622516556291391,0.0,296,296,0,0.9130864197530865,0.9135802469135802,107,109,107--109,2,2,2,2,4,1,1.0,0,0,0,3,"[""107"", ""109"", ""295""]",ed46098d2a673ccd3966d4001ed217970ac3608c9315e6c9393e06bd5a949f57,"{""boundary"": 1, ""community_rep"": 1, ""degree_core"": 1}","{""degree_2"": 3}","{""0"": 3}",64,"{""backend"": ""evaluate_m19_theory_calibrated.candidate_features"", ""delta_mode"": ""none"", ""k_max"": 512, ""k_min"": 64, ""variant"": ""conservative""}",3,1.0,0.0,0.0,0.0,1.0,"{""dp_0_4"": 1.0}","{""cn_1"": 1.0}",1.0,4.0,sasb_candidate_builder,6bb5b2ba61a4ecfe39cb7510f7a101ae94a1add431fea696b9726fa470b614f1,3,6bb5b2ba61a4ecfe39cb7510f7a101ae94a1add431fea696b9726fa470b614f1,"{""sasb_builder"": 3}",0,0,0,0,{},0.0,"{""common_neighbor_bin_l1"": 0.0, ""degree_product_bin_l1"": 0.0, ""is_boundary_edge_l1"": 0.0, ""is_bridge_edge_l1"": 0.0, ""is_inter_community_edge_l1"": 0.0, ""is_low_common_neighbor_edge_l1"": 0.0, ""mean_l1"": 0.0}",1,32,3,2.0,0
realworld_completed,bio_celegans,SASB-candidate,sasb,SASB-structured,20260513,1850,late,0.006622516556291391,0.006622516556291391,0.0,296,297,1,0.9135802469135802,0.914074074074074,107,295,107--295,1,2,1,2,2,0,0.0,0,0,0,3,"[""295"", ""107"", ""109""]",a83d42455b4b91f925fe495fc207e631497b4fd6e9c520c994c4d5da9fe680bc,"{""boundary"": 1, ""degree_core"": 1, ""random_fill"": 1}","{""degree_0_1"": 2, ""degree_2"": 1}","{""0"": 3}",64,"{""backend"": ""evaluate_m19_theory_calibrated.candidate_features"", ""delta_mode"": ""none"", ""k_max"": 512, ""k_min"": 64, ""variant"": ""conservative""}",2,1.0,0.0,0.0,1.0,1.0,"{""dp_0_4"": 1.0}","{""cn_0"": 1.0}",0.0,2.0,sasb_candidate_builder,6bf6b7ce026308398e136fd724625b507da3106db23621b8500a3587340df6e6,2,6bf6b7ce026308398e136fd724625b507da3106db23621b8500a3587340df6e6,"{""sasb_builder"": 2}",0,0,0,0,{},0.0,"{""common_neighbor_bin_l1"": 0.0, ""degree_product_bin_l1"": 0.0, ""is_boundary_edge_l1"": 0.0, ""is_bridge_edge_l1"": 0.0, ""is_inter_community_edge_l1"": 0.0, ""is_low_common_neighbor_edge_l1"": 0.0, ""mean_l1"": 0.0}",1,32,3,4.0,0
realworld_completed,bio_celegans,SASB-candidate,sasb,SASB-structured,20260513,1851,late,0.006622516556291391,0.006622516556291391,0.0,297,297,0,0.914074074074074,0.9145679012345679,115,134,115--134,2,2,2,2,4,1,1.0,0,0,0,3,"[""115"", ""134"", ""186""]",4c28d2a9de6cc73b9d80dadaec884eb9b7436ab8e28f79a0cb45b807138827ee,"{""boundary"": 1, ""community_rep"": 1, ""degree_core"": 1}","{""degree_2"": 3}","{""0"": 3}",64,"{""backend"": ""evaluate_m19_theory_calibrated.candidate_features"", ""delta_mode"": ""none"", ""k_max"": 512, ""k_min"": 64, ""variant"": ""conservative""}",3,1.0,0.0,0.0,0.0,1.0,"{""dp_0_4"": 1.0}","{""cn_1"": 1.0}",1.0,4.0,sasb_candidate_builder,5010d3f0dc7dbf98711fa07a35a84be96ea00912ceb6a868b71163a5ac0c9861,3,5010d3f0dc7dbf98711fa07a35a84be96ea00912ceb6a868b71163a5ac0c9861,"{""sasb_builder"": 3}",0,0,0,0,{},0.0,"{""common_neighbor_bin_l1"": 0.0, ""degree_product_bin_l1"": 0.0, ""is_boundary_edge_l1"": 0.0, ""is_bridge_edge_l1"": 0.0, ""is_inter_community_edge_l1"": 0.0, ""is_low_common_neighbor_edge_l1"": 0.0, ""mean_l1"": 0.0}",1,32,3,2.0,0
realworld_completed,bio_celegans,SASB-candidate,sasb,SASB-structured,20260513,1852,late,0.006622516556291391,0.006622516556291391,0.0,297,298,1,0.9145679012345679,0.9150617283950617,115,186,115--186,1,2,1,2,2,0,0.0,0,0,0,3,"[""186"", ""115"", ""134""]",cc0c38f9937b66c30901490f078cdfeca202483118129f57907d7b08749f611b,"{""boundary"": 1, ""degree_core"": 1, ""random_fill"": 1}","{""degree_0_1"": 2, ""degree_2"": 1}","{""0"": 3}",64,"{""backend"": ""evaluate_m19_theory_calibrated.candidate_features"", ""delta_mode"": ""none"", ""k_max"": 512, ""k_min"": 64, ""variant"": ""conservative""}",2,1.0,0.0,0.0,1.0,1.0,"{""dp_0_4"": 1.0}","{""cn_0"": 1.0}",0.0,2.0,sasb_candidate_builder,a6793c5700f5e388e5edbd6fb340068532239e6a245c5db64b30c5c0ef0b6509,2,a6793c5700f5e388e5edbd6fb340068532239e6a245c5db64b30c5c0ef0b6509,"{""sasb_builder"": 2}",0,0,0,0,{},0.0,"{""common_neighbor_bin_l1"": 0.0, ""degree_product_bin_l1"": 0.0, ""is_boundary_edge_l1"": 0.0, ""is_bridge_edge_l1"": 0.0, ""is_inter_community_edge_l1"": 0.0, ""is_low_common_neighbor_edge_l1"": 0.0, ""mean_l1"": 0.0}",1,32,3,4.0,0
realworld_completed,bio_celegans,SASB-candidate,sasb,SASB-structured,20260513,1853,late,0.006622516556291391,0.006622516556291391,0.0,298,299,1,0.9150617283950617,0.9155555555555556,117,127,117--127,2,1,1,2,2,0,0.0,0,0,0,3,"[""117"", ""127"", ""137""]",8e17346ba103d9e40f865ffbda913cca1dd59adbf82f557aacbd7f8ca59e2868,"{""boundary"": 1, ""degree_core"": 1, ""random_fill"": 1}","{""degree_0_1"": 2, ""degree_2"": 1}","{""0"": 3}",64,"{""backend"": ""evaluate_m19_theory_calibrated.candidate_features"", ""delta_mode"": ""none"", ""k_max"": 512, ""k_min"": 64, ""variant"": ""conservative""}",2,1.0,0.0,0.0,1.0,1.0,"{""dp_0_4"": 1.0}","{""cn_0"": 1.0}",0.0,2.0,sasb_candidate_builder,e77a809dee821a48f5451e097fc01eaf30ad49f2ce7a1a8319a21b0bc95b3c00,2,e77a809dee821a48f5451e097fc01eaf30ad49f2ce7a1a8319a21b0bc95b3c00,"{""sasb_builder"": 2}",0,0,0,0,{},0.0,"{""common_neighbor_bin_l1"": 0.0, ""degree_product_bin_l1"": 0.0, ""is_boundary_edge_l1"": 0.0, ""is_bridge_edge_l1"": 0.0, ""is_inter_community_edge_l1"": 0.0, ""is_low_common_neighbor_edge_l1"": 0.0, ""mean_l1"": 0.0}",1,32,3,4.0,0
realworld_completed,bio_celegans,SASB-candidate,sasb,SASB-structured,20260513,1854,late,0.006622516556291391,0.006622516556291391,0.0,299,299,0,0.9155555555555556,0.9160493827160494,123,130,123--130,2,2,2,2,4,1,1.0,0,0,0,3,"[""123"", ""130"", ""39""]",0716ef7a3d058a2092bfddaa75fa8a78af0920306c7612e54bcdb92bd11bdda0,"{""boundary"": 1, ""community_rep"": 1, ""degree_core"": 1}","{""degree_2"": 3}","{""0"": 3}",64,"{""backend"": ""evaluate_m19_theory_calibrated.candidate_features"", ""delta_mode"": ""none"", ""k_max"": 512, ""k_min"": 64, ""variant"": ""conservative""}",3,1.0,0.0,0.0,0.0,1.0,"{""dp_0_4"": 1.0}","{""cn_0"": 0.6666666666666666, ""cn_1"": 0.3333333333333333}",0.3333333333333333,4.0,sasb_candidate_builder,fcd1b95fa0e11a8c3a2455c61241acbd1c81343f1200bea57a8bd4c50c4fbaf0,3,fcd1b95fa0e11a8c3a2455c61241acbd1c81343f1200bea57a8bd4c50c4fbaf0,"{""sasb_builder"": 3}",0,0,0,0,{},0.0,"{""common_neighbor_bin_l1"": 0.0, ""degree_product_bin_l1"": 0.0, ""is_boundary_edge_l1"": 0.0, ""is_bridge_edge_l1"": 0.0, ""is_inter_community_edge_l1"": 0.0, ""is_low_common_neighbor_edge_l1"": 0.0, ""mean_l1"": 0.0}",1,32,3,2.0,0
realworld_completed,bio_celegans,SASB-candidate,sasb,SASB-structured,20260513,1855,late,0.006622516556291391,0.006622516556291391,0.0,299,300,1,0.9160493827160494,0.9165432098765433,123,39,123--39,1,2,1,2,2,0,0.0,0,0,0,3,"[""39"", ""123"", ""130""]",c9309ee2e73bcb839cc316fedb02c12b9d8dee74a8584405ffba7134cad55812,"{""boundary"": 1, ""degree_core"": 1, ""random_fill"": 1}","{""degree_0_1"": 2, ""degree_2"": 1}","{""0"": 3}",64,"{""backend"": ""evaluate_m19_theory_calibrated.candidate_features"", ""delta_mode"": ""none"", ""k_max"": 512, ""k_min"": 64, ""variant"": ""conservative""}",2,1.0,0.0,0.0,1.0,1.0,"{""dp_0_4"": 1.0}","{""cn_0"": 1.0}",0.0,2.0,sasb_candidate_builder,b019f305cde4c95aacf8e3c96529daef48a29d5d470fba0df330af1ee8b88aa0,2,b019f305cde4c95aacf8e3c96529daef48a29d5d470fba0df330af1ee8b88aa0,"{""sasb_builder"": 2}",0,0,0,0,{},0.0,"{""common_neighbor_bin_l1"": 0.0, ""degree_product_bin_l1"": 0.0, ""is_boundary_edge_l1"": 0.0, ""is_bridge_edge_l1"": 0.0, ""is_inter_community_edge_l1"": 0.0, ""is_low_common_neighbor_edge_l1"": 0.0, ""mean_l1"": 0.0}",1,32,3,0.0,0
realworld_completed,bio_celegans,SASB-candidate,sasb,SASB-structured,20260513,1856,late,0.006622516556291391,0.006622516556291391,0.0,300,300,0,0.9165432098765433,0.917037037037037,143,314,143--314,2,2,2,2,4,1,1.0,0,0,0,3,"[""143"", ""314"", ""321""]",64607fdacfdd9b00dd4f9415d90d0c508372d907c235513cdbad9267ff5f9af3,"{""boundary"": 1, ""community_rep"": 1, ""degree_core"": 1}","{""degree_2"": 3}","{""0"": 3}",64,"{""backend"": ""evaluate_m19_theory_calibrated.candidate_features"", ""delta_mode"": ""none"", ""k_max"": 512, ""k_min"": 64, ""variant"": ""conservative""}",3,1.0,0.0,0.0,0.0,1.0,"{""dp_0_4"": 1.0}","{""cn_1"": 1.0}",1.0,4.0,sasb_candidate_builder,835724ebbaf8be60540aa59cd985f7bf0fca331daf9d29059d73b58f6a159c94,3,835724ebbaf8be60540aa59cd985f7bf0fca331daf9d29059d73b58f6a159c94,"{""sasb_builder"": 3}",0,0,0,0,{},0.0,"{""common_neighbor_bin_l1"": 0.0, ""degree_product_bin_l1"": 0.0, ""is_boundary_edge_l1"": 0.0, ""is_bridge_edge_l1"": 0.0, ""is_inter_community_edge_l1"": 0.0, ""is_low_common_neighbor_edge_l1"": 0.0, ""mean_l1"": 0.0}",1,32,3,2.0,0
realworld_completed,bio_celegans,SASB-candidate,sasb,SASB-structured,20260513,1857,late,0.006622516556291391,0.006622516556291391,0.0,300,301,1,0.917037037037037,0.9175308641975308,143,321,143--321,1,2,1,2,2,0,0.0,0,0,0,3,"[""321"", ""143"", ""314""]",8ee3365e10750bba4f2739112e44ff30f76026215be49d34dc5ca9e8e7727e14,"{""boundary"": 1, ""degree_core"": 1, ""random_fill"": 1}","{""degree_0_1"": 2, ""degree_2"": 1}","{""0"": 3}",64,"{""backend"": ""evaluate_m19_theory_calibrated.candidate_features"", ""delta_mode"": ""none"", ""k_max"": 512, ""k_min"": 64, ""variant"": ""conservative""}",2,1.0,0.0,0.0,1.0,1.0,"{""dp_0_4"": 1.0}","{""cn_0"": 1.0}",0.0,2.0,sasb_candidate_builder,7f05a0baeeb398ef649302970f2219d16ef114040045092869ae1c0d59140973,2,7f05a0baeeb398ef649302970f2219d16ef114040045092869ae1c0d59140973,"{""sasb_builder"": 2}",0,0,0,0,{},0.0,"{""common_neighbor_bin_l1"": 0.0, ""degree_product_bin_l1"": 0.0, ""is_boundary_edge_l1"": 0.0, ""is_bridge_edge_l1"": 0.0, ""is_inter_community_edge_l1"": 0.0, ""is_low_common_neighbor_edge_l1"": 0.0, ""mean_l1"": 0.0}",1,32,3,4.0,0
realworld_completed,bio_celegans,SASB-candidate,sasb,SASB-structured,20260513,1858,late,0.006622516556291391,0.006622516556291391,0.0,301,302,1,0.9175308641975308,0.9180246913580247,145,89,145--89,2,1,1,2,2,0,0.0,0,0,0,3,"[""145"", ""89"", ""91""]",8ad8516e65a00705c8dd6235f2f6f788604fc509d6a4c715b274cf3472de55e0,"{""boundary"": 1, ""degree_core"": 1, ""random_fill"": 1}","{""degree_0_1"": 2, ""degree_2"": 1}","{""0"": 3}",64,"{""backend"": ""evaluate_m19_theory_calibrated.candidate_features"", ""delta_mode"": ""none"", ""k_max"": 512, ""k_min"": 64, ""variant"": ""conservative""}",2,1.0,0.0,0.0,1.0,1.0,"{""dp_0_4"": 1.0}","{""cn_0"": 1.0}",0.0,2.0,sasb_candidate_builder,a321169f52244f55041d5c8589b60803a933e93b94dd330be659d8ba3ed2c47b,2,a321169f52244f55041d5c8589b60803a933e93b94dd330be659d8ba3ed2c47b,"{""sasb_builder"": 2}",0,0,0,0,{},0.0,"{""common_neighbor_bin_l1"": 0.0, ""degree_product_bin_l1"": 0.0, ""is_boundary_edge_l1"": 0.0, ""is_bridge_edge_l1"": 0.0, ""is_inter_community_edge_l1"": 0.0, ""is_low_common_neighbor_edge_l1"": 0.0, ""mean_l1"": 0.0}",1,32,3,0.0,0
realworld_completed,bio_celegans,SASB-candidate,sasb,SASB-structured,20260513,1859,late,0.006622516556291391,0.006622516556291391,0.0,302,302,0,0.9180246913580247,0.9185185185185185,149,317,149--317,2,2,2,2,4,1,1.0,0,0,0,3,"[""149"", ""23"", ""317""]",fe7ace85de632b93869bc533f6df3276d21eff6edef21de9cc4ceb2ec361d437,"{""boundary"": 1, ""community_rep"": 1, ""degree_core"": 1}","{""degree_2"": 3}","{""0"": 3}",64,"{""backend"": ""evaluate_m19_theory_calibrated.candidate_features"", ""delta_mode"": ""none"", ""k_max"": 512, ""k_min"": 64, ""variant"": ""conservative""}",3,1.0,0.0,0.0,0.0,1.0,"{""dp_0_4"": 1.0}","{""cn_0"": 0.3333333333333333, ""cn_1"": 0.6666666666666666}",0.6666666666666666,4.0,sasb_candidate_builder,dfc75da1f72f6c7b65f0231ec633980505e3d65e22cadd83d7b9cf49b2ca6a22,3,dfc75da1f72f6c7b65f0231ec633980505e3d65e22cadd83d7b9cf49b2ca6a22,"{""sasb_builder"": 3}",0,0,0,0,{},0.0,"{""common_neighbor_bin_l1"": 0.0, ""degree_product_bin_l1"": 0.0, ""is_boundary_edge_l1"": 0.0, ""is_bridge_edge_l1"": 0.0, ""is_inter_community_edge_l1"": 0.0, ""is_low_common_neighbor_edge_l1"": 0.0, ""mean_l1"": 0.0}",1,32,3,2.0,0
realworld_completed,bio_celegans,SASB-candidate,sasb,SASB-structured,20260513,1860,late,0.006622516556291391,0.006622516556291391,0.0,302,303,1,0.9185185185185185,0.9190123456790124,23,317,23--317,2,1,1,2,2,0,0.0,0,0,0,3,"[""23"", ""149"", ""317""]",1d1d0b2ae141e1b369d19f78c4beafcc34eb0636040429914d88b69b2ba68fcb,"{""boundary"": 1, ""degree_core"": 1, ""random_fill"": 1}","{""degree_0_1"": 2, ""degree_2"": 1}","{""0"": 3}",64,"{""backend"": ""evaluate_m19_theory_calibrated.candidate_features"", ""delta_mode"": ""none"", ""k_max"": 512, ""k_min"": 64, ""variant"": ""conservative""}",2,1.0,0.0,0.0,1.0,1.0,"{""dp_0_4"": 1.0}","{""cn_0"": 1.0}",0.0,2.0,sasb_candidate_builder,435cb3860fd703d7c2d793a731031b882960b04646457712b6bc424510d54a93,2,435cb3860fd703d7c2d793a731031b882960b04646457712b6bc424510d54a93,"{""sasb_builder"": 2}",0,0,0,0,{},0.0,"{""common_neighbor_bin_l1"": 0.0, ""degree_product_bin_l1"": 0.0, ""is_boundary_edge_l1"": 0.0, ""is_bridge_edge_l1"": 0.0, ""is_inter_community_edge_l1"": 0.0, ""is_low_common_neighbor_edge_l1"": 0.0, ""mean_l1"": 0.0}",1,32,3,4.0,0
realworld_completed,bio_celegans,SASB-candidate,sasb,SASB-structured,20260513,1861,late,0.006622516556291391,0.006622516556291391,0.0,303,304,1,0.9190123456790124,0.9195061728395062,160,71,160--71,1,2,1,2,2,0,0.0,0,0,0,3,"[""71"", ""160"", ""162""]",1ed0867f5fab9ee0f4c43f604bb9226d31af1e4f9e02783d81bcf58e8a846727,"{""boundary"": 1, ""degree_core"": 1, ""random_fill"": 1}","{""degree_0_1"": 2, ""degree_2"": 1}","{""0"": 3}",64,"{""backend"": ""evaluate_m19_theory_calibrated.candidate_features"", ""delta_mode"": ""none"", ""k_max"": 512, ""k_min"": 64, ""variant"": ""conservative""}",2,1.0,0.0,0.0,1.0,1.0,"{""dp_0_4"": 1.0}","{""cn_0"": 1.0}",0.0,2.0,sasb_candidate_builder,cd73446b3ea2101c34242b0dd713ebd227d3b39b42af46d6c003fc896df37c3b,2,cd73446b3ea2101c34242b0dd713ebd227d3b39b42af46d6c003fc896df37c3b,"{""sasb_builder"": 2}",0,0,0,0,{},0.0,"{""common_neighbor_bin_l1"": 0.0, ""degree_product_bin_l1"": 0.0, ""is_boundary_edge_l1"": 0.0, ""is_bridge_edge_l1"": 0.0, ""is_inter_community_edge_l1"": 0.0, ""is_low_common_neighbor_edge_l1"": 0.0, ""mean_l1"": 0.0}",1,32,3,0.0,0
realworld_completed,bio_celegans,SASB-candidate,sasb,SASB-structured,20260513,1862,late,0.006622516556291391,0.006622516556291391,0.0,304,304,0,0.9195061728395062,0.92,170,171,170--171,2,2,2,2,4,1,1.0,0,0,0,3,"[""170"", ""171"", ""173""]",7aa96860ca245c68f43f290f59276852e6969d76a72f3aaf84af8bcdc296f167,"{""boundary"": 1, ""community_rep"": 1, ""degree_core"": 1}","{""degree_2"": 3}","{""0"": 3}",64,"{""backend"": ""evaluate_m19_theory_calibrated.candidate_features"", ""delta_mode"": ""none"", ""k_max"": 512, ""k_min"": 64, ""variant"": ""conservative""}",3,1.0,0.0,0.0,0.0,1.0,"{""dp_0_4"": 1.0}","{""cn_1"": 1.0}",1.0,4.0,sasb_candidate_builder,06ab0b1a0d25d505a6670bd988b966562e71d0b6b88258a9e95616d4d319f85f,3,06ab0b1a0d25d505a6670bd988b966562e71d0b6b88258a9e95616d4d319f85f,"{""sasb_builder"": 3}",0,0,0,0,{},0.0,"{""common_neighbor_bin_l1"": 0.0, ""degree_product_bin_l1"": 0.0, ""is_boundary_edge_l1"": 0.0, ""is_bridge_edge_l1"": 0.0, ""is_inter_community_edge_l1"": 0.0, ""is_low_common_neighbor_edge_l1"": 0.0, ""mean_l1"": 0.0}",1,32,3,2.0,0
realworld_completed,bio_celegans,SASB-candidate,sasb,SASB-structured,20260513,1863,late,0.006622516556291391,0.006622516556291391,0.0,304,305,1,0.92,0.9204938271604939,170,173,170--173,1,2,1,2,2,0,0.0,0,0,0,3,"[""173"", ""170"", ""171""]",5a6dfeebb2f7aca10fc395cb68a4f99f8993589866f8ace499fb603dc788e593,"{""boundary"": 1, ""degree_core"": 1, ""random_fill"": 1}","{""degree_0_1"": 2, ""degree_2"": 1}","{""0"": 3}",64,"{""backend"": ""evaluate_m19_theory_calibrated.candidate_features"", ""delta_mode"": ""none"", ""k_max"": 512, ""k_min"": 64, ""variant"": ""conservative""}",2,1.0,0.0,0.0,1.0,1.0,"{""dp_0_4"": 1.0}","{""cn_0"": 1.0}",0.0,2.0,sasb_candidate_builder,2607b2391b0519960a1ee1c0e4e454b7d2ea20c709074174b0f90d71d31dfb43,2,2607b2391b0519960a1ee1c0e4e454b7d2ea20c709074174b0f90d71d31dfb43,"{""sasb_builder"": 2}",0,0,0,0,{},0.0,"{""common_neighbor_bin_l1"": 0.0, ""degree_product_bin_l1"": 0.0, ""is_boundary_edge_l1"": 0.0, ""is_bridge_edge_l1"": 0.0, ""is_inter_community_edge_l1"": 0.0, ""is_low_common_neighbor_edge_l1"": 0.0, ""mean_l1"": 0.0}",1,32,3,4.0,0
realworld_completed,bio_celegans,SASB-candidate,sasb,SASB-structured,20260513,1864,late,0.006622516556291391,0.006622516556291391,0.0,305,306,1,0.9204938271604939,0.9209876543209876,207,233,207--233,2,1,1,2,2,0,0.0,0,0,0,3,"[""207"", ""233"", ""300""]",3efd21fe74c6d509c3a53baf2609ac75c4123fc8e52ccea5f5d4aa29593afb60,"{""boundary"": 1, ""degree_core"": 1, ""random_fill"": 1}","{""degree_0_1"": 2, ""degree_2"": 1}","{""0"": 3}",64,"{""backend"": ""evaluate_m19_theory_calibrated.candidate_features"", ""delta_mode"": ""none"", ""k_max"": 512, ""k_min"": 64, ""variant"": ""conservative""}",2,1.0,0.0,0.0,1.0,1.0,"{""dp_0_4"": 1.0}","{""cn_0"": 1.0}",0.0,2.0,sasb_candidate_builder,e9557cd3f5b57065c3e7f9592ba418f526c66aceb941f4f2f51a249bed9b142b,2,e9557cd3f5b57065c3e7f9592ba418f526c66aceb941f4f2f51a249bed9b142b,"{""sasb_builder"": 2}",0,0,0,0,{},0.0,"{""common_neighbor_bin_l1"": 0.0, ""degree_product_bin_l1"": 0.0, ""is_boundary_edge_l1"": 0.0, ""is_bridge_edge_l1"": 0.0, ""is_inter_community_edge_l1"": 0.0, ""is_low_common_neighbor_edge_l1"": 0.0, ""mean_l1"": 0.0}",1,32,3,4.0,0
realworld_completed,bio_celegans,SASB-candidate,sasb,SASB-structured,20260513,1865,late,0.006622516556291391,0.006622516556291391,0.0,306,306,0,0.9209876543209876,0.9214814814814815,221,222,221--222,2,2,2,2,4,1,1.0,0,0,0,3,"[""221"", ""222"", ""442""]",465b7291a4186c1eae323051188dc6bd8a865e971a25cc5ce6db666036210180,"{""boundary"": 1, ""community_rep"": 1, ""degree_core"": 1}","{""degree_2"": 3}","{""0"": 3}",64,"{""backend"": ""evaluate_m19_theory_calibrated.candidate_features"", ""delta_mode"": ""none"", ""k_max"": 512, ""k_min"": 64, ""variant"": ""conservative""}",3,1.0,0.0,0.0,0.0,1.0,"{""dp_0_4"": 1.0}","{""cn_1"": 1.0}",1.0,4.0,sasb_candidate_builder,21951b6a8e9fef38ba5aeca82ac5baeabd6cbfe2534ef11a253cf269d6fe8923,3,21951b6a8e9fef38ba5aeca82ac5baeabd6cbfe2534ef11a253cf269d6fe8923,"{""sasb_builder"": 3}",0,0,0,0,{},0.0,"{""common_neighbor_bin_l1"": 0.0, ""degree_product_bin_l1"": 0.0, ""is_boundary_edge_l1"": 0.0, ""is_bridge_edge_l1"": 0.0, ""is_inter_community_edge_l1"": 0.0, ""is_low_common_neighbor_edge_l1"": 0.0, ""mean_l1"": 0.0}",1,32,3,2.0,0
realworld_completed,bio_celegans,SASB-candidate,sasb,SASB-structured,20260513,1866,late,0.006622516556291391,0.006622516556291391,0.0,306,307,1,0.9214814814814815,0.9219753086419753,221,442,221--442,1,2,1,2,2,0,0.0,0,0,0,3,"[""442"", ""221"", ""222""]",4847b128afc4a0ea84b4d674db98a765b5aa4595d33b06eb54f6646f6fd8dcfc,"{""boundary"": 1, ""degree_core"": 1, ""random_fill"": 1}","{""degree_0_1"": 2, ""degree_2"": 1}","{""0"": 3}",64,"{""backend"": ""evaluate_m19_theory_calibrated.candidate_features"", ""delta_mode"": ""none"", ""k_max"": 512, ""k_min"": 64, ""variant"": ""conservative""}",2,1.0,0.0,0.0,1.0,1.0,"{""dp_0_4"": 1.0}","{""cn_0"": 1.0}",0.0,2.0,sasb_candidate_builder,eedb771d99c9eb224cef6ee7d180503df4d857443b1b50ce1a79525615201f2d,2,eedb771d99c9eb224cef6ee7d180503df4d857443b1b50ce1a79525615201f2d,"{""sasb_builder"": 2}",0,0,0,0,{},0.0,"{""common_neighbor_bin_l1"": 0.0, ""degree_product_bin_l1"": 0.0, ""is_boundary_edge_l1"": 0.0, ""is_bridge_edge_l1"": 0.0, ""is_inter_community_edge_l1"": 0.0, ""is_low_common_neighbor_edge_l1"": 0.0, ""mean_l1"": 0.0}",1,32,3,4.0,0
realworld_completed,bio_celegans,SASB-candidate,sasb,SASB-structured,20260513,1867,late,0.006622516556291391,0.006622516556291391,0.0,307,308,1,0.9219753086419753,0.9224691358024691,232,306,232--306,1,2,1,2,2,0,0.0,0,0,0,3,"[""306"", ""232"", ""304""]",ca9ac15289107139051d6730d5501579747974da4f575dd586e689823d9c7ee3,"{""boundary"": 1, ""degree_core"": 1, ""random_fill"": 1}","{""degree_0_1"": 2, ""degree_2"": 1}","{""0"": 3}",64,"{""backend"": ""evaluate_m19_theory_calibrated.candidate_features"", ""delta_mode"": ""none"", ""k_max"": 512, ""k_min"": 64, ""variant"": ""conservative""}",2,1.0,0.0,0.0,1.0,1.0,"{""dp_0_4"": 1.0}","{""cn_0"": 1.0}",0.0,2.0,sasb_candidate_builder,99283f48aa3364742565a856772751b4c2bad50a608fa721212487f3bc9cf1be,2,99283f48aa3364742565a856772751b4c2bad50a608fa721212487f3bc9cf1be,"{""sasb_builder"": 2}",0,0,0,0,{},0.0,"{""common_neighbor_bin_l1"": 0.0, ""degree_product_bin_l1"": 0.0, ""is_boundary_edge_l1"": 0.0, ""is_bridge_edge_l1"": 0.0, ""is_inter_community_edge_l1"": 0.0, ""is_low_common_neighbor_edge_l1"": 0.0, ""mean_l1"": 0.0}",1,32,3,4.0,0
realworld_completed,bio_celegans,SASB-candidate,sasb,SASB-structured,20260513,1868,late,0.006622516556291391,0.006622516556291391,0.0,308,308,0,0.9224691358024691,0.922962962962963,239,240,239--240,2,2,2,2,4,1,1.0,0,0,0,3,"[""239"", ""240"", ""376""]",dd554261636dcba18eec29bad4f3e8d8b679a8635c0db0bb2992707317715943,"{""boundary"": 1, ""community_rep"": 1, ""degree_core"": 1}","{""degree_2"": 3}","{""0"": 3}",64,"{""backend"": ""evaluate_m19_theory_calibrated.candidate_features"", ""delta_mode"": ""none"", ""k_max"": 512, ""k_min"": 64, ""variant"": ""conservative""}",3,1.0,0.0,0.0,0.0,1.0,"{""dp_0_4"": 1.0}","{""cn_1"": 1.0}",1.0,4.0,sasb_candidate_builder,4a28b249c91a3ce8b696b364df77a301aad3cbec6b94aa51b2696da6c862a71b,3,4a28b249c91a3ce8b696b364df77a301aad3cbec6b94aa51b2696da6c862a71b,"{""sasb_builder"": 3}",0,0,0,0,{},0.0,"{""common_neighbor_bin_l1"": 0.0, ""degree_product_bin_l1"": 0.0, ""is_boundary_edge_l1"": 0.0, ""is_bridge_edge_l1"": 0.0, ""is_inter_community_edge_l1"": 0.0, ""is_low_common_neighbor_edge_l1"": 0.0, ""mean_l1"": 0.0}",1,32,3,2.0,0
realworld_completed,bio_celegans,SASB-candidate,sasb,SASB-structured,20260513,1869,late,0.006622516556291391,0.006622516556291391,0.0,308,309,1,0.922962962962963,0.9234567901234568,239,376,239--376,1,2,1,2,2,0,0.0,0,0,0,3,"[""376"", ""239"", ""240""]",660e603138fda646d9dcab54bc9f186dfbf2d949a9378ffd789214b5d8b9479c,"{""boundary"": 1, ""degree_core"": 1, ""random_fill"": 1}","{""degree_0_1"": 2, ""degree_2"": 1}","{""0"": 3}",64,"{""backend"": ""evaluate_m19_theory_calibrated.candidate_features"", ""delta_mode"": ""none"", ""k_max"": 512, ""k_min"": 64, ""variant"": ""conservative""}",2,1.0,0.0,0.0,1.0,1.0,"{""dp_0_4"": 1.0}","{""cn_0"": 1.0}",0.0,2.0,sasb_candidate_builder,129dacaf75314179305ab52b506bb4ebf83d994452caead67e0efda892db9fb6,2,129dacaf75314179305ab52b506bb4ebf83d994452caead67e0efda892db9fb6,"{""sasb_builder"": 2}",0,0,0,0,{},0.0,"{""common_neighbor_bin_l1"": 0.0, ""degree_product_bin_l1"": 0.0, ""is_boundary_edge_l1"": 0.0, ""is_bridge_edge_l1"": 0.0, ""is_inter_community_edge_l1"": 0.0, ""is_low_common_neighbor_edge_l1"": 0.0, ""mean_l1"": 0.0}",1,32,3,4.0,0
realworld_completed,bio_celegans,SASB-candidate,sasb,SASB-structured,20260513,1870,late,0.006622516556291391,0.006622516556291391,0.0,309,310,1,0.9234567901234568,0.9239506172839507,250,262,250--262,1,2,1,2,2,0,0.0,0,0,0,3,"[""262"", ""250"", ""263""]",c0e5e1abdbf9cd14654952072b4169713948398fdd99f6a794e4462ce9e94cb3,"{""boundary"": 1, ""degree_core"": 1, ""random_fill"": 1}","{""degree_0_1"": 2, ""degree_2"": 1}","{""0"": 3}",64,"{""backend"": ""evaluate_m19_theory_calibrated.candidate_features"", ""delta_mode"": ""none"", ""k_max"": 512, ""k_min"": 64, ""variant"": ""conservative""}",2,1.0,0.0,0.0,1.0,1.0,"{""dp_0_4"": 1.0}","{""cn_0"": 1.0}",0.0,2.0,sasb_candidate_builder,b638d1eeab4c0cb4c5f7f15451f436e91fd7c871487b08d6b8a0bcf5a4f78e01,2,b638d1eeab4c0cb4c5f7f15451f436e91fd7c871487b08d6b8a0bcf5a4f78e01,"{""sasb_builder"": 2}",0,0,0,0,{},0.0,"{""common_neighbor_bin_l1"": 0.0, ""degree_product_bin_l1"": 0.0, ""is_boundary_edge_l1"": 0.0, ""is_bridge_edge_l1"": 0.0, ""is_inter_community_edge_l1"": 0.0, ""is_low_common_neighbor_edge_l1"": 0.0, ""mean_l1"": 0.0}",1,32,3,4.0,0
realworld_completed,bio_celegans,SASB-candidate,sasb,SASB-structured,20260513,1871,late,0.006622516556291391,0.006622516556291391,0.0,310,310,0,0.9239506172839507,0.9244444444444444,270,388,270--388,2,2,2,2,4,1,1.0,0,0,0,3,"[""270"", ""388"", ""424""]",f8c105a997ee9eeee6737aa100792685f0e501a892d37017ca6df4f77f8f74c2,"{""boundary"": 1, ""community_rep"": 1, ""degree_core"": 1}","{""degree_2"": 3}","{""0"": 3}",64,"{""backend"": ""evaluate_m19_theory_calibrated.candidate_features"", ""delta_mode"": ""none"", ""k_max"": 512, ""k_min"": 64, ""variant"": ""conservative""}",3,1.0,0.0,0.0,0.0,1.0,"{""dp_0_4"": 1.0}","{""cn_1"": 1.0}",1.0,4.0,sasb_candidate_builder,b53e40f9bbdd48eea04a58ee4332758ad8559268baad84aeac21bb45e290f9e8,3,b53e40f9bbdd48eea04a58ee4332758ad8559268baad84aeac21bb45e290f9e8,"{""sasb_builder"": 3}",0,0,0,0,{},0.0,"{""common_neighbor_bin_l1"": 0.0, ""degree_product_bin_l1"": 0.0, ""is_boundary_edge_l1"": 0.0, ""is_bridge_edge_l1"": 0.0, ""is_inter_community_edge_l1"": 0.0, ""is_low_common_neighbor_edge_l1"": 0.0, ""mean_l1"": 0.0}",1,32,3,2.0,0
realworld_completed,bio_celegans,SASB-candidate,sasb,SASB-structured,20260513,1872,late,0.006622516556291391,0.006622516556291391,0.0,310,311,1,0.9244444444444444,0.9249382716049382,270,424,270--424,1,2,1,2,2,0,0.0,0,0,0,3,"[""424"", ""270"", ""388""]",01533e08dbad34654a20fa83f9cc4b4deff311725c9aba6ed5978b6586db4f5c,"{""boundary"": 1, ""degree_core"": 1, ""random_fill"": 1}","{""degree_0_1"": 2, ""degree_2"": 1}","{""0"": 3}",64,"{""backend"": ""evaluate_m19_theory_calibrated.candidate_features"", ""delta_mode"": ""none"", ""k_max"": 512, ""k_min"": 64, ""variant"": ""conservative""}",2,1.0,0.0,0.0,1.0,1.0,"{""dp_0_4"": 1.0}","{""cn_0"": 1.0}",0.0,2.0,sasb_candidate_builder,06a57c6834caf70b5b03b4a141a77f336f4168de2700faa04ee5734d540548cd,2,06a57c6834caf70b5b03b4a141a77f336f4168de2700faa04ee5734d540548cd,"{""sasb_builder"": 2}",0,0,0,0,{},0.0,"{""common_neighbor_bin_l1"": 0.0, ""degree_product_bin_l1"": 0.0, ""is_boundary_edge_l1"": 0.0, ""is_bridge_edge_l1"": 0.0, ""is_inter_community_edge_l1"": 0.0, ""is_low_common_neighbor_edge_l1"": 0.0, ""mean_l1"": 0.0}",1,32,3,4.0,0
realworld_completed,bio_celegans,SASB-candidate,sasb,SASB-structured,20260513,1873,late,0.006622516556291391,0.006622516556291391,0.0,311,311,0,0.9249382716049382,0.9254320987654321,273,276,273--276,2,2,2,2,4,1,1.0,0,0,0,3,"[""273"", ""276"", ""311""]",52bef9bc91026aad6ba940e119ae85dc5d075e43c7b3017d4ecd859e09a5ac74,"{""boundary"": 1, ""community_rep"": 1, ""degree_core"": 1}","{""degree_2"": 3}","{""0"": 3}",64,"{""backend"": ""evaluate_m19_theory_calibrated.candidate_features"", ""delta_mode"": ""none"", ""k_max"": 512, ""k_min"": 64, ""variant"": ""conservative""}",3,1.0,0.0,0.0,0.0,1.0,"{""dp_0_4"": 1.0}","{""cn_1"": 1.0}",1.0,4.0,sasb_candidate_builder,f822363da98728a0edced9bafae4c6a387ce0ca07f8cdb72f1087f0081c27e7a,3,f822363da98728a0edced9bafae4c6a387ce0ca07f8cdb72f1087f0081c27e7a,"{""sasb_builder"": 3}",0,0,0,0,{},0.0,"{""common_neighbor_bin_l1"": 0.0, ""degree_product_bin_l1"": 0.0, ""is_boundary_edge_l1"": 0.0, ""is_bridge_edge_l1"": 0.0, ""is_inter_community_edge_l1"": 0.0, ""is_low_common_neighbor_edge_l1"": 0.0, ""mean_l1"": 0.0}",1,32,3,2.0,0
realworld_completed,bio_celegans,SASB-candidate,sasb,SASB-structured,20260513,1874,late,0.006622516556291391,0.006622516556291391,0.0,311,312,1,0.9254320987654321,0.9259259259259259,273,311,273--311,1,2,1,2,2,0,0.0,0,0,0,3,"[""311"", ""273"", ""276""]",00785278f3ed8b625d41a6a0dae99af957a220e9b3611672ec7799fc2557a597,"{""boundary"": 1, ""degree_core"": 1, ""random_fill"": 1}","{""degree_0_1"": 2, ""degree_2"": 1}","{""0"": 3}",64,"{""backend"": ""evaluate_m19_theory_calibrated.candidate_features"", ""delta_mode"": ""none"", ""k_max"": 512, ""k_min"": 64, ""variant"": ""conservative""}",2,1.0,0.0,0.0,1.0,1.0,"{""dp_0_4"": 1.0}","{""cn_0"": 1.0}",0.0,2.0,sasb_candidate_builder,3bf14ee7d8969c1802601e0bfa2c7d3cd16798a0933218e90c388a001e25bba9,2,3bf14ee7d8969c1802601e0bfa2c7d3cd16798a0933218e90c388a001e25bba9,"{""sasb_builder"": 2}",0,0,0,0,{},0.0,"{""common_neighbor_bin_l1"": 0.0, ""degree_product_bin_l1"": 0.0, ""is_boundary_edge_l1"": 0.0, ""is_bridge_edge_l1"": 0.0, ""is_inter_community_edge_l1"": 0.0, ""is_low_common_neighbor_edge_l1"": 0.0, ""mean_l1"": 0.0}",1,32,3,4.0,0
realworld_completed,bio_celegans,SASB-candidate,sasb,SASB-structured,20260513,1875,late,0.006622516556291391,0.006622516556291391,0.0,312,312,0,0.9259259259259259,0.9264197530864198,318,319,318--319,2,2,2,2,4,1,1.0,0,0,0,3,"[""318"", ""319"", ""369""]",1d2140c3beef6e1d46d7fd3caa1ecfb4973786cd6db08fce39371e22315bc935,"{""boundary"": 1, ""community_rep"": 1, ""degree_core"": 1}","{""degree_2"": 3}","{""0"": 3}",64,"{""backend"": ""evaluate_m19_theory_calibrated.candidate_features"", ""delta_mode"": ""none"", ""k_max"": 512, ""k_min"": 64, ""variant"": ""conservative""}",3,1.0,0.0,0.0,0.0,1.0,"{""dp_0_4"": 1.0}","{""cn_1"": 1.0}",1.0,4.0,sasb_candidate_builder,233233e56504d55eda56ec5613d16927c2e5033066122113a3cf602f826fabb7,3,233233e56504d55eda56ec5613d16927c2e5033066122113a3cf602f826fabb7,"{""sasb_builder"": 3}",0,0,0,0,{},0.0,"{""common_neighbor_bin_l1"": 0.0, ""degree_product_bin_l1"": 0.0, ""is_boundary_edge_l1"": 0.0, ""is_bridge_edge_l1"": 0.0, ""is_inter_community_edge_l1"": 0.0, ""is_low_common_neighbor_edge_l1"": 0.0, ""mean_l1"": 0.0}",1,32,3,2.0,0
realworld_completed,bio_celegans,SASB-candidate,sasb,SASB-structured,20260513,1876,late,0.006622516556291391,0.006622516556291391,0.0,312,313,1,0.9264197530864198,0.9269135802469136,318,369,318--369,1,2,1,2,2,0,0.0,0,0,0,3,"[""369"", ""318"", ""319""]",bbace443eeb8422b9d0ba0765ac55892a9d068881d867b92e3f66b0579f95719,"{""boundary"": 1, ""degree_core"": 1, ""random_fill"": 1}","{""degree_0_1"": 2, ""degree_2"": 1}","{""0"": 3}",64,"{""backend"": ""evaluate_m19_theory_calibrated.candidate_features"", ""delta_mode"": ""none"", ""k_max"": 512, ""k_min"": 64, ""variant"": ""conservative""}",2,1.0,0.0,0.0,1.0,1.0,"{""dp_0_4"": 1.0}","{""cn_0"": 1.0}",0.0,2.0,sasb_candidate_builder,07232ab75660ae8d116eea95c14cee259f1b0ea58bcedbc219de8bd19760ea0d,2,07232ab75660ae8d116eea95c14cee259f1b0ea58bcedbc219de8bd19760ea0d,"{""sasb_builder"": 2}",0,0,0,0,{},0.0,"{""common_neighbor_bin_l1"": 0.0, ""degree_product_bin_l1"": 0.0, ""is_boundary_edge_l1"": 0.0, ""is_bridge_edge_l1"": 0.0, ""is_inter_community_edge_l1"": 0.0, ""is_low_common_neighbor_edge_l1"": 0.0, ""mean_l1"": 0.0}",1,32,3,4.0,0
realworld_completed,bio_celegans,SASB-candidate,sasb,SASB-structured,20260513,1877,late,0.006622516556291391,0.006622516556291391,0.0,313,314,1,0.9269135802469136,0.9274074074074075,196,320,196--320,1,2,1,2,2,0,0.0,0,0,0,3,"[""320"", ""196"", ""329""]",e64c105008ff0443b1228eface9e34dbeb87b4cdb86b8415f87adcf6568299ab,"{""boundary"": 1, ""degree_core"": 1, ""random_fill"": 1}","{""degree_0_1"": 2, ""degree_2"": 1}","{""0"": 3}",64,"{""backend"": ""evaluate_m19_theory_calibrated.candidate_features"", ""delta_mode"": ""none"", ""k_max"": 512, ""k_min"": 64, ""variant"": ""conservative""}",2,1.0,0.0,0.0,1.0,1.0,"{""dp_0_4"": 1.0}","{""cn_0"": 1.0}",0.0,2.0,sasb_candidate_builder,9beaf78d3f33ffcea7c6312aab584cd49d837fc5c30ae55ba9b87d8588e010ea,2,9beaf78d3f33ffcea7c6312aab584cd49d837fc5c30ae55ba9b87d8588e010ea,"{""sasb_builder"": 2}",0,0,0,0,{},0.0,"{""common_neighbor_bin_l1"": 0.0, ""degree_product_bin_l1"": 0.0, ""is_boundary_edge_l1"": 0.0, ""is_bridge_edge_l1"": 0.0, ""is_inter_community_edge_l1"": 0.0, ""is_low_common_neighbor_edge_l1"": 0.0, ""mean_l1"": 0.0}",1,32,3,4.0,0
realworld_completed,bio_celegans,SASB-candidate,sasb,SASB-structured,20260513,1878,late,0.006622516556291391,0.006622516556291391,0.0,314,314,0,0.9274074074074075,0.9279012345679012,12,185,12--185,2,2,2,2,4,1,1.0,0,0,0,3,"[""12"", ""185"", ""353""]",37be8638fe50c48a0ae0fa08c16618a01843d678f0ec1e17a736c00710577fc1,"{""boundary"": 1, ""community_rep"": 1, ""degree_core"": 1}","{""degree_2"": 3}","{""0"": 3}",64,"{""backend"": ""evaluate_m19_theory_calibrated.candidate_features"", ""delta_mode"": ""none"", ""k_max"": 512, ""k_min"": 64, ""variant"": ""conservative""}",3,1.0,0.0,0.0,0.0,1.0,"{""dp_0_4"": 1.0}","{""cn_1"": 1.0}",1.0,4.0,sasb_candidate_builder,17d26a79d7cb005c63db3f05e9af32f000c297a0adeff8657c7fca1b093ad52e,3,17d26a79d7cb005c63db3f05e9af32f000c297a0adeff8657c7fca1b093ad52e,"{""sasb_builder"": 3}",0,0,0,0,{},0.0,"{""common_neighbor_bin_l1"": 0.0, ""degree_product_bin_l1"": 0.0, ""is_boundary_edge_l1"": 0.0, ""is_bridge_edge_l1"": 0.0, ""is_inter_community_edge_l1"": 0.0, ""is_low_common_neighbor_edge_l1"": 0.0, ""mean_l1"": 0.0}",1,32,3,2.0,0
realworld_completed,bio_celegans,SASB-candidate,sasb,SASB-structured,20260513,1879,late,0.006622516556291391,0.006622516556291391,0.0,314,315,1,0.9279012345679012,0.928395061728395,12,353,12--353,1,2,1,2,2,0,0.0,0,0,0,3,"[""353"", ""12"", ""185""]",9b8045e080156c1ed977640156c37641cf9488776b0db7e209187b309051cbb2,"{""boundary"": 1, ""degree_core"": 1, ""random_fill"": 1}","{""degree_0_1"": 2, ""degree_2"": 1}","{""0"": 3}",64,"{""backend"": ""evaluate_m19_theory_calibrated.candidate_features"", ""delta_mode"": ""none"", ""k_max"": 512, ""k_min"": 64, ""variant"": ""conservative""}",2,1.0,0.0,0.0,1.0,1.0,"{""dp_0_4"": 1.0}","{""cn_0"": 1.0}",0.0,2.0,sasb_candidate_builder,e88365cd3000a30f0005b8466e5d32395623218d86338105e9463995064311a9,2,e88365cd3000a30f0005b8466e5d32395623218d86338105e9463995064311a9,"{""sasb_builder"": 2}",0,0,0,0,{},0.0,"{""common_neighbor_bin_l1"": 0.0, ""degree_product_bin_l1"": 0.0, ""is_boundary_edge_l1"": 0.0, ""is_bridge_edge_l1"": 0.0, ""is_inter_community_edge_l1"": 0.0, ""is_low_common_neighbor_edge_l1"": 0.0, ""mean_l1"": 0.0}",1,32,3,4.0,0
realworld_completed,bio_celegans,SASB-candidate,sasb,SASB-structured,20260513,1880,late,0.006622516556291391,0.006622516556291391,0.0,315,316,1,0.928395061728395,0.9288888888888889,363,84,363--84,1,2,1,2,2,0,0.0,0,0,0,3,"[""84"", ""363"", ""367""]",ffceaf780f0fe49c4ba901c9bf5cfaa01abb018975708b7536c3e8e41f1ad08a,"{""boundary"": 1, ""degree_core"": 1, ""random_fill"": 1}","{""degree_0_1"": 2, ""degree_2"": 1}","{""0"": 3}",64,"{""backend"": ""evaluate_m19_theory_calibrated.candidate_features"", ""delta_mode"": ""none"", ""k_max"": 512, ""k_min"": 64, ""variant"": ""conservative""}",2,1.0,0.0,0.0,1.0,1.0,"{""dp_0_4"": 1.0}","{""cn_0"": 1.0}",0.0,2.0,sasb_candidate_builder,a94085d2d98d1dab531f0dfba047cf85b8b4970c86f6774a1d085bf883993c71,2,a94085d2d98d1dab531f0dfba047cf85b8b4970c86f6774a1d085bf883993c71,"{""sasb_builder"": 2}",0,0,0,0,{},0.0,"{""common_neighbor_bin_l1"": 0.0, ""degree_product_bin_l1"": 0.0, ""is_boundary_edge_l1"": 0.0, ""is_bridge_edge_l1"": 0.0, ""is_inter_community_edge_l1"": 0.0, ""is_low_common_neighbor_edge_l1"": 0.0, ""mean_l1"": 0.0}",1,32,3,0.0,0
realworld_completed,bio_celegans,SASB-candidate,sasb,SASB-structured,20260513,1881,late,0.006622516556291391,0.006622516556291391,0.0,316,316,0,0.9288888888888889,0.9293827160493827,377,378,377--378,2,2,2,2,4,1,1.0,0,0,0,3,"[""377"", ""378"", ""382""]",198c793b8312086a65ba59c740b36b10bba83150b597bbe9371e2ec6fb1579ca,"{""boundary"": 1, ""community_rep"": 1, ""degree_core"": 1}","{""degree_2"": 3}","{""0"": 3}",64,"{""backend"": ""evaluate_m19_theory_calibrated.candidate_features"", ""delta_mode"": ""none"", ""k_max"": 512, ""k_min"": 64, ""variant"": ""conservative""}",3,1.0,0.0,0.0,0.0,1.0,"{""dp_0_4"": 1.0}","{""cn_1"": 1.0}",1.0,4.0,sasb_candidate_builder,3172d008f6a6524dc7c3885bd6a77ad3cd5513c405bb351ef3d416e5c6e08101,3,3172d008f6a6524dc7c3885bd6a77ad3cd5513c405bb351ef3d416e5c6e08101,"{""sasb_builder"": 3}",0,0,0,0,{},0.0,"{""common_neighbor_bin_l1"": 0.0, ""degree_product_bin_l1"": 0.0, ""is_boundary_edge_l1"": 0.0, ""is_bridge_edge_l1"": 0.0, ""is_inter_community_edge_l1"": 0.0, ""is_low_common_neighbor_edge_l1"": 0.0, ""mean_l1"": 0.0}",1,32,3,2.0,0
realworld_completed,bio_celegans,SASB-candidate,sasb,SASB-structured,20260513,1882,late,0.006622516556291391,0.006622516556291391,0.0,316,317,1,0.9293827160493827,0.9298765432098766,377,382,377--382,1,2,1,2,2,0,0.0,0,0,0,3,"[""382"", ""377"", ""378""]",a7defa9479874c861937a557f9aa74467b87aeb5aa7bce609b916c703168f8bf,"{""boundary"": 1, ""degree_core"": 1, ""random_fill"": 1}","{""degree_0_1"": 2, ""degree_2"": 1}","{""0"": 3}",64,"{""backend"": ""evaluate_m19_theory_calibrated.candidate_features"", ""delta_mode"": ""none"", ""k_max"": 512, ""k_min"": 64, ""variant"": ""conservative""}",2,1.0,0.0,0.0,1.0,1.0,"{""dp_0_4"": 1.0}","{""cn_0"": 1.0}",0.0,2.0,sasb_candidate_builder,e8992a599139f14912893ecc8acc31109f2763f56c5a27f715bce1598905c46e,2,e8992a599139f14912893ecc8acc31109f2763f56c5a27f715bce1598905c46e,"{""sasb_builder"": 2}",0,0,0,0,{},0.0,"{""common_neighbor_bin_l1"": 0.0, ""degree_product_bin_l1"": 0.0, ""is_boundary_edge_l1"": 0.0, ""is_bridge_edge_l1"": 0.0, ""is_inter_community_edge_l1"": 0.0, ""is_low_common_neighbor_edge_l1"": 0.0, ""mean_l1"": 0.0}",1,32,3,4.0,0
realworld_completed,bio_celegans,SASB-candidate,sasb,SASB-structured,20260513,1883,late,0.006622516556291391,0.006622516556291391,0.0,317,318,1,0.9298765432098766,0.9303703703703704,132,148,132--148,1,2,1,2,2,0,0.0,0,0,0,3,"[""148"", ""132"", ""43""]",b8fc51e01ad3a95eab753f4b9f118f4bd76ec924c1af08ec928f8ca60d9d1e0c,"{""boundary"": 1, ""degree_core"": 1, ""random_fill"": 1}","{""degree_0_1"": 2, ""degree_2"": 1}","{""0"": 3}",64,"{""backend"": ""evaluate_m19_theory_calibrated.candidate_features"", ""delta_mode"": ""none"", ""k_max"": 512, ""k_min"": 64, ""variant"": ""conservative""}",2,1.0,0.0,0.0,1.0,1.0,"{""dp_0_4"": 1.0}","{""cn_0"": 1.0}",0.0,2.0,sasb_candidate_builder,760acdc744b997dbe8c3aa60b32ae6785764287d6fa59a21077244763146e63a,2,760acdc744b997dbe8c3aa60b32ae6785764287d6fa59a21077244763146e63a,"{""sasb_builder"": 2}",0,0,0,0,{},0.0,"{""common_neighbor_bin_l1"": 0.0, ""degree_product_bin_l1"": 0.0, ""is_boundary_edge_l1"": 0.0, ""is_bridge_edge_l1"": 0.0, ""is_inter_community_edge_l1"": 0.0, ""is_low_common_neighbor_edge_l1"": 0.0, ""mean_l1"": 0.0}",1,32,3,4.0,0
realworld_completed,bio_celegans,SASB-candidate,sasb,SASB-structured,20260513,1884,late,0.006622516556291391,0.006622516556291391,0.0,318,319,1,0.9303703703703704,0.9308641975308642,398,77,398--77,2,1,1,2,2,0,0.0,0,0,0,3,"[""398"", ""77"", ""78""]",3f356c7e448a14cbc7707cd38c6bada3f90f3311b4b14e8de9f08c852e2be32f,"{""boundary"": 1, ""degree_core"": 1, ""random_fill"": 1}","{""degree_0_1"": 2, ""degree_2"": 1}","{""0"": 3}",64,"{""backend"": ""evaluate_m19_theory_calibrated.candidate_features"", ""delta_mode"": ""none"", ""k_max"": 512, ""k_min"": 64, ""variant"": ""conservative""}",2,1.0,0.0,0.0,1.0,1.0,"{""dp_0_4"": 1.0}","{""cn_0"": 1.0}",0.0,2.0,sasb_candidate_builder,81f210fdd0623e97d8529bde3e5506bb22225e59daf172519924d0c5f34b1b69,2,81f210fdd0623e97d8529bde3e5506bb22225e59daf172519924d0c5f34b1b69,"{""sasb_builder"": 2}",0,0,0,0,{},0.0,"{""common_neighbor_bin_l1"": 0.0, ""degree_product_bin_l1"": 0.0, ""is_boundary_edge_l1"": 0.0, ""is_bridge_edge_l1"": 0.0, ""is_inter_community_edge_l1"": 0.0, ""is_low_common_neighbor_edge_l1"": 0.0, ""mean_l1"": 0.0}",1,32,3,0.0,0
realworld_completed,bio_celegans,SASB-candidate,sasb,SASB-structured,20260513,1885,late,0.006622516556291391,0.006622516556291391,0.0,319,320,1,0.9308641975308642,0.931358024691358,104,139,104--139,2,1,1,2,2,0,0.0,0,0,0,3,"[""104"", ""139"", ""451""]",4b94212307bee02945501a92333f4b132f55694db24a4bf46dc7b1b00d238a1d,"{""boundary"": 1, ""degree_core"": 1, ""random_fill"": 1}","{""degree_0_1"": 2, ""degree_2"": 1}","{""0"": 3}",64,"{""backend"": ""evaluate_m19_theory_calibrated.candidate_features"", ""delta_mode"": ""none"", ""k_max"": 512, ""k_min"": 64, ""variant"": ""conservative""}",2,1.0,0.0,0.0,1.0,1.0,"{""dp_0_4"": 1.0}","{""cn_0"": 1.0}",0.0,2.0,sasb_candidate_builder,f426e0818a830c0e72b8d38ea1fa09e3384dc97d70545f0055a4aadc50383189,2,f426e0818a830c0e72b8d38ea1fa09e3384dc97d70545f0055a4aadc50383189,"{""sasb_builder"": 2}",0,0,0,0,{},0.0,"{""common_neighbor_bin_l1"": 0.0, ""degree_product_bin_l1"": 0.0, ""is_boundary_edge_l1"": 0.0, ""is_bridge_edge_l1"": 0.0, ""is_inter_community_edge_l1"": 0.0, ""is_low_common_neighbor_edge_l1"": 0.0, ""mean_l1"": 0.0}",1,32,3,4.0,0
realworld_completed,bio_celegans,SASB-candidate,sasb,SASB-structured,20260513,1886,late,0.006622516556291391,0.006622516556291391,0.0,320,320,0,0.931358024691358,0.9318518518518518,10,289,10--289,2,2,2,2,4,1,1.0,0,0,0,3,"[""10"", ""289"", ""365""]",c8c948dd7b636588ceb8b56bc36d3f510fbaa5377bf34300f89c575376c2469f,"{""boundary"": 1, ""community_rep"": 1, ""degree_core"": 1}","{""degree_2"": 3}","{""0"": 3}",64,"{""backend"": ""evaluate_m19_theory_calibrated.candidate_features"", ""delta_mode"": ""none"", ""k_max"": 512, ""k_min"": 64, ""variant"": ""conservative""}",3,1.0,0.0,0.0,0.0,1.0,"{""dp_0_4"": 1.0}","{""cn_1"": 1.0}",1.0,4.0,sasb_candidate_builder,e1ff7b5da56e8f3c342199a340e61c081f98ec25a9e0ac5f5961bfc6bef06371,3,e1ff7b5da56e8f3c342199a340e61c081f98ec25a9e0ac5f5961bfc6bef06371,"{""sasb_builder"": 3}",0,0,0,0,{},0.0,"{""common_neighbor_bin_l1"": 0.0, ""degree_product_bin_l1"": 0.0, ""is_boundary_edge_l1"": 0.0, ""is_bridge_edge_l1"": 0.0, ""is_inter_community_edge_l1"": 0.0, ""is_low_common_neighbor_edge_l1"": 0.0, ""mean_l1"": 0.0}",1,32,3,2.0,0
realworld_completed,bio_celegans,SASB-candidate,sasb,SASB-structured,20260513,1887,late,0.006622516556291391,0.006622516556291391,0.0,320,321,1,0.9318518518518518,0.9323456790123457,10,365,10--365,1,2,1,2,2,0,0.0,0,0,0,3,"[""365"", ""10"", ""289""]",b61a50162437fe195fcd079abfc192bc2def58eb9b32f80b5d528d56a7ee01cf,"{""boundary"": 1, ""degree_core"": 1, ""random_fill"": 1}","{""degree_0_1"": 2, ""degree_2"": 1}","{""0"": 3}",64,"{""backend"": ""evaluate_m19_theory_calibrated.candidate_features"", ""delta_mode"": ""none"", ""k_max"": 512, ""k_min"": 64, ""variant"": ""conservative""}",2,1.0,0.0,0.0,1.0,1.0,"{""dp_0_4"": 1.0}","{""cn_0"": 1.0}",0.0,2.0,sasb_candidate_builder,e3c3689d176f8b70cde86066eefcea1fadffd3994cc823cd0f62bda0940b3dd9,2,e3c3689d176f8b70cde86066eefcea1fadffd3994cc823cd0f62bda0940b3dd9,"{""sasb_builder"": 2}",0,0,0,0,{},0.0,"{""common_neighbor_bin_l1"": 0.0, ""degree_product_bin_l1"": 0.0, ""is_boundary_edge_l1"": 0.0, ""is_bridge_edge_l1"": 0.0, ""is_inter_community_edge_l1"": 0.0, ""is_low_common_neighbor_edge_l1"": 0.0, ""mean_l1"": 0.0}",1,32,3,4.0,0
realworld_completed,bio_celegans,SASB-candidate,sasb,SASB-structured,20260513,1888,late,0.006622516556291391,0.006622516556291391,0.0,321,322,1,0.9323456790123457,0.9328395061728395,138,203,138--203,1,2,1,2,2,0,0.0,0,0,0,3,"[""203"", ""138"", ""358""]",107de6af648522ef03b98bc05c54927fd147b2cc1cdf56cd0c8d96a315a5d177,"{""boundary"": 1, ""degree_core"": 1, ""random_fill"": 1}","{""degree_0_1"": 2, ""degree_2"": 1}","{""0"": 3}",64,"{""backend"": ""evaluate_m19_theory_calibrated.candidate_features"", ""delta_mode"": ""none"", ""k_max"": 512, ""k_min"": 64, ""variant"": ""conservative""}",2,1.0,0.0,0.0,1.0,1.0,"{""dp_0_4"": 1.0}","{""cn_0"": 1.0}",0.0,2.0,sasb_candidate_builder,97c21c98e9a6b54fd9cdae2240ab3620496d90ed3502556e300e44eeca554048,2,97c21c98e9a6b54fd9cdae2240ab3620496d90ed3502556e300e44eeca554048,"{""sasb_builder"": 2}",0,0,0,0,{},0.0,"{""common_neighbor_bin_l1"": 0.0, ""degree_product_bin_l1"": 0.0, ""is_boundary_edge_l1"": 0.0, ""is_bridge_edge_l1"": 0.0, ""is_inter_community_edge_l1"": 0.0, ""is_low_common_neighbor_edge_l1"": 0.0, ""mean_l1"": 0.0}",1,32,3,4.0,0
realworld_completed,bio_celegans,SASB-candidate,sasb,SASB-structured,20260513,1889,late,0.006622516556291391,0.006622516556291391,0.0,322,323,1,0.9328395061728395,0.9333333333333333,246,290,246--290,1,2,1,2,2,0,0.0,0,0,0,3,"[""290"", ""246"", ""279""]",12adb92b9c6a5e929442a75150537c75f28e3b7ed52cdb4c6199636a7830c184,"{""boundary"": 1, ""degree_core"": 1, ""random_fill"": 1}","{""degree_0_1"": 2, ""degree_2"": 1}","{""0"": 3}",64,"{""backend"": ""evaluate_m19_theory_calibrated.candidate_features"", ""delta_mode"": ""none"", ""k_max"": 512, ""k_min"": 64, ""variant"": ""conservative""}",2,1.0,0.0,0.0,1.0,1.0,"{""dp_0_4"": 1.0}","{""cn_0"": 1.0}",0.0,2.0,sasb_candidate_builder,8ad571acc8bafc17c5c52c8e0c256a2d51ee2722c23f1810f975df6ab9d4df54,2,8ad571acc8bafc17c5c52c8e0c256a2d51ee2722c23f1810f975df6ab9d4df54,"{""sasb_builder"": 2}",0,0,0,0,{},0.0,"{""common_neighbor_bin_l1"": 0.0, ""degree_product_bin_l1"": 0.0, ""is_boundary_edge_l1"": 0.0, ""is_bridge_edge_l1"": 0.0, ""is_inter_community_edge_l1"": 0.0, ""is_low_common_neighbor_edge_l1"": 0.0, ""mean_l1"": 0.0}",1,32,3,4.0,0
realworld_completed,bio_celegans,SASB-candidate,sasb,SASB-structured,20260513,1890,late,0.006622516556291391,0.006622516556291391,0.0,323,324,1,0.9333333333333333,0.9338271604938272,401,61,401--61,1,2,1,2,2,0,0.0,0,0,0,3,"[""61"", ""401"", ""403""]",76ac6368a456d207d2e5c6ec1deafb0dc2e4b9ea0ba382fa9f919f112ac03f02,"{""boundary"": 1, ""degree_core"": 1, ""random_fill"": 1}","{""degree_0_1"": 2, ""degree_2"": 1}","{""0"": 3}",64,"{""backend"": ""evaluate_m19_theory_calibrated.candidate_features"", ""delta_mode"": ""none"", ""k_max"": 512, ""k_min"": 64, ""variant"": ""conservative""}",2,1.0,0.0,0.0,1.0,1.0,"{""dp_0_4"": 1.0}","{""cn_0"": 1.0}",0.0,2.0,sasb_candidate_builder,068f3b80725e17660baea8277225c14339fc4fb1880d670d7d61e44d7fedabe2,2,068f3b80725e17660baea8277225c14339fc4fb1880d670d7d61e44d7fedabe2,"{""sasb_builder"": 2}",0,0,0,0,{},0.0,"{""common_neighbor_bin_l1"": 0.0, ""degree_product_bin_l1"": 0.0, ""is_boundary_edge_l1"": 0.0, ""is_bridge_edge_l1"": 0.0, ""is_inter_community_edge_l1"": 0.0, ""is_low_common_neighbor_edge_l1"": 0.0, ""mean_l1"": 0.0}",1,32,3,0.0,0
realworld_completed,bio_celegans,SASB-candidate,sasb,SASB-structured,20260513,1891,late,0.006622516556291391,0.006622516556291391,0.0,324,324,0,0.9338271604938272,0.934320987654321,297,322,297--322,2,2,2,2,4,1,1.0,0,0,0,3,"[""297"", ""322"", ""338""]",770ecafb6010938732b5fb1e265f4ec973653d98db9f91a6a17610371733cd87,"{""boundary"": 1, ""community_rep"": 1, ""degree_core"": 1}","{""degree_2"": 3}","{""0"": 3}",64,"{""backend"": ""evaluate_m19_theory_calibrated.candidate_features"", ""delta_mode"": ""none"", ""k_max"": 512, ""k_min"": 64, ""variant"": ""conservative""}",3,1.0,0.0,0.0,0.0,1.0,"{""dp_0_4"": 1.0}","{""cn_1"": 1.0}",1.0,4.0,sasb_candidate_builder,f16036cc67698c6adc980b5ae0eaf5dc09b306a19601a0e00615b7fe136bf235,3,f16036cc67698c6adc980b5ae0eaf5dc09b306a19601a0e00615b7fe136bf235,"{""sasb_builder"": 3}",0,0,0,0,{},0.0,"{""common_neighbor_bin_l1"": 0.0, ""degree_product_bin_l1"": 0.0, ""is_boundary_edge_l1"": 0.0, ""is_bridge_edge_l1"": 0.0, ""is_inter_community_edge_l1"": 0.0, ""is_low_common_neighbor_edge_l1"": 0.0, ""mean_l1"": 0.0}",1,32,3,2.0,0
realworld_completed,bio_celegans,SASB-candidate,sasb,SASB-structured,20260513,1892,late,0.006622516556291391,0.006622516556291391,0.0,324,325,1,0.934320987654321,0.9348148148148148,297,338,297--338,1,2,1,2,2,0,0.0,0,0,0,3,"[""338"", ""297"", ""322""]",befc17de486123cbe686524cc0cd3a051dcdb4bccfe58570ecc414193398b3d1,"{""boundary"": 1, ""degree_core"": 1, ""random_fill"": 1}","{""degree_0_1"": 2, ""degree_2"": 1}","{""0"": 3}",64,"{""backend"": ""evaluate_m19_theory_calibrated.candidate_features"", ""delta_mode"": ""none"", ""k_max"": 512, ""k_min"": 64, ""variant"": ""conservative""}",2,1.0,0.0,0.0,1.0,1.0,"{""dp_0_4"": 1.0}","{""cn_0"": 1.0}",0.0,2.0,sasb_candidate_builder,091d5fe1075460660c3105d855ed86f30e4ccec458885de2806535314897694b,2,091d5fe1075460660c3105d855ed86f30e4ccec458885de2806535314897694b,"{""sasb_builder"": 2}",0,0,0,0,{},0.0,"{""common_neighbor_bin_l1"": 0.0, ""degree_product_bin_l1"": 0.0, ""is_boundary_edge_l1"": 0.0, ""is_bridge_edge_l1"": 0.0, ""is_inter_community_edge_l1"": 0.0, ""is_low_common_neighbor_edge_l1"": 0.0, ""mean_l1"": 0.0}",1,32,3,4.0,0
realworld_completed,bio_celegans,SASB-candidate,sasb,SASB-structured,20260513,1893,late,0.006622516556291391,0.006622516556291391,0.0,325,325,0,0.9348148148148148,0.9353086419753086,161,175,161--175,2,2,2,2,4,1,1.0,0,0,0,3,"[""161"", ""175"", ""284""]",1550368019dbcde88affdd30ab2cd048c0365ddeab53fb5fe158ee45dfe233e5,"{""boundary"": 1, ""community_rep"": 1, ""degree_core"": 1}","{""degree_2"": 3}","{""0"": 3}",64,"{""backend"": ""evaluate_m19_theory_calibrated.candidate_features"", ""delta_mode"": ""none"", ""k_max"": 512, ""k_min"": 64, ""variant"": ""conservative""}",3,1.0,0.0,0.0,0.0,1.0,"{""dp_0_4"": 1.0}","{""cn_1"": 1.0}",1.0,4.0,sasb_candidate_builder,bbc5463a72846e2762b4dc9ae56a474428b797cc8a57e6c6c811b9cd1a4e489d,3,bbc5463a72846e2762b4dc9ae56a474428b797cc8a57e6c6c811b9cd1a4e489d,"{""sasb_builder"": 3}",0,0,0,0,{},0.0,"{""common_neighbor_bin_l1"": 0.0, ""degree_product_bin_l1"": 0.0, ""is_boundary_edge_l1"": 0.0, ""is_bridge_edge_l1"": 0.0, ""is_inter_community_edge_l1"": 0.0, ""is_low_common_neighbor_edge_l1"": 0.0, ""mean_l1"": 0.0}",1,32,3,2.0,0
realworld_completed,bio_celegans,SASB-candidate,sasb,SASB-structured,20260513,1894,late,0.006622516556291391,0.006622516556291391,0.0,325,326,1,0.9353086419753086,0.9358024691358025,161,284,161--284,1,2,1,2,2,0,0.0,0,0,0,3,"[""284"", ""161"", ""175""]",1bbef6a25b3e592fd1aaa911bbbed3ff663d1d25fac01ed072f5ae9b65d40daf,"{""boundary"": 1, ""degree_core"": 1, ""random_fill"": 1}","{""degree_0_1"": 2, ""degree_2"": 1}","{""0"": 3}",64,"{""backend"": ""evaluate_m19_theory_calibrated.candidate_features"", ""delta_mode"": ""none"", ""k_max"": 512, ""k_min"": 64, ""variant"": ""conservative""}",2,1.0,0.0,0.0,1.0,1.0,"{""dp_0_4"": 1.0}","{""cn_0"": 1.0}",0.0,2.0,sasb_candidate_builder,033e465b1bd877e62a710d571751fe98fe7a2b8b294ad194c244ba08c0c103e1,2,033e465b1bd877e62a710d571751fe98fe7a2b8b294ad194c244ba08c0c103e1,"{""sasb_builder"": 2}",0,0,0,0,{},0.0,"{""common_neighbor_bin_l1"": 0.0, ""degree_product_bin_l1"": 0.0, ""is_boundary_edge_l1"": 0.0, ""is_bridge_edge_l1"": 0.0, ""is_inter_community_edge_l1"": 0.0, ""is_low_common_neighbor_edge_l1"": 0.0, ""mean_l1"": 0.0}",1,32,3,4.0,0
realworld_completed,bio_celegans,SASB-candidate,sasb,SASB-structured,20260513,1895,late,0.006622516556291391,0.006622516556291391,0.0,326,327,1,0.9358024691358025,0.9362962962962963,245,247,245--247,2,1,1,2,2,0,0.0,0,0,0,3,"[""245"", ""247"", ""248""]",4c95568b2ad7fdb3be9fd7c554cd53119faa312561fe426dbfdf1d1b8634dfce,"{""boundary"": 1, ""degree_core"": 1, ""random_fill"": 1}","{""degree_0_1"": 2, ""degree_2"": 1}","{""0"": 3}",64,"{""backend"": ""evaluate_m19_theory_calibrated.candidate_features"", ""delta_mode"": ""none"", ""k_max"": 512, ""k_min"": 64, ""variant"": ""conservative""}",2,1.0,0.0,0.0,1.0,1.0,"{""dp_0_4"": 1.0}","{""cn_0"": 1.0}",0.0,2.0,sasb_candidate_builder,66c6fd6e70c33ad8703eecc6787fc91fdec6c443d4e1a074360fba9b72775475,2,66c6fd6e70c33ad8703eecc6787fc91fdec6c443d4e1a074360fba9b72775475,"{""sasb_builder"": 2}",0,0,0,0,{},0.0,"{""common_neighbor_bin_l1"": 0.0, ""degree_product_bin_l1"": 0.0, ""is_boundary_edge_l1"": 0.0, ""is_bridge_edge_l1"": 0.0, ""is_inter_community_edge_l1"": 0.0, ""is_low_common_neighbor_edge_l1"": 0.0, ""mean_l1"": 0.0}",1,32,3,4.0,0
realworld_completed,bio_celegans,SASB-candidate,sasb,SASB-structured,20260513,1896,late,0.006622516556291391,0.006622516556291391,0.0,327,328,1,0.9362962962962963,0.9367901234567901,252,253,252--253,2,1,1,2,2,0,0.0,0,0,0,3,"[""252"", ""253"", ""254""]",c2e407e3042275d4752f411524c8f8835a56c60e86b3c164a0fed15e22187424,"{""boundary"": 1, ""degree_core"": 1, ""random_fill"": 1}","{""degree_0_1"": 2, ""degree_2"": 1}","{""0"": 3}",64,"{""backend"": ""evaluate_m19_theory_calibrated.candidate_features"", ""delta_mode"": ""none"", ""k_max"": 512, ""k_min"": 64, ""variant"": ""conservative""}",2,1.0,0.0,0.0,1.0,1.0,"{""dp_0_4"": 1.0}","{""cn_0"": 1.0}",0.0,2.0,sasb_candidate_builder,722f4a4d273f663e9424b5ca0603403696289baf52dbcdbd4a1b38ced4d5d791,2,722f4a4d273f663e9424b5ca0603403696289baf52dbcdbd4a1b38ced4d5d791,"{""sasb_builder"": 2}",0,0,0,0,{},0.0,"{""common_neighbor_bin_l1"": 0.0, ""degree_product_bin_l1"": 0.0, ""is_boundary_edge_l1"": 0.0, ""is_bridge_edge_l1"": 0.0, ""is_inter_community_edge_l1"": 0.0, ""is_low_common_neighbor_edge_l1"": 0.0, ""mean_l1"": 0.0}",1,32,3,4.0,0
realworld_completed,bio_celegans,SASB-candidate,sasb,SASB-structured,20260513,1897,late,0.006622516556291391,0.006622516556291391,0.0,328,329,1,0.9367901234567901,0.937283950617284,255,259,255--259,2,1,1,2,2,0,0.0,0,0,0,3,"[""255"", ""259"", ""260""]",550b504cf6e61366745b5bc9a4b83129912e79ee489c6f0827695df5694ba326,"{""boundary"": 1, ""degree_core"": 1, ""random_fill"": 1}","{""degree_0_1"": 2, ""degree_2"": 1}","{""0"": 3}",64,"{""backend"": ""evaluate_m19_theory_calibrated.candidate_features"", ""delta_mode"": ""none"", ""k_max"": 512, ""k_min"": 64, ""variant"": ""conservative""}",2,1.0,0.0,0.0,1.0,1.0,"{""dp_0_4"": 1.0}","{""cn_0"": 1.0}",0.0,2.0,sasb_candidate_builder,0e28a93472f7caee985ef3758709bd5a19f25ca9effd3ebf82003ce6b23508a8,2,0e28a93472f7caee985ef3758709bd5a19f25ca9effd3ebf82003ce6b23508a8,"{""sasb_builder"": 2}",0,0,0,0,{},0.0,"{""common_neighbor_bin_l1"": 0.0, ""degree_product_bin_l1"": 0.0, ""is_boundary_edge_l1"": 0.0, ""is_bridge_edge_l1"": 0.0, ""is_inter_community_edge_l1"": 0.0, ""is_low_common_neighbor_edge_l1"": 0.0, ""mean_l1"": 0.0}",1,32,3,4.0,0
realworld_completed,bio_celegans,SASB-candidate,sasb,SASB-structured,20260513,1898,late,0.006622516556291391,0.006622516556291391,0.0,329,329,0,0.937283950617284,0.9377777777777778,183,350,183--350,2,2,2,2,4,1,1.0,0,0,0,3,"[""183"", ""350"", ""372""]",5645403991fcab538d4fd500a6fa07a2d0aad62ceccfaa7901940a5aa7e1437e,"{""boundary"": 1, ""community_rep"": 1, ""degree_core"": 1}","{""degree_2"": 3}","{""0"": 3}",64,"{""backend"": ""evaluate_m19_theory_calibrated.candidate_features"", ""delta_mode"": ""none"", ""k_max"": 512, ""k_min"": 64, ""variant"": ""conservative""}",3,1.0,0.0,0.0,0.0,1.0,"{""dp_0_4"": 1.0}","{""cn_1"": 1.0}",1.0,4.0,sasb_candidate_builder,54abc3cf021807ae95d5c4c846363fe14e20247b909f2bbd8c9dcfeadcf603e1,3,54abc3cf021807ae95d5c4c846363fe14e20247b909f2bbd8c9dcfeadcf603e1,"{""sasb_builder"": 3}",0,0,0,0,{},0.0,"{""common_neighbor_bin_l1"": 0.0, ""degree_product_bin_l1"": 0.0, ""is_boundary_edge_l1"": 0.0, ""is_bridge_edge_l1"": 0.0, ""is_inter_community_edge_l1"": 0.0, ""is_low_common_neighbor_edge_l1"": 0.0, ""mean_l1"": 0.0}",1,32,3,2.0,0
realworld_completed,bio_celegans,SASB-candidate,sasb,SASB-structured,20260513,1899,late,0.006622516556291391,0.006622516556291391,0.0,329,330,1,0.9377777777777778,0.9382716049382716,183,372,183--372,1,2,1,2,2,0,0.0,0,0,0,3,"[""372"", ""183"", ""350""]",a749585e84a66b82b112a1cb44007d72f36bde6be6734bc0531338d761601ea6,"{""boundary"": 1, ""degree_core"": 1, ""random_fill"": 1}","{""degree_0_1"": 2, ""degree_2"": 1}","{""0"": 3}",64,"{""backend"": ""evaluate_m19_theory_calibrated.candidate_features"", ""delta_mode"": ""none"", ""k_max"": 512, ""k_min"": 64, ""variant"": ""conservative""}",2,1.0,0.0,0.0,1.0,1.0,"{""dp_0_4"": 1.0}","{""cn_0"": 1.0}",0.0,2.0,sasb_candidate_builder,c577c45f251c0b04d56fb97a5bd53af7afd77802ef3ce129731965cd493a8872,2,c577c45f251c0b04d56fb97a5bd53af7afd77802ef3ce129731965cd493a8872,"{""sasb_builder"": 2}",0,0,0,0,{},0.0,"{""common_neighbor_bin_l1"": 0.0, ""degree_product_bin_l1"": 0.0, ""is_boundary_edge_l1"": 0.0, ""is_bridge_edge_l1"": 0.0, ""is_inter_community_edge_l1"": 0.0, ""is_low_common_neighbor_edge_l1"": 0.0, ""mean_l1"": 0.0}",1,32,3,4.0,0
realworld_completed,bio_celegans,SASB-candidate,sasb,SASB-structured,20260513,1900,late,0.006622516556291391,0.006622516556291391,0.0,330,330,0,0.9382716049382716,0.9387654320987654,198,22,198--22,2,2,2,2,4,1,1.0,0,0,0,3,"[""198"", ""22"", ""3""]",995bd781250d4ad6acb4db34672e488db4e7927d15e8ccdfd600013ee29538ce,"{""boundary"": 1, ""community_rep"": 1, ""degree_core"": 1}","{""degree_2"": 3}","{""0"": 3}",64,"{""backend"": ""evaluate_m19_theory_calibrated.candidate_features"", ""delta_mode"": ""none"", ""k_max"": 512, ""k_min"": 64, ""variant"": ""conservative""}",3,1.0,0.0,0.0,0.0,1.0,"{""dp_0_4"": 1.0}","{""cn_0"": 1.0}",0.0,4.0,sasb_candidate_builder,cba860c69d8b00daa86b70f53b527688be4af16b49f7d9fdbee2936811cb3be4,3,cba860c69d8b00daa86b70f53b527688be4af16b49f7d9fdbee2936811cb3be4,"{""sasb_builder"": 3}",0,0,0,0,{},0.0,"{""common_neighbor_bin_l1"": 0.0, ""degree_product_bin_l1"": 0.0, ""is_boundary_edge_l1"": 0.0, ""is_bridge_edge_l1"": 0.0, ""is_inter_community_edge_l1"": 0.0, ""is_low_common_neighbor_edge_l1"": 0.0, ""mean_l1"": 0.0}",1,32,3,0.0,0
realworld_completed,bio_celegans,SASB-candidate,sasb,SASB-structured,20260513,1901,late,0.006622516556291391,0.006622516556291391,0.0,330,331,1,0.9387654320987654,0.9392592592592592,198,3,198--3,1,2,1,2,2,0,0.0,0,0,0,3,"[""3"", ""198"", ""22""]",08c45d9433f47fc724e5986d1a5fa9666fdb4668e15de79f04824a2e436551fd,"{""boundary"": 1, ""degree_core"": 1, ""random_fill"": 1}","{""degree_0_1"": 2, ""degree_2"": 1}","{""0"": 3}",64,"{""backend"": ""evaluate_m19_theory_calibrated.candidate_features"", ""delta_mode"": ""none"", ""k_max"": 512, ""k_min"": 64, ""variant"": ""conservative""}",2,1.0,0.0,0.0,1.0,1.0,"{""dp_0_4"": 1.0}","{""cn_0"": 1.0}",0.0,2.0,sasb_candidate_builder,6207f657b9f4f18218d1e329f7757873f832fb2b86c55b981416814549fde943,2,6207f657b9f4f18218d1e329f7757873f832fb2b86c55b981416814549fde943,"{""sasb_builder"": 2}",0,0,0,0,{},0.0,"{""common_neighbor_bin_l1"": 0.0, ""degree_product_bin_l1"": 0.0, ""is_boundary_edge_l1"": 0.0, ""is_bridge_edge_l1"": 0.0, ""is_inter_community_edge_l1"": 0.0, ""is_low_common_neighbor_edge_l1"": 0.0, ""mean_l1"": 0.0}",1,32,3,0.0,0
realworld_completed,bio_celegans,SASB-candidate,sasb,SASB-structured,20260513,1902,late,0.006622516556291391,0.006622516556291391,0.0,331,332,1,0.9392592592592592,0.9397530864197531,285,46,285--46,1,2,1,2,2,0,0.0,0,0,0,3,"[""46"", ""285"", ""420""]",f068a413693c480e013f7007aca89d2e35ddc43e09c65b528b036eb3c1de7d9c,"{""boundary"": 1, ""degree_core"": 1, ""random_fill"": 1}","{""degree_0_1"": 2, ""degree_2"": 1}","{""0"": 3}",64,"{""backend"": ""evaluate_m19_theory_calibrated.candidate_features"", ""delta_mode"": ""none"", ""k_max"": 512, ""k_min"": 64, ""variant"": ""conservative""}",2,1.0,0.0,0.0,1.0,1.0,"{""dp_0_4"": 1.0}","{""cn_0"": 1.0}",0.0,2.0,sasb_candidate_builder,0fe23321da75f9d360b77493f5e803efacf39bf7e5b0b12525da8a649dd7c3b2,2,0fe23321da75f9d360b77493f5e803efacf39bf7e5b0b12525da8a649dd7c3b2,"{""sasb_builder"": 2}",0,0,0,0,{},0.0,"{""common_neighbor_bin_l1"": 0.0, ""degree_product_bin_l1"": 0.0, ""is_boundary_edge_l1"": 0.0, ""is_bridge_edge_l1"": 0.0, ""is_inter_community_edge_l1"": 0.0, ""is_low_common_neighbor_edge_l1"": 0.0, ""mean_l1"": 0.0}",1,32,3,0.0,0
realworld_completed,bio_celegans,SASB-candidate,sasb,SASB-structured,20260513,1903,late,0.006622516556291391,0.006622516556291391,0.0,332,333,1,0.9397530864197531,0.9402469135802469,283,79,283--79,2,1,1,2,2,0,0.0,0,0,0,3,"[""283"", ""79"", ""90""]",aafef751ea16823d5fa80d88f62144213241b7b021e75b3cd727b637476b3e7f,"{""boundary"": 1, ""degree_core"": 1, ""random_fill"": 1}","{""degree_0_1"": 2, ""degree_2"": 1}","{""0"": 3}",64,"{""backend"": ""evaluate_m19_theory_calibrated.candidate_features"", ""delta_mode"": ""none"", ""k_max"": 512, ""k_min"": 64, ""variant"": ""conservative""}",2,1.0,0.0,0.0,1.0,1.0,"{""dp_0_4"": 1.0}","{""cn_0"": 1.0}",0.0,2.0,sasb_candidate_builder,2d1d43357aa2154b194ee298bec96871f78990a169e8b964d94fe101f4eeaef8,2,2d1d43357aa2154b194ee298bec96871f78990a169e8b964d94fe101f4eeaef8,"{""sasb_builder"": 2}",0,0,0,0,{},0.0,"{""common_neighbor_bin_l1"": 0.0, ""degree_product_bin_l1"": 0.0, ""is_boundary_edge_l1"": 0.0, ""is_bridge_edge_l1"": 0.0, ""is_inter_community_edge_l1"": 0.0, ""is_low_common_neighbor_edge_l1"": 0.0, ""mean_l1"": 0.0}",1,32,3,0.0,0
realworld_completed,bio_celegans,SASB-candidate,sasb,SASB-structured,20260513,1904,late,0.006622516556291391,0.006622516556291391,0.0,333,334,1,0.9402469135802469,0.9407407407407408,191,271,191--271,1,2,1,2,2,0,0.0,0,0,0,3,"[""271"", ""191"", ""197""]",89649d5991687628ae962b30ab5c562970e866f1cc3896809a9ca061877da741,"{""boundary"": 1, ""degree_core"": 1, ""random_fill"": 1}","{""degree_0_1"": 2, ""degree_2"": 1}","{""0"": 3}",64,"{""backend"": ""evaluate_m19_theory_calibrated.candidate_features"", ""delta_mode"": ""none"", ""k_max"": 512, ""k_min"": 64, ""variant"": ""conservative""}",2,1.0,0.0,0.0,1.0,1.0,"{""dp_0_4"": 1.0}","{""cn_0"": 1.0}",0.0,2.0,sasb_candidate_builder,6e14c04ac144fc90597438932fd0fe0f87d8539083156be221d95ee916aa4963,2,6e14c04ac144fc90597438932fd0fe0f87d8539083156be221d95ee916aa4963,"{""sasb_builder"": 2}",0,0,0,0,{},0.0,"{""common_neighbor_bin_l1"": 0.0, ""degree_product_bin_l1"": 0.0, ""is_boundary_edge_l1"": 0.0, ""is_bridge_edge_l1"": 0.0, ""is_inter_community_edge_l1"": 0.0, ""is_low_common_neighbor_edge_l1"": 0.0, ""mean_l1"": 0.0}",1,32,3,4.0,0
realworld_completed,bio_celegans,SASB-candidate,sasb,SASB-structured,20260513,1905,late,0.006622516556291391,0.006622516556291391,0.0,334,334,0,0.9407407407407408,0.9412345679012346,189,324,189--324,2,2,2,2,4,1,1.0,0,0,0,3,"[""189"", ""324"", ""328""]",d233f92835d4b32662be6f66df345db91737afbb1bd0b4bc3ba74e8b6feb11b2,"{""boundary"": 1, ""community_rep"": 1, ""degree_core"": 1}","{""degree_2"": 3}","{""0"": 3}",64,"{""backend"": ""evaluate_m19_theory_calibrated.candidate_features"", ""delta_mode"": ""none"", ""k_max"": 512, ""k_min"": 64, ""variant"": ""conservative""}",3,1.0,0.0,0.0,0.0,1.0,"{""dp_0_4"": 1.0}","{""cn_1"": 1.0}",1.0,4.0,sasb_candidate_builder,5a5d713e64b4884f9fe91b9ae3af97382422555910f2f4093b1643272dd13276,3,5a5d713e64b4884f9fe91b9ae3af97382422555910f2f4093b1643272dd13276,"{""sasb_builder"": 3}",0,0,0,0,{},0.0,"{""common_neighbor_bin_l1"": 0.0, ""degree_product_bin_l1"": 0.0, ""is_boundary_edge_l1"": 0.0, ""is_bridge_edge_l1"": 0.0, ""is_inter_community_edge_l1"": 0.0, ""is_low_common_neighbor_edge_l1"": 0.0, ""mean_l1"": 0.0}",1,32,3,2.0,0
realworld_completed,bio_celegans,SASB-candidate,sasb,SASB-structured,20260513,1906,late,0.006622516556291391,0.006622516556291391,0.0,334,335,1,0.9412345679012346,0.9417283950617283,189,328,189--328,1,2,1,2,2,0,0.0,0,0,0,3,"[""328"", ""189"", ""324""]",49ddaa8c2cf5929a7f268494b1de2bd1c26c51058434409918e40d529ca247af,"{""boundary"": 1, ""degree_core"": 1, ""random_fill"": 1}","{""degree_0_1"": 2, ""degree_2"": 1}","{""0"": 3}",64,"{""backend"": ""evaluate_m19_theory_calibrated.candidate_features"", ""delta_mode"": ""none"", ""k_max"": 512, ""k_min"": 64, ""variant"": ""conservative""}",2,1.0,0.0,0.0,1.0,1.0,"{""dp_0_4"": 1.0}","{""cn_0"": 1.0}",0.0,2.0,sasb_candidate_builder,9a1eb1f647c7b204c87bbe1db68ed95ea9e6ce8d033d27e4f8189dd3e5919ed2,2,9a1eb1f647c7b204c87bbe1db68ed95ea9e6ce8d033d27e4f8189dd3e5919ed2,"{""sasb_builder"": 2}",0,0,0,0,{},0.0,"{""common_neighbor_bin_l1"": 0.0, ""degree_product_bin_l1"": 0.0, ""is_boundary_edge_l1"": 0.0, ""is_bridge_edge_l1"": 0.0, ""is_inter_community_edge_l1"": 0.0, ""is_low_common_neighbor_edge_l1"": 0.0, ""mean_l1"": 0.0}",1,32,3,4.0,0
realworld_completed,bio_celegans,SASB-candidate,sasb,SASB-structured,20260513,1907,late,0.006622516556291391,0.004415011037527594,0.002207505518763797,335,336,1,0.9417283950617283,0.9422222222222222,140,27,140--27,1,2,1,2,2,0,0.0,0,0,0,3,"[""27"", ""140"", ""194""]",fc2f58b601863fa04af62dfc9e8e65b73c11525472e899d6c8a248f0f91a7fc8,"{""boundary"": 1, ""degree_core"": 1, ""random_fill"": 1}","{""degree_0_1"": 2, ""degree_2"": 1}","{""0"": 3}",64,"{""backend"": ""evaluate_m19_theory_calibrated.candidate_features"", ""delta_mode"": ""none"", ""k_max"": 512, ""k_min"": 64, ""variant"": ""conservative""}",2,1.0,0.0,0.0,1.0,1.0,"{""dp_0_4"": 1.0}","{""cn_0"": 1.0}",0.0,2.0,sasb_candidate_builder,af6253b5efce692d6d36ac8ae3e5f5f7c8a4f27b41b5370b85fc1c2d8ab12f64,2,af6253b5efce692d6d36ac8ae3e5f5f7c8a4f27b41b5370b85fc1c2d8ab12f64,"{""sasb_builder"": 2}",0,0,0,0,{},0.0,"{""common_neighbor_bin_l1"": 0.0, ""degree_product_bin_l1"": 0.0, ""is_boundary_edge_l1"": 0.0, ""is_bridge_edge_l1"": 0.0, ""is_inter_community_edge_l1"": 0.0, ""is_low_common_neighbor_edge_l1"": 0.0, ""mean_l1"": 0.0}",1,32,3,0.0,0
realworld_completed,bio_celegans,SASB-candidate,sasb,SASB-structured,20260513,1908,late,0.004415011037527594,0.004415011037527594,0.0,336,337,1,0.9422222222222222,0.942716049382716,452,96,452--96,1,1,1,1,1,0,0.0,0,0,0,2,"[""452"", ""96""]",8fb69bb6312e02406ac64d0a2180c451c6aadf356915a9b49cc29cccf149d1d0,"{""boundary"": 1, ""community_rep"": 1}","{""degree_0_1"": 2}","{""0"": 2}",64,"{""backend"": ""evaluate_m19_theory_calibrated.candidate_features"", ""delta_mode"": ""none"", ""k_max"": 512, ""k_min"": 64, ""variant"": ""conservative""}",1,1.0,0.0,0.0,1.0,1.0,"{""dp_0_4"": 1.0}","{""cn_0"": 1.0}",0.0,1.0,sasb_candidate_builder,a7cf77b1884b5827ece1160c8fb52b3f822cdb9c929fe2eea319d5f87b13ea6a,1,a7cf77b1884b5827ece1160c8fb52b3f822cdb9c929fe2eea319d5f87b13ea6a,"{""sasb_builder"": 1}",0,0,0,0,{},0.0,"{""common_neighbor_bin_l1"": 0.0, ""degree_product_bin_l1"": 0.0, ""is_boundary_edge_l1"": 0.0, ""is_bridge_edge_l1"": 0.0, ""is_inter_community_edge_l1"": 0.0, ""is_low_common_neighbor_edge_l1"": 0.0, ""mean_l1"": 0.0}",1,32,2,0.0,0
realworld_completed,bio_celegans,SASB-candidate,sasb,SASB-structured,20260513,1909,late,0.004415011037527594,0.004415011037527594,0.0,337,338,1,0.942716049382716,0.9432098765432099,1,112,1--112,1,1,1,1,1,0,0.0,0,0,0,2,"[""1"", ""112""]",9e40398ec0d48a02b4508e413535180dd448b7a576776e4315f1b6feeed445c7,"{""boundary"": 1, ""community_rep"": 1}","{""degree_0_1"": 2}","{""0"": 2}",64,"{""backend"": ""evaluate_m19_theory_calibrated.candidate_features"", ""delta_mode"": ""none"", ""k_max"": 512, ""k_min"": 64, ""variant"": ""conservative""}",1,1.0,0.0,0.0,1.0,1.0,"{""dp_0_4"": 1.0}","{""cn_0"": 1.0}",0.0,1.0,sasb_candidate_builder,1b8bf13c040214ce8554cec76b07ecb174b74314622e639fa9156bae0aba8a2d,1,1b8bf13c040214ce8554cec76b07ecb174b74314622e639fa9156bae0aba8a2d,"{""sasb_builder"": 1}",0,0,0,0,{},0.0,"{""common_neighbor_bin_l1"": 0.0, ""degree_product_bin_l1"": 0.0, ""is_boundary_edge_l1"": 0.0, ""is_bridge_edge_l1"": 0.0, ""is_inter_community_edge_l1"": 0.0, ""is_low_common_neighbor_edge_l1"": 0.0, ""mean_l1"": 0.0}",1,32,2,2.0,0
realworld_completed,bio_celegans,SASB-candidate,sasb,SASB-structured,20260513,1910,late,0.004415011037527594,0.004415011037527594,0.0,338,339,1,0.9432098765432099,0.9437037037037037,334,54,334--54,1,1,1,1,1,0,0.0,0,0,0,2,"[""334"", ""54""]",777c826e8d8810f7a8c3c351716f488feb595ca822265579a49b883a9fc9d69c,"{""boundary"": 1, ""community_rep"": 1}","{""degree_0_1"": 2}","{""0"": 2}",64,"{""backend"": ""evaluate_m19_theory_calibrated.candidate_features"", ""delta_mode"": ""none"", ""k_max"": 512, ""k_min"": 64, ""variant"": ""conservative""}",1,1.0,0.0,0.0,1.0,1.0,"{""dp_0_4"": 1.0}","{""cn_0"": 1.0}",0.0,1.0,sasb_candidate_builder,14da8956e8c90874e83a9dbf50b10f9ead0e59f9e2efb40e2048c563072acd20,1,14da8956e8c90874e83a9dbf50b10f9ead0e59f9e2efb40e2048c563072acd20,"{""sasb_builder"": 1}",0,0,0,0,{},0.0,"{""common_neighbor_bin_l1"": 0.0, ""degree_product_bin_l1"": 0.0, ""is_boundary_edge_l1"": 0.0, ""is_bridge_edge_l1"": 0.0, ""is_inter_community_edge_l1"": 0.0, ""is_low_common_neighbor_edge_l1"": 0.0, ""mean_l1"": 0.0}",1,32,2,0.0,0
realworld_completed,bio_celegans,SASB-candidate,sasb,SASB-structured,20260513,1911,late,0.004415011037527594,0.004415011037527594,0.0,339,340,1,0.9437037037037037,0.9441975308641976,147,24,147--24,1,1,1,1,1,0,0.0,0,0,0,2,"[""147"", ""24""]",bd53bbc1171fbcd717e78deff2f5f9c398e65dcaca5bb5c9be7b97bf97ba1429,"{""boundary"": 1, ""community_rep"": 1}","{""degree_0_1"": 2}","{""0"": 2}",64,"{""backend"": ""evaluate_m19_theory_calibrated.candidate_features"", ""delta_mode"": ""none"", ""k_max"": 512, ""k_min"": 64, ""variant"": ""conservative""}",1,1.0,0.0,0.0,1.0,1.0,"{""dp_0_4"": 1.0}","{""cn_0"": 1.0}",0.0,1.0,sasb_candidate_builder,bf03ca1b3564cc550e925749249445ec580f1aaa619357860ab80de21e02c7e1,1,bf03ca1b3564cc550e925749249445ec580f1aaa619357860ab80de21e02c7e1,"{""sasb_builder"": 1}",0,0,0,0,{},0.0,"{""common_neighbor_bin_l1"": 0.0, ""degree_product_bin_l1"": 0.0, ""is_boundary_edge_l1"": 0.0, ""is_bridge_edge_l1"": 0.0, ""is_inter_community_edge_l1"": 0.0, ""is_low_common_neighbor_edge_l1"": 0.0, ""mean_l1"": 0.0}",1,32,2,0.0,0
realworld_completed,bio_celegans,SASB-candidate,sasb,SASB-structured,20260513,1912,late,0.004415011037527594,0.004415011037527594,0.0,340,341,1,0.9441975308641976,0.9446913580246914,168,214,168--214,1,1,1,1,1,0,0.0,0,0,0,2,"[""168"", ""214""]",d54134dd4e470af594a32fc35f0809220fad05b94f10d83badda5610bd4d933d,"{""boundary"": 1, ""community_rep"": 1}","{""degree_0_1"": 2}","{""0"": 2}",64,"{""backend"": ""evaluate_m19_theory_calibrated.candidate_features"", ""delta_mode"": ""none"", ""k_max"": 512, ""k_min"": 64, ""variant"": ""conservative""}",1,1.0,0.0,0.0,1.0,1.0,"{""dp_0_4"": 1.0}","{""cn_0"": 1.0}",0.0,1.0,sasb_candidate_builder,9990609f1a9ca0523fc12a0c89ce688b0ec1946386b3f57da9283a79cab029ae,1,9990609f1a9ca0523fc12a0c89ce688b0ec1946386b3f57da9283a79cab029ae,"{""sasb_builder"": 1}",0,0,0,0,{},0.0,"{""common_neighbor_bin_l1"": 0.0, ""degree_product_bin_l1"": 0.0, ""is_boundary_edge_l1"": 0.0, ""is_bridge_edge_l1"": 0.0, ""is_inter_community_edge_l1"": 0.0, ""is_low_common_neighbor_edge_l1"": 0.0, ""mean_l1"": 0.0}",1,32,2,2.0,0
realworld_completed,bio_celegans,SASB-candidate,sasb,SASB-structured,20260513,1913,late,0.004415011037527594,0.004415011037527594,0.0,341,342,1,0.9446913580246914,0.9451851851851852,126,224,126--224,1,1,1,1,1,0,0.0,0,0,0,2,"[""126"", ""224""]",59c8d64519328b01e72ddacfdbc6fc35c7b258863d8a1c97c895f14addd92770,"{""boundary"": 1, ""community_rep"": 1}","{""degree_0_1"": 2}","{""0"": 2}",64,"{""backend"": ""evaluate_m19_theory_calibrated.candidate_features"", ""delta_mode"": ""none"", ""k_max"": 512, ""k_min"": 64, ""variant"": ""conservative""}",1,1.0,0.0,0.0,1.0,1.0,"{""dp_0_4"": 1.0}","{""cn_0"": 1.0}",0.0,1.0,sasb_candidate_builder,1105ae2fe763d8993caf93a7789b9db681ce5b71f4a101966ed35a1e5b84a4ea,1,1105ae2fe763d8993caf93a7789b9db681ce5b71f4a101966ed35a1e5b84a4ea,"{""sasb_builder"": 1}",0,0,0,0,{},0.0,"{""common_neighbor_bin_l1"": 0.0, ""degree_product_bin_l1"": 0.0, ""is_boundary_edge_l1"": 0.0, ""is_bridge_edge_l1"": 0.0, ""is_inter_community_edge_l1"": 0.0, ""is_low_common_neighbor_edge_l1"": 0.0, ""mean_l1"": 0.0}",1,32,2,2.0,0
realworld_completed,bio_celegans,SASB-candidate,sasb,SASB-structured,20260513,1914,late,0.004415011037527594,0.004415011037527594,0.0,342,343,1,0.9451851851851852,0.945679012345679,235,325,235--325,1,1,1,1,1,0,0.0,0,0,0,2,"[""235"", ""325""]",da82bbb956e5f4da33225e0c2372a0d0e80073c9baa11d5bcf9537f564c61ecd,"{""boundary"": 1, ""community_rep"": 1}","{""degree_0_1"": 2}","{""0"": 2}",64,"{""backend"": ""evaluate_m19_theory_calibrated.candidate_features"", ""delta_mode"": ""none"", ""k_max"": 512, ""k_min"": 64, ""variant"": ""conservative""}",1,1.0,0.0,0.0,1.0,1.0,"{""dp_0_4"": 1.0}","{""cn_0"": 1.0}",0.0,1.0,sasb_candidate_builder,74ba2a1c1ab3248d8f708d8ecb9a4751261eed2f4a7a321288803812ab0bc0f0,1,74ba2a1c1ab3248d8f708d8ecb9a4751261eed2f4a7a321288803812ab0bc0f0,"{""sasb_builder"": 1}",0,0,0,0,{},0.0,"{""common_neighbor_bin_l1"": 0.0, ""degree_product_bin_l1"": 0.0, ""is_boundary_edge_l1"": 0.0, ""is_bridge_edge_l1"": 0.0, ""is_inter_community_edge_l1"": 0.0, ""is_low_common_neighbor_edge_l1"": 0.0, ""mean_l1"": 0.0}",1,32,2,2.0,0
realworld_completed,bio_celegans,SASB-candidate,sasb,SASB-structured,20260513,1915,late,0.004415011037527594,0.004415011037527594,0.0,343,344,1,0.945679012345679,0.9461728395061728,21,323,21--323,1,1,1,1,1,0,0.0,0,0,0,2,"[""21"", ""323""]",4ff5ca4e3c8c385cff1ceaa08de8905a7f7fb8c7ff6d87ff7c512c88907372d6,"{""boundary"": 1, ""community_rep"": 1}","{""degree_0_1"": 2}","{""0"": 2}",64,"{""backend"": ""evaluate_m19_theory_calibrated.candidate_features"", ""delta_mode"": ""none"", ""k_max"": 512, ""k_min"": 64, ""variant"": ""conservative""}",1,1.0,0.0,0.0,1.0,1.0,"{""dp_0_4"": 1.0}","{""cn_0"": 1.0}",0.0,1.0,sasb_candidate_builder,1ae6edcb257c118f5e1ea35b31839044fe537867cc5af21328d013a5c1c134d5,1,1ae6edcb257c118f5e1ea35b31839044fe537867cc5af21328d013a5c1c134d5,"{""sasb_builder"": 1}",0,0,0,0,{},0.0,"{""common_neighbor_bin_l1"": 0.0, ""degree_product_bin_l1"": 0.0, ""is_boundary_edge_l1"": 0.0, ""is_bridge_edge_l1"": 0.0, ""is_inter_community_edge_l1"": 0.0, ""is_low_common_neighbor_edge_l1"": 0.0, ""mean_l1"": 0.0}",1,32,2,2.0,0
realworld_completed,bio_celegans,SASB-candidate,sasb,SASB-structured,20260513,1916,late,0.004415011037527594,0.004415011037527594,0.0,344,345,1,0.9461728395061728,0.9466666666666667,346,357,346--357,1,1,1,1,1,0,0.0,0,0,0,2,"[""346"", ""357""]",9178762a8955a56e1dc2f37e06e78bb14532499efbb451cefd7aeeed55446997,"{""boundary"": 1, ""community_rep"": 1}","{""degree_0_1"": 2}","{""0"": 2}",64,"{""backend"": ""evaluate_m19_theory_calibrated.candidate_features"", ""delta_mode"": ""none"", ""k_max"": 512, ""k_min"": 64, ""variant"": ""conservative""}",1,1.0,0.0,0.0,1.0,1.0,"{""dp_0_4"": 1.0}","{""cn_0"": 1.0}",0.0,1.0,sasb_candidate_builder,cfd16c2fe118e33923796bb8825ed242418d8637472db9b4e608af55ce32e4d2,1,cfd16c2fe118e33923796bb8825ed242418d8637472db9b4e608af55ce32e4d2,"{""sasb_builder"": 1}",0,0,0,0,{},0.0,"{""common_neighbor_bin_l1"": 0.0, ""degree_product_bin_l1"": 0.0, ""is_boundary_edge_l1"": 0.0, ""is_bridge_edge_l1"": 0.0, ""is_inter_community_edge_l1"": 0.0, ""is_low_common_neighbor_edge_l1"": 0.0, ""mean_l1"": 0.0}",1,32,2,2.0,0
realworld_completed,bio_celegans,SASB-candidate,sasb,SASB-structured,20260513,1917,late,0.004415011037527594,0.004415011037527594,0.0,345,346,1,0.9466666666666667,0.9471604938271605,219,379,219--379,1,1,1,1,1,0,0.0,0,0,0,2,"[""219"", ""379""]",b21ab08f1a3946fd2d340171bf4e53f3ed85082a2d0c791230e3994be684ed4f,"{""boundary"": 1, ""community_rep"": 1}","{""degree_0_1"": 2}","{""0"": 2}",64,"{""backend"": ""evaluate_m19_theory_calibrated.candidate_features"", ""delta_mode"": ""none"", ""k_max"": 512, ""k_min"": 64, ""variant"": ""conservative""}",1,1.0,0.0,0.0,1.0,1.0,"{""dp_0_4"": 1.0}","{""cn_0"": 1.0}",0.0,1.0,sasb_candidate_builder,300dc10912902844686ea28436cbe0f8f32ca02fbb603a0c805a20f678aa41c2,1,300dc10912902844686ea28436cbe0f8f32ca02fbb603a0c805a20f678aa41c2,"{""sasb_builder"": 1}",0,0,0,0,{},0.0,"{""common_neighbor_bin_l1"": 0.0, ""degree_product_bin_l1"": 0.0, ""is_boundary_edge_l1"": 0.0, ""is_bridge_edge_l1"": 0.0, ""is_inter_community_edge_l1"": 0.0, ""is_low_common_neighbor_edge_l1"": 0.0, ""mean_l1"": 0.0}",1,32,2,2.0,0
realworld_completed,bio_celegans,SASB-candidate,sasb,SASB-structured,20260513,1918,late,0.004415011037527594,0.004415011037527594,0.0,346,347,1,0.9471604938271605,0.9476543209876543,390,6,390--6,1,1,1,1,1,0,0.0,0,0,0,2,"[""390"", ""6""]",30a65c8f388ee4d4b10195d07f31faf9cfaea9f8061617121fb50dceba15d3ac,"{""boundary"": 1, ""community_rep"": 1}","{""degree_0_1"": 2}","{""0"": 2}",64,"{""backend"": ""evaluate_m19_theory_calibrated.candidate_features"", ""delta_mode"": ""none"", ""k_max"": 512, ""k_min"": 64, ""variant"": ""conservative""}",1,1.0,0.0,0.0,1.0,1.0,"{""dp_0_4"": 1.0}","{""cn_0"": 1.0}",0.0,1.0,sasb_candidate_builder,b32e221a579eb33a397e2636588126e4e180df716a5d2c0cd0cb845afd3717cb,1,b32e221a579eb33a397e2636588126e4e180df716a5d2c0cd0cb845afd3717cb,"{""sasb_builder"": 1}",0,0,0,0,{},0.0,"{""common_neighbor_bin_l1"": 0.0, ""degree_product_bin_l1"": 0.0, ""is_boundary_edge_l1"": 0.0, ""is_bridge_edge_l1"": 0.0, ""is_inter_community_edge_l1"": 0.0, ""is_low_common_neighbor_edge_l1"": 0.0, ""mean_l1"": 0.0}",1,32,2,0.0,0
realworld_completed,bio_celegans,SASB-candidate,sasb,SASB-structured,20260513,1919,late,0.004415011037527594,0.004415011037527594,0.0,347,348,1,0.9476543209876543,0.9481481481481482,341,397,341--397,1,1,1,1,1,0,0.0,0,0,0,2,"[""341"", ""397""]",91d047e0843d77d7a6e2836d3f3d77e31967fd27c7a90e874c976071aa1d1e2d,"{""boundary"": 1, ""community_rep"": 1}","{""degree_0_1"": 2}","{""0"": 2}",64,"{""backend"": ""evaluate_m19_theory_calibrated.candidate_features"", ""delta_mode"": ""none"", ""k_max"": 512, ""k_min"": 64, ""variant"": ""conservative""}",1,1.0,0.0,0.0,1.0,1.0,"{""dp_0_4"": 1.0}","{""cn_0"": 1.0}",0.0,1.0,sasb_candidate_builder,b5496296aff26d3bf5a4f0eee5a0644435422e29c9516d007baf2bfca567b80a,1,b5496296aff26d3bf5a4f0eee5a0644435422e29c9516d007baf2bfca567b80a,"{""sasb_builder"": 1}",0,0,0,0,{},0.0,"{""common_neighbor_bin_l1"": 0.0, ""degree_product_bin_l1"": 0.0, ""is_boundary_edge_l1"": 0.0, ""is_bridge_edge_l1"": 0.0, ""is_inter_community_edge_l1"": 0.0, ""is_low_common_neighbor_edge_l1"": 0.0, ""mean_l1"": 0.0}",1,32,2,2.0,0
realworld_completed,bio_celegans,SASB-candidate,sasb,SASB-structured,20260513,1920,late,0.004415011037527594,0.004415011037527594,0.0,348,349,1,0.9481481481481482,0.948641975308642,386,399,386--399,1,1,1,1,1,0,0.0,0,0,0,2,"[""386"", ""399""]",615bac58e8602a7c996011d65e030dbf42d13e53f711a4caa3a1adb6ec95dfa8,"{""boundary"": 1, ""community_rep"": 1}","{""degree_0_1"": 2}","{""0"": 2}",64,"{""backend"": ""evaluate_m19_theory_calibrated.candidate_features"", ""delta_mode"": ""none"", ""k_max"": 512, ""k_min"": 64, ""variant"": ""conservative""}",1,1.0,0.0,0.0,1.0,1.0,"{""dp_0_4"": 1.0}","{""cn_0"": 1.0}",0.0,1.0,sasb_candidate_builder,048e6bbccde485b5df197c6336779f4ac23145640422f2fd631e2e86e28a2b84,1,048e6bbccde485b5df197c6336779f4ac23145640422f2fd631e2e86e28a2b84,"{""sasb_builder"": 1}",0,0,0,0,{},0.0,"{""common_neighbor_bin_l1"": 0.0, ""degree_product_bin_l1"": 0.0, ""is_boundary_edge_l1"": 0.0, ""is_bridge_edge_l1"": 0.0, ""is_inter_community_edge_l1"": 0.0, ""is_low_common_neighbor_edge_l1"": 0.0, ""mean_l1"": 0.0}",1,32,2,2.0,0
realworld_completed,bio_celegans,SASB-candidate,sasb,SASB-structured,20260513,1921,late,0.004415011037527594,0.004415011037527594,0.0,349,350,1,0.948641975308642,0.9491358024691358,385,400,385--400,1,1,1,1,1,0,0.0,0,0,0,2,"[""385"", ""400""]",fee5aed1c9934e087ffdb0df389532a69ccb6f22b2da0716dbbc95234bf520a4,"{""boundary"": 1, ""community_rep"": 1}","{""degree_0_1"": 2}","{""0"": 2}",64,"{""backend"": ""evaluate_m19_theory_calibrated.candidate_features"", ""delta_mode"": ""none"", ""k_max"": 512, ""k_min"": 64, ""variant"": ""conservative""}",1,1.0,0.0,0.0,1.0,1.0,"{""dp_0_4"": 1.0}","{""cn_0"": 1.0}",0.0,1.0,sasb_candidate_builder,4fa6dbae4401cded670cb1491fb8b83932ec8db488f2da36682468a5c194ac07,1,4fa6dbae4401cded670cb1491fb8b83932ec8db488f2da36682468a5c194ac07,"{""sasb_builder"": 1}",0,0,0,0,{},0.0,"{""common_neighbor_bin_l1"": 0.0, ""degree_product_bin_l1"": 0.0, ""is_boundary_edge_l1"": 0.0, ""is_bridge_edge_l1"": 0.0, ""is_inter_community_edge_l1"": 0.0, ""is_low_common_neighbor_edge_l1"": 0.0, ""mean_l1"": 0.0}",1,32,2,2.0,0
realworld_completed,bio_celegans,SASB-candidate,sasb,SASB-structured,20260513,1922,late,0.004415011037527594,0.004415011037527594,0.0,350,351,1,0.9491358024691358,0.9496296296296296,405,410,405--410,1,1,1,1,1,0,0.0,0,0,0,2,"[""405"", ""410""]",3c2a178a243b581cd871ae1ae14dbab477068c94e0a81d8c7676692a93447d9d,"{""boundary"": 1, ""community_rep"": 1}","{""degree_0_1"": 2}","{""0"": 2}",64,"{""backend"": ""evaluate_m19_theory_calibrated.candidate_features"", ""delta_mode"": ""none"", ""k_max"": 512, ""k_min"": 64, ""variant"": ""conservative""}",1,1.0,0.0,0.0,1.0,1.0,"{""dp_0_4"": 1.0}","{""cn_0"": 1.0}",0.0,1.0,sasb_candidate_builder,81292a10686a8b496730dcc16f034bccecdfc058af7b11b2e5e563d7c4622719,1,81292a10686a8b496730dcc16f034bccecdfc058af7b11b2e5e563d7c4622719,"{""sasb_builder"": 1}",0,0,0,0,{},0.0,"{""common_neighbor_bin_l1"": 0.0, ""degree_product_bin_l1"": 0.0, ""is_boundary_edge_l1"": 0.0, ""is_bridge_edge_l1"": 0.0, ""is_inter_community_edge_l1"": 0.0, ""is_low_common_neighbor_edge_l1"": 0.0, ""mean_l1"": 0.0}",1,32,2,2.0,0
realworld_completed,bio_celegans,SASB-candidate,sasb,SASB-structured,20260513,1923,late,0.004415011037527594,0.004415011037527594,0.0,351,352,1,0.9496296296296296,0.9501234567901234,100,14,100--14,1,1,1,1,1,0,0.0,0,0,0,2,"[""100"", ""14""]",2427fae795022e594565f7f248bb37a36978686da9d0e77f7f4922f3de8261bb,"{""boundary"": 1, ""community_rep"": 1}","{""degree_0_1"": 2}","{""0"": 2}",64,"{""backend"": ""evaluate_m19_theory_calibrated.candidate_features"", ""delta_mode"": ""none"", ""k_max"": 512, ""k_min"": 64, ""variant"": ""conservative""}",1,1.0,0.0,0.0,1.0,1.0,"{""dp_0_4"": 1.0}","{""cn_0"": 1.0}",0.0,1.0,sasb_candidate_builder,faa0a4977f9b9c842885fd09bff3f66404f9f650d1bc227f25c4d0b3cc0561c8,1,faa0a4977f9b9c842885fd09bff3f66404f9f650d1bc227f25c4d0b3cc0561c8,"{""sasb_builder"": 1}",0,0,0,0,{},0.0,"{""common_neighbor_bin_l1"": 0.0, ""degree_product_bin_l1"": 0.0, ""is_boundary_edge_l1"": 0.0, ""is_bridge_edge_l1"": 0.0, ""is_inter_community_edge_l1"": 0.0, ""is_low_common_neighbor_edge_l1"": 0.0, ""mean_l1"": 0.0}",1,32,2,0.0,0
realworld_completed,bio_celegans,SASB-candidate,sasb,SASB-structured,20260513,1924,late,0.004415011037527594,0.004415011037527594,0.0,352,353,1,0.9501234567901234,0.9506172839506173,16,181,16--181,1,1,1,1,1,0,0.0,0,0,0,2,"[""16"", ""181""]",71bee9d0221e1b9646925a28acda5b679368f795d9d5298a345f1081ff9b2a82,"{""boundary"": 1, ""community_rep"": 1}","{""degree_0_1"": 2}","{""0"": 2}",64,"{""backend"": ""evaluate_m19_theory_calibrated.candidate_features"", ""delta_mode"": ""none"", ""k_max"": 512, ""k_min"": 64, ""variant"": ""conservative""}",1,1.0,0.0,0.0,1.0,1.0,"{""dp_0_4"": 1.0}","{""cn_0"": 1.0}",0.0,1.0,sasb_candidate_builder,4cd024f8aa31cb6e776eac55fd291e2518156eb87117b453165d91e2ec83fc4b,1,4cd024f8aa31cb6e776eac55fd291e2518156eb87117b453165d91e2ec83fc4b,"{""sasb_builder"": 1}",0,0,0,0,{},0.0,"{""common_neighbor_bin_l1"": 0.0, ""degree_product_bin_l1"": 0.0, ""is_boundary_edge_l1"": 0.0, ""is_bridge_edge_l1"": 0.0, ""is_inter_community_edge_l1"": 0.0, ""is_low_common_neighbor_edge_l1"": 0.0, ""mean_l1"": 0.0}",1,32,2,2.0,0
realworld_completed,bio_celegans,SASB-candidate,sasb,SASB-structured,20260513,1925,late,0.004415011037527594,0.004415011037527594,0.0,353,354,1,0.9506172839506173,0.9511111111111111,18,218,18--218,1,1,1,1,1,0,0.0,0,0,0,2,"[""18"", ""218""]",b47fb6b45c07a40c58f7e908323d7af494af392e6d898dceb965370a39825e34,"{""boundary"": 1, ""community_rep"": 1}","{""degree_0_1"": 2}","{""0"": 2}",64,"{""backend"": ""evaluate_m19_theory_calibrated.candidate_features"", ""delta_mode"": ""none"", ""k_max"": 512, ""k_min"": 64, ""variant"": ""conservative""}",1,1.0,0.0,0.0,1.0,1.0,"{""dp_0_4"": 1.0}","{""cn_0"": 1.0}",0.0,1.0,sasb_candidate_builder,e76446e8b733d33f66d9386953a8467f031686b5203b736cc4dcc850f9ee4b8e,1,e76446e8b733d33f66d9386953a8467f031686b5203b736cc4dcc850f9ee4b8e,"{""sasb_builder"": 1}",0,0,0,0,{},0.0,"{""common_neighbor_bin_l1"": 0.0, ""degree_product_bin_l1"": 0.0, ""is_boundary_edge_l1"": 0.0, ""is_bridge_edge_l1"": 0.0, ""is_inter_community_edge_l1"": 0.0, ""is_low_common_neighbor_edge_l1"": 0.0, ""mean_l1"": 0.0}",1,32,2,2.0,0
realworld_completed,bio_celegans,SASB-candidate,sasb,SASB-structured,20260513,1926,late,0.004415011037527594,0.004415011037527594,0.0,354,355,1,0.9511111111111111,0.951604938271605,19,20,19--20,1,1,1,1,1,0,0.0,0,0,0,2,"[""19"", ""20""]",8c4fef64830e4dd4a9887392e429d7e0e27ea83cff918378183158e7e45f3327,"{""boundary"": 1, ""community_rep"": 1}","{""degree_0_1"": 2}","{""0"": 2}",64,"{""backend"": ""evaluate_m19_theory_calibrated.candidate_features"", ""delta_mode"": ""none"", ""k_max"": 512, ""k_min"": 64, ""variant"": ""conservative""}",1,1.0,0.0,0.0,1.0,1.0,"{""dp_0_4"": 1.0}","{""cn_0"": 1.0}",0.0,1.0,sasb_candidate_builder,3d17ad43b6e51e97d8c9cc6df2671d4f745c47ab92501c633909ccb81714395f,1,3d17ad43b6e51e97d8c9cc6df2671d4f745c47ab92501c633909ccb81714395f,"{""sasb_builder"": 1}",0,0,0,0,{},0.0,"{""common_neighbor_bin_l1"": 0.0, ""degree_product_bin_l1"": 0.0, ""is_boundary_edge_l1"": 0.0, ""is_bridge_edge_l1"": 0.0, ""is_inter_community_edge_l1"": 0.0, ""is_low_common_neighbor_edge_l1"": 0.0, ""mean_l1"": 0.0}",1,32,2,2.0,0
realworld_completed,bio_celegans,SASB-candidate,sasb,SASB-structured,20260513,1927,late,0.004415011037527594,0.004415011037527594,0.0,355,356,1,0.951604938271605,0.9520987654320988,165,29,165--29,1,1,1,1,1,0,0.0,0,0,0,2,"[""165"", ""29""]",9413d38ae5dc4e6906afb33e47caf8c57cd342841ee56e22963d1baeb7a33c0a,"{""boundary"": 1, ""community_rep"": 1}","{""degree_0_1"": 2}","{""0"": 2}",64,"{""backend"": ""evaluate_m19_theory_calibrated.candidate_features"", ""delta_mode"": ""none"", ""k_max"": 512, ""k_min"": 64, ""variant"": ""conservative""}",1,1.0,0.0,0.0,1.0,1.0,"{""dp_0_4"": 1.0}","{""cn_0"": 1.0}",0.0,1.0,sasb_candidate_builder,e74fa0cf2b0cc70d51eba85760821e09e9c70f7f4f2f0757783751374eefc4f1,1,e74fa0cf2b0cc70d51eba85760821e09e9c70f7f4f2f0757783751374eefc4f1,"{""sasb_builder"": 1}",0,0,0,0,{},0.0,"{""common_neighbor_bin_l1"": 0.0, ""degree_product_bin_l1"": 0.0, ""is_boundary_edge_l1"": 0.0, ""is_bridge_edge_l1"": 0.0, ""is_inter_community_edge_l1"": 0.0, ""is_low_common_neighbor_edge_l1"": 0.0, ""mean_l1"": 0.0}",1,32,2,0.0,0
realworld_completed,bio_celegans,SASB-candidate,sasb,SASB-structured,20260513,1928,late,0.004415011037527594,0.004415011037527594,0.0,356,357,1,0.9520987654320988,0.9525925925925925,272,32,272--32,1,1,1,1,1,0,0.0,0,0,0,2,"[""272"", ""32""]",643e0262440ad62945751865e6cd0d5f8a8465701d0b1f49eb2ca3b9a1e09b3b,"{""boundary"": 1, ""community_rep"": 1}","{""degree_0_1"": 2}","{""0"": 2}",64,"{""backend"": ""evaluate_m19_theory_calibrated.candidate_features"", ""delta_mode"": ""none"", ""k_max"": 512, ""k_min"": 64, ""variant"": ""conservative""}",1,1.0,0.0,0.0,1.0,1.0,"{""dp_0_4"": 1.0}","{""cn_0"": 1.0}",0.0,1.0,sasb_candidate_builder,575c08158ebbfacec722429a28d1463e6da7b066b62be0bf5defc19af2312001,1,575c08158ebbfacec722429a28d1463e6da7b066b62be0bf5defc19af2312001,"{""sasb_builder"": 1}",0,0,0,0,{},0.0,"{""common_neighbor_bin_l1"": 0.0, ""degree_product_bin_l1"": 0.0, ""is_boundary_edge_l1"": 0.0, ""is_bridge_edge_l1"": 0.0, ""is_inter_community_edge_l1"": 0.0, ""is_low_common_neighbor_edge_l1"": 0.0, ""mean_l1"": 0.0}",1,32,2,0.0,0
realworld_completed,bio_celegans,SASB-candidate,sasb,SASB-structured,20260513,1929,late,0.004415011037527594,0.004415011037527594,0.0,357,358,1,0.9525925925925925,0.9530864197530864,28,37,28--37,1,1,1,1,1,0,0.0,0,0,0,2,"[""28"", ""37""]",451566c1e27d332c78db380fc19c304e93d5962000bd242e0218b2cef7d9ec17,"{""boundary"": 1, ""community_rep"": 1}","{""degree_0_1"": 2}","{""0"": 2}",64,"{""backend"": ""evaluate_m19_theory_calibrated.candidate_features"", ""delta_mode"": ""none"", ""k_max"": 512, ""k_min"": 64, ""variant"": ""conservative""}",1,1.0,0.0,0.0,1.0,1.0,"{""dp_0_4"": 1.0}","{""cn_0"": 1.0}",0.0,1.0,sasb_candidate_builder,e77c1cd220fd8be04aab86a03fdd002b8f4ff727bb66db70692388ca34e0e33c,1,e77c1cd220fd8be04aab86a03fdd002b8f4ff727bb66db70692388ca34e0e33c,"{""sasb_builder"": 1}",0,0,0,0,{},0.0,"{""common_neighbor_bin_l1"": 0.0, ""degree_product_bin_l1"": 0.0, ""is_boundary_edge_l1"": 0.0, ""is_bridge_edge_l1"": 0.0, ""is_inter_community_edge_l1"": 0.0, ""is_low_common_neighbor_edge_l1"": 0.0, ""mean_l1"": 0.0}",1,32,2,2.0,0
realworld_completed,bio_celegans,SASB-candidate,sasb,SASB-structured,20260513,1930,late,0.004415011037527594,0.004415011037527594,0.0,358,359,1,0.9530864197530864,0.9535802469135802,228,40,228--40,1,1,1,1,1,0,0.0,0,0,0,2,"[""228"", ""40""]",fa3c4e0bbc9e6fedcc1b5906a7dccf1071e656afb22b84ef75bc8dd7ac59f11f,"{""boundary"": 1, ""community_rep"": 1}","{""degree_0_1"": 2}","{""0"": 2}",64,"{""backend"": ""evaluate_m19_theory_calibrated.candidate_features"", ""delta_mode"": ""none"", ""k_max"": 512, ""k_min"": 64, ""variant"": ""conservative""}",1,1.0,0.0,0.0,1.0,1.0,"{""dp_0_4"": 1.0}","{""cn_0"": 1.0}",0.0,1.0,sasb_candidate_builder,20e72ceb6abeeaa020c3d9a99a5be695dc10393781e139a23b36c489074d68e1,1,20e72ceb6abeeaa020c3d9a99a5be695dc10393781e139a23b36c489074d68e1,"{""sasb_builder"": 1}",0,0,0,0,{},0.0,"{""common_neighbor_bin_l1"": 0.0, ""degree_product_bin_l1"": 0.0, ""is_boundary_edge_l1"": 0.0, ""is_bridge_edge_l1"": 0.0, ""is_inter_community_edge_l1"": 0.0, ""is_low_common_neighbor_edge_l1"": 0.0, ""mean_l1"": 0.0}",1,32,2,0.0,0
realworld_completed,bio_celegans,SASB-candidate,sasb,SASB-structured,20260513,1931,late,0.004415011037527594,0.004415011037527594,0.0,359,360,1,0.9535802469135802,0.9540740740740741,45,67,45--67,1,1,1,1,1,0,0.0,0,0,0,2,"[""45"", ""67""]",a546f703722d9deb9d2daed10fc94b95336506e63e5de5e5d5465220d9c03007,"{""boundary"": 1, ""community_rep"": 1}","{""degree_0_1"": 2}","{""0"": 2}",64,"{""backend"": ""evaluate_m19_theory_calibrated.candidate_features"", ""delta_mode"": ""none"", ""k_max"": 512, ""k_min"": 64, ""variant"": ""conservative""}",1,1.0,0.0,0.0,1.0,1.0,"{""dp_0_4"": 1.0}","{""cn_0"": 1.0}",0.0,1.0,sasb_candidate_builder,c472a184240017d5d97b38746593e793053cdb5376ef7d24c8fa8c215d98555b,1,c472a184240017d5d97b38746593e793053cdb5376ef7d24c8fa8c215d98555b,"{""sasb_builder"": 1}",0,0,0,0,{},0.0,"{""common_neighbor_bin_l1"": 0.0, ""degree_product_bin_l1"": 0.0, ""is_boundary_edge_l1"": 0.0, ""is_bridge_edge_l1"": 0.0, ""is_inter_community_edge_l1"": 0.0, ""is_low_common_neighbor_edge_l1"": 0.0, ""mean_l1"": 0.0}",1,32,2,2.0,0
realworld_completed,bio_celegans,SASB-candidate,sasb,SASB-structured,20260513,1932,late,0.004415011037527594,0.004415011037527594,0.0,360,361,1,0.9540740740740741,0.9545679012345679,387,47,387--47,1,1,1,1,1,0,0.0,0,0,0,2,"[""387"", ""47""]",c7f08f96710efa5e550a7b2a2f6bf5785429754debcabe674d4353828dc04c1e,"{""boundary"": 1, ""community_rep"": 1}","{""degree_0_1"": 2}","{""0"": 2}",64,"{""backend"": ""evaluate_m19_theory_calibrated.candidate_features"", ""delta_mode"": ""none"", ""k_max"": 512, ""k_min"": 64, ""variant"": ""conservative""}",1,1.0,0.0,0.0,1.0,1.0,"{""dp_0_4"": 1.0}","{""cn_0"": 1.0}",0.0,1.0,sasb_candidate_builder,27daacefa776a7c9cb322fdda8044f4a8f34bfcb88dd01cd8055da751ecee776,1,27daacefa776a7c9cb322fdda8044f4a8f34bfcb88dd01cd8055da751ecee776,"{""sasb_builder"": 1}",0,0,0,0,{},0.0,"{""common_neighbor_bin_l1"": 0.0, ""degree_product_bin_l1"": 0.0, ""is_boundary_edge_l1"": 0.0, ""is_bridge_edge_l1"": 0.0, ""is_inter_community_edge_l1"": 0.0, ""is_low_common_neighbor_edge_l1"": 0.0, ""mean_l1"": 0.0}",1,32,2,0.0,0
realworld_completed,bio_celegans,SASB-candidate,sasb,SASB-structured,20260513,1933,late,0.004415011037527594,0.004415011037527594,0.0,361,362,1,0.9545679012345679,0.9550617283950618,445,53,445--53,1,1,1,1,1,0,0.0,0,0,0,2,"[""445"", ""53""]",8b19b9fde82269541b0cf9a51c62e4afa1b5ea84611c1af6ff27d2b9ccb95b0f,"{""boundary"": 1, ""community_rep"": 1}","{""degree_0_1"": 2}","{""0"": 2}",64,"{""backend"": ""evaluate_m19_theory_calibrated.candidate_features"", ""delta_mode"": ""none"", ""k_max"": 512, ""k_min"": 64, ""variant"": ""conservative""}",1,1.0,0.0,0.0,1.0,1.0,"{""dp_0_4"": 1.0}","{""cn_0"": 1.0}",0.0,1.0,sasb_candidate_builder,907d67acb9cb3bb0e3bb24e101992d084b7371d770449968cc5d3dee27fa3e96,1,907d67acb9cb3bb0e3bb24e101992d084b7371d770449968cc5d3dee27fa3e96,"{""sasb_builder"": 1}",0,0,0,0,{},0.0,"{""common_neighbor_bin_l1"": 0.0, ""degree_product_bin_l1"": 0.0, ""is_boundary_edge_l1"": 0.0, ""is_bridge_edge_l1"": 0.0, ""is_inter_community_edge_l1"": 0.0, ""is_low_common_neighbor_edge_l1"": 0.0, ""mean_l1"": 0.0}",1,32,2,0.0,0
realworld_completed,bio_celegans,SASB-candidate,sasb,SASB-structured,20260513,1934,late,0.004415011037527594,0.004415011037527594,0.0,362,363,1,0.9550617283950618,0.9555555555555556,366,55,366--55,1,1,1,1,1,0,0.0,0,0,0,2,"[""366"", ""55""]",3e6ab661dc5a81a411ba7f23ce1faa6b68f3512a30844f01d7571e31e158159c,"{""boundary"": 1, ""community_rep"": 1}","{""degree_0_1"": 2}","{""0"": 2}",64,"{""backend"": ""evaluate_m19_theory_calibrated.candidate_features"", ""delta_mode"": ""none"", ""k_max"": 512, ""k_min"": 64, ""variant"": ""conservative""}",1,1.0,0.0,0.0,1.0,1.0,"{""dp_0_4"": 1.0}","{""cn_0"": 1.0}",0.0,1.0,sasb_candidate_builder,133fcae7fbe5e897c0bdd681c3c8c2ddb8ca65ba3e06179bc1071040b32adf54,1,133fcae7fbe5e897c0bdd681c3c8c2ddb8ca65ba3e06179bc1071040b32adf54,"{""sasb_builder"": 1}",0,0,0,0,{},0.0,"{""common_neighbor_bin_l1"": 0.0, ""degree_product_bin_l1"": 0.0, ""is_boundary_edge_l1"": 0.0, ""is_bridge_edge_l1"": 0.0, ""is_inter_community_edge_l1"": 0.0, ""is_low_common_neighbor_edge_l1"": 0.0, ""mean_l1"": 0.0}",1,32,2,0.0,0
realworld_completed,bio_celegans,SASB-candidate,sasb,SASB-structured,20260513,1935,late,0.004415011037527594,0.004415011037527594,0.0,363,364,1,0.9555555555555556,0.9560493827160493,62,9,62--9,1,1,1,1,1,0,0.0,0,0,0,2,"[""62"", ""9""]",d4e2d9b15d0510c4b90c1d9585dc93d4808325be6055ed42efd36be5772f1a79,"{""boundary"": 1, ""community_rep"": 1}","{""degree_0_1"": 2}","{""0"": 2}",64,"{""backend"": ""evaluate_m19_theory_calibrated.candidate_features"", ""delta_mode"": ""none"", ""k_max"": 512, ""k_min"": 64, ""variant"": ""conservative""}",1,1.0,0.0,0.0,1.0,1.0,"{""dp_0_4"": 1.0}","{""cn_0"": 1.0}",0.0,1.0,sasb_candidate_builder,5c46ea9e46087950b05a4b6a7fc3cd6661ab11d57c040aef17cd5177e4ca432a,1,5c46ea9e46087950b05a4b6a7fc3cd6661ab11d57c040aef17cd5177e4ca432a,"{""sasb_builder"": 1}",0,0,0,0,{},0.0,"{""common_neighbor_bin_l1"": 0.0, ""degree_product_bin_l1"": 0.0, ""is_boundary_edge_l1"": 0.0, ""is_bridge_edge_l1"": 0.0, ""is_inter_community_edge_l1"": 0.0, ""is_low_common_neighbor_edge_l1"": 0.0, ""mean_l1"": 0.0}",1,32,2,0.0,0
realworld_completed,bio_celegans,SASB-candidate,sasb,SASB-structured,20260513,1936,late,0.004415011037527594,0.004415011037527594,0.0,364,365,1,0.9560493827160493,0.9565432098765432,217,69,217--69,1,1,1,1,1,0,0.0,0,0,0,2,"[""217"", ""69""]",f4332ae7f61ce1ccb4834d54406fce27963275a6f3ad172563ff28bbcde9a380,"{""boundary"": 1, ""community_rep"": 1}","{""degree_0_1"": 2}","{""0"": 2}",64,"{""backend"": ""evaluate_m19_theory_calibrated.candidate_features"", ""delta_mode"": ""none"", ""k_max"": 512, ""k_min"": 64, ""variant"": ""conservative""}",1,1.0,0.0,0.0,1.0,1.0,"{""dp_0_4"": 1.0}","{""cn_0"": 1.0}",0.0,1.0,sasb_candidate_builder,4c942b6deaa1e6777428c3e1d84ae5309be891c9b3448df57a117c72e80f603f,1,4c942b6deaa1e6777428c3e1d84ae5309be891c9b3448df57a117c72e80f603f,"{""sasb_builder"": 1}",0,0,0,0,{},0.0,"{""common_neighbor_bin_l1"": 0.0, ""degree_product_bin_l1"": 0.0, ""is_boundary_edge_l1"": 0.0, ""is_bridge_edge_l1"": 0.0, ""is_inter_community_edge_l1"": 0.0, ""is_low_common_neighbor_edge_l1"": 0.0, ""mean_l1"": 0.0}",1,32,2,0.0,0
realworld_completed,bio_celegans,SASB-candidate,sasb,SASB-structured,20260513,1937,late,0.004415011037527594,0.004415011037527594,0.0,365,366,1,0.9565432098765432,0.957037037037037,339,70,339--70,1,1,1,1,1,0,0.0,0,0,0,2,"[""339"", ""70""]",ac3b1abc3caf373d472cc9d3a6c7903bd8ae1b574d1e59aed08aded16bef00e2,"{""boundary"": 1, ""community_rep"": 1}","{""degree_0_1"": 2}","{""0"": 2}",64,"{""backend"": ""evaluate_m19_theory_calibrated.candidate_features"", ""delta_mode"": ""none"", ""k_max"": 512, ""k_min"": 64, ""variant"": ""conservative""}",1,1.0,0.0,0.0,1.0,1.0,"{""dp_0_4"": 1.0}","{""cn_0"": 1.0}",0.0,1.0,sasb_candidate_builder,2f99fbdaa5046badec219f9bdb54a9460cf7748ec9c2650d077b745a97f7c6e8,1,2f99fbdaa5046badec219f9bdb54a9460cf7748ec9c2650d077b745a97f7c6e8,"{""sasb_builder"": 1}",0,0,0,0,{},0.0,"{""common_neighbor_bin_l1"": 0.0, ""degree_product_bin_l1"": 0.0, ""is_boundary_edge_l1"": 0.0, ""is_bridge_edge_l1"": 0.0, ""is_inter_community_edge_l1"": 0.0, ""is_low_common_neighbor_edge_l1"": 0.0, ""mean_l1"": 0.0}",1,32,2,0.0,0
realworld_completed,bio_celegans,SASB-candidate,sasb,SASB-structured,20260513,1938,late,0.004415011037527594,0.004415011037527594,0.0,366,367,1,0.957037037037037,0.9575308641975309,431,92,431--92,1,1,1,1,1,0,0.0,0,0,0,2,"[""431"", ""92""]",eb8bc748afd2d38a6857956b18e9731d3cb3d0fb1af6c7c5241e04b29e6cc981,"{""boundary"": 1, ""community_rep"": 1}","{""degree_0_1"": 2}","{""0"": 2}",64,"{""backend"": ""evaluate_m19_theory_calibrated.candidate_features"", ""delta_mode"": ""none"", ""k_max"": 512, ""k_min"": 64, ""variant"": ""conservative""}",1,1.0,0.0,0.0,1.0,1.0,"{""dp_0_4"": 1.0}","{""cn_0"": 1.0}",0.0,1.0,sasb_candidate_builder,4aee74bf2500f330ad55a8119fdd0883a2e0a4c5bb617aa0ca174b207430cdb2,1,4aee74bf2500f330ad55a8119fdd0883a2e0a4c5bb617aa0ca174b207430cdb2,"{""sasb_builder"": 1}",0,0,0,0,{},0.0,"{""common_neighbor_bin_l1"": 0.0, ""degree_product_bin_l1"": 0.0, ""is_boundary_edge_l1"": 0.0, ""is_bridge_edge_l1"": 0.0, ""is_inter_community_edge_l1"": 0.0, ""is_low_common_neighbor_edge_l1"": 0.0, ""mean_l1"": 0.0}",1,32,2,0.0,0
realworld_completed,bio_celegans,SASB-candidate,sasb,SASB-structured,20260513,1939,late,0.004415011037527594,0.004415011037527594,0.0,367,368,1,0.9575308641975309,0.9580246913580247,163,93,163--93,1,1,1,1,1,0,0.0,0,0,0,2,"[""163"", ""93""]",52abc9bd62746fda44e38f1e1fbd19e308c2b4cf90ad7c743f9decfb798b7167,"{""boundary"": 1, ""community_rep"": 1}","{""degree_0_1"": 2}","{""0"": 2}",64,"{""backend"": ""evaluate_m19_theory_calibrated.candidate_features"", ""delta_mode"": ""none"", ""k_max"": 512, ""k_min"": 64, ""variant"": ""conservative""}",1,1.0,0.0,0.0,1.0,1.0,"{""dp_0_4"": 1.0}","{""cn_0"": 1.0}",0.0,1.0,sasb_candidate_builder,3765b15d1e52cc9800fc566a58f0a265eac4ad1f7fa1fdfae1b453cf7e29266f,1,3765b15d1e52cc9800fc566a58f0a265eac4ad1f7fa1fdfae1b453cf7e29266f,"{""sasb_builder"": 1}",0,0,0,0,{},0.0,"{""common_neighbor_bin_l1"": 0.0, ""degree_product_bin_l1"": 0.0, ""is_boundary_edge_l1"": 0.0, ""is_bridge_edge_l1"": 0.0, ""is_inter_community_edge_l1"": 0.0, ""is_low_common_neighbor_edge_l1"": 0.0, ""mean_l1"": 0.0}",1,32,2,0.0,0
realworld_completed,bio_celegans,SASB-candidate,sasb,SASB-structured,20260513,1940,late,0.004415011037527594,0.004415011037527594,0.0,368,369,1,0.9580246913580247,0.9585185185185185,375,94,375--94,1,1,1,1,1,0,0.0,0,0,0,2,"[""375"", ""94""]",7f217ff3cc5f192ffd15e0abc0e7094553e89d49df901c4f5a94613dd51b6419,"{""boundary"": 1, ""community_rep"": 1}","{""degree_0_1"": 2}","{""0"": 2}",64,"{""backend"": ""evaluate_m19_theory_calibrated.candidate_features"", ""delta_mode"": ""none"", ""k_max"": 512, ""k_min"": 64, ""variant"": ""conservative""}",1,1.0,0.0,0.0,1.0,1.0,"{""dp_0_4"": 1.0}","{""cn_0"": 1.0}",0.0,1.0,sasb_candidate_builder,6e180ee2173384dbbbd4952a786ecb30cb1ea335a70b943d86f7f0b6e0b27b6d,1,6e180ee2173384dbbbd4952a786ecb30cb1ea335a70b943d86f7f0b6e0b27b6d,"{""sasb_builder"": 1}",0,0,0,0,{},0.0,"{""common_neighbor_bin_l1"": 0.0, ""degree_product_bin_l1"": 0.0, ""is_boundary_edge_l1"": 0.0, ""is_bridge_edge_l1"": 0.0, ""is_inter_community_edge_l1"": 0.0, ""is_low_common_neighbor_edge_l1"": 0.0, ""mean_l1"": 0.0}",1,32,2,0.0,0
realworld_completed,bio_celegans,SASB-candidate,sasb,SASB-structured,20260513,1941,late,0.004415011037527594,0.004415011037527594,0.0,369,370,1,0.9585185185185185,0.9590123456790124,393,95,393--95,1,1,1,1,1,0,0.0,0,0,0,2,"[""393"", ""95""]",7003a83b5f5fb4ebe5498ad76f65715c1125c803ce0ccfa3ae625dd3e6a6faf4,"{""boundary"": 1, ""community_rep"": 1}","{""degree_0_1"": 2}","{""0"": 2}",64,"{""backend"": ""evaluate_m19_theory_calibrated.candidate_features"", ""delta_mode"": ""none"", ""k_max"": 512, ""k_min"": 64, ""variant"": ""conservative""}",1,1.0,0.0,0.0,1.0,1.0,"{""dp_0_4"": 1.0}","{""cn_0"": 1.0}",0.0,1.0,sasb_candidate_builder,96ed723a0a842f96b726a1e283fc25b8c565690f0f24247d797d5c0091beb3e0,1,96ed723a0a842f96b726a1e283fc25b8c565690f0f24247d797d5c0091beb3e0,"{""sasb_builder"": 1}",0,0,0,0,{},0.0,"{""common_neighbor_bin_l1"": 0.0, ""degree_product_bin_l1"": 0.0, ""is_boundary_edge_l1"": 0.0, ""is_bridge_edge_l1"": 0.0, ""is_inter_community_edge_l1"": 0.0, ""is_low_common_neighbor_edge_l1"": 0.0, ""mean_l1"": 0.0}",1,32,2,0.0,0
realworld_completed,bio_celegans,SASB-candidate,sasb,SASB-structured,20260513,1942,late,0.004415011037527594,0.004415011037527594,0.0,370,371,1,0.9590123456790124,0.9595061728395061,362,97,362--97,1,1,1,1,1,0,0.0,0,0,0,2,"[""362"", ""97""]",78506c85523a2d6a7b3713a4590d595ac51e12f2f696f76dbb0f4e03ae23a6df,"{""boundary"": 1, ""community_rep"": 1}","{""degree_0_1"": 2}","{""0"": 2}",64,"{""backend"": ""evaluate_m19_theory_calibrated.candidate_features"", ""delta_mode"": ""none"", ""k_max"": 512, ""k_min"": 64, ""variant"": ""conservative""}",1,1.0,0.0,0.0,1.0,1.0,"{""dp_0_4"": 1.0}","{""cn_0"": 1.0}",0.0,1.0,sasb_candidate_builder,87351d894511e1e33c9bc0f380e629821a7dc1a69315dc42ef3580c09870caba,1,87351d894511e1e33c9bc0f380e629821a7dc1a69315dc42ef3580c09870caba,"{""sasb_builder"": 1}",0,0,0,0,{},0.0,"{""common_neighbor_bin_l1"": 0.0, ""degree_product_bin_l1"": 0.0, ""is_boundary_edge_l1"": 0.0, ""is_bridge_edge_l1"": 0.0, ""is_inter_community_edge_l1"": 0.0, ""is_low_common_neighbor_edge_l1"": 0.0, ""mean_l1"": 0.0}",1,32,2,0.0,0
realworld_completed,bio_celegans,SASB-candidate,sasb,SASB-structured,20260513,1943,late,0.004415011037527594,0.004415011037527594,0.0,371,372,1,0.9595061728395061,0.96,226,98,226--98,1,1,1,1,1,0,0.0,0,0,0,2,"[""226"", ""98""]",3fec62749acc23592ec6bde8818cc71280954addeb08fadd4e4de6aa32e6fc27,"{""boundary"": 1, ""community_rep"": 1}","{""degree_0_1"": 2}","{""0"": 2}",64,"{""backend"": ""evaluate_m19_theory_calibrated.candidate_features"", ""delta_mode"": ""none"", ""k_max"": 512, ""k_min"": 64, ""variant"": ""conservative""}",1,1.0,0.0,0.0,1.0,1.0,"{""dp_0_4"": 1.0}","{""cn_0"": 1.0}",0.0,1.0,sasb_candidate_builder,ba0c4b8a96452291234e388cad6b09b0fad392d7a1b7ae68ee330511ec52419c,1,ba0c4b8a96452291234e388cad6b09b0fad392d7a1b7ae68ee330511ec52419c,"{""sasb_builder"": 1}",0,0,0,0,{},0.0,"{""common_neighbor_bin_l1"": 0.0, ""degree_product_bin_l1"": 0.0, ""is_boundary_edge_l1"": 0.0, ""is_bridge_edge_l1"": 0.0, ""is_inter_community_edge_l1"": 0.0, ""is_low_common_neighbor_edge_l1"": 0.0, ""mean_l1"": 0.0}",1,32,2,0.0,0
realworld_completed,bio_celegans,SASB-candidate,sasb,SASB-structured,20260513,1944,late,0.004415011037527594,0.004415011037527594,0.0,372,373,1,0.96,0.9604938271604938,109,295,109--295,1,1,1,1,1,0,0.0,0,0,0,2,"[""109"", ""295""]",9340401f157e9f34e9eea96246fa5945685d3413fdc83333025f57474f310369,"{""boundary"": 1, ""community_rep"": 1}","{""degree_0_1"": 2}","{""0"": 2}",64,"{""backend"": ""evaluate_m19_theory_calibrated.candidate_features"", ""delta_mode"": ""none"", ""k_max"": 512, ""k_min"": 64, ""variant"": ""conservative""}",1,1.0,0.0,0.0,1.0,1.0,"{""dp_0_4"": 1.0}","{""cn_0"": 1.0}",0.0,1.0,sasb_candidate_builder,c76a1cda2f8dc61e915994b2d70f23e580dea525c5bbc61b1271fcdc9e5bebb8,1,c76a1cda2f8dc61e915994b2d70f23e580dea525c5bbc61b1271fcdc9e5bebb8,"{""sasb_builder"": 1}",0,0,0,0,{},0.0,"{""common_neighbor_bin_l1"": 0.0, ""degree_product_bin_l1"": 0.0, ""is_boundary_edge_l1"": 0.0, ""is_bridge_edge_l1"": 0.0, ""is_inter_community_edge_l1"": 0.0, ""is_low_common_neighbor_edge_l1"": 0.0, ""mean_l1"": 0.0}",1,32,2,2.0,0
realworld_completed,bio_celegans,SASB-candidate,sasb,SASB-structured,20260513,1945,late,0.004415011037527594,0.004415011037527594,0.0,373,374,1,0.9604938271604938,0.9609876543209876,116,381,116--381,1,1,1,1,1,0,0.0,0,0,0,2,"[""116"", ""381""]",7e5643c314fd11f740385d55f45bded026be4688a85444f152f8482c07c2352c,"{""boundary"": 1, ""community_rep"": 1}","{""degree_0_1"": 2}","{""0"": 2}",64,"{""backend"": ""evaluate_m19_theory_calibrated.candidate_features"", ""delta_mode"": ""none"", ""k_max"": 512, ""k_min"": 64, ""variant"": ""conservative""}",1,1.0,0.0,0.0,1.0,1.0,"{""dp_0_4"": 1.0}","{""cn_0"": 1.0}",0.0,1.0,sasb_candidate_builder,945b3b6bd2e70112de147b7e14319f0dcd28ab4d77a56dd0a06fef1d78f60ef7,1,945b3b6bd2e70112de147b7e14319f0dcd28ab4d77a56dd0a06fef1d78f60ef7,"{""sasb_builder"": 1}",0,0,0,0,{},0.0,"{""common_neighbor_bin_l1"": 0.0, ""degree_product_bin_l1"": 0.0, ""is_boundary_edge_l1"": 0.0, ""is_bridge_edge_l1"": 0.0, ""is_inter_community_edge_l1"": 0.0, ""is_low_common_neighbor_edge_l1"": 0.0, ""mean_l1"": 0.0}",1,32,2,2.0,0
realworld_completed,bio_celegans,SASB-candidate,sasb,SASB-structured,20260513,1946,late,0.004415011037527594,0.004415011037527594,0.0,374,375,1,0.9609876543209876,0.9614814814814815,117,137,117--137,1,1,1,1,1,0,0.0,0,0,0,2,"[""117"", ""137""]",dd96ac3a37c7fea3c3ba3d2777ef11561bcef6270ad45efb60159ecfb0383ef4,"{""boundary"": 1, ""community_rep"": 1}","{""degree_0_1"": 2}","{""0"": 2}",64,"{""backend"": ""evaluate_m19_theory_calibrated.candidate_features"", ""delta_mode"": ""none"", ""k_max"": 512, ""k_min"": 64, ""variant"": ""conservative""}",1,1.0,0.0,0.0,1.0,1.0,"{""dp_0_4"": 1.0}","{""cn_0"": 1.0}",0.0,1.0,sasb_candidate_builder,149ddb16359bd53edcc6e1f69a53108a875be8939423b62ed6a296b6437ce1ea,1,149ddb16359bd53edcc6e1f69a53108a875be8939423b62ed6a296b6437ce1ea,"{""sasb_builder"": 1}",0,0,0,0,{},0.0,"{""common_neighbor_bin_l1"": 0.0, ""degree_product_bin_l1"": 0.0, ""is_boundary_edge_l1"": 0.0, ""is_bridge_edge_l1"": 0.0, ""is_inter_community_edge_l1"": 0.0, ""is_low_common_neighbor_edge_l1"": 0.0, ""mean_l1"": 0.0}",1,32,2,2.0,0
realworld_completed,bio_celegans,SASB-candidate,sasb,SASB-structured,20260513,1947,late,0.004415011037527594,0.004415011037527594,0.0,375,376,1,0.9614814814814815,0.9619753086419753,130,39,130--39,1,1,1,1,1,0,0.0,0,0,0,2,"[""130"", ""39""]",69bdc86ed30d4404ad19eb764ae93717caacbbf4600449bd6654587793158223,"{""boundary"": 1, ""community_rep"": 1}","{""degree_0_1"": 2}","{""0"": 2}",64,"{""backend"": ""evaluate_m19_theory_calibrated.candidate_features"", ""delta_mode"": ""none"", ""k_max"": 512, ""k_min"": 64, ""variant"": ""conservative""}",1,1.0,0.0,0.0,1.0,1.0,"{""dp_0_4"": 1.0}","{""cn_0"": 1.0}",0.0,1.0,sasb_candidate_builder,fbf346520d237267f395d0fcc75a1f512b82dc0f3b76955189aa939648cd0c40,1,fbf346520d237267f395d0fcc75a1f512b82dc0f3b76955189aa939648cd0c40,"{""sasb_builder"": 1}",0,0,0,0,{},0.0,"{""common_neighbor_bin_l1"": 0.0, ""degree_product_bin_l1"": 0.0, ""is_boundary_edge_l1"": 0.0, ""is_bridge_edge_l1"": 0.0, ""is_inter_community_edge_l1"": 0.0, ""is_low_common_neighbor_edge_l1"": 0.0, ""mean_l1"": 0.0}",1,32,2,0.0,0
realworld_completed,bio_celegans,SASB-candidate,sasb,SASB-structured,20260513,1948,late,0.004415011037527594,0.004415011037527594,0.0,376,377,1,0.9619753086419753,0.9624691358024692,131,389,131--389,1,1,1,1,1,0,0.0,0,0,0,2,"[""131"", ""389""]",e9d9f00c770dc36e9970c28636dd5aeb751f2ad6ede7d13e64e76c7f867c4ce4,"{""boundary"": 1, ""community_rep"": 1}","{""degree_0_1"": 2}","{""0"": 2}",64,"{""backend"": ""evaluate_m19_theory_calibrated.candidate_features"", ""delta_mode"": ""none"", ""k_max"": 512, ""k_min"": 64, ""variant"": ""conservative""}",1,1.0,0.0,0.0,1.0,1.0,"{""dp_0_4"": 1.0}","{""cn_0"": 1.0}",0.0,1.0,sasb_candidate_builder,f19c46142d6f63e25b45416dab1b400efe26e40d4a5e6916bebc1b5bd5087a4f,1,f19c46142d6f63e25b45416dab1b400efe26e40d4a5e6916bebc1b5bd5087a4f,"{""sasb_builder"": 1}",0,0,0,0,{},0.0,"{""common_neighbor_bin_l1"": 0.0, ""degree_product_bin_l1"": 0.0, ""is_boundary_edge_l1"": 0.0, ""is_bridge_edge_l1"": 0.0, ""is_inter_community_edge_l1"": 0.0, ""is_low_common_neighbor_edge_l1"": 0.0, ""mean_l1"": 0.0}",1,32,2,2.0,0
realworld_completed,bio_celegans,SASB-candidate,sasb,SASB-structured,20260513,1949,late,0.004415011037527594,0.004415011037527594,0.0,377,378,1,0.9624691358024692,0.9629629629629629,133,178,133--178,1,1,1,1,1,0,0.0,0,0,0,2,"[""133"", ""178""]",61462fce78b74bdf05827636109033c79a02668475a1b15ccb02d4f204e407c7,"{""boundary"": 1, ""community_rep"": 1}","{""degree_0_1"": 2}","{""0"": 2}",64,"{""backend"": ""evaluate_m19_theory_calibrated.candidate_features"", ""delta_mode"": ""none"", ""k_max"": 512, ""k_min"": 64, ""variant"": ""conservative""}",1,1.0,0.0,0.0,1.0,1.0,"{""dp_0_4"": 1.0}","{""cn_0"": 1.0}",0.0,1.0,sasb_candidate_builder,696c8328e6c6f5e097b81f8bf44627413cb13f79256f0b84f995c93c24ef20b9,1,696c8328e6c6f5e097b81f8bf44627413cb13f79256f0b84f995c93c24ef20b9,"{""sasb_builder"": 1}",0,0,0,0,{},0.0,"{""common_neighbor_bin_l1"": 0.0, ""degree_product_bin_l1"": 0.0, ""is_boundary_edge_l1"": 0.0, ""is_bridge_edge_l1"": 0.0, ""is_inter_community_edge_l1"": 0.0, ""is_low_common_neighbor_edge_l1"": 0.0, ""mean_l1"": 0.0}",1,32,2,2.0,0
realworld_completed,bio_celegans,SASB-candidate,sasb,SASB-structured,20260513,1950,late,0.004415011037527594,0.004415011037527594,0.0,378,379,1,0.9629629629629629,0.9634567901234568,134,186,134--186,1,1,1,1,1,0,0.0,0,0,0,2,"[""134"", ""186""]",00773b30adffe06ffe283174750c4df1f7b2acb83e8a1b2d3933df6706aebffe,"{""boundary"": 1, ""community_rep"": 1}","{""degree_0_1"": 2}","{""0"": 2}",64,"{""backend"": ""evaluate_m19_theory_calibrated.candidate_features"", ""delta_mode"": ""none"", ""k_max"": 512, ""k_min"": 64, ""variant"": ""conservative""}",1,1.0,0.0,0.0,1.0,1.0,"{""dp_0_4"": 1.0}","{""cn_0"": 1.0}",0.0,1.0,sasb_candidate_builder,61bec3c3e3b5f6c62edca933f3006f7a2489106ed336087cdb2eb3076ec4b54a,1,61bec3c3e3b5f6c62edca933f3006f7a2489106ed336087cdb2eb3076ec4b54a,"{""sasb_builder"": 1}",0,0,0,0,{},0.0,"{""common_neighbor_bin_l1"": 0.0, ""degree_product_bin_l1"": 0.0, ""is_boundary_edge_l1"": 0.0, ""is_bridge_edge_l1"": 0.0, ""is_inter_community_edge_l1"": 0.0, ""is_low_common_neighbor_edge_l1"": 0.0, ""mean_l1"": 0.0}",1,32,2,2.0,0
realworld_completed,bio_celegans,SASB-candidate,sasb,SASB-structured,20260513,1951,late,0.004415011037527594,0.004415011037527594,0.0,379,380,1,0.9634567901234568,0.9639506172839506,145,91,145--91,1,1,1,1,1,0,0.0,0,0,0,2,"[""145"", ""91""]",ed71871d94ef2844b708881ec4362540e0afbdea2291f63519ba84946820bd5e,"{""boundary"": 1, ""community_rep"": 1}","{""degree_0_1"": 2}","{""0"": 2}",64,"{""backend"": ""evaluate_m19_theory_calibrated.candidate_features"", ""delta_mode"": ""none"", ""k_max"": 512, ""k_min"": 64, ""variant"": ""conservative""}",1,1.0,0.0,0.0,1.0,1.0,"{""dp_0_4"": 1.0}","{""cn_0"": 1.0}",0.0,1.0,sasb_candidate_builder,9d1040408e90dbd5f750d83a32ca9899ff0885b440527fa425e995993aca67b8,1,9d1040408e90dbd5f750d83a32ca9899ff0885b440527fa425e995993aca67b8,"{""sasb_builder"": 1}",0,0,0,0,{},0.0,"{""common_neighbor_bin_l1"": 0.0, ""degree_product_bin_l1"": 0.0, ""is_boundary_edge_l1"": 0.0, ""is_bridge_edge_l1"": 0.0, ""is_inter_community_edge_l1"": 0.0, ""is_low_common_neighbor_edge_l1"": 0.0, ""mean_l1"": 0.0}",1,32,2,0.0,0
realworld_completed,bio_celegans,SASB-candidate,sasb,SASB-structured,20260513,1952,late,0.004415011037527594,0.004415011037527594,0.0,380,381,1,0.9639506172839506,0.9644444444444444,149,23,149--23,1,1,1,1,1,0,0.0,0,0,0,2,"[""149"", ""23""]",e7022ad01d2e3ab3700c35a40d7e51fdd2c153908eb8127d21a3e52e2951a837,"{""boundary"": 1, ""community_rep"": 1}","{""degree_0_1"": 2}","{""0"": 2}",64,"{""backend"": ""evaluate_m19_theory_calibrated.candidate_features"", ""delta_mode"": ""none"", ""k_max"": 512, ""k_min"": 64, ""variant"": ""conservative""}",1,1.0,0.0,0.0,1.0,1.0,"{""dp_0_4"": 1.0}","{""cn_0"": 1.0}",0.0,1.0,sasb_candidate_builder,0f61e70312ee088d45fc50c006e0fa2c89ca9e5c226adea6770f223741202073,1,0f61e70312ee088d45fc50c006e0fa2c89ca9e5c226adea6770f223741202073,"{""sasb_builder"": 1}",0,0,0,0,{},0.0,"{""common_neighbor_bin_l1"": 0.0, ""degree_product_bin_l1"": 0.0, ""is_boundary_edge_l1"": 0.0, ""is_bridge_edge_l1"": 0.0, ""is_inter_community_edge_l1"": 0.0, ""is_low_common_neighbor_edge_l1"": 0.0, ""mean_l1"": 0.0}",1,32,2,0.0,0
realworld_completed,bio_celegans,SASB-candidate,sasb,SASB-structured,20260513,1953,late,0.004415011037527594,0.004415011037527594,0.0,381,382,1,0.9644444444444444,0.9649382716049383,155,159,155--159,1,1,1,1,1,0,0.0,0,0,0,2,"[""155"", ""159""]",6b28b2a901672fbd3fb3052132fc531f0365f717819c979434a8eff8f5ed1954,"{""boundary"": 1, ""community_rep"": 1}","{""degree_0_1"": 2}","{""0"": 2}",64,"{""backend"": ""evaluate_m19_theory_calibrated.candidate_features"", ""delta_mode"": ""none"", ""k_max"": 512, ""k_min"": 64, ""variant"": ""conservative""}",1,1.0,0.0,0.0,1.0,1.0,"{""dp_0_4"": 1.0}","{""cn_0"": 1.0}",0.0,1.0,sasb_candidate_builder,f42478de7c3ca3799d394a52dd3f773ba0ebad56caca17f9e1b6531da029ed34,1,f42478de7c3ca3799d394a52dd3f773ba0ebad56caca17f9e1b6531da029ed34,"{""sasb_builder"": 1}",0,0,0,0,{},0.0,"{""common_neighbor_bin_l1"": 0.0, ""degree_product_bin_l1"": 0.0, ""is_boundary_edge_l1"": 0.0, ""is_bridge_edge_l1"": 0.0, ""is_inter_community_edge_l1"": 0.0, ""is_low_common_neighbor_edge_l1"": 0.0, ""mean_l1"": 0.0}",1,32,2,2.0,0
realworld_completed,bio_celegans,SASB-candidate,sasb,SASB-structured,20260513,1954,late,0.004415011037527594,0.004415011037527594,0.0,382,383,1,0.9649382716049383,0.9654320987654321,164,231,164--231,1,1,1,1,1,0,0.0,0,0,0,2,"[""164"", ""231""]",51f28f2616f35abb9c45886d4ce79a09beab061052fb142a47962ba813738453,"{""boundary"": 1, ""community_rep"": 1}","{""degree_0_1"": 2}","{""0"": 2}",64,"{""backend"": ""evaluate_m19_theory_calibrated.candidate_features"", ""delta_mode"": ""none"", ""k_max"": 512, ""k_min"": 64, ""variant"": ""conservative""}",1,1.0,0.0,0.0,1.0,1.0,"{""dp_0_4"": 1.0}","{""cn_0"": 1.0}",0.0,1.0,sasb_candidate_builder,f6fe93027f42f2056f7864c58fa7e2d1d728d0c397be962d2159e29e7671779f,1,f6fe93027f42f2056f7864c58fa7e2d1d728d0c397be962d2159e29e7671779f,"{""sasb_builder"": 1}",0,0,0,0,{},0.0,"{""common_neighbor_bin_l1"": 0.0, ""degree_product_bin_l1"": 0.0, ""is_boundary_edge_l1"": 0.0, ""is_bridge_edge_l1"": 0.0, ""is_inter_community_edge_l1"": 0.0, ""is_low_common_neighbor_edge_l1"": 0.0, ""mean_l1"": 0.0}",1,32,2,2.0,0
realworld_completed,bio_celegans,SASB-candidate,sasb,SASB-structured,20260513,1955,late,0.004415011037527594,0.004415011037527594,0.0,383,384,1,0.9654320987654321,0.965925925925926,169,172,169--172,1,1,1,1,1,0,0.0,0,0,0,2,"[""169"", ""172""]",49ed837fb771adec6781a0ab65c93b1d3ed250e63ea7cd139ebe61cd1e787b3b,"{""boundary"": 1, ""community_rep"": 1}","{""degree_0_1"": 2}","{""0"": 2}",64,"{""backend"": ""evaluate_m19_theory_calibrated.candidate_features"", ""delta_mode"": ""none"", ""k_max"": 512, ""k_min"": 64, ""variant"": ""conservative""}",1,1.0,0.0,0.0,1.0,1.0,"{""dp_0_4"": 1.0}","{""cn_0"": 1.0}",0.0,1.0,sasb_candidate_builder,0f7163b93b481e182135c99b1e5c00453ac7d9c175804be7e03adc454e8dbb96,1,0f7163b93b481e182135c99b1e5c00453ac7d9c175804be7e03adc454e8dbb96,"{""sasb_builder"": 1}",0,0,0,0,{},0.0,"{""common_neighbor_bin_l1"": 0.0, ""degree_product_bin_l1"": 0.0, ""is_boundary_edge_l1"": 0.0, ""is_bridge_edge_l1"": 0.0, ""is_inter_community_edge_l1"": 0.0, ""is_low_common_neighbor_edge_l1"": 0.0, ""mean_l1"": 0.0}",1,32,2,2.0,0
realworld_completed,bio_celegans,SASB-candidate,sasb,SASB-structured,20260513,1956,late,0.004415011037527594,0.004415011037527594,0.0,384,385,1,0.965925925925926,0.9664197530864198,171,173,171--173,1,1,1,1,1,0,0.0,0,0,0,2,"[""171"", ""173""]",c1b397012d09c5a3f0f2e6354fa3bf6b3849aca6abee2e9d4f9630970a75d3eb,"{""boundary"": 1, ""community_rep"": 1}","{""degree_0_1"": 2}","{""0"": 2}",64,"{""backend"": ""evaluate_m19_theory_calibrated.candidate_features"", ""delta_mode"": ""none"", ""k_max"": 512, ""k_min"": 64, ""variant"": ""conservative""}",1,1.0,0.0,0.0,1.0,1.0,"{""dp_0_4"": 1.0}","{""cn_0"": 1.0}",0.0,1.0,sasb_candidate_builder,8e810613134cabdfd1ec747499c4c8828d2948a4060c670fdfac2bc6693b15f4,1,8e810613134cabdfd1ec747499c4c8828d2948a4060c670fdfac2bc6693b15f4,"{""sasb_builder"": 1}",0,0,0,0,{},0.0,"{""common_neighbor_bin_l1"": 0.0, ""degree_product_bin_l1"": 0.0, ""is_boundary_edge_l1"": 0.0, ""is_bridge_edge_l1"": 0.0, ""is_inter_community_edge_l1"": 0.0, ""is_low_common_neighbor_edge_l1"": 0.0, ""mean_l1"": 0.0}",1,32,2,2.0,0
realworld_completed,bio_celegans,SASB-candidate,sasb,SASB-structured,20260513,1957,late,0.004415011037527594,0.004415011037527594,0.0,385,386,1,0.9664197530864198,0.9669135802469135,174,238,174--238,1,1,1,1,1,0,0.0,0,0,0,2,"[""174"", ""238""]",40c11b9adee2d97078227ed2098af2fbc07e4292b15d6a7d7640de533581dee5,"{""boundary"": 1, ""community_rep"": 1}","{""degree_0_1"": 2}","{""0"": 2}",64,"{""backend"": ""evaluate_m19_theory_calibrated.candidate_features"", ""delta_mode"": ""none"", ""k_max"": 512, ""k_min"": 64, ""variant"": ""conservative""}",1,1.0,0.0,0.0,1.0,1.0,"{""dp_0_4"": 1.0}","{""cn_0"": 1.0}",0.0,1.0,sasb_candidate_builder,65f6ef0485c0fbbac3e0498db77b24066da7ca2bf3166f143c90434e443b2af3,1,65f6ef0485c0fbbac3e0498db77b24066da7ca2bf3166f143c90434e443b2af3,"{""sasb_builder"": 1}",0,0,0,0,{},0.0,"{""common_neighbor_bin_l1"": 0.0, ""degree_product_bin_l1"": 0.0, ""is_boundary_edge_l1"": 0.0, ""is_bridge_edge_l1"": 0.0, ""is_inter_community_edge_l1"": 0.0, ""is_low_common_neighbor_edge_l1"": 0.0, ""mean_l1"": 0.0}",1,32,2,2.0,0
realworld_completed,bio_celegans,SASB-candidate,sasb,SASB-structured,20260513,1958,late,0.004415011037527594,0.004415011037527594,0.0,386,387,1,0.9669135802469135,0.9674074074074074,180,236,180--236,1,1,1,1,1,0,0.0,0,0,0,2,"[""180"", ""236""]",1f5fca2a33e423c3f60821217e54f169aecedb68cbca655ab0e9ccb581d3b659,"{""boundary"": 1, ""community_rep"": 1}","{""degree_0_1"": 2}","{""0"": 2}",64,"{""backend"": ""evaluate_m19_theory_calibrated.candidate_features"", ""delta_mode"": ""none"", ""k_max"": 512, ""k_min"": 64, ""variant"": ""conservative""}",1,1.0,0.0,0.0,1.0,1.0,"{""dp_0_4"": 1.0}","{""cn_0"": 1.0}",0.0,1.0,sasb_candidate_builder,4574fbb8e48a0078327cc1a94a92da484b84a1f491c2e47f0312f10440e63fe1,1,4574fbb8e48a0078327cc1a94a92da484b84a1f491c2e47f0312f10440e63fe1,"{""sasb_builder"": 1}",0,0,0,0,{},0.0,"{""common_neighbor_bin_l1"": 0.0, ""degree_product_bin_l1"": 0.0, ""is_boundary_edge_l1"": 0.0, ""is_bridge_edge_l1"": 0.0, ""is_inter_community_edge_l1"": 0.0, ""is_low_common_neighbor_edge_l1"": 0.0, ""mean_l1"": 0.0}",1,32,2,2.0,0
realworld_completed,bio_celegans,SASB-candidate,sasb,SASB-structured,20260513,1959,late,0.004415011037527594,0.004415011037527594,0.0,387,388,1,0.9674074074074074,0.9679012345679012,192,193,192--193,1,1,1,1,1,0,0.0,0,0,0,2,"[""192"", ""193""]",387461a4131b70cc7e03b05f9ab351df5ce99df9265aa2d84dde52fb214b5172,"{""boundary"": 1, ""community_rep"": 1}","{""degree_0_1"": 2}","{""0"": 2}",64,"{""backend"": ""evaluate_m19_theory_calibrated.candidate_features"", ""delta_mode"": ""none"", ""k_max"": 512, ""k_min"": 64, ""variant"": ""conservative""}",1,1.0,0.0,0.0,1.0,1.0,"{""dp_0_4"": 1.0}","{""cn_0"": 1.0}",0.0,1.0,sasb_candidate_builder,aa933c9260fd867ed2d74347f566a8e3b94d01de5af60b5301c4735f3348cc15,1,aa933c9260fd867ed2d74347f566a8e3b94d01de5af60b5301c4735f3348cc15,"{""sasb_builder"": 1}",0,0,0,0,{},0.0,"{""common_neighbor_bin_l1"": 0.0, ""degree_product_bin_l1"": 0.0, ""is_boundary_edge_l1"": 0.0, ""is_bridge_edge_l1"": 0.0, ""is_inter_community_edge_l1"": 0.0, ""is_low_common_neighbor_edge_l1"": 0.0, ""mean_l1"": 0.0}",1,32,2,2.0,0
realworld_completed,bio_celegans,SASB-candidate,sasb,SASB-structured,20260513,1960,late,0.004415011037527594,0.004415011037527594,0.0,388,389,1,0.9679012345679012,0.9683950617283951,204,205,204--205,1,1,1,1,1,0,0.0,0,0,0,2,"[""204"", ""205""]",1bc153a58b7b6c0bd3f44fb8ba587cf2ecf303f1690e550478a360c9b8377e8d,"{""boundary"": 1, ""community_rep"": 1}","{""degree_0_1"": 2}","{""0"": 2}",64,"{""backend"": ""evaluate_m19_theory_calibrated.candidate_features"", ""delta_mode"": ""none"", ""k_max"": 512, ""k_min"": 64, ""variant"": ""conservative""}",1,1.0,0.0,0.0,1.0,1.0,"{""dp_0_4"": 1.0}","{""cn_0"": 1.0}",0.0,1.0,sasb_candidate_builder,f46abc15222c6e51c61a45b7ea93840b11e4bbbc7b80c51c45612457dc047153,1,f46abc15222c6e51c61a45b7ea93840b11e4bbbc7b80c51c45612457dc047153,"{""sasb_builder"": 1}",0,0,0,0,{},0.0,"{""common_neighbor_bin_l1"": 0.0, ""degree_product_bin_l1"": 0.0, ""is_boundary_edge_l1"": 0.0, ""is_bridge_edge_l1"": 0.0, ""is_inter_community_edge_l1"": 0.0, ""is_low_common_neighbor_edge_l1"": 0.0, ""mean_l1"": 0.0}",1,32,2,2.0,0
realworld_completed,bio_celegans,SASB-candidate,sasb,SASB-structured,20260513,1961,late,0.004415011037527594,0.004415011037527594,0.0,389,390,1,0.9683950617283951,0.9688888888888889,207,300,207--300,1,1,1,1,1,0,0.0,0,0,0,2,"[""207"", ""300""]",f0320a1548ebf09efcb116e059a67d41736f7f6cf44a6977c984362d0442fd28,"{""boundary"": 1, ""community_rep"": 1}","{""degree_0_1"": 2}","{""0"": 2}",64,"{""backend"": ""evaluate_m19_theory_calibrated.candidate_features"", ""delta_mode"": ""none"", ""k_max"": 512, ""k_min"": 64, ""variant"": ""conservative""}",1,1.0,0.0,0.0,1.0,1.0,"{""dp_0_4"": 1.0}","{""cn_0"": 1.0}",0.0,1.0,sasb_candidate_builder,6acfa991f05bd306a38f1b4d1ff59adae3225110b39230b159a0852399b3a532,1,6acfa991f05bd306a38f1b4d1ff59adae3225110b39230b159a0852399b3a532,"{""sasb_builder"": 1}",0,0,0,0,{},0.0,"{""common_neighbor_bin_l1"": 0.0, ""degree_product_bin_l1"": 0.0, ""is_boundary_edge_l1"": 0.0, ""is_bridge_edge_l1"": 0.0, ""is_inter_community_edge_l1"": 0.0, ""is_low_common_neighbor_edge_l1"": 0.0, ""mean_l1"": 0.0}",1,32,2,2.0,0
realworld_completed,bio_celegans,SASB-candidate,sasb,SASB-structured,20260513,1962,late,0.004415011037527594,0.004415011037527594,0.0,390,391,1,0.9688888888888889,0.9693827160493828,208,264,208--264,1,1,1,1,1,0,0.0,0,0,0,2,"[""208"", ""264""]",5512301f8dd7186fccd19cc27528c0b02bf1d5af92c2d8a4c74e4a3c5989ee6c,"{""boundary"": 1, ""community_rep"": 1}","{""degree_0_1"": 2}","{""0"": 2}",64,"{""backend"": ""evaluate_m19_theory_calibrated.candidate_features"", ""delta_mode"": ""none"", ""k_max"": 512, ""k_min"": 64, ""variant"": ""conservative""}",1,1.0,0.0,0.0,1.0,1.0,"{""dp_0_4"": 1.0}","{""cn_0"": 1.0}",0.0,1.0,sasb_candidate_builder,f7c5ab130da57bf9e1ad3dd9172e1c008743987097561079a61be52e827359f3,1,f7c5ab130da57bf9e1ad3dd9172e1c008743987097561079a61be52e827359f3,"{""sasb_builder"": 1}",0,0,0,0,{},0.0,"{""common_neighbor_bin_l1"": 0.0, ""degree_product_bin_l1"": 0.0, ""is_boundary_edge_l1"": 0.0, ""is_bridge_edge_l1"": 0.0, ""is_inter_community_edge_l1"": 0.0, ""is_low_common_neighbor_edge_l1"": 0.0, ""mean_l1"": 0.0}",1,32,2,2.0,0
realworld_completed,bio_celegans,SASB-candidate,sasb,SASB-structured,20260513,1963,late,0.004415011037527594,0.004415011037527594,0.0,391,392,1,0.9693827160493828,0.9698765432098766,209,327,209--327,1,1,1,1,1,0,0.0,0,0,0,2,"[""209"", ""327""]",486aeff17b06b1fd7925c46312af81a9b4d3e027cf48a7d9439dd73172df6e8e,"{""boundary"": 1, ""community_rep"": 1}","{""degree_0_1"": 2}","{""0"": 2}",64,"{""backend"": ""evaluate_m19_theory_calibrated.candidate_features"", ""delta_mode"": ""none"", ""k_max"": 512, ""k_min"": 64, ""variant"": ""conservative""}",1,1.0,0.0,0.0,1.0,1.0,"{""dp_0_4"": 1.0}","{""cn_0"": 1.0}",0.0,1.0,sasb_candidate_builder,b6d3c1d0c5c7577f49cebd68ec3ccef2a017f045480c4c9bce0f267a0a3087e5,1,b6d3c1d0c5c7577f49cebd68ec3ccef2a017f045480c4c9bce0f267a0a3087e5,"{""sasb_builder"": 1}",0,0,0,0,{},0.0,"{""common_neighbor_bin_l1"": 0.0, ""degree_product_bin_l1"": 0.0, ""is_boundary_edge_l1"": 0.0, ""is_bridge_edge_l1"": 0.0, ""is_inter_community_edge_l1"": 0.0, ""is_low_common_neighbor_edge_l1"": 0.0, ""mean_l1"": 0.0}",1,32,2,2.0,0
realworld_completed,bio_celegans,SASB-candidate,sasb,SASB-structured,20260513,1964,late,0.004415011037527594,0.004415011037527594,0.0,392,393,1,0.9698765432098766,0.9703703703703703,200,210,200--210,1,1,1,1,1,0,0.0,0,0,0,2,"[""200"", ""210""]",48bb6c6380e32e264b5b558738b3165f08e92e0e7a3af3af6d4d85b4940cf5cf,"{""boundary"": 1, ""community_rep"": 1}","{""degree_0_1"": 2}","{""0"": 2}",64,"{""backend"": ""evaluate_m19_theory_calibrated.candidate_features"", ""delta_mode"": ""none"", ""k_max"": 512, ""k_min"": 64, ""variant"": ""conservative""}",1,1.0,0.0,0.0,1.0,1.0,"{""dp_0_4"": 1.0}","{""cn_0"": 1.0}",0.0,1.0,sasb_candidate_builder,8b78fa12062b7266dc467f6b91ee93d21d132f50c8a44b30d3d36cd4277f8d30,1,8b78fa12062b7266dc467f6b91ee93d21d132f50c8a44b30d3d36cd4277f8d30,"{""sasb_builder"": 1}",0,0,0,0,{},0.0,"{""common_neighbor_bin_l1"": 0.0, ""degree_product_bin_l1"": 0.0, ""is_boundary_edge_l1"": 0.0, ""is_bridge_edge_l1"": 0.0, ""is_inter_community_edge_l1"": 0.0, ""is_low_common_neighbor_edge_l1"": 0.0, ""mean_l1"": 0.0}",1,32,2,2.0,0
realworld_completed,bio_celegans,SASB-candidate,sasb,SASB-structured,20260513,1965,late,0.004415011037527594,0.004415011037527594,0.0,393,394,1,0.9703703703703703,0.9708641975308642,213,336,213--336,1,1,1,1,1,0,0.0,0,0,0,2,"[""213"", ""336""]",4fc0dffc74be844220d59503c93b87133f1417bdd92d44d5dc7b91f0515b589e,"{""boundary"": 1, ""community_rep"": 1}","{""degree_0_1"": 2}","{""0"": 2}",64,"{""backend"": ""evaluate_m19_theory_calibrated.candidate_features"", ""delta_mode"": ""none"", ""k_max"": 512, ""k_min"": 64, ""variant"": ""conservative""}",1,1.0,0.0,0.0,1.0,1.0,"{""dp_0_4"": 1.0}","{""cn_0"": 1.0}",0.0,1.0,sasb_candidate_builder,2aadec918fcca1e5213c43c5a182fe15ebef71ab856944a49d7de61fb1fa6638,1,2aadec918fcca1e5213c43c5a182fe15ebef71ab856944a49d7de61fb1fa6638,"{""sasb_builder"": 1}",0,0,0,0,{},0.0,"{""common_neighbor_bin_l1"": 0.0, ""degree_product_bin_l1"": 0.0, ""is_boundary_edge_l1"": 0.0, ""is_bridge_edge_l1"": 0.0, ""is_inter_community_edge_l1"": 0.0, ""is_low_common_neighbor_edge_l1"": 0.0, ""mean_l1"": 0.0}",1,32,2,2.0,0
realworld_completed,bio_celegans,SASB-candidate,sasb,SASB-structured,20260513,1966,late,0.004415011037527594,0.004415011037527594,0.0,394,395,1,0.9708641975308642,0.971358024691358,220,5,220--5,1,1,1,1,1,0,0.0,0,0,0,2,"[""220"", ""5""]",70d77733fd9b0be615c671abfb25f9b8c735cd8725d1859a96d002efb1573381,"{""boundary"": 1, ""community_rep"": 1}","{""degree_0_1"": 2}","{""0"": 2}",64,"{""backend"": ""evaluate_m19_theory_calibrated.candidate_features"", ""delta_mode"": ""none"", ""k_max"": 512, ""k_min"": 64, ""variant"": ""conservative""}",1,1.0,0.0,0.0,1.0,1.0,"{""dp_0_4"": 1.0}","{""cn_0"": 1.0}",0.0,1.0,sasb_candidate_builder,072d48de8fb3e1b37ea8a878064f7705dfe06aec22b5b2b3a38e7e33f842a78e,1,072d48de8fb3e1b37ea8a878064f7705dfe06aec22b5b2b3a38e7e33f842a78e,"{""sasb_builder"": 1}",0,0,0,0,{},0.0,"{""common_neighbor_bin_l1"": 0.0, ""degree_product_bin_l1"": 0.0, ""is_boundary_edge_l1"": 0.0, ""is_bridge_edge_l1"": 0.0, ""is_inter_community_edge_l1"": 0.0, ""is_low_common_neighbor_edge_l1"": 0.0, ""mean_l1"": 0.0}",1,32,2,0.0,0
realworld_completed,bio_celegans,SASB-candidate,sasb,SASB-structured,20260513,1967,late,0.004415011037527594,0.004415011037527594,0.0,395,396,1,0.971358024691358,0.9718518518518519,222,442,222--442,1,1,1,1,1,0,0.0,0,0,0,2,"[""222"", ""442""]",a949ae97c1a68e9ee3de2da905f9604ba86f0598e6ade5233c785a1e4e4cbd43,"{""boundary"": 1, ""community_rep"": 1}","{""degree_0_1"": 2}","{""0"": 2}",64,"{""backend"": ""evaluate_m19_theory_calibrated.candidate_features"", ""delta_mode"": ""none"", ""k_max"": 512, ""k_min"": 64, ""variant"": ""conservative""}",1,1.0,0.0,0.0,1.0,1.0,"{""dp_0_4"": 1.0}","{""cn_0"": 1.0}",0.0,1.0,sasb_candidate_builder,89bd4a4cc56cdd6e9e76ffd5e4d12c77eef488faed65497145eca043cd65939c,1,89bd4a4cc56cdd6e9e76ffd5e4d12c77eef488faed65497145eca043cd65939c,"{""sasb_builder"": 1}",0,0,0,0,{},0.0,"{""common_neighbor_bin_l1"": 0.0, ""degree_product_bin_l1"": 0.0, ""is_boundary_edge_l1"": 0.0, ""is_bridge_edge_l1"": 0.0, ""is_inter_community_edge_l1"": 0.0, ""is_low_common_neighbor_edge_l1"": 0.0, ""mean_l1"": 0.0}",1,32,2,2.0,0
realworld_completed,bio_celegans,SASB-candidate,sasb,SASB-structured,20260513,1968,late,0.004415011037527594,0.004415011037527594,0.0,396,397,1,0.9718518518518519,0.9723456790123457,229,333,229--333,1,1,1,1,1,0,0.0,0,0,0,2,"[""229"", ""333""]",9e0adb083b4777ec6928b84492da946dc3e8f87aab59cf3d31233e8149c6d52e,"{""boundary"": 1, ""community_rep"": 1}","{""degree_0_1"": 2}","{""0"": 2}",64,"{""backend"": ""evaluate_m19_theory_calibrated.candidate_features"", ""delta_mode"": ""none"", ""k_max"": 512, ""k_min"": 64, ""variant"": ""conservative""}",1,1.0,0.0,0.0,1.0,1.0,"{""dp_0_4"": 1.0}","{""cn_0"": 1.0}",0.0,1.0,sasb_candidate_builder,1a08b807e63c5f5591bbc61fa516649a7ab508f2ea9ee9a41bedb1f2c611cf91,1,1a08b807e63c5f5591bbc61fa516649a7ab508f2ea9ee9a41bedb1f2c611cf91,"{""sasb_builder"": 1}",0,0,0,0,{},0.0,"{""common_neighbor_bin_l1"": 0.0, ""degree_product_bin_l1"": 0.0, ""is_boundary_edge_l1"": 0.0, ""is_bridge_edge_l1"": 0.0, ""is_inter_community_edge_l1"": 0.0, ""is_low_common_neighbor_edge_l1"": 0.0, ""mean_l1"": 0.0}",1,32,2,2.0,0
realworld_completed,bio_celegans,SASB-candidate,sasb,SASB-structured,20260513,1969,late,0.004415011037527594,0.004415011037527594,0.0,397,398,1,0.9723456790123457,0.9728395061728395,240,376,240--376,1,1,1,1,1,0,0.0,0,0,0,2,"[""240"", ""376""]",780090e67ae38212ce7b069ab8eedde4800cd058d5b9d268f7f34127d14ff7f0,"{""boundary"": 1, ""community_rep"": 1}","{""degree_0_1"": 2}","{""0"": 2}",64,"{""backend"": ""evaluate_m19_theory_calibrated.candidate_features"", ""delta_mode"": ""none"", ""k_max"": 512, ""k_min"": 64, ""variant"": ""conservative""}",1,1.0,0.0,0.0,1.0,1.0,"{""dp_0_4"": 1.0}","{""cn_0"": 1.0}",0.0,1.0,sasb_candidate_builder,850946d9ad2a40efcf3111e25d1ca0ed4a9b0c4f181544b6910abd58f47b0d9c,1,850946d9ad2a40efcf3111e25d1ca0ed4a9b0c4f181544b6910abd58f47b0d9c,"{""sasb_builder"": 1}",0,0,0,0,{},0.0,"{""common_neighbor_bin_l1"": 0.0, ""degree_product_bin_l1"": 0.0, ""is_boundary_edge_l1"": 0.0, ""is_bridge_edge_l1"": 0.0, ""is_inter_community_edge_l1"": 0.0, ""is_low_common_neighbor_edge_l1"": 0.0, ""mean_l1"": 0.0}",1,32,2,2.0,0
realworld_completed,bio_celegans,SASB-candidate,sasb,SASB-structured,20260513,1970,late,0.004415011037527594,0.004415011037527594,0.0,398,399,1,0.9728395061728395,0.9733333333333334,242,344,242--344,1,1,1,1,1,0,0.0,0,0,0,2,"[""242"", ""344""]",73470f58754d211f1eb155ab7b18b176730a5874e6bc2efc9bd72037daf7a898,"{""boundary"": 1, ""community_rep"": 1}","{""degree_0_1"": 2}","{""0"": 2}",64,"{""backend"": ""evaluate_m19_theory_calibrated.candidate_features"", ""delta_mode"": ""none"", ""k_max"": 512, ""k_min"": 64, ""variant"": ""conservative""}",1,1.0,0.0,0.0,1.0,1.0,"{""dp_0_4"": 1.0}","{""cn_0"": 1.0}",0.0,1.0,sasb_candidate_builder,c64ff933f16ea5e3913f3c3118cbdde95bd4a8721d091bd54aa0dfe5d4be0bf3,1,c64ff933f16ea5e3913f3c3118cbdde95bd4a8721d091bd54aa0dfe5d4be0bf3,"{""sasb_builder"": 1}",0,0,0,0,{},0.0,"{""common_neighbor_bin_l1"": 0.0, ""degree_product_bin_l1"": 0.0, ""is_boundary_edge_l1"": 0.0, ""is_bridge_edge_l1"": 0.0, ""is_inter_community_edge_l1"": 0.0, ""is_low_common_neighbor_edge_l1"": 0.0, ""mean_l1"": 0.0}",1,32,2,2.0,0
realworld_completed,bio_celegans,SASB-candidate,sasb,SASB-structured,20260513,1971,late,0.004415011037527594,0.004415011037527594,0.0,399,400,1,0.9733333333333334,0.9738271604938271,256,258,256--258,1,1,1,1,1,0,0.0,0,0,0,2,"[""256"", ""258""]",cbe0f3b76e0645e8904936d9b1ac62068f239fc75647ef9dbdc48b999f1467ed,"{""boundary"": 1, ""community_rep"": 1}","{""degree_0_1"": 2}","{""0"": 2}",64,"{""backend"": ""evaluate_m19_theory_calibrated.candidate_features"", ""delta_mode"": ""none"", ""k_max"": 512, ""k_min"": 64, ""variant"": ""conservative""}",1,1.0,0.0,0.0,1.0,1.0,"{""dp_0_4"": 1.0}","{""cn_0"": 1.0}",0.0,1.0,sasb_candidate_builder,2de2ceeddc04df6d9ad6ccf5f78b8eb6e099992a449c2cf49689ac8f4b68bc9f,1,2de2ceeddc04df6d9ad6ccf5f78b8eb6e099992a449c2cf49689ac8f4b68bc9f,"{""sasb_builder"": 1}",0,0,0,0,{},0.0,"{""common_neighbor_bin_l1"": 0.0, ""degree_product_bin_l1"": 0.0, ""is_boundary_edge_l1"": 0.0, ""is_bridge_edge_l1"": 0.0, ""is_inter_community_edge_l1"": 0.0, ""is_low_common_neighbor_edge_l1"": 0.0, ""mean_l1"": 0.0}",1,32,2,2.0,0
realworld_completed,bio_celegans,SASB-candidate,sasb,SASB-structured,20260513,1972,late,0.004415011037527594,0.004415011037527594,0.0,400,401,1,0.9738271604938271,0.974320987654321,262,263,262--263,1,1,1,1,1,0,0.0,0,0,0,2,"[""262"", ""263""]",d1cc08ac3e8172dc60d6a7e286a3a752c6aeff03de6a6dc8cd4a115808ce617f,"{""boundary"": 1, ""community_rep"": 1}","{""degree_0_1"": 2}","{""0"": 2}",64,"{""backend"": ""evaluate_m19_theory_calibrated.candidate_features"", ""delta_mode"": ""none"", ""k_max"": 512, ""k_min"": 64, ""variant"": ""conservative""}",1,1.0,0.0,0.0,1.0,1.0,"{""dp_0_4"": 1.0}","{""cn_0"": 1.0}",0.0,1.0,sasb_candidate_builder,a9a3192a079bd857c601467d7da5a5bae14ddfddd3693ba3b4c2edec6c5f766c,1,a9a3192a079bd857c601467d7da5a5bae14ddfddd3693ba3b4c2edec6c5f766c,"{""sasb_builder"": 1}",0,0,0,0,{},0.0,"{""common_neighbor_bin_l1"": 0.0, ""degree_product_bin_l1"": 0.0, ""is_boundary_edge_l1"": 0.0, ""is_bridge_edge_l1"": 0.0, ""is_inter_community_edge_l1"": 0.0, ""is_low_common_neighbor_edge_l1"": 0.0, ""mean_l1"": 0.0}",1,32,2,2.0,0
realworld_completed,bio_celegans,SASB-candidate,sasb,SASB-structured,20260513,1973,late,0.004415011037527594,0.004415011037527594,0.0,401,402,1,0.974320987654321,0.9748148148148148,265,269,265--269,1,1,1,1,1,0,0.0,0,0,0,2,"[""265"", ""269""]",1057a1040d6bd466824172bd688639e0b3d8a9bbddd2ba7e3a179b74ae0a2a3e,"{""boundary"": 1, ""community_rep"": 1}","{""degree_0_1"": 2}","{""0"": 2}",64,"{""backend"": ""evaluate_m19_theory_calibrated.candidate_features"", ""delta_mode"": ""none"", ""k_max"": 512, ""k_min"": 64, ""variant"": ""conservative""}",1,1.0,0.0,0.0,1.0,1.0,"{""dp_0_4"": 1.0}","{""cn_0"": 1.0}",0.0,1.0,sasb_candidate_builder,8945a5a08c99e32498b9dca04cb6a5db3c0ec51e30327300d39fcda7b8e0ccc2,1,8945a5a08c99e32498b9dca04cb6a5db3c0ec51e30327300d39fcda7b8e0ccc2,"{""sasb_builder"": 1}",0,0,0,0,{},0.0,"{""common_neighbor_bin_l1"": 0.0, ""degree_product_bin_l1"": 0.0, ""is_boundary_edge_l1"": 0.0, ""is_bridge_edge_l1"": 0.0, ""is_inter_community_edge_l1"": 0.0, ""is_low_common_neighbor_edge_l1"": 0.0, ""mean_l1"": 0.0}",1,32,2,2.0,0
realworld_completed,bio_celegans,SASB-candidate,sasb,SASB-structured,20260513,1974,late,0.004415011037527594,0.004415011037527594,0.0,402,403,1,0.9748148148148148,0.9753086419753086,274,275,274--275,1,1,1,1,1,0,0.0,0,0,0,2,"[""274"", ""275""]",9e9cb7e60dd01484d9f9aaed7bec20033d062154395c8d0a1ee61bb129705cd4,"{""boundary"": 1, ""community_rep"": 1}","{""degree_0_1"": 2}","{""0"": 2}",64,"{""backend"": ""evaluate_m19_theory_calibrated.candidate_features"", ""delta_mode"": ""none"", ""k_max"": 512, ""k_min"": 64, ""variant"": ""conservative""}",1,1.0,0.0,0.0,1.0,1.0,"{""dp_0_4"": 1.0}","{""cn_0"": 1.0}",0.0,1.0,sasb_candidate_builder,3c5d4003d81420a03c29988b2ffda58999a4f14529934f3197623e2b8837a3fc,1,3c5d4003d81420a03c29988b2ffda58999a4f14529934f3197623e2b8837a3fc,"{""sasb_builder"": 1}",0,0,0,0,{},0.0,"{""common_neighbor_bin_l1"": 0.0, ""degree_product_bin_l1"": 0.0, ""is_boundary_edge_l1"": 0.0, ""is_bridge_edge_l1"": 0.0, ""is_inter_community_edge_l1"": 0.0, ""is_low_common_neighbor_edge_l1"": 0.0, ""mean_l1"": 0.0}",1,32,2,2.0,0
realworld_completed,bio_celegans,SASB-candidate,sasb,SASB-structured,20260513,1975,late,0.004415011037527594,0.004415011037527594,0.0,403,404,1,0.9753086419753086,0.9758024691358025,299,345,299--345,1,1,1,1,1,0,0.0,0,0,0,2,"[""299"", ""345""]",3b9212ca5bf10dff5c4241cd3717bd07c5754b29126aec498fbd4e64e9280668,"{""boundary"": 1, ""community_rep"": 1}","{""degree_0_1"": 2}","{""0"": 2}",64,"{""backend"": ""evaluate_m19_theory_calibrated.candidate_features"", ""delta_mode"": ""none"", ""k_max"": 512, ""k_min"": 64, ""variant"": ""conservative""}",1,1.0,0.0,0.0,1.0,1.0,"{""dp_0_4"": 1.0}","{""cn_0"": 1.0}",0.0,1.0,sasb_candidate_builder,855a7241dda661f28e4bd89e9fd3a03f14f86bc3b869c251377c0b9344c9a31c,1,855a7241dda661f28e4bd89e9fd3a03f14f86bc3b869c251377c0b9344c9a31c,"{""sasb_builder"": 1}",0,0,0,0,{},0.0,"{""common_neighbor_bin_l1"": 0.0, ""degree_product_bin_l1"": 0.0, ""is_boundary_edge_l1"": 0.0, ""is_bridge_edge_l1"": 0.0, ""is_inter_community_edge_l1"": 0.0, ""is_low_common_neighbor_edge_l1"": 0.0, ""mean_l1"": 0.0}",1,32,2,2.0,0
realworld_completed,bio_celegans,SASB-candidate,sasb,SASB-structured,20260513,1976,late,0.004415011037527594,0.004415011037527594,0.0,404,405,1,0.9758024691358025,0.9762962962962963,304,306,304--306,1,1,1,1,1,0,0.0,0,0,0,2,"[""304"", ""306""]",4bf8f15568c43388dd9cf3993eb99cd3ddd49c8bfae1c6d7e9034eee326a75a9,"{""boundary"": 1, ""community_rep"": 1}","{""degree_0_1"": 2}","{""0"": 2}",64,"{""backend"": ""evaluate_m19_theory_calibrated.candidate_features"", ""delta_mode"": ""none"", ""k_max"": 512, ""k_min"": 64, ""variant"": ""conservative""}",1,1.0,0.0,0.0,1.0,1.0,"{""dp_0_4"": 1.0}","{""cn_0"": 1.0}",0.0,1.0,sasb_candidate_builder,b7c15a23171a42ca137053ae1c919c360e5b5d3e3e87e1b20e7b9eef1dacc1b6,1,b7c15a23171a42ca137053ae1c919c360e5b5d3e3e87e1b20e7b9eef1dacc1b6,"{""sasb_builder"": 1}",0,0,0,0,{},0.0,"{""common_neighbor_bin_l1"": 0.0, ""degree_product_bin_l1"": 0.0, ""is_boundary_edge_l1"": 0.0, ""is_bridge_edge_l1"": 0.0, ""is_inter_community_edge_l1"": 0.0, ""is_low_common_neighbor_edge_l1"": 0.0, ""mean_l1"": 0.0}",1,32,2,2.0,0
realworld_completed,bio_celegans,SASB-candidate,sasb,SASB-structured,20260513,1977,late,0.004415011037527594,0.004415011037527594,0.0,405,406,1,0.9762962962962963,0.9767901234567902,314,321,314--321,1,1,1,1,1,0,0.0,0,0,0,2,"[""314"", ""321""]",ccabc07cb95a26c913de3b9c6d10c723cd0670ff730ebac3b04c2c02dec3ff13,"{""boundary"": 1, ""community_rep"": 1}","{""degree_0_1"": 2}","{""0"": 2}",64,"{""backend"": ""evaluate_m19_theory_calibrated.candidate_features"", ""delta_mode"": ""none"", ""k_max"": 512, ""k_min"": 64, ""variant"": ""conservative""}",1,1.0,0.0,0.0,1.0,1.0,"{""dp_0_4"": 1.0}","{""cn_0"": 1.0}",0.0,1.0,sasb_candidate_builder,61e8b01dfcedc93b4b653cec579f135a35ff646b0f73d799e7da13d8537f7071,1,61e8b01dfcedc93b4b653cec579f135a35ff646b0f73d799e7da13d8537f7071,"{""sasb_builder"": 1}",0,0,0,0,{},0.0,"{""common_neighbor_bin_l1"": 0.0, ""degree_product_bin_l1"": 0.0, ""is_boundary_edge_l1"": 0.0, ""is_bridge_edge_l1"": 0.0, ""is_inter_community_edge_l1"": 0.0, ""is_low_common_neighbor_edge_l1"": 0.0, ""mean_l1"": 0.0}",1,32,2,2.0,0
realworld_completed,bio_celegans,SASB-candidate,sasb,SASB-structured,20260513,1978,late,0.004415011037527594,0.004415011037527594,0.0,406,407,1,0.9767901234567902,0.9772839506172839,2,316,2--316,1,1,1,1,1,0,0.0,0,0,0,2,"[""2"", ""316""]",403a810fb609f3da09e9c9954e72e466f0040858444da6cf41751f5cb3da932a,"{""boundary"": 1, ""community_rep"": 1}","{""degree_0_1"": 2}","{""0"": 2}",64,"{""backend"": ""evaluate_m19_theory_calibrated.candidate_features"", ""delta_mode"": ""none"", ""k_max"": 512, ""k_min"": 64, ""variant"": ""conservative""}",1,1.0,0.0,0.0,1.0,1.0,"{""dp_0_4"": 1.0}","{""cn_0"": 1.0}",0.0,1.0,sasb_candidate_builder,779e4f6759274e83aeda27c5700be1f5149304efa6e8ed4d18f0c472ccc44731,1,779e4f6759274e83aeda27c5700be1f5149304efa6e8ed4d18f0c472ccc44731,"{""sasb_builder"": 1}",0,0,0,0,{},0.0,"{""common_neighbor_bin_l1"": 0.0, ""degree_product_bin_l1"": 0.0, ""is_boundary_edge_l1"": 0.0, ""is_bridge_edge_l1"": 0.0, ""is_inter_community_edge_l1"": 0.0, ""is_low_common_neighbor_edge_l1"": 0.0, ""mean_l1"": 0.0}",1,32,2,2.0,0
realworld_completed,bio_celegans,SASB-candidate,sasb,SASB-structured,20260513,1979,late,0.004415011037527594,0.004415011037527594,0.0,407,408,1,0.9772839506172839,0.9777777777777777,319,369,319--369,1,1,1,1,1,0,0.0,0,0,0,2,"[""319"", ""369""]",2f61537db9d9f4b267d832f241711ed4bbfbb4cca081fe704f34ee3ef903932b,"{""boundary"": 1, ""community_rep"": 1}","{""degree_0_1"": 2}","{""0"": 2}",64,"{""backend"": ""evaluate_m19_theory_calibrated.candidate_features"", ""delta_mode"": ""none"", ""k_max"": 512, ""k_min"": 64, ""variant"": ""conservative""}",1,1.0,0.0,0.0,1.0,1.0,"{""dp_0_4"": 1.0}","{""cn_0"": 1.0}",0.0,1.0,sasb_candidate_builder,43b70e409b662737c8d76d4caf29aa15e9070a0937d8198b2c83fc68122f325d,1,43b70e409b662737c8d76d4caf29aa15e9070a0937d8198b2c83fc68122f325d,"{""sasb_builder"": 1}",0,0,0,0,{},0.0,"{""common_neighbor_bin_l1"": 0.0, ""degree_product_bin_l1"": 0.0, ""is_boundary_edge_l1"": 0.0, ""is_bridge_edge_l1"": 0.0, ""is_inter_community_edge_l1"": 0.0, ""is_low_common_neighbor_edge_l1"": 0.0, ""mean_l1"": 0.0}",1,32,2,2.0,0
realworld_completed,bio_celegans,SASB-candidate,sasb,SASB-structured,20260513,1980,late,0.004415011037527594,0.004415011037527594,0.0,408,409,1,0.9777777777777777,0.9782716049382716,320,329,320--329,1,1,1,1,1,0,0.0,0,0,0,2,"[""320"", ""329""]",e0cfdbcb96ff49b06c93ce85a5b99c90f2ba4e6591c592d2b757d07738c4996d,"{""boundary"": 1, ""community_rep"": 1}","{""degree_0_1"": 2}","{""0"": 2}",64,"{""backend"": ""evaluate_m19_theory_calibrated.candidate_features"", ""delta_mode"": ""none"", ""k_max"": 512, ""k_min"": 64, ""variant"": ""conservative""}",1,1.0,0.0,0.0,1.0,1.0,"{""dp_0_4"": 1.0}","{""cn_0"": 1.0}",0.0,1.0,sasb_candidate_builder,b72719a6493a4e70a013d7c75081552ea774b664a702a7ad4c76a76998d8428c,1,b72719a6493a4e70a013d7c75081552ea774b664a702a7ad4c76a76998d8428c,"{""sasb_builder"": 1}",0,0,0,0,{},0.0,"{""common_neighbor_bin_l1"": 0.0, ""degree_product_bin_l1"": 0.0, ""is_boundary_edge_l1"": 0.0, ""is_bridge_edge_l1"": 0.0, ""is_inter_community_edge_l1"": 0.0, ""is_low_common_neighbor_edge_l1"": 0.0, ""mean_l1"": 0.0}",1,32,2,2.0,0
realworld_completed,bio_celegans,SASB-candidate,sasb,SASB-structured,20260513,1981,late,0.004415011037527594,0.004415011037527594,0.0,409,410,1,0.9782716049382716,0.9787654320987654,343,38,343--38,1,1,1,1,1,0,0.0,0,0,0,2,"[""343"", ""38""]",eac60253ca73551bdee8621619d5b588f00eb415fc47522590821ed143da8233,"{""boundary"": 1, ""community_rep"": 1}","{""degree_0_1"": 2}","{""0"": 2}",64,"{""backend"": ""evaluate_m19_theory_calibrated.candidate_features"", ""delta_mode"": ""none"", ""k_max"": 512, ""k_min"": 64, ""variant"": ""conservative""}",1,1.0,0.0,0.0,1.0,1.0,"{""dp_0_4"": 1.0}","{""cn_0"": 1.0}",0.0,1.0,sasb_candidate_builder,89d0590cd06e4918a52ff8764caa605fe675075273380d70ea63a10accea617d,1,89d0590cd06e4918a52ff8764caa605fe675075273380d70ea63a10accea617d,"{""sasb_builder"": 1}",0,0,0,0,{},0.0,"{""common_neighbor_bin_l1"": 0.0, ""degree_product_bin_l1"": 0.0, ""is_boundary_edge_l1"": 0.0, ""is_bridge_edge_l1"": 0.0, ""is_inter_community_edge_l1"": 0.0, ""is_low_common_neighbor_edge_l1"": 0.0, ""mean_l1"": 0.0}",1,32,2,0.0,0
realworld_completed,bio_celegans,SASB-candidate,sasb,SASB-structured,20260513,1982,late,0.004415011037527594,0.004415011037527594,0.0,410,411,1,0.9787654320987654,0.9792592592592593,185,353,185--353,1,1,1,1,1,0,0.0,0,0,0,2,"[""185"", ""353""]",62653d8b0d16094d32c33def2a98fa83db1bc308c177e9bf887310079317f48d,"{""boundary"": 1, ""community_rep"": 1}","{""degree_0_1"": 2}","{""0"": 2}",64,"{""backend"": ""evaluate_m19_theory_calibrated.candidate_features"", ""delta_mode"": ""none"", ""k_max"": 512, ""k_min"": 64, ""variant"": ""conservative""}",1,1.0,0.0,0.0,1.0,1.0,"{""dp_0_4"": 1.0}","{""cn_0"": 1.0}",0.0,1.0,sasb_candidate_builder,3e8c2dd4b91ae6b31450cdfa60bd6e316f878502551456656d6e5e4e44a73f00,1,3e8c2dd4b91ae6b31450cdfa60bd6e316f878502551456656d6e5e4e44a73f00,"{""sasb_builder"": 1}",0,0,0,0,{},0.0,"{""common_neighbor_bin_l1"": 0.0, ""degree_product_bin_l1"": 0.0, ""is_boundary_edge_l1"": 0.0, ""is_bridge_edge_l1"": 0.0, ""is_inter_community_edge_l1"": 0.0, ""is_low_common_neighbor_edge_l1"": 0.0, ""mean_l1"": 0.0}",1,32,2,2.0,0
realworld_completed,bio_celegans,SASB-candidate,sasb,SASB-structured,20260513,1983,late,0.004415011037527594,0.004415011037527594,0.0,411,412,1,0.9792592592592593,0.9797530864197531,364,99,364--99,1,1,1,1,1,0,0.0,0,0,0,2,"[""364"", ""99""]",e3c409c75d3865044b9b5e26f015af2078892071c41c64e85ff6d97039b27d19,"{""boundary"": 1, ""community_rep"": 1}","{""degree_0_1"": 2}","{""0"": 2}",64,"{""backend"": ""evaluate_m19_theory_calibrated.candidate_features"", ""delta_mode"": ""none"", ""k_max"": 512, ""k_min"": 64, ""variant"": ""conservative""}",1,1.0,0.0,0.0,1.0,1.0,"{""dp_0_4"": 1.0}","{""cn_0"": 1.0}",0.0,1.0,sasb_candidate_builder,d7ba169bbfba558a87407adc0226116f690af29f603d8cff45e561597bdd17bf,1,d7ba169bbfba558a87407adc0226116f690af29f603d8cff45e561597bdd17bf,"{""sasb_builder"": 1}",0,0,0,0,{},0.0,"{""common_neighbor_bin_l1"": 0.0, ""degree_product_bin_l1"": 0.0, ""is_boundary_edge_l1"": 0.0, ""is_bridge_edge_l1"": 0.0, ""is_inter_community_edge_l1"": 0.0, ""is_low_common_neighbor_edge_l1"": 0.0, ""mean_l1"": 0.0}",1,32,2,0.0,0
realworld_completed,bio_celegans,SASB-candidate,sasb,SASB-structured,20260513,1984,late,0.004415011037527594,0.004415011037527594,0.0,412,413,1,0.9797530864197531,0.980246913580247,17,374,17--374,1,1,1,1,1,0,0.0,0,0,0,2,"[""17"", ""374""]",ed52b383518c14ce1599174647fda63b0f35435cb21cf1c50a9af7795e560e82,"{""boundary"": 1, ""community_rep"": 1}","{""degree_0_1"": 2}","{""0"": 2}",64,"{""backend"": ""evaluate_m19_theory_calibrated.candidate_features"", ""delta_mode"": ""none"", ""k_max"": 512, ""k_min"": 64, ""variant"": ""conservative""}",1,1.0,0.0,0.0,1.0,1.0,"{""dp_0_4"": 1.0}","{""cn_0"": 1.0}",0.0,1.0,sasb_candidate_builder,6eb0be898aabd7a608744695ab0038f6d07bbd1bfa59927fbfa42806b8bc9dbb,1,6eb0be898aabd7a608744695ab0038f6d07bbd1bfa59927fbfa42806b8bc9dbb,"{""sasb_builder"": 1}",0,0,0,0,{},0.0,"{""common_neighbor_bin_l1"": 0.0, ""degree_product_bin_l1"": 0.0, ""is_boundary_edge_l1"": 0.0, ""is_bridge_edge_l1"": 0.0, ""is_inter_community_edge_l1"": 0.0, ""is_low_common_neighbor_edge_l1"": 0.0, ""mean_l1"": 0.0}",1,32,2,2.0,0
realworld_completed,bio_celegans,SASB-candidate,sasb,SASB-structured,20260513,1985,late,0.004415011037527594,0.004415011037527594,0.0,413,414,1,0.980246913580247,0.9807407407407407,378,382,378--382,1,1,1,1,1,0,0.0,0,0,0,2,"[""378"", ""382""]",22150a4ed2203fd98ba750ccb7ecffe28a197354f84d8b62423001225b42ed0f,"{""boundary"": 1, ""community_rep"": 1}","{""degree_0_1"": 2}","{""0"": 2}",64,"{""backend"": ""evaluate_m19_theory_calibrated.candidate_features"", ""delta_mode"": ""none"", ""k_max"": 512, ""k_min"": 64, ""variant"": ""conservative""}",1,1.0,0.0,0.0,1.0,1.0,"{""dp_0_4"": 1.0}","{""cn_0"": 1.0}",0.0,1.0,sasb_candidate_builder,14dd66cf47ddff44a07d6a213b88562d42f17ca50813706088664a2fbb57cf9f,1,14dd66cf47ddff44a07d6a213b88562d42f17ca50813706088664a2fbb57cf9f,"{""sasb_builder"": 1}",0,0,0,0,{},0.0,"{""common_neighbor_bin_l1"": 0.0, ""degree_product_bin_l1"": 0.0, ""is_boundary_edge_l1"": 0.0, ""is_bridge_edge_l1"": 0.0, ""is_inter_community_edge_l1"": 0.0, ""is_low_common_neighbor_edge_l1"": 0.0, ""mean_l1"": 0.0}",1,32,2,2.0,0
realworld_completed,bio_celegans,SASB-candidate,sasb,SASB-structured,20260513,1986,late,0.004415011037527594,0.004415011037527594,0.0,414,415,1,0.9807407407407407,0.9812345679012345,388,424,388--424,1,1,1,1,1,0,0.0,0,0,0,2,"[""388"", ""424""]",b3578c4df43f2181999989202f04dda2fafba37b987e9c2e0f4e73274510c323,"{""boundary"": 1, ""community_rep"": 1}","{""degree_0_1"": 2}","{""0"": 2}",64,"{""backend"": ""evaluate_m19_theory_calibrated.candidate_features"", ""delta_mode"": ""none"", ""k_max"": 512, ""k_min"": 64, ""variant"": ""conservative""}",1,1.0,0.0,0.0,1.0,1.0,"{""dp_0_4"": 1.0}","{""cn_0"": 1.0}",0.0,1.0,sasb_candidate_builder,ec733058ba3057427b25e5c92e1fd645638dafe9a2505a1407717483e0d76b33,1,ec733058ba3057427b25e5c92e1fd645638dafe9a2505a1407717483e0d76b33,"{""sasb_builder"": 1}",0,0,0,0,{},0.0,"{""common_neighbor_bin_l1"": 0.0, ""degree_product_bin_l1"": 0.0, ""is_boundary_edge_l1"": 0.0, ""is_bridge_edge_l1"": 0.0, ""is_inter_community_edge_l1"": 0.0, ""is_low_common_neighbor_edge_l1"": 0.0, ""mean_l1"": 0.0}",1,32,2,2.0,0
realworld_completed,bio_celegans,SASB-candidate,sasb,SASB-structured,20260513,1987,late,0.004415011037527594,0.004415011037527594,0.0,415,416,1,0.9812345679012345,0.9817283950617284,122,392,122--392,1,1,1,1,1,0,0.0,0,0,0,2,"[""122"", ""392""]",0eeed525108de9f7be9a9b64179e1e842c9f3ca158570619e5481143fb28947e,"{""boundary"": 1, ""community_rep"": 1}","{""degree_0_1"": 2}","{""0"": 2}",64,"{""backend"": ""evaluate_m19_theory_calibrated.candidate_features"", ""delta_mode"": ""none"", ""k_max"": 512, ""k_min"": 64, ""variant"": ""conservative""}",1,1.0,0.0,0.0,1.0,1.0,"{""dp_0_4"": 1.0}","{""cn_0"": 1.0}",0.0,1.0,sasb_candidate_builder,1018ed17ac0b647518f5adce7c21b16e38edeeceda94f3ea2f32841e7e6b1b2a,1,1018ed17ac0b647518f5adce7c21b16e38edeeceda94f3ea2f32841e7e6b1b2a,"{""sasb_builder"": 1}",0,0,0,0,{},0.0,"{""common_neighbor_bin_l1"": 0.0, ""degree_product_bin_l1"": 0.0, ""is_boundary_edge_l1"": 0.0, ""is_bridge_edge_l1"": 0.0, ""is_inter_community_edge_l1"": 0.0, ""is_low_common_neighbor_edge_l1"": 0.0, ""mean_l1"": 0.0}",1,32,2,2.0,0
realworld_completed,bio_celegans,SASB-candidate,sasb,SASB-structured,20260513,1988,late,0.004415011037527594,0.004415011037527594,0.0,416,417,1,0.9817283950617284,0.9822222222222222,148,43,148--43,1,1,1,1,1,0,0.0,0,0,0,2,"[""148"", ""43""]",4793c4a927179a416dc48c8b03ea47ea5e5a8d9cb74b969ee50281ee809e9264,"{""boundary"": 1, ""community_rep"": 1}","{""degree_0_1"": 2}","{""0"": 2}",64,"{""backend"": ""evaluate_m19_theory_calibrated.candidate_features"", ""delta_mode"": ""none"", ""k_max"": 512, ""k_min"": 64, ""variant"": ""conservative""}",1,1.0,0.0,0.0,1.0,1.0,"{""dp_0_4"": 1.0}","{""cn_0"": 1.0}",0.0,1.0,sasb_candidate_builder,1ff2a644b8c1b105a803d2023c06437a855a99f4b55424666e4203fb6d409837,1,1ff2a644b8c1b105a803d2023c06437a855a99f4b55424666e4203fb6d409837,"{""sasb_builder"": 1}",0,0,0,0,{},0.0,"{""common_neighbor_bin_l1"": 0.0, ""degree_product_bin_l1"": 0.0, ""is_boundary_edge_l1"": 0.0, ""is_bridge_edge_l1"": 0.0, ""is_inter_community_edge_l1"": 0.0, ""is_low_common_neighbor_edge_l1"": 0.0, ""mean_l1"": 0.0}",1,32,2,0.0,0
realworld_completed,bio_celegans,SASB-candidate,sasb,SASB-structured,20260513,1989,late,0.004415011037527594,0.004415011037527594,0.0,417,418,1,0.9822222222222222,0.9827160493827161,398,78,398--78,1,1,1,1,1,0,0.0,0,0,0,2,"[""398"", ""78""]",7d4448734f27cc02b827bf0e36fc90c49696e7172f7a617c86fc680b8542db14,"{""boundary"": 1, ""community_rep"": 1}","{""degree_0_1"": 2}","{""0"": 2}",64,"{""backend"": ""evaluate_m19_theory_calibrated.candidate_features"", ""delta_mode"": ""none"", ""k_max"": 512, ""k_min"": 64, ""variant"": ""conservative""}",1,1.0,0.0,0.0,1.0,1.0,"{""dp_0_4"": 1.0}","{""cn_0"": 1.0}",0.0,1.0,sasb_candidate_builder,cead618a42803cf0b47de988f3e8ae407b5c42ab36442876fc2c74e374c22299,1,cead618a42803cf0b47de988f3e8ae407b5c42ab36442876fc2c74e374c22299,"{""sasb_builder"": 1}",0,0,0,0,{},0.0,"{""common_neighbor_bin_l1"": 0.0, ""degree_product_bin_l1"": 0.0, ""is_boundary_edge_l1"": 0.0, ""is_bridge_edge_l1"": 0.0, ""is_inter_community_edge_l1"": 0.0, ""is_low_common_neighbor_edge_l1"": 0.0, ""mean_l1"": 0.0}",1,32,2,0.0,0
realworld_completed,bio_celegans,SASB-candidate,sasb,SASB-structured,20260513,1990,late,0.004415011037527594,0.004415011037527594,0.0,418,419,1,0.9827160493827161,0.9832098765432099,359,396,359--396,1,1,1,1,1,0,0.0,0,0,0,2,"[""359"", ""396""]",c1973d212225ee4bdf1a7a88be42fb8acafcb8b0cc463f46b6991cd04ca9acd3,"{""boundary"": 1, ""community_rep"": 1}","{""degree_0_1"": 2}","{""0"": 2}",64,"{""backend"": ""evaluate_m19_theory_calibrated.candidate_features"", ""delta_mode"": ""none"", ""k_max"": 512, ""k_min"": 64, ""variant"": ""conservative""}",1,1.0,0.0,0.0,1.0,1.0,"{""dp_0_4"": 1.0}","{""cn_0"": 1.0}",0.0,1.0,sasb_candidate_builder,5cdcebfc28e242cda0457f0d8caba3052bb164d5de50ac3aa2f453bede749565,1,5cdcebfc28e242cda0457f0d8caba3052bb164d5de50ac3aa2f453bede749565,"{""sasb_builder"": 1}",0,0,0,0,{},0.0,"{""common_neighbor_bin_l1"": 0.0, ""degree_product_bin_l1"": 0.0, ""is_boundary_edge_l1"": 0.0, ""is_bridge_edge_l1"": 0.0, ""is_inter_community_edge_l1"": 0.0, ""is_low_common_neighbor_edge_l1"": 0.0, ""mean_l1"": 0.0}",1,32,2,2.0,0
realworld_completed,bio_celegans,SASB-candidate,sasb,SASB-structured,20260513,1991,late,0.004415011037527594,0.004415011037527594,0.0,419,420,1,0.9832098765432099,0.9837037037037037,104,451,104--451,1,1,1,1,1,0,0.0,0,0,0,2,"[""104"", ""451""]",e7e5e08b4fc328136b48c430c912d872e1f22391a4f5fb565460a62fae0d0027,"{""boundary"": 1, ""community_rep"": 1}","{""degree_0_1"": 2}","{""0"": 2}",64,"{""backend"": ""evaluate_m19_theory_calibrated.candidate_features"", ""delta_mode"": ""none"", ""k_max"": 512, ""k_min"": 64, ""variant"": ""conservative""}",1,1.0,0.0,0.0,1.0,1.0,"{""dp_0_4"": 1.0}","{""cn_0"": 1.0}",0.0,1.0,sasb_candidate_builder,3083235bb583ecc71ac442f600956a140d5d8a484105d709428004beef432cf4,1,3083235bb583ecc71ac442f600956a140d5d8a484105d709428004beef432cf4,"{""sasb_builder"": 1}",0,0,0,0,{},0.0,"{""common_neighbor_bin_l1"": 0.0, ""degree_product_bin_l1"": 0.0, ""is_boundary_edge_l1"": 0.0, ""is_bridge_edge_l1"": 0.0, ""is_inter_community_edge_l1"": 0.0, ""is_low_common_neighbor_edge_l1"": 0.0, ""mean_l1"": 0.0}",1,32,2,2.0,0
realworld_completed,bio_celegans,SASB-candidate,sasb,SASB-structured,20260513,1992,late,0.004415011037527594,0.004415011037527594,0.0,420,421,1,0.9837037037037037,0.9841975308641975,337,4,337--4,1,1,1,1,1,0,0.0,0,0,0,2,"[""337"", ""4""]",2d046b2629da6989cf9d9a6993303a3875c4ed6304c06532b8691d7fd5a71479,"{""boundary"": 1, ""community_rep"": 1}","{""degree_0_1"": 2}","{""0"": 2}",64,"{""backend"": ""evaluate_m19_theory_calibrated.candidate_features"", ""delta_mode"": ""none"", ""k_max"": 512, ""k_min"": 64, ""variant"": ""conservative""}",1,1.0,0.0,0.0,1.0,1.0,"{""dp_0_4"": 1.0}","{""cn_0"": 1.0}",0.0,1.0,sasb_candidate_builder,c9d58ae2d203b4723add5df4356722cb4d96b20cd2949e247632c4e0f94078c1,1,c9d58ae2d203b4723add5df4356722cb4d96b20cd2949e247632c4e0f94078c1,"{""sasb_builder"": 1}",0,0,0,0,{},0.0,"{""common_neighbor_bin_l1"": 0.0, ""degree_product_bin_l1"": 0.0, ""is_boundary_edge_l1"": 0.0, ""is_bridge_edge_l1"": 0.0, ""is_inter_community_edge_l1"": 0.0, ""is_low_common_neighbor_edge_l1"": 0.0, ""mean_l1"": 0.0}",1,32,2,0.0,0
realworld_completed,bio_celegans,SASB-candidate,sasb,SASB-structured,20260513,1993,late,0.004415011037527594,0.004415011037527594,0.0,421,422,1,0.9841975308641975,0.9846913580246913,203,358,203--358,1,1,1,1,1,0,0.0,0,0,0,2,"[""203"", ""358""]",092b88cf8c4a9c9ab7da8745abdc94b4de7e70f88660677c0453a9059933d7f9,"{""boundary"": 1, ""community_rep"": 1}","{""degree_0_1"": 2}","{""0"": 2}",64,"{""backend"": ""evaluate_m19_theory_calibrated.candidate_features"", ""delta_mode"": ""none"", ""k_max"": 512, ""k_min"": 64, ""variant"": ""conservative""}",1,1.0,0.0,0.0,1.0,1.0,"{""dp_0_4"": 1.0}","{""cn_0"": 1.0}",0.0,1.0,sasb_candidate_builder,4459361429e469a74d187d91dea49e4a77ee54ce0d5fd5a2b829d1686f41d42c,1,4459361429e469a74d187d91dea49e4a77ee54ce0d5fd5a2b829d1686f41d42c,"{""sasb_builder"": 1}",0,0,0,0,{},0.0,"{""common_neighbor_bin_l1"": 0.0, ""degree_product_bin_l1"": 0.0, ""is_boundary_edge_l1"": 0.0, ""is_bridge_edge_l1"": 0.0, ""is_inter_community_edge_l1"": 0.0, ""is_low_common_neighbor_edge_l1"": 0.0, ""mean_l1"": 0.0}",1,32,2,2.0,0
realworld_completed,bio_celegans,SASB-candidate,sasb,SASB-structured,20260513,1994,late,0.004415011037527594,0.004415011037527594,0.0,422,423,1,0.9846913580246913,0.9851851851851852,279,290,279--290,1,1,1,1,1,0,0.0,0,0,0,2,"[""279"", ""290""]",4d3e1e4475c4d40f7bb83cbb8f71ce6581bf004c8f1980a083cdea0c31ebbbbb,"{""boundary"": 1, ""community_rep"": 1}","{""degree_0_1"": 2}","{""0"": 2}",64,"{""backend"": ""evaluate_m19_theory_calibrated.candidate_features"", ""delta_mode"": ""none"", ""k_max"": 512, ""k_min"": 64, ""variant"": ""conservative""}",1,1.0,0.0,0.0,1.0,1.0,"{""dp_0_4"": 1.0}","{""cn_0"": 1.0}",0.0,1.0,sasb_candidate_builder,d5d74ec0c4a070f1ed4e370523c5dd2e2717e16ac5a99e310ca87dc12c174f46,1,d5d74ec0c4a070f1ed4e370523c5dd2e2717e16ac5a99e310ca87dc12c174f46,"{""sasb_builder"": 1}",0,0,0,0,{},0.0,"{""common_neighbor_bin_l1"": 0.0, ""degree_product_bin_l1"": 0.0, ""is_boundary_edge_l1"": 0.0, ""is_bridge_edge_l1"": 0.0, ""is_inter_community_edge_l1"": 0.0, ""is_low_common_neighbor_edge_l1"": 0.0, ""mean_l1"": 0.0}",1,32,2,2.0,0
realworld_completed,bio_celegans,SASB-candidate,sasb,SASB-structured,20260513,1995,late,0.004415011037527594,0.004415011037527594,0.0,423,424,1,0.9851851851851852,0.985679012345679,448,81,448--81,1,1,1,1,1,0,0.0,0,0,0,2,"[""448"", ""81""]",af03218ffe1a9c71c8c6d4eb929138eeb38f7bbb4a2eec1e8515edc22a0b631b,"{""boundary"": 1, ""community_rep"": 1}","{""degree_0_1"": 2}","{""0"": 2}",64,"{""backend"": ""evaluate_m19_theory_calibrated.candidate_features"", ""delta_mode"": ""none"", ""k_max"": 512, ""k_min"": 64, ""variant"": ""conservative""}",1,1.0,0.0,0.0,1.0,1.0,"{""dp_0_4"": 1.0}","{""cn_0"": 1.0}",0.0,1.0,sasb_candidate_builder,57137bf785dc2ed3f70824bd579ebeacf6b4b8cc60fb7b3ea5e96d751ab12259,1,57137bf785dc2ed3f70824bd579ebeacf6b4b8cc60fb7b3ea5e96d751ab12259,"{""sasb_builder"": 1}",0,0,0,0,{},0.0,"{""common_neighbor_bin_l1"": 0.0, ""degree_product_bin_l1"": 0.0, ""is_boundary_edge_l1"": 0.0, ""is_bridge_edge_l1"": 0.0, ""is_inter_community_edge_l1"": 0.0, ""is_low_common_neighbor_edge_l1"": 0.0, ""mean_l1"": 0.0}",1,32,2,0.0,0
realworld_completed,bio_celegans,SASB-candidate,sasb,SASB-structured,20260513,1996,late,0.004415011037527594,0.004415011037527594,0.0,424,425,1,0.985679012345679,0.9861728395061728,406,407,406--407,1,1,1,1,1,0,0.0,0,0,0,2,"[""406"", ""407""]",c27411387f1e064da317e8d024019e4dc1e9c8ead9f5432a7c29bc2d0f9a2486,"{""boundary"": 1, ""community_rep"": 1}","{""degree_0_1"": 2}","{""0"": 2}",64,"{""backend"": ""evaluate_m19_theory_calibrated.candidate_features"", ""delta_mode"": ""none"", ""k_max"": 512, ""k_min"": 64, ""variant"": ""conservative""}",1,1.0,0.0,0.0,1.0,1.0,"{""dp_0_4"": 1.0}","{""cn_0"": 1.0}",0.0,1.0,sasb_candidate_builder,45d09ffcba5eaae523ca81dbb842875e639a7ccf654165225da3ffa410ebb437,1,45d09ffcba5eaae523ca81dbb842875e639a7ccf654165225da3ffa410ebb437,"{""sasb_builder"": 1}",0,0,0,0,{},0.0,"{""common_neighbor_bin_l1"": 0.0, ""degree_product_bin_l1"": 0.0, ""is_boundary_edge_l1"": 0.0, ""is_bridge_edge_l1"": 0.0, ""is_inter_community_edge_l1"": 0.0, ""is_low_common_neighbor_edge_l1"": 0.0, ""mean_l1"": 0.0}",1,32,2,2.0,0
realworld_completed,bio_celegans,SASB-candidate,sasb,SASB-structured,20260513,1997,late,0.004415011037527594,0.004415011037527594,0.0,425,426,1,0.9861728395061728,0.9866666666666667,403,61,403--61,1,1,1,1,1,0,0.0,0,0,0,2,"[""403"", ""61""]",16b7a22c9b186a598aa6ea8a143571306e1fd0db90b64c4a0248d388dae0ef74,"{""boundary"": 1, ""community_rep"": 1}","{""degree_0_1"": 2}","{""0"": 2}",64,"{""backend"": ""evaluate_m19_theory_calibrated.candidate_features"", ""delta_mode"": ""none"", ""k_max"": 512, ""k_min"": 64, ""variant"": ""conservative""}",1,1.0,0.0,0.0,1.0,1.0,"{""dp_0_4"": 1.0}","{""cn_0"": 1.0}",0.0,1.0,sasb_candidate_builder,c2a6a9cf0a82d26473b799de490dfd3d76a42f5b269017734486e31e35690c43,1,c2a6a9cf0a82d26473b799de490dfd3d76a42f5b269017734486e31e35690c43,"{""sasb_builder"": 1}",0,0,0,0,{},0.0,"{""common_neighbor_bin_l1"": 0.0, ""degree_product_bin_l1"": 0.0, ""is_boundary_edge_l1"": 0.0, ""is_bridge_edge_l1"": 0.0, ""is_inter_community_edge_l1"": 0.0, ""is_low_common_neighbor_edge_l1"": 0.0, ""mean_l1"": 0.0}",1,32,2,0.0,0
realworld_completed,bio_celegans,SASB-candidate,sasb,SASB-structured,20260513,1998,late,0.004415011037527594,0.004415011037527594,0.0,426,427,1,0.9866666666666667,0.9871604938271605,162,71,162--71,1,1,1,1,1,0,0.0,0,0,0,2,"[""162"", ""71""]",329ce9be26b3f627374b283d4e07a004dc62af4fb27e6259280dad6964a710de,"{""boundary"": 1, ""community_rep"": 1}","{""degree_0_1"": 2}","{""0"": 2}",64,"{""backend"": ""evaluate_m19_theory_calibrated.candidate_features"", ""delta_mode"": ""none"", ""k_max"": 512, ""k_min"": 64, ""variant"": ""conservative""}",1,1.0,0.0,0.0,1.0,1.0,"{""dp_0_4"": 1.0}","{""cn_0"": 1.0}",0.0,1.0,sasb_candidate_builder,b0c4fad7b80bed967b7a41f9c34fd48ccdf7f29f9ea33211ce6e4e444659afbf,1,b0c4fad7b80bed967b7a41f9c34fd48ccdf7f29f9ea33211ce6e4e444659afbf,"{""sasb_builder"": 1}",0,0,0,0,{},0.0,"{""common_neighbor_bin_l1"": 0.0, ""degree_product_bin_l1"": 0.0, ""is_boundary_edge_l1"": 0.0, ""is_bridge_edge_l1"": 0.0, ""is_inter_community_edge_l1"": 0.0, ""is_low_common_neighbor_edge_l1"": 0.0, ""mean_l1"": 0.0}",1,32,2,0.0,0
realworld_completed,bio_celegans,SASB-candidate,sasb,SASB-structured,20260513,1999,late,0.004415011037527594,0.004415011037527594,0.0,427,428,1,0.9871604938271605,0.9876543209876543,202,277,202--277,1,1,1,1,1,0,0.0,0,0,0,2,"[""202"", ""277""]",8cef82a24c8776f02584ebe17cc6eeef33ebf11b8ebd506b4d33063099dfb398,"{""boundary"": 1, ""community_rep"": 1}","{""degree_0_1"": 2}","{""0"": 2}",64,"{""backend"": ""evaluate_m19_theory_calibrated.candidate_features"", ""delta_mode"": ""none"", ""k_max"": 512, ""k_min"": 64, ""variant"": ""conservative""}",1,1.0,0.0,0.0,1.0,1.0,"{""dp_0_4"": 1.0}","{""cn_0"": 1.0}",0.0,1.0,sasb_candidate_builder,deddeb401836eb3820dd642befc1fc13dffe94ddc449974df624e34ce07f60b6,1,deddeb401836eb3820dd642befc1fc13dffe94ddc449974df624e34ce07f60b6,"{""sasb_builder"": 1}",0,0,0,0,{},0.0,"{""common_neighbor_bin_l1"": 0.0, ""degree_product_bin_l1"": 0.0, ""is_boundary_edge_l1"": 0.0, ""is_bridge_edge_l1"": 0.0, ""is_inter_community_edge_l1"": 0.0, ""is_low_common_neighbor_edge_l1"": 0.0, ""mean_l1"": 0.0}",1,32,2,2.0,0
realworld_completed,bio_celegans,SASB-candidate,sasb,SASB-structured,20260513,2000,late,0.004415011037527594,0.004415011037527594,0.0,428,429,1,0.9876543209876543,0.9881481481481481,289,365,289--365,1,1,1,1,1,0,0.0,0,0,0,2,"[""289"", ""365""]",9496371158901ab9ea6f8cf5c48ef4ad4033906af1884650c10e882f986ffa4e,"{""boundary"": 1, ""community_rep"": 1}","{""degree_0_1"": 2}","{""0"": 2}",64,"{""backend"": ""evaluate_m19_theory_calibrated.candidate_features"", ""delta_mode"": ""none"", ""k_max"": 512, ""k_min"": 64, ""variant"": ""conservative""}",1,1.0,0.0,0.0,1.0,1.0,"{""dp_0_4"": 1.0}","{""cn_0"": 1.0}",0.0,1.0,sasb_candidate_builder,5b850b9f72dc9e717a1cd47348f3da68641babd8aa0000b32aeab0d1859dde05,1,5b850b9f72dc9e717a1cd47348f3da68641babd8aa0000b32aeab0d1859dde05,"{""sasb_builder"": 1}",0,0,0,0,{},0.0,"{""common_neighbor_bin_l1"": 0.0, ""degree_product_bin_l1"": 0.0, ""is_boundary_edge_l1"": 0.0, ""is_bridge_edge_l1"": 0.0, ""is_inter_community_edge_l1"": 0.0, ""is_low_common_neighbor_edge_l1"": 0.0, ""mean_l1"": 0.0}",1,32,2,2.0,0
realworld_completed,bio_celegans,SASB-candidate,sasb,SASB-structured,20260513,2001,late,0.004415011037527594,0.004415011037527594,0.0,429,430,1,0.9881481481481481,0.988641975308642,322,338,322--338,1,1,1,1,1,0,0.0,0,0,0,2,"[""322"", ""338""]",4debea9796ecc7fe7f0165d2613043742112ef336c71b15594354f1be2f546a9,"{""boundary"": 1, ""community_rep"": 1}","{""degree_0_1"": 2}","{""0"": 2}",64,"{""backend"": ""evaluate_m19_theory_calibrated.candidate_features"", ""delta_mode"": ""none"", ""k_max"": 512, ""k_min"": 64, ""variant"": ""conservative""}",1,1.0,0.0,0.0,1.0,1.0,"{""dp_0_4"": 1.0}","{""cn_0"": 1.0}",0.0,1.0,sasb_candidate_builder,34a49bae0580d5077e83f63ff2ffbd37ae55c875c378ee9219acf8686da11740,1,34a49bae0580d5077e83f63ff2ffbd37ae55c875c378ee9219acf8686da11740,"{""sasb_builder"": 1}",0,0,0,0,{},0.0,"{""common_neighbor_bin_l1"": 0.0, ""degree_product_bin_l1"": 0.0, ""is_boundary_edge_l1"": 0.0, ""is_bridge_edge_l1"": 0.0, ""is_inter_community_edge_l1"": 0.0, ""is_low_common_neighbor_edge_l1"": 0.0, ""mean_l1"": 0.0}",1,32,2,2.0,0
realworld_completed,bio_celegans,SASB-candidate,sasb,SASB-structured,20260513,2002,late,0.004415011037527594,0.004415011037527594,0.0,430,431,1,0.988641975308642,0.9891358024691358,152,383,152--383,1,1,1,1,1,0,0.0,0,0,0,2,"[""152"", ""383""]",5c13ac31162bfbfda4ea722264b9c15d7c74e2607c97ca7319067721cde9fc98,"{""boundary"": 1, ""community_rep"": 1}","{""degree_0_1"": 2}","{""0"": 2}",64,"{""backend"": ""evaluate_m19_theory_calibrated.candidate_features"", ""delta_mode"": ""none"", ""k_max"": 512, ""k_min"": 64, ""variant"": ""conservative""}",1,1.0,0.0,0.0,1.0,1.0,"{""dp_0_4"": 1.0}","{""cn_0"": 1.0}",0.0,1.0,sasb_candidate_builder,62a29667007a84504902478d91f51edee400bec39a6cbdb0d2fc519e9f9c8a53,1,62a29667007a84504902478d91f51edee400bec39a6cbdb0d2fc519e9f9c8a53,"{""sasb_builder"": 1}",0,0,0,0,{},0.0,"{""common_neighbor_bin_l1"": 0.0, ""degree_product_bin_l1"": 0.0, ""is_boundary_edge_l1"": 0.0, ""is_bridge_edge_l1"": 0.0, ""is_inter_community_edge_l1"": 0.0, ""is_low_common_neighbor_edge_l1"": 0.0, ""mean_l1"": 0.0}",1,32,2,2.0,0
realworld_completed,bio_celegans,SASB-candidate,sasb,SASB-structured,20260513,2003,late,0.004415011037527594,0.004415011037527594,0.0,431,432,1,0.9891358024691358,0.9896296296296296,175,284,175--284,1,1,1,1,1,0,0.0,0,0,0,2,"[""175"", ""284""]",8e00ad5a904528428acca418dd1c70e7c15fa0b5f77ae6a910b7eff188150ebc,"{""boundary"": 1, ""community_rep"": 1}","{""degree_0_1"": 2}","{""0"": 2}",64,"{""backend"": ""evaluate_m19_theory_calibrated.candidate_features"", ""delta_mode"": ""none"", ""k_max"": 512, ""k_min"": 64, ""variant"": ""conservative""}",1,1.0,0.0,0.0,1.0,1.0,"{""dp_0_4"": 1.0}","{""cn_0"": 1.0}",0.0,1.0,sasb_candidate_builder,41160a840e7dd357b0a7a07a8fa669b0dd4759fb1e72fab8e8691b20d2ded7b9,1,41160a840e7dd357b0a7a07a8fa669b0dd4759fb1e72fab8e8691b20d2ded7b9,"{""sasb_builder"": 1}",0,0,0,0,{},0.0,"{""common_neighbor_bin_l1"": 0.0, ""degree_product_bin_l1"": 0.0, ""is_boundary_edge_l1"": 0.0, ""is_bridge_edge_l1"": 0.0, ""is_inter_community_edge_l1"": 0.0, ""is_low_common_neighbor_edge_l1"": 0.0, ""mean_l1"": 0.0}",1,32,2,2.0,0
realworld_completed,bio_celegans,SASB-candidate,sasb,SASB-structured,20260513,2004,late,0.004415011037527594,0.004415011037527594,0.0,432,433,1,0.9896296296296296,0.9901234567901235,308,310,308--310,1,1,1,1,1,0,0.0,0,0,0,2,"[""308"", ""310""]",a5af6a90358d6106a2c4dcf84af22afa320275febafd15f7d3bc8bd6c1dde961,"{""boundary"": 1, ""community_rep"": 1}","{""degree_0_1"": 2}","{""0"": 2}",64,"{""backend"": ""evaluate_m19_theory_calibrated.candidate_features"", ""delta_mode"": ""none"", ""k_max"": 512, ""k_min"": 64, ""variant"": ""conservative""}",1,1.0,0.0,0.0,1.0,1.0,"{""dp_0_4"": 1.0}","{""cn_0"": 1.0}",0.0,1.0,sasb_candidate_builder,dec744bc8812a2a2516cbf7c9444a6d6cd9e915f6bdec2f71b14e0c96fa5cb72,1,dec744bc8812a2a2516cbf7c9444a6d6cd9e915f6bdec2f71b14e0c96fa5cb72,"{""sasb_builder"": 1}",0,0,0,0,{},0.0,"{""common_neighbor_bin_l1"": 0.0, ""degree_product_bin_l1"": 0.0, ""is_boundary_edge_l1"": 0.0, ""is_bridge_edge_l1"": 0.0, ""is_inter_community_edge_l1"": 0.0, ""is_low_common_neighbor_edge_l1"": 0.0, ""mean_l1"": 0.0}",1,32,2,2.0,0
realworld_completed,bio_celegans,SASB-candidate,sasb,SASB-structured,20260513,2005,late,0.004415011037527594,0.004415011037527594,0.0,433,434,1,0.9901234567901235,0.9906172839506173,158,223,158--223,1,1,1,1,1,0,0.0,0,0,0,2,"[""158"", ""223""]",1c4ac7004a3a717ca8d563632c11610053793fa4d37db2f86dd5a8ed2a8cd60c,"{""boundary"": 1, ""community_rep"": 1}","{""degree_0_1"": 2}","{""0"": 2}",64,"{""backend"": ""evaluate_m19_theory_calibrated.candidate_features"", ""delta_mode"": ""none"", ""k_max"": 512, ""k_min"": 64, ""variant"": ""conservative""}",1,1.0,0.0,0.0,1.0,1.0,"{""dp_0_4"": 1.0}","{""cn_0"": 1.0}",0.0,1.0,sasb_candidate_builder,bcbe663b1ba111c9cb0380fc4a02eb9412cd4b77ce5181ef601a5a0fa1d95c0c,1,bcbe663b1ba111c9cb0380fc4a02eb9412cd4b77ce5181ef601a5a0fa1d95c0c,"{""sasb_builder"": 1}",0,0,0,0,{},0.0,"{""common_neighbor_bin_l1"": 0.0, ""degree_product_bin_l1"": 0.0, ""is_boundary_edge_l1"": 0.0, ""is_bridge_edge_l1"": 0.0, ""is_inter_community_edge_l1"": 0.0, ""is_low_common_neighbor_edge_l1"": 0.0, ""mean_l1"": 0.0}",1,32,2,2.0,0
realworld_completed,bio_celegans,SASB-candidate,sasb,SASB-structured,20260513,2006,late,0.004415011037527594,0.004415011037527594,0.0,434,435,1,0.9906172839506173,0.9911111111111112,367,84,367--84,1,1,1,1,1,0,0.0,0,0,0,2,"[""367"", ""84""]",22a484a830b86b8ecff398674e4ef140413ed499ac6e0f91132feb4adaf90ec2,"{""boundary"": 1, ""community_rep"": 1}","{""degree_0_1"": 2}","{""0"": 2}",64,"{""backend"": ""evaluate_m19_theory_calibrated.candidate_features"", ""delta_mode"": ""none"", ""k_max"": 512, ""k_min"": 64, ""variant"": ""conservative""}",1,1.0,0.0,0.0,1.0,1.0,"{""dp_0_4"": 1.0}","{""cn_0"": 1.0}",0.0,1.0,sasb_candidate_builder,2bcc4d1b30c6e44d1534ddd2a72a40f37ee545d0d0fb23f3e5b2621dd872d9cf,1,2bcc4d1b30c6e44d1534ddd2a72a40f37ee545d0d0fb23f3e5b2621dd872d9cf,"{""sasb_builder"": 1}",0,0,0,0,{},0.0,"{""common_neighbor_bin_l1"": 0.0, ""degree_product_bin_l1"": 0.0, ""is_boundary_edge_l1"": 0.0, ""is_bridge_edge_l1"": 0.0, ""is_inter_community_edge_l1"": 0.0, ""is_low_common_neighbor_edge_l1"": 0.0, ""mean_l1"": 0.0}",1,32,2,0.0,0
realworld_completed,bio_celegans,SASB-candidate,sasb,SASB-structured,20260513,2007,late,0.004415011037527594,0.004415011037527594,0.0,435,436,1,0.9911111111111112,0.9916049382716049,151,153,151--153,1,1,1,1,1,0,0.0,0,0,0,2,"[""151"", ""153""]",42f4153e3a300d029afe3f75aabfeb55ae0270cf0f9f280da6d1492a768020ce,"{""boundary"": 1, ""community_rep"": 1}","{""degree_0_1"": 2}","{""0"": 2}",64,"{""backend"": ""evaluate_m19_theory_calibrated.candidate_features"", ""delta_mode"": ""none"", ""k_max"": 512, ""k_min"": 64, ""variant"": ""conservative""}",1,1.0,0.0,0.0,1.0,1.0,"{""dp_0_4"": 1.0}","{""cn_0"": 1.0}",0.0,1.0,sasb_candidate_builder,4d53203472abf496742bc93202142bb61f47d6f1323402f43fe9ad2059fed54e,1,4d53203472abf496742bc93202142bb61f47d6f1323402f43fe9ad2059fed54e,"{""sasb_builder"": 1}",0,0,0,0,{},0.0,"{""common_neighbor_bin_l1"": 0.0, ""degree_product_bin_l1"": 0.0, ""is_boundary_edge_l1"": 0.0, ""is_bridge_edge_l1"": 0.0, ""is_inter_community_edge_l1"": 0.0, ""is_low_common_neighbor_edge_l1"": 0.0, ""mean_l1"": 0.0}",1,32,2,2.0,0
realworld_completed,bio_celegans,SASB-candidate,sasb,SASB-structured,20260513,2008,late,0.004415011037527594,0.004415011037527594,0.0,436,437,1,0.9916049382716049,0.9920987654320987,245,248,245--248,1,1,1,1,1,0,0.0,0,0,0,2,"[""245"", ""248""]",75a432fd79c0ae09cf902543a1fd512926fb73b032be78740f1533803742f2cc,"{""boundary"": 1, ""community_rep"": 1}","{""degree_0_1"": 2}","{""0"": 2}",64,"{""backend"": ""evaluate_m19_theory_calibrated.candidate_features"", ""delta_mode"": ""none"", ""k_max"": 512, ""k_min"": 64, ""variant"": ""conservative""}",1,1.0,0.0,0.0,1.0,1.0,"{""dp_0_4"": 1.0}","{""cn_0"": 1.0}",0.0,1.0,sasb_candidate_builder,26ee2cb151c267fc70c17863514689f261c495d86ef36dc6d4a34079ad91f607,1,26ee2cb151c267fc70c17863514689f261c495d86ef36dc6d4a34079ad91f607,"{""sasb_builder"": 1}",0,0,0,0,{},0.0,"{""common_neighbor_bin_l1"": 0.0, ""degree_product_bin_l1"": 0.0, ""is_boundary_edge_l1"": 0.0, ""is_bridge_edge_l1"": 0.0, ""is_inter_community_edge_l1"": 0.0, ""is_low_common_neighbor_edge_l1"": 0.0, ""mean_l1"": 0.0}",1,32,2,2.0,0
realworld_completed,bio_celegans,SASB-candidate,sasb,SASB-structured,20260513,2009,late,0.004415011037527594,0.004415011037527594,0.0,437,438,1,0.9920987654320987,0.9925925925925926,252,254,252--254,1,1,1,1,1,0,0.0,0,0,0,2,"[""252"", ""254""]",a0dfa8af2187ee989d1ed34fdf9c97a82e54e5352940edeb568703d48aa3b803,"{""boundary"": 1, ""community_rep"": 1}","{""degree_0_1"": 2}","{""0"": 2}",64,"{""backend"": ""evaluate_m19_theory_calibrated.candidate_features"", ""delta_mode"": ""none"", ""k_max"": 512, ""k_min"": 64, ""variant"": ""conservative""}",1,1.0,0.0,0.0,1.0,1.0,"{""dp_0_4"": 1.0}","{""cn_0"": 1.0}",0.0,1.0,sasb_candidate_builder,0a66709766d8f95aa6a2819e6acbe8d1cac4b9eec5e01189720150ac9d5e0cb1,1,0a66709766d8f95aa6a2819e6acbe8d1cac4b9eec5e01189720150ac9d5e0cb1,"{""sasb_builder"": 1}",0,0,0,0,{},0.0,"{""common_neighbor_bin_l1"": 0.0, ""degree_product_bin_l1"": 0.0, ""is_boundary_edge_l1"": 0.0, ""is_bridge_edge_l1"": 0.0, ""is_inter_community_edge_l1"": 0.0, ""is_low_common_neighbor_edge_l1"": 0.0, ""mean_l1"": 0.0}",1,32,2,2.0,0
realworld_completed,bio_celegans,SASB-candidate,sasb,SASB-structured,20260513,2010,late,0.004415011037527594,0.004415011037527594,0.0,438,439,1,0.9925925925925926,0.9930864197530864,255,260,255--260,1,1,1,1,1,0,0.0,0,0,0,2,"[""255"", ""260""]",03357682d447667707f2e833b80425f4e4bc2573a63834e027fc96526c2de708,"{""boundary"": 1, ""community_rep"": 1}","{""degree_0_1"": 2}","{""0"": 2}",64,"{""backend"": ""evaluate_m19_theory_calibrated.candidate_features"", ""delta_mode"": ""none"", ""k_max"": 512, ""k_min"": 64, ""variant"": ""conservative""}",1,1.0,0.0,0.0,1.0,1.0,"{""dp_0_4"": 1.0}","{""cn_0"": 1.0}",0.0,1.0,sasb_candidate_builder,bed8abbb37f4e99239043582e182ef3f52872dafc4ab903c40b3f81c8b8e9ff5,1,bed8abbb37f4e99239043582e182ef3f52872dafc4ab903c40b3f81c8b8e9ff5,"{""sasb_builder"": 1}",0,0,0,0,{},0.0,"{""common_neighbor_bin_l1"": 0.0, ""degree_product_bin_l1"": 0.0, ""is_boundary_edge_l1"": 0.0, ""is_bridge_edge_l1"": 0.0, ""is_inter_community_edge_l1"": 0.0, ""is_low_common_neighbor_edge_l1"": 0.0, ""mean_l1"": 0.0}",1,32,2,2.0,0
realworld_completed,bio_celegans,SASB-candidate,sasb,SASB-structured,20260513,2011,late,0.004415011037527594,0.004415011037527594,0.0,439,440,1,0.9930864197530864,0.9935802469135803,276,311,276--311,1,1,1,1,1,0,0.0,0,0,0,2,"[""276"", ""311""]",3bccb96e3f7ace7d2501fa80c04e00c8a8a3ef661493b1b983d570952884eac2,"{""boundary"": 1, ""community_rep"": 1}","{""degree_0_1"": 2}","{""0"": 2}",64,"{""backend"": ""evaluate_m19_theory_calibrated.candidate_features"", ""delta_mode"": ""none"", ""k_max"": 512, ""k_min"": 64, ""variant"": ""conservative""}",1,1.0,0.0,0.0,1.0,1.0,"{""dp_0_4"": 1.0}","{""cn_0"": 1.0}",0.0,1.0,sasb_candidate_builder,8c7a05c2504f4620605fd4f5ff2787a5632809892d66122f7d7eb90d62392ec3,1,8c7a05c2504f4620605fd4f5ff2787a5632809892d66122f7d7eb90d62392ec3,"{""sasb_builder"": 1}",0,0,0,0,{},0.0,"{""common_neighbor_bin_l1"": 0.0, ""degree_product_bin_l1"": 0.0, ""is_boundary_edge_l1"": 0.0, ""is_bridge_edge_l1"": 0.0, ""is_inter_community_edge_l1"": 0.0, ""is_low_common_neighbor_edge_l1"": 0.0, ""mean_l1"": 0.0}",1,32,2,2.0,0
realworld_completed,bio_celegans,SASB-candidate,sasb,SASB-structured,20260513,2012,late,0.004415011037527594,0.004415011037527594,0.0,440,441,1,0.9935802469135803,0.9940740740740741,350,372,350--372,1,1,1,1,1,0,0.0,0,0,0,2,"[""350"", ""372""]",a63f6b878cba43118dbe6b6e2cbdd3f92f70be27f060f4acb1b2339b639c70fc,"{""boundary"": 1, ""community_rep"": 1}","{""degree_0_1"": 2}","{""0"": 2}",64,"{""backend"": ""evaluate_m19_theory_calibrated.candidate_features"", ""delta_mode"": ""none"", ""k_max"": 512, ""k_min"": 64, ""variant"": ""conservative""}",1,1.0,0.0,0.0,1.0,1.0,"{""dp_0_4"": 1.0}","{""cn_0"": 1.0}",0.0,1.0,sasb_candidate_builder,1461bf804d494549c32902491e96ca83b3ac934ea0ac7625403e219c3e0a8ecf,1,1461bf804d494549c32902491e96ca83b3ac934ea0ac7625403e219c3e0a8ecf,"{""sasb_builder"": 1}",0,0,0,0,{},0.0,"{""common_neighbor_bin_l1"": 0.0, ""degree_product_bin_l1"": 0.0, ""is_boundary_edge_l1"": 0.0, ""is_bridge_edge_l1"": 0.0, ""is_inter_community_edge_l1"": 0.0, ""is_low_common_neighbor_edge_l1"": 0.0, ""mean_l1"": 0.0}",1,32,2,2.0,0
realworld_completed,bio_celegans,SASB-candidate,sasb,SASB-structured,20260513,2013,late,0.004415011037527594,0.004415011037527594,0.0,441,442,1,0.9940740740740741,0.994567901234568,22,3,22--3,1,1,1,1,1,0,0.0,0,0,0,2,"[""22"", ""3""]",41998baeb9e10ad931c0a9e309d6eb2647c8f6880e3e95fe1b49164b20f500f8,"{""boundary"": 1, ""community_rep"": 1}","{""degree_0_1"": 2}","{""0"": 2}",64,"{""backend"": ""evaluate_m19_theory_calibrated.candidate_features"", ""delta_mode"": ""none"", ""k_max"": 512, ""k_min"": 64, ""variant"": ""conservative""}",1,1.0,0.0,0.0,1.0,1.0,"{""dp_0_4"": 1.0}","{""cn_0"": 1.0}",0.0,1.0,sasb_candidate_builder,8f87c08ebf5808bb4278444859040f90e4d23c5e228787667ea1304326a7e9dc,1,8f87c08ebf5808bb4278444859040f90e4d23c5e228787667ea1304326a7e9dc,"{""sasb_builder"": 1}",0,0,0,0,{},0.0,"{""common_neighbor_bin_l1"": 0.0, ""degree_product_bin_l1"": 0.0, ""is_boundary_edge_l1"": 0.0, ""is_bridge_edge_l1"": 0.0, ""is_inter_community_edge_l1"": 0.0, ""is_low_common_neighbor_edge_l1"": 0.0, ""mean_l1"": 0.0}",1,32,2,0.0,0
realworld_completed,bio_celegans,SASB-candidate,sasb,SASB-structured,20260513,2014,late,0.004415011037527594,0.004415011037527594,0.0,442,443,1,0.994567901234568,0.9950617283950617,280,296,280--296,1,1,1,1,1,0,0.0,0,0,0,2,"[""280"", ""296""]",df7a956c31ad291e945d6376ded5f04ba285fa141c698fd598b0705cc65192a6,"{""boundary"": 1, ""community_rep"": 1}","{""degree_0_1"": 2}","{""0"": 2}",64,"{""backend"": ""evaluate_m19_theory_calibrated.candidate_features"", ""delta_mode"": ""none"", ""k_max"": 512, ""k_min"": 64, ""variant"": ""conservative""}",1,1.0,0.0,0.0,1.0,1.0,"{""dp_0_4"": 1.0}","{""cn_0"": 1.0}",0.0,1.0,sasb_candidate_builder,e3c47cee7044d35a89220b7f8503918f6d3543d48d6319c68d45aeb05bd73f18,1,e3c47cee7044d35a89220b7f8503918f6d3543d48d6319c68d45aeb05bd73f18,"{""sasb_builder"": 1}",0,0,0,0,{},0.0,"{""common_neighbor_bin_l1"": 0.0, ""degree_product_bin_l1"": 0.0, ""is_boundary_edge_l1"": 0.0, ""is_bridge_edge_l1"": 0.0, ""is_inter_community_edge_l1"": 0.0, ""is_low_common_neighbor_edge_l1"": 0.0, ""mean_l1"": 0.0}",1,32,2,2.0,0
realworld_completed,bio_celegans,SASB-candidate,sasb,SASB-structured,20260513,2015,late,0.004415011037527594,0.004415011037527594,0.0,443,444,1,0.9950617283950617,0.9955555555555555,420,46,420--46,1,1,1,1,1,0,0.0,0,0,0,2,"[""420"", ""46""]",2e8cb6e6d9cc861a0676823bfcb53a742e158c59057b3fb74aaa07a6bebe4ae7,"{""boundary"": 1, ""community_rep"": 1}","{""degree_0_1"": 2}","{""0"": 2}",64,"{""backend"": ""evaluate_m19_theory_calibrated.candidate_features"", ""delta_mode"": ""none"", ""k_max"": 512, ""k_min"": 64, ""variant"": ""conservative""}",1,1.0,0.0,0.0,1.0,1.0,"{""dp_0_4"": 1.0}","{""cn_0"": 1.0}",0.0,1.0,sasb_candidate_builder,0897459ae0f014ee94d007ef13255d71eb57751913d45e5bc4da0a491e39d54a,1,0897459ae0f014ee94d007ef13255d71eb57751913d45e5bc4da0a491e39d54a,"{""sasb_builder"": 1}",0,0,0,0,{},0.0,"{""common_neighbor_bin_l1"": 0.0, ""degree_product_bin_l1"": 0.0, ""is_boundary_edge_l1"": 0.0, ""is_bridge_edge_l1"": 0.0, ""is_inter_community_edge_l1"": 0.0, ""is_low_common_neighbor_edge_l1"": 0.0, ""mean_l1"": 0.0}",1,32,2,0.0,0
realworld_completed,bio_celegans,SASB-candidate,sasb,SASB-structured,20260513,2016,late,0.004415011037527594,0.004415011037527594,0.0,444,445,1,0.9955555555555555,0.9960493827160494,124,135,124--135,1,1,1,1,1,0,0.0,0,0,0,2,"[""124"", ""135""]",d37aeda6bc0cd46ee66605363a143781de3118b2c923f143ad78726b24bba700,"{""boundary"": 1, ""community_rep"": 1}","{""degree_0_1"": 2}","{""0"": 2}",64,"{""backend"": ""evaluate_m19_theory_calibrated.candidate_features"", ""delta_mode"": ""none"", ""k_max"": 512, ""k_min"": 64, ""variant"": ""conservative""}",1,1.0,0.0,0.0,1.0,1.0,"{""dp_0_4"": 1.0}","{""cn_0"": 1.0}",0.0,1.0,sasb_candidate_builder,1731ddac02e0c7ba80b90624c6c515e95c44f64449bbbc5b809ee26c6e28be04,1,1731ddac02e0c7ba80b90624c6c515e95c44f64449bbbc5b809ee26c6e28be04,"{""sasb_builder"": 1}",0,0,0,0,{},0.0,"{""common_neighbor_bin_l1"": 0.0, ""degree_product_bin_l1"": 0.0, ""is_boundary_edge_l1"": 0.0, ""is_bridge_edge_l1"": 0.0, ""is_inter_community_edge_l1"": 0.0, ""is_low_common_neighbor_edge_l1"": 0.0, ""mean_l1"": 0.0}",1,32,2,2.0,0
realworld_completed,bio_celegans,SASB-candidate,sasb,SASB-structured,20260513,2017,late,0.004415011037527594,0.004415011037527594,0.0,445,446,1,0.9960493827160494,0.9965432098765432,283,90,283--90,1,1,1,1,1,0,0.0,0,0,0,2,"[""283"", ""90""]",8958665aef3693392051448dbeb848f89d91deac696ff40a08edbaae70623d5c,"{""boundary"": 1, ""community_rep"": 1}","{""degree_0_1"": 2}","{""0"": 2}",64,"{""backend"": ""evaluate_m19_theory_calibrated.candidate_features"", ""delta_mode"": ""none"", ""k_max"": 512, ""k_min"": 64, ""variant"": ""conservative""}",1,1.0,0.0,0.0,1.0,1.0,"{""dp_0_4"": 1.0}","{""cn_0"": 1.0}",0.0,1.0,sasb_candidate_builder,1ee857efd4f17d7b9de2d7e35483783a72193179cc1556e615410a7b4a264f46,1,1ee857efd4f17d7b9de2d7e35483783a72193179cc1556e615410a7b4a264f46,"{""sasb_builder"": 1}",0,0,0,0,{},0.0,"{""common_neighbor_bin_l1"": 0.0, ""degree_product_bin_l1"": 0.0, ""is_boundary_edge_l1"": 0.0, ""is_bridge_edge_l1"": 0.0, ""is_inter_community_edge_l1"": 0.0, ""is_low_common_neighbor_edge_l1"": 0.0, ""mean_l1"": 0.0}",1,32,2,0.0,0
realworld_completed,bio_celegans,SASB-candidate,sasb,SASB-structured,20260513,2018,late,0.004415011037527594,0.004415011037527594,0.0,446,447,1,0.9965432098765432,0.997037037037037,197,271,197--271,1,1,1,1,1,0,0.0,0,0,0,2,"[""197"", ""271""]",88f0bd34d541a34e49219a6a918d5230ac612b8c989254a1f02d62d9e660d036,"{""boundary"": 1, ""community_rep"": 1}","{""degree_0_1"": 2}","{""0"": 2}",64,"{""backend"": ""evaluate_m19_theory_calibrated.candidate_features"", ""delta_mode"": ""none"", ""k_max"": 512, ""k_min"": 64, ""variant"": ""conservative""}",1,1.0,0.0,0.0,1.0,1.0,"{""dp_0_4"": 1.0}","{""cn_0"": 1.0}",0.0,1.0,sasb_candidate_builder,ee6f9fe52e64f4735fb3abd8281c3b6efbb27f31ebd800fda9f8310f7a50bf26,1,ee6f9fe52e64f4735fb3abd8281c3b6efbb27f31ebd800fda9f8310f7a50bf26,"{""sasb_builder"": 1}",0,0,0,0,{},0.0,"{""common_neighbor_bin_l1"": 0.0, ""degree_product_bin_l1"": 0.0, ""is_boundary_edge_l1"": 0.0, ""is_bridge_edge_l1"": 0.0, ""is_inter_community_edge_l1"": 0.0, ""is_low_common_neighbor_edge_l1"": 0.0, ""mean_l1"": 0.0}",1,32,2,2.0,0
realworld_completed,bio_celegans,SASB-candidate,sasb,SASB-structured,20260513,2019,late,0.004415011037527594,0.004415011037527594,0.0,447,448,1,0.997037037037037,0.9975308641975309,324,328,324--328,1,1,1,1,1,0,0.0,0,0,0,2,"[""324"", ""328""]",8645253cedd9291d7b67d37dd4966c5c38330cd4b6e4f15b8e4cf1c26d9678fa,"{""boundary"": 1, ""community_rep"": 1}","{""degree_0_1"": 2}","{""0"": 2}",64,"{""backend"": ""evaluate_m19_theory_calibrated.candidate_features"", ""delta_mode"": ""none"", ""k_max"": 512, ""k_min"": 64, ""variant"": ""conservative""}",1,1.0,0.0,0.0,1.0,1.0,"{""dp_0_4"": 1.0}","{""cn_0"": 1.0}",0.0,1.0,sasb_candidate_builder,03188a4a1fb58c0ec2780d9f967e4c3e24c673ef0193801ff4dbf86b60b29811,1,03188a4a1fb58c0ec2780d9f967e4c3e24c673ef0193801ff4dbf86b60b29811,"{""sasb_builder"": 1}",0,0,0,0,{},0.0,"{""common_neighbor_bin_l1"": 0.0, ""degree_product_bin_l1"": 0.0, ""is_boundary_edge_l1"": 0.0, ""is_bridge_edge_l1"": 0.0, ""is_inter_community_edge_l1"": 0.0, ""is_low_common_neighbor_edge_l1"": 0.0, ""mean_l1"": 0.0}",1,32,2,2.0,0
realworld_completed,bio_celegans,SASB-candidate,sasb,SASB-structured,20260513,2020,late,0.004415011037527594,0.004415011037527594,0.0,448,449,1,0.9975308641975309,0.9980246913580247,371,404,371--404,1,1,1,1,1,0,0.0,0,0,0,2,"[""371"", ""404""]",937cda101c794d11adb433a9807b8c338827d5d5e59fd68e3e9a1694a850bb20,"{""boundary"": 1, ""community_rep"": 1}","{""degree_0_1"": 2}","{""0"": 2}",64,"{""backend"": ""evaluate_m19_theory_calibrated.candidate_features"", ""delta_mode"": ""none"", ""k_max"": 512, ""k_min"": 64, ""variant"": ""conservative""}",1,1.0,0.0,0.0,1.0,1.0,"{""dp_0_4"": 1.0}","{""cn_0"": 1.0}",0.0,1.0,sasb_candidate_builder,10319533dc7756a819ffc79c3157b3991c776f9294fd1bcd801d2536735140dd,1,10319533dc7756a819ffc79c3157b3991c776f9294fd1bcd801d2536735140dd,"{""sasb_builder"": 1}",0,0,0,0,{},0.0,"{""common_neighbor_bin_l1"": 0.0, ""degree_product_bin_l1"": 0.0, ""is_boundary_edge_l1"": 0.0, ""is_bridge_edge_l1"": 0.0, ""is_inter_community_edge_l1"": 0.0, ""is_low_common_neighbor_edge_l1"": 0.0, ""mean_l1"": 0.0}",1,32,2,2.0,0
realworld_completed,bio_celegans,SASB-candidate,sasb,SASB-structured,20260513,2021,late,0.004415011037527594,0.004415011037527594,0.0,449,450,1,0.9980246913580247,0.9985185185185185,184,351,184--351,1,1,1,1,1,0,0.0,0,0,0,2,"[""184"", ""351""]",c7e7951bdca56b9eac34922f0a3a372761adb2883984c3e625eb72b8d74d8c80,"{""boundary"": 1, ""community_rep"": 1}","{""degree_0_1"": 2}","{""0"": 2}",64,"{""backend"": ""evaluate_m19_theory_calibrated.candidate_features"", ""delta_mode"": ""none"", ""k_max"": 512, ""k_min"": 64, ""variant"": ""conservative""}",1,1.0,0.0,0.0,1.0,1.0,"{""dp_0_4"": 1.0}","{""cn_0"": 1.0}",0.0,1.0,sasb_candidate_builder,f8759cec98be62aa3cdfbfd9811f087484cd69b40008eff954f80cbc76746047,1,f8759cec98be62aa3cdfbfd9811f087484cd69b40008eff954f80cbc76746047,"{""sasb_builder"": 1}",0,0,0,0,{},0.0,"{""common_neighbor_bin_l1"": 0.0, ""degree_product_bin_l1"": 0.0, ""is_boundary_edge_l1"": 0.0, ""is_bridge_edge_l1"": 0.0, ""is_inter_community_edge_l1"": 0.0, ""is_low_common_neighbor_edge_l1"": 0.0, ""mean_l1"": 0.0}",1,32,2,2.0,0
realworld_completed,bio_celegans,SASB-candidate,sasb,SASB-structured,20260513,2022,late,0.004415011037527594,0.004415011037527594,0.0,450,451,1,0.9985185185185185,0.9990123456790123,182,330,182--330,1,1,1,1,1,0,0.0,0,0,0,2,"[""182"", ""330""]",bf31151a7d6b99ffb230d1e9a76631fef51120315f68f6ecae6f9662b66ba3c1,"{""boundary"": 1, ""community_rep"": 1}","{""degree_0_1"": 2}","{""0"": 2}",64,"{""backend"": ""evaluate_m19_theory_calibrated.candidate_features"", ""delta_mode"": ""none"", ""k_max"": 512, ""k_min"": 64, ""variant"": ""conservative""}",1,1.0,0.0,0.0,1.0,1.0,"{""dp_0_4"": 1.0}","{""cn_0"": 1.0}",0.0,1.0,sasb_candidate_builder,168c94b08cb34b0115b9314e297159a0eb6a32f4eb9794712ddb30516ac0fa94,1,168c94b08cb34b0115b9314e297159a0eb6a32f4eb9794712ddb30516ac0fa94,"{""sasb_builder"": 1}",0,0,0,0,{},0.0,"{""common_neighbor_bin_l1"": 0.0, ""degree_product_bin_l1"": 0.0, ""is_boundary_edge_l1"": 0.0, ""is_bridge_edge_l1"": 0.0, ""is_inter_community_edge_l1"": 0.0, ""is_low_common_neighbor_edge_l1"": 0.0, ""mean_l1"": 0.0}",1,32,2,2.0,0
realworld_completed,bio_celegans,SASB-candidate,sasb,SASB-structured,20260513,2023,late,0.004415011037527594,0.004415011037527594,0.0,451,452,1,0.9990123456790123,0.9995061728395062,303,331,303--331,1,1,1,1,1,0,0.0,0,0,0,2,"[""303"", ""331""]",fa7150f73bd0c793b8b97a431339ba7711875b015d200c2d10e8c01bcd26ee20,"{""boundary"": 1, ""community_rep"": 1}","{""degree_0_1"": 2}","{""0"": 2}",64,"{""backend"": ""evaluate_m19_theory_calibrated.candidate_features"", ""delta_mode"": ""none"", ""k_max"": 512, ""k_min"": 64, ""variant"": ""conservative""}",1,1.0,0.0,0.0,1.0,1.0,"{""dp_0_4"": 1.0}","{""cn_0"": 1.0}",0.0,1.0,sasb_candidate_builder,e1232dd89905941b4c01124d2e348320cd127b955f2e55b1c3dd4c0a3cdd7027,1,e1232dd89905941b4c01124d2e348320cd127b955f2e55b1c3dd4c0a3cdd7027,"{""sasb_builder"": 1}",0,0,0,0,{},0.0,"{""common_neighbor_bin_l1"": 0.0, ""degree_product_bin_l1"": 0.0, ""is_boundary_edge_l1"": 0.0, ""is_bridge_edge_l1"": 0.0, ""is_inter_community_edge_l1"": 0.0, ""is_low_common_neighbor_edge_l1"": 0.0, ""mean_l1"": 0.0}",1,32,2,2.0,0
realworld_completed,bio_celegans,SASB-candidate,sasb,SASB-structured,20260513,2024,late,0.004415011037527594,0.002207505518763797,0.002207505518763797,452,453,1,0.9995061728395062,1.0,194,27,194--27,1,1,1,1,1,0,0.0,0,0,0,2,"[""194"", ""27""]",24749096c2aad2ef703ef04d172266bf2398fab3fac1856eadcca46053c6c5c4,"{""boundary"": 1, ""community_rep"": 1}","{""degree_0_1"": 2}","{""0"": 2}",64,"{""backend"": ""evaluate_m19_theory_calibrated.candidate_features"", ""delta_mode"": ""none"", ""k_max"": 512, ""k_min"": 64, ""variant"": ""conservative""}",1,1.0,0.0,0.0,1.0,1.0,"{""dp_0_4"": 1.0}","{""cn_0"": 1.0}",0.0,1.0,sasb_candidate_builder,3198c9189bef42a4e6534960fb93048ff0de5456f961c79d1a8ade58613c101d,1,3198c9189bef42a4e6534960fb93048ff0de5456f961c79d1a8ade58613c101d,"{""sasb_builder"": 1}",0,0,0,0,{},0.0,"{""common_neighbor_bin_l1"": 0.0, ""degree_product_bin_l1"": 0.0, ""is_boundary_edge_l1"": 0.0, ""is_bridge_edge_l1"": 0.0, ""is_inter_community_edge_l1"": 0.0, ""is_low_common_neighbor_edge_l1"": 0.0, ""mean_l1"": 0.0}",1,32,2,0.0,0
